{
  "config": {
    "N": 64,
    "alpha": 1.8,
    "beta": 1.0,
    "gamma": 1.0,
    "dt": 0.02,
    "T": 200.0,
    "sample_every": 25,
    "seed": 123,
    "target_initial_load": 1.0,
    "noise_fraction": 0.02,
    "eps": 1e-06,
    "device": "cuda",
    "dtype": "float64",
    "model_variant": "full"
  },
  "device_used": "cuda",
  "dtype_used": "torch.float64",
  "runtime_seconds": 20.89039169996977,
  "final_constraint_report": {
    "symmetric": true,
    "zero_diagonal": true,
    "nonnegative": true,
    "symmetry_max_abs_error": 0.0,
    "diagonal_max_abs_error": 0.0,
    "minimum_entry": 0.0
  },
  "final_chi_hhi_star": 0.48371836993246486,
  "max_chi_hhi_star": 0.48371836993246486,
  "final_lambda2": 6.601206053273932e-12,
  "final_total_weight": 19.598687966138066,
  "final_load_cv": 0.4326792989334197,
  "W_final": [
    [
      0.0,
      4.0737794812508825e-16,
      1.4114550527194585e-15,
      4.194901277899206e-06,
      2.071551279268403e-14,
      5.11621201515013e-16,
      2.299050916054015e-14,
      2.342087520857346e-12,
      5.888059317476131e-15,
      7.6037956144324e-12,
      3.5411994714221944e-07,
      0.11106393474612997,
      5.04633354414563e-17,
      0.05575765744014821,
      6.194217220153027e-16,
      0.2636596369162311,
      7.748970677802828e-14,
      2.654784680526846e-15,
      4.7223821926504305e-17,
      1.8997198905165566e-14,
      1.8285319985590203e-14,
      4.847256264113247e-15,
      3.28525842034675e-16,
      1.4787270258191415e-15,
      7.584708848617839e-16,
      3.182401369373641e-06,
      1.9446752607008205e-14,
      5.688211131614611e-16,
      2.291475465664365e-15,
      9.855730170165561e-14,
      8.19256657295653e-15,
      4.413152185895021e-17,
      1.532930606161424e-15,
      3.699053295298623e-16,
      4.011560775641691e-14,
      9.092138073492223e-11,
      9.816438883732461e-14,
      8.872050629425502e-13,
      4.873542496257184e-17,
      8.079119279912679e-07,
      7.295948196939281e-15,
      0.26336901018339676,
      2.468825046141102e-15,
      3.2492652645535336e-15,
      2.8297326781804504e-15,
      1.5714705139274003e-16,
      3.670815220142651e-15,
      9.145647646047537e-15,
      2.6797371890677397e-15,
      5.980755036458033e-17,
      3.242115553258912e-16,
      4.353504259076199e-16,
      1.6156291464023483e-15,
      3.5481882971639864e-07,
      9.37525430845681e-12,
      8.629545272593715e-14,
      7.540848024662162e-15,
      8.23254780808842e-13,
      3.0277083888988565e-14,
      7.120849672250697e-14,
      4.818449016197675e-17,
      3.7594229000747045e-15,
      1.1102250198920659e-15,
      1.1477078848285486e-15
    ],
    [
      4.0737794812508825e-16,
      0.0,
      1.4497606656386377e-11,
      5.796716009925102e-16,
      4.1179842339038675e-15,
      4.172302091563955e-08,
      3.923509044562049e-15,
      2.602057212471951e-15,
      7.213112126638977e-14,
      2.8799618505267213e-15,
      2.334370655443418e-16,
      4.009010957195372e-16,
      2.361071069667686e-13,
      7.577088189624156e-16,
      2.3552118631998575e-08,
      4.433977447666576e-16,
      3.5040510586169865e-13,
      4.814745714232703e-14,
      2.419993377723255e-13,
      5.608189262322775e-15,
      4.9440572700687546e-15,
      5.096711943119547e-14,
      7.45474068075375e-07,
      8.681433406031782e-14,
      2.2752860049693218e-05,
      5.090472110586123e-16,
      4.460205276896593e-15,
      2.5724076500608172e-08,
      4.2098486263783014e-14,
      7.18735952766512e-14,
      2.402973782709264e-14,
      2.152431304634789e-13,
      9.421922238755238e-14,
      1.4131828611507336e-06,
      6.470833226990415e-10,
      2.0777654526396326e-15,
      4.985709085643998e-14,
      1.92998824314562e-15,
      2.1697213368113242e-13,
      3.350455833818126e-16,
      1.6959751649690568e-14,
      5.247602078096736e-16,
      4.4831502132877666e-14,
      5.2087366315069546e-14,
      6.741139842018353e-14,
      9.495225265062745e-13,
      7.435586788349886e-14,
      1.692846849823269e-14,
      4.214081897374627e-14,
      3.0094598430294037e-13,
      8.949274914699107e-07,
      0.48772469795386014,
      1.4964989257261355e-13,
      2.059937020243089e-16,
      1.3491124968112652e-15,
      3.4581374391518476e-13,
      5.912722696829768e-14,
      3.4754581765973643e-15,
      9.06799508407754e-10,
      4.2168874521268765e-15,
      2.2190487363601575e-13,
      1.1751671868465757e-13,
      1.0585464336481689e-11,
      0.3405113785523782
    ],
    [
      1.4114550527194585e-15,
      1.4497606656386377e-11,
      0.0,
      1.846604239552349e-15,
      8.96698975181271e-15,
      7.987678169659424e-12,
      8.483059688782927e-15,
      6.383189894254758e-15,
      1.262205343830069e-13,
      7.310498856750307e-15,
      7.456921201362426e-16,
      1.444992380512837e-15,
      8.394268327352523e-08,
      2.4642061969567897e-15,
      6.7254035121447595e-12,
      1.5323737338230659e-15,
      5.753386140923063e-13,
      7.406276055906513e-14,
      8.938167506770865e-08,
      1.046254321568372e-14,
      1.0461689050331444e-14,
      7.412636409947971e-14,
      5.508939965249118e-11,
      1.1309575467517283e-13,
      3.4653567267921864e-11,
      1.812590750187935e-15,
      1.0635875532564559e-14,
      5.674457336674024e-12,
      6.59433481493398e-14,
      1.3000237989039324e-13,
      3.3631155687876736e-14,
      7.590309967760934e-08,
      1.2135109946215578e-13,
      2.3350896171767614e-11,
      7.366670246282677e-11,
      6.3577764520795095e-15,
      9.719842525835552e-14,
      4.936948321276987e-15,
      8.73473848563613e-08,
      1.2756093803299146e-15,
      2.826800449759131e-14,
      1.706363486923172e-15,
      7.345718924967511e-14,
      7.27578943217352e-14,
      1.1574380024939507e-13,
      9.9921268832229e-07,
      1.0563024452122462e-13,
      2.8093507283828364e-14,
      7.221957502901655e-14,
      1.212389607037553e-07,
      2.1623656649927465e-11,
      1.460341662977383e-11,
      2.1833369160784029e-13,
      7.555102448153075e-16,
      3.618935409199044e-15,
      5.902737825332202e-13,
      9.70653785743988e-14,
      1.0068343592008407e-14,
      7.236196943292369e-11,
      9.144625229474019e-15,
      8.484817202112964e-08,
      1.5332827535575204e-13,
      0.0033084340760071926,
      2.510427361900012e-11
    ],
    [
      4.194901277899206e-06,
      5.796716009925102e-16,
      1.846604239552349e-15,
      0.0,
      2.6657495127810985e-14,
      6.679418185873762e-16,
      3.094665993988007e-14,
      2.8482290755318595e-12,
      8.026694008046378e-15,
      1.0217811509550742e-11,
      0.00010112813550116511,
      8.526046295832039e-06,
      7.040643045961774e-17,
      7.273887616105238e-05,
      7.912337560823169e-16,
      3.90539644477884e-06,
      1.031013340995135e-13,
      3.2829363703129225e-15,
      6.473042144560509e-17,
      2.575044190215488e-14,
      2.3776573663882548e-14,
      6.791748467247904e-15,
      4.571958798426457e-16,
      2.1146572939126775e-15,
      1.0401941590922078e-15,
      0.24066611076855893,
      2.4622026040893437e-14,
      8.144262412879479e-16,
      3.2185615240801875e-15,
      1.4097239410826785e-13,
      1.1827654871487977e-14,
      6.20284305632949e-17,
      2.094569911050267e-15,
      4.822248810419439e-16,
      5.0610955400068186e-14,
      1.2023174035315696e-10,
      1.3105617400296134e-13,
      1.0927129575523601e-12,
      6.347349424275615e-17,
      0.0002470459108713804,
      1.000560774955859e-14,
      3.923071973932151e-06,
      3.160375436887986e-15,
      4.5097356073341524e-15,
      3.595564425095587e-15,
      2.0824125532279525e-16,
      4.871547867715928e-15,
      1.2707421437042743e-14,
      3.4304553123524643e-15,
      8.539095553091321e-17,
      4.411683055344613e-16,
      6.057923274679657e-16,
      2.121461752745743e-15,
      9.881555465220908e-05,
      1.254376046061037e-11,
      1.139262435272892e-13,
      1.0165392089094407e-14,
      9.030974611663222e-13,
      4.2033341897390094e-14,
      9.419487349508813e-14,
      6.46565036317761e-17,
      5.320441488005035e-15,
      1.5201082951456463e-15,
      1.5674753321153442e-15
    ],
    [
      2.071551279268403e-14,
      4.1179842339038675e-15,
      8.96698975181271e-15,
      2.6657495127810985e-14,
      0.0,
      5.480029043548574e-15,
      0.14771708109791826,
      3.775585023246282e-13,
      7.084630730370597e-13,
      2.9614201035186263e-13,
      1.0388651315353731e-14,
      1.97582047193817e-14,
      2.85333506773607e-16,
      3.564084823978943e-14,
      7.262557098731109e-15,
      2.467014250369917e-14,
      1.563799784228758e-11,
      2.6883759237795255e-13,
      2.718629889357118e-16,
      0.14450493979438836,
      0.1491041461603707,
      6.42531183038698e-13,
      2.5118563926415023e-15,
      1.200965880673607e-13,
      6.867074208370694e-15,
      2.3926012397376072e-14,
      0.1808377286398383,
      7.249965093972996e-15,
      2.6138430001350964e-13,
      3.860615687361051e-07,
      2.771787056448091e-12,
      2.4915562105256004e-16,
      1.1685561116019915e-13,
      3.1441689654005466e-15,
      9.118122560094098e-13,
      1.7089156973706387e-13,
      5.533262298447824e-07,
      3.7689264414496424e-13,
      2.722471363804985e-16,
      1.5451464580793318e-14,
      3.629373466408624e-12,
      2.893268300805628e-14,
      2.423410636334655e-13,
      3.589145675418644e-13,
      2.6476045025294413e-13,
      9.432578049758138e-16,
      3.391372938351248e-13,
      5.143359313655782e-12,
      2.8426566432579504e-13,
      3.6776513169085077e-16,
      2.7113678991256985e-15,
      4.224216472132364e-15,
      1.1453881849702938e-13,
      9.770325631608923e-15,
      1.236382049707869e-13,
      2.0522457010505543e-11,
      1.0870275086747675e-12,
      1.6980258572178597e-12,
      6.81503362363315e-13,
      0.15034136862853262,
      2.687008094592225e-16,
      3.6018595772920754e-13,
      7.280249585606839e-15,
      1.1779381160808552e-14
    ],
    [
      5.11621201515013e-16,
      4.172302091563955e-08,
      7.987678169659424e-12,
      6.679418185873762e-16,
      5.480029043548574e-15,
      0.0,
      5.247269010330853e-15,
      2.975349724799233e-15,
      1.0318038502272031e-13,
      3.2783149963584655e-15,
      2.7327352478092357e-16,
      5.082886422098323e-16,
      1.1030487216518494e-13,
      8.854692440094997e-16,
      0.39454040255281536,
      5.460752129549394e-16,
      4.846767124795393e-13,
      6.508568553884148e-14,
      1.156332845816116e-13,
      7.048023059238064e-15,
      6.701737800656882e-15,
      6.601764613520046e-14,
      4.527490567697621e-09,
      1.0804057854017219e-13,
      3.414350525875745e-08,
      6.321342919735301e-16,
      6.248242972195076e-15,
      0.39156803329530515,
      5.888742205705896e-14,
      9.408300124707162e-14,
      2.955925103584217e-14,
      9.806165622146473e-14,
      1.1621945152879398e-13,
      8.539895080991709e-09,
      1.3411571231579267e-09,
      2.560662254356117e-15,
      6.66105271790269e-14,
      2.266234591769917e-15,
      1.0479438940136222e-13,
      4.3061185917204716e-16,
      2.2677194478587303e-14,
      6.549960165718828e-16,
      6.366139870025328e-14,
      6.693596145998744e-14,
      9.846658072457335e-14,
      4.651447963409733e-13,
      9.414483435144652e-14,
      2.189910750206267e-14,
      5.979164639503207e-14,
      1.4299741979894324e-13,
      6.7672582716916534e-09,
      3.891032441530849e-08,
      2.0220849316008844e-13,
      2.5609649304581217e-16,
      1.5850904949733546e-15,
      4.856962066895267e-13,
      8.016189607212543e-14,
      4.680244645422193e-15,
      1.7333161784359416e-09,
      5.4061401693268325e-15,
      1.072484132279379e-13,
      1.4454524561361415e-13,
      5.476344312366038e-12,
      1.2132428620057786e-06
    ],
    [
      2.299050916054015e-14,
      3.923509044562049e-15,
      8.483059688782927e-15,
      3.094665993988007e-14,
      0.14771708109791826,
      5.247269010330853e-15,
      0.0,
      4.5157478346765335e-13,
      5.597664373465717e-13,
      3.604386213833891e-13,
      1.2649876111485234e-14,
      2.227917537864717e-14,
      2.675427282063107e-16,
      4.3634747911626314e-14,
      6.736965669904184e-15,
      2.7332026332404137e-14,
      1.4193687880090644e-11,
      2.289688824228119e-13,
      2.5841453393741833e-16,
      0.11623182049454678,
      0.11366843166541866,
      5.997504857671375e-13,
      2.4770154625821202e-15,
      1.065361128228495e-13,
      6.783286178161531e-15,
      2.9282575893321203e-14,
      0.13396757662058978,
      7.231693857334899e-15,
      2.2968062080905413e-13,
      4.04992867396488e-07,
      2.631057402437393e-12,
      2.3687061881825134e-16,
      9.965500192901942e-14,
      2.9213720054614316e-15,
      7.846621146107031e-13,
      1.9542746993093955e-13,
      5.791371406509078e-07,
      4.4192042421608566e-13,
      2.4875454909752243e-16,
      1.812616394554808e-14,
      3.703787999180687e-12,
      3.301768937450319e-14,
      2.0013253942050805e-13,
      3.40426246239508e-13,
      2.400356849684795e-13,
      8.488634757978966e-16,
      3.013420206133632e-13,
      4.966255581425535e-12,
      2.432510827039695e-13,
      3.3300989141230476e-16,
      2.4864436666285153e-15,
      3.9668637792238966e-15,
      1.0182769365026464e-13,
      1.1141333337527727e-14,
      1.459684042409132e-13,
      1.7989083793776734e-11,
      9.433751446713693e-13,
      1.8115775064810112e-12,
      6.270854224190622e-13,
      0.22239855920362211,
      2.586611719591244e-16,
      3.2799169393107704e-13,
      7.032302923613566e-15,
      1.1468173705217412e-14
    ],
    [
      2.342087520857346e-12,
      2.602057212471951e-15,
      6.383189894254758e-15,
      2.8482290755318595e-12,
      3.775585023246282e-13,
      2.975349724799233e-15,
      4.5157478346765335e-13,
      0.0,
      5.934349334238734e-14,
      5.057468429706158e-09,
      1.102392529980392e-12,
      2.0091089620508384e-12,
      2.2726416744480336e-16,
      4.378919789325905e-12,
      3.4245994794791362e-15,
      2.7141307566363936e-12,
      9.514296756814404e-13,
      2.8093840796263973e-14,
      2.2106866040059893e-16,
      3.699619127310474e-13,
      3.394024791549432e-13,
      5.93412747215001e-14,
      1.7694611981771088e-15,
      1.5670678477819398e-14,
      4.3252709448048934e-15,
      2.544530032420259e-12,
      3.321734326533681e-13,
      3.7203930918380285e-15,
      2.4662874174442114e-14,
      1.8371485289875704e-12,
      1.2567912741354352e-13,
      2.0535040394840443e-16,
      1.6294651706767866e-14,
      1.9375957399463797e-15,
      2.6100429989707524e-13,
      5.517729098662289e-10,
      1.8260305245166074e-12,
      0.40106983888922126,
      2.068654042835542e-16,
      1.4897736400503365e-12,
      1.1412770859703328e-13,
      3.918410604791993e-12,
      2.435877444277324e-14,
      3.966421959362667e-14,
      3.0077371674102024e-14,
      7.238642381758112e-16,
      4.238302606017541e-14,
      1.4157835680169334e-13,
      2.687091151138259e-14,
      2.6632502888525966e-16,
      1.6951096886717285e-15,
      2.4088599076121475e-15,
      1.522654664488317e-14,
      9.459096967621297e-13,
      1.044292923543489e-09,
      1.0727500132751105e-12,
      8.691855879041952e-14,
      0.38055543751900844,
      2.150098446403931e-13,
      1.6332205236266416e-12,
      2.10416246282222e-16,
      4.453780163099592e-14,
      5.3871242448286246e-15,
      7.048944066875839e-15
    ],
    [
      5.888059317476131e-15,
      7.213112126638977e-14,
      1.262205343830069e-13,
      8.026694008046378e-15,
      7.084630730370597e-13,
      1.0318038502272031e-13,
      5.597664373465717e-13,
      5.934349334238734e-14,
      0.0,
      5.727671038678189e-14,
      2.9544447534804932e-15,
      5.663209720690561e-15,
      3.767789480816131e-15,
      9.92822826624002e-15,
      1.4281720254218673e-13,
      6.932396482967123e-15,
      7.680347339880729e-08,
      0.05008202059528569,
      3.5183558177068754e-15,
      9.81336479587446e-13,
      9.267552317482556e-13,
      0.001835389204557401,
      4.073329802647357e-14,
      1.4398387045513701e-07,
      1.181461610551645e-13,
      6.953810604222689e-15,
      8.183746757149185e-13,
      1.5852687067991144e-13,
      0.12949192942406348,
      2.8243891485145492e-11,
      3.11068067680767e-10,
      3.239836501730076e-15,
      1.4386092902274792e-07,
      5.192683750194279e-14,
      3.328418142217083e-11,
      4.044825983742828e-14,
      1.31409889388248e-11,
      5.567170637462342e-14,
      3.4878385894378153e-15,
      4.4129352370027565e-15,
      1.0414584355963747e-10,
      7.99584667964251e-15,
      0.07445348475357087,
      0.001654675296336738,
      0.00033984797067411417,
      1.2481104504080194e-14,
      0.00018386710667979344,
      9.201310191924994e-11,
      0.12309113831811803,
      4.945640586744384e-15,
      4.537931294922425e-14,
      7.379984775672863e-14,
      1.7746544681242142e-07,
      2.8430769999008613e-15,
      2.595406842979405e-14,
      5.3674134839655414e-08,
      0.0018039204744221984,
      1.6064213753540908e-13,
      2.4101338458770346e-11,
      4.185923200584669e-13,
      3.524487448742686e-15,
      3.1158721878497148e-06,
      1.0254546974342295e-13,
      2.1264820027781278e-13
    ],
    [
      7.6037956144324e-12,
      2.8799618505267213e-15,
      7.310498856750307e-15,
      1.0217811509550742e-11,
      2.9614201035186263e-13,
      3.2783149963584655e-15,
      3.604386213833891e-13,
      5.057468429706158e-09,
      5.727671038678189e-14,
      0.0,
      3.998535746926275e-12,
      6.539669363786283e-12,
      2.680554151537323e-16,
      1.4987955142695432e-11,
      3.7154617918651475e-15,
      9.110527936603688e-12,
      8.557612899126165e-13,
      2.461533126442735e-14,
      2.6169000874642446e-16,
      2.9349824947832647e-13,
      2.7637247739601066e-13,
      5.836574715847718e-14,
      2.1720657421967573e-15,
      1.59906998015612e-14,
      4.961985261203225e-15,
      9.090982877704304e-12,
      2.575566533543788e-13,
      4.463159971824382e-15,
      2.3953334662145617e-14,
      1.5733942450961274e-12,
      1.1160586677288322e-13,
      2.4550219030839644e-16,
      1.570765039850582e-14,
      2.1083224280789713e-15,
      2.6632047979688347e-13,
      0.36058522928326575,
      1.4239085617346234e-12,
      2.03474426001239e-09,
      2.342368139977551e-16,
      5.0472141408298586e-12,
      1.0247141717238203e-13,
      1.374615032776573e-11,
      2.255084048093988e-14,
      3.86995796573346e-14,
      2.7928510363000386e-14,
      8.164847403221646e-16,
      4.064954496201238e-14,
      1.239714622315171e-13,
      2.4313995383859432e-14,
      3.2299257068988906e-16,
      1.9844699518899704e-15,
      2.851904503985736e-15,
      1.46040727673901e-14,
      3.3777400098364886e-12,
      0.41021116509105116,
      9.360617315048073e-13,
      8.09641536403253e-14,
      1.7162075844273587e-09,
      2.343276422777185e-13,
      1.3972249732444742e-12,
      2.504317508663403e-16,
      4.375080677615002e-14,
      6.297365129720076e-15,
      8.111969509637381e-15
    ],
    [
      3.5411994714221944e-07,
      2.334370655443418e-16,
      7.456921201362426e-16,
      0.00010112813550116511,
      1.0388651315353731e-14,
      2.7327352478092357e-16,
      1.2649876111485234e-14,
      1.102392529980392e-12,
      2.9544447534804932e-15,
      3.998535746926275e-12,
      0.0,
      8.019232184659419e-07,
      2.782411062167047e-17,
      6.691167166762245e-06,
      3.1321068981194063e-16,
      3.204589509832095e-07,
      4.194880291634903e-14,
      1.3140549647447246e-15,
      2.6442040871237626e-17,
      1.0564213207904277e-14,
      9.469749028224909e-15,
      2.7160141883999725e-15,
      1.9002638802480602e-16,
      8.133801433912841e-16,
      4.2698525931151097e-16,
      0.0001263912690805036,
      9.710599668210294e-15,
      3.1847727437894243e-16,
      1.2368791911706517e-15,
      5.801094855062382e-14,
      4.775650620458238e-15,
      2.4785913227658975e-17,
      8.181017758654942e-16,
      1.964222749471378e-16,
      1.9747679773858136e-14,
      4.680230399811283e-11,
      5.3108192551858126e-14,
      3.969074128170702e-13,
      2.5035756144253025e-17,
      0.34605315976390666,
      4.170588391118293e-15,
      3.0672391629774193e-07,
      1.2028304832555072e-15,
      1.8380386421373717e-15,
      1.4668027979896248e-15,
      8.399167173384625e-17,
      1.93602246640631e-15,
      5.063497676774299e-15,
      1.3330275049885484e-15,
      3.2627135546521674e-17,
      1.7374162878063762e-16,
      2.4007927991227574e-16,
      8.335173207008852e-16,
      0.45383577242011713,
      4.761987451060771e-12,
      4.4174269161326717e-14,
      3.9193859478853975e-15,
      3.2516043354346523e-13,
      1.6583732555914105e-14,
      3.718970651131057e-14,
      2.614817625134909e-17,
      2.113567148902877e-15,
      6.243077050491984e-16,
      6.587725823075425e-16
    ],
    [
      0.11106393474612997,
      4.009010957195372e-16,
      1.444992380512837e-15,
      8.526046295832039e-06,
      1.97582047193817e-14,
      5.082886422098323e-16,
      2.227917537864717e-14,
      2.0091089620508384e-12,
      5.663209720690561e-15,
      6.539669363786283e-12,
      8.019232184659419e-07,
      0.0,
      5.05894589026488e-17,
      0.2926456439778927,
      6.238137796095135e-16,
      0.09576641945979818,
      7.712557742800215e-14,
      2.5898404863300662e-15,
      4.765355921328028e-17,
      1.834309547367482e-14,
      1.7487443524780566e-14,
      4.6404195924705505e-15,
      3.325448951653966e-16,
      1.4074218554046402e-15,
      7.675880883641755e-16,
      6.627182819650945e-06,
      1.9269338401198092e-14,
      5.508127640858542e-16,
      2.2363469337642556e-15,
      9.557928157479473e-14,
      7.837042133806338e-15,
      4.4231017606526786e-17,
      1.4272790687052382e-15,
      3.7650742575149523e-16,
      4.081176710515192e-14,
      8.443346662608085e-11,
      9.42898152076851e-14,
      7.462307673178204e-13,
      4.946226362651893e-17,
      1.775451131754499e-06,
      7.002228399351612e-15,
      0.094726122082277,
      2.3886591763266363e-15,
      3.1244330288437177e-15,
      2.7922567950464082e-15,
      1.5786793891555404e-16,
      3.4089858140319412e-15,
      8.622713807361859e-15,
      2.671909096117387e-15,
      5.940252729841423e-17,
      3.2152312045945776e-16,
      4.3096027809852776e-16,
      1.609447755556164e-15,
      8.029302450515483e-07,
      8.170609382129022e-12,
      8.450274114478902e-14,
      7.241225316824227e-15,
      7.253538369927105e-13,
      3.0245431759174983e-14,
      6.503982238103961e-14,
      4.8607247770152423e-17,
      3.605364099995259e-15,
      1.1285774555519776e-15,
      1.1471698097865474e-15
    ],
    [
      5.04633354414563e-17,
      2.361071069667686e-13,
      8.394268327352523e-08,
      7.040643045961774e-17,
      2.85333506773607e-16,
      1.1030487216518494e-13,
      2.675427282063107e-16,
      2.2726416744480336e-16,
      3.767789480816131e-15,
      2.680554151537323e-16,
      2.782411062167047e-17,
      5.05894589026488e-17,
      0.0,
      8.776553106751449e-17,
      8.934699769295835e-14,
      5.380426997059943e-17,
      1.779170464291714e-14,
      2.2397213584726657e-15,
      0.13716770421676575,
      3.4258984961977534e-16,
      3.3333886758121546e-16,
      2.3117004792344547e-15,
      1.1279122834390175e-12,
      3.5054578050242602e-15,
      5.007053176290877e-13,
      6.44003895708122e-17,
      3.231008763252186e-16,
      7.651563638822072e-14,
      2.025548144316166e-15,
      4.196324405251138e-15,
      1.157271905187167e-15,
      0.14278202141985463,
      3.851853965444756e-15,
      3.5407253498951494e-13,
      1.0044550494142979e-12,
      2.302998581736352e-16,
      3.0787084993299267e-15,
      1.757104036194656e-16,
      0.13869710533948873,
      4.30525798472e-17,
      8.870339495139488e-16,
      6.273517332672236e-17,
      2.1487798525101552e-15,
      2.2724146502572662e-15,
      3.099838206190194e-15,
      0.11472171351443669,
      3.2624252880301347e-15,
      9.054491732783137e-16,
      2.0471542206937284e-15,
      0.12427063282855551,
      3.725738804561885e-13,
      2.1049573118226302e-13,
      5.829140496503251e-15,
      2.7387080326478457e-17,
      1.3628793673890628e-16,
      1.800452073265797e-14,
      2.9515860001701134e-15,
      3.287384052672304e-16,
      1.1334041054349475e-12,
      3.019135104809651e-16,
      0.1405755413315678,
      4.839067452724468e-15,
      9.893402820376914e-08,
      3.3955346487208276e-13
    ],
    [
      0.05575765744014821,
      7.577088189624156e-16,
      2.4642061969567897e-15,
      7.273887616105238e-05,
      3.564084823978943e-14,
      8.854692440094997e-16,
      4.3634747911626314e-14,
      4.378919789325905e-12,
      9.92822826624002e-15,
      1.4987955142695432e-11,
      6.691167166762245e-06,
      0.2926456439778927,
      8.776553106751449e-17,
      0.0,
      1.01979646222202e-15,
      0.044988147785942775,
      1.369981844700746e-13,
      4.431173137679491e-15,
      8.522700420500365e-17,
      3.609710534284548e-14,
      3.2825524509702357e-14,
      9.378798889461765e-15,
      6.163448831097516e-16,
      2.792267567465102e-15,
      1.4091930812963785e-15,
      6.294067659133814e-05,
      3.2555064738917744e-14,
      1.0789415297337705e-15,
      4.1603837674414015e-15,
      1.980019693337968e-13,
      1.608654235025856e-14,
      7.90138593784135e-17,
      2.776860169973612e-15,
      6.476647472525434e-16,
      6.666601076362617e-14,
      1.55929160316396e-10,
      1.8140832862920748e-13,
      1.639928514014389e-12,
      7.942734734104469e-17,
      1.4788551888494883e-05,
      1.4885552022344582e-14,
      0.04462426031604388,
      4.0976697823000946e-15,
      6.2876929702237285e-15,
      5.1540942328998055e-15,
      2.6384846262739716e-16,
      6.870921497984851e-15,
      1.8008964380823297e-14,
      4.537433718452032e-15,
      1.0307996562989426e-16,
      5.551453623590832e-16,
      8.025214032534903e-16,
      2.85708742640054e-15,
      6.412981696382951e-06,
      1.742106085287867e-11,
      1.4959278315173613e-13,
      1.3425050361631092e-14,
      1.2954246364586776e-12,
      5.399274847241951e-14,
      1.3308196992181105e-13,
      8.26013832927618e-17,
      7.381452839380761e-15,
      1.9295137260458803e-15,
      2.227585009471961e-15
    ],
    [
      6.194217220153027e-16,
      2.3552118631998575e-08,
      6.7254035121447595e-12,
      7.912337560823169e-16,
      7.262557098731109e-15,
      0.39454040255281536,
      6.736965669904184e-15,
      3.4245994794791362e-15,
      1.4281720254218673e-13,
      3.7154617918651475e-15,
      3.1321068981194063e-16,
      6.238137796095135e-16,
      8.934699769295835e-14,
      1.01979646222202e-15,
      0.0,
      6.664592845069451e-16,
      6.535880499242559e-13,
      8.730462515575713e-14,
      8.98892258717065e-14,
      8.844855402953525e-15,
      8.472661369519173e-15,
      8.444688138869148e-14,
      2.2454105500603153e-09,
      1.3589939484073072e-13,
      1.841280876268284e-08,
      7.434437871376114e-16,
      8.612166193758609e-15,
      0.41085554642182426,
      7.837742001314525e-14,
      1.164443047121576e-13,
      3.7262068081650925e-14,
      7.757658954339651e-14,
      1.467848817065198e-13,
      4.6689192710252894e-09,
      2.029466606914654e-09,
      3.193620084156524e-15,
      8.664918605762234e-14,
      2.750242660095828e-15,
      8.781789892183532e-14,
      5.150036795549381e-16,
      2.843357223579109e-14,
      7.581091251026462e-16,
      8.748368450937631e-14,
      8.404660381773949e-14,
      1.258009205308356e-13,
      3.846533043175977e-13,
      1.1750664783847213e-13,
      2.7834384680359934e-14,
      8.48453676496031e-14,
      1.188749966242507e-13,
      3.6432260031866964e-09,
      2.2176806117448816e-08,
      2.6619032687271513e-13,
      3.2004330352440863e-16,
      1.846526522438831e-15,
      6.589448847926848e-13,
      1.0675863865603672e-13,
      6.258248927775151e-15,
      2.45172226235397e-09,
      6.517425724379116e-15,
      8.716823108988018e-14,
      1.7724866248870633e-13,
      4.482984015477032e-12,
      9.121873322034099e-07
    ],
    [
      0.2636596369162311,
      4.433977447666576e-16,
      1.5323737338230659e-15,
      3.90539644477884e-06,
      2.467014250369917e-14,
      5.460752129549394e-16,
      2.7332026332404137e-14,
      2.7141307566363936e-12,
      6.932396482967123e-15,
      9.110527936603688e-12,
      3.204589509832095e-07,
      0.09576641945979818,
      5.380426997059943e-17,
      0.044988147785942775,
      6.664592845069451e-16,
      0.0,
      9.174462004463945e-14,
      2.8965910832706376e-15,
      4.9865666312988153e-17,
      2.161318450585147e-14,
      2.110114001493955e-14,
      5.448958812180439e-15,
      3.516094530907434e-16,
      1.6877366902317317e-15,
      8.400346564942988e-16,
      2.924505661518805e-06,
      2.3221202801904464e-14,
      6.167166225421682e-16,
      2.7457731166437446e-15,
      1.171973490953406e-13,
      9.405497652631169e-15,
      4.713445678146001e-17,
      1.6750840830961036e-15,
      4.054125003355668e-16,
      4.5029236388692345e-14,
      1.0794869633473131e-10,
      1.1571619486526869e-13,
      1.0621103697393945e-12,
      5.099716425198684e-17,
      7.285091710855984e-07,
      8.25485069063794e-15,
      0.2995287942910151,
      2.818672222614114e-15,
      3.596889348730357e-15,
      3.0882372300424517e-15,
      1.6492451381610884e-16,
      3.889434748585851e-15,
      1.0355303052305083e-14,
      3.1129912004468383e-15,
      6.552234277781709e-17,
      3.492195096784672e-16,
      4.720167503088583e-16,
      1.8922559430992886e-15,
      3.170994109497154e-07,
      1.1310334436070258e-11,
      1.0204689312993149e-13,
      8.577411865722776e-15,
      9.696876714852944e-13,
      3.470782808029527e-14,
      7.973928055138388e-14,
      5.144915919834763e-17,
      4.2977507178654386e-15,
      1.1953677294345675e-15,
      1.2329057600141276e-15
    ],
    [
      7.748970677802828e-14,
      3.5040510586169865e-13,
      5.753386140923063e-13,
      1.031013340995135e-13,
      1.563799784228758e-11,
      4.846767124795393e-13,
      1.4193687880090644e-11,
      9.514296756814404e-13,
      7.680347339880729e-08,
      8.557612899126165e-13,
      4.194880291634903e-14,
      7.712557742800215e-14,
      1.779170464291714e-14,
      1.369981844700746e-13,
      6.535880499242559e-13,
      9.174462004463945e-14,
      0.0,
      2.556246696068313e-08,
      1.7292204708308348e-14,
      2.5044968377752907e-11,
      2.1466181433699646e-11,
      8.84221228108897e-08,
      1.8824874001232545e-13,
      6.5830883840851444e-09,
      5.365498804217676e-13,
      9.27002217131903e-14,
      1.869139926943761e-11,
      7.111359500736463e-13,
      2.6620286170632492e-08,
      7.217614834720467e-10,
      2.2200358774514855e-08,
      1.540559195130184e-14,
      6.476071072823933e-09,
      2.2925791103364524e-13,
      1.39835761979228e-10,
      5.579104171282229e-13,
      3.2200081569161614e-10,
      8.624605967608602e-13,
      1.6487856303398203e-14,
      6.018469389540803e-14,
      8.919421318032816e-09,
      1.0393730975202901e-13,
      2.1120783405794977e-08,
      3.4222634343393805e-08,
      2.193748991703091e-08,
      6.033431002264943e-14,
      2.603570747507189e-08,
      8.4241902446748e-09,
      2.7133095337815645e-08,
      2.2178752435358387e-14,
      2.019954535809769e-13,
      3.24537856327962e-13,
      6.684428532148125e-09,
      3.778420253088068e-14,
      3.659171184657439e-13,
      0.0004756365097909822,
      1.805179733426575e-07,
      2.6620687346078557e-12,
      1.0626975585072211e-10,
      1.0566148927420324e-11,
      1.7022062965678272e-14,
      2.5011469781715125e-08,
      5.019585905574774e-13,
      9.840948115455405e-13
    ],
    [
      2.654784680526846e-15,
      4.814745714232703e-14,
      7.406276055906513e-14,
      3.2829363703129225e-15,
      2.6883759237795255e-13,
      6.508568553884148e-14,
      2.289688824228119e-13,
      2.8093840796263973e-14,
      0.05008202059528569,
      2.461533126442735e-14,
      1.3140549647447246e-15,
      2.5898404863300662e-15,
      2.2397213584726657e-15,
      4.431173137679491e-15,
      8.730462515575713e-14,
      2.8965910832706376e-15,
      2.556246696068313e-08,
      0.0,
      2.133786759814401e-15,
      4.315938075597769e-13,
      3.660521099467983e-13,
      4.4556680336491955e-05,
      2.4868888027539157e-14,
      2.4849682440106364e-07,
      7.345089879990298e-14,
      2.9561134839969886e-15,
      3.226492739442402e-13,
      9.59141322729773e-14,
      0.12321236940730391,
      1.1332404574260584e-11,
      1.1478253952002976e-10,
      1.969204138023272e-15,
      2.5209767699070776e-07,
      3.179697743187296e-14,
      1.878232480279445e-11,
      1.6652570258826325e-14,
      5.507072208839179e-12,
      2.3342193804706632e-14,
      2.16011112386008e-15,
      2.0008622273774954e-15,
      3.8581047031928455e-11,
      3.3344012520242787e-15,
      0.20523140509876017,
      0.011663002928348556,
      0.003865845289898849,
      7.904367591188675e-15,
      0.002886504985509617,
      3.347246888526621e-11,
      0.12661822987440405,
      2.739546073024768e-15,
      2.6965498962968847e-14,
      4.36535462139278e-14,
      2.999635265273318e-07,
      1.2371621136229569e-15,
      1.0808231336764318e-14,
      1.720612909127382e-08,
      3.111475602509774e-05,
      6.846070436553255e-14,
      1.3868160679980269e-11,
      1.7085126159393753e-13,
      2.121792386986416e-15,
      6.5954366287411495e-06,
      6.67021647397188e-14,
      1.3447835379163453e-13
    ],
    [
      4.7223821926504305e-17,
      2.419993377723255e-13,
      8.938167506770865e-08,
      6.473042144560509e-17,
      2.718629889357118e-16,
      1.156332845816116e-13,
      2.5841453393741833e-16,
      2.2106866040059893e-16,
      3.5183558177068754e-15,
      2.6169000874642446e-16,
      2.6442040871237626e-17,
      4.765355921328028e-17,
      0.13716770421676575,
      8.522700420500365e-17,
      8.98892258717065e-14,
      4.9865666312988153e-17,
      1.7292204708308348e-14,
      2.133786759814401e-15,
      0.0,
      3.282313831264297e-16,
      3.1992457711543213e-16,
      2.2381744254425165e-15,
      1.1742649848091725e-12,
      3.3755401169706033e-15,
      5.162983128452796e-13,
      6.136414970956666e-17,
      3.076328389455603e-16,
      7.825769844884019e-14,
      1.9214321090672818e-15,
      4.014052189314245e-15,
      1.09881063648075e-15,
      0.14297221566240442,
      3.707577902392348e-15,
      3.686694053381986e-13,
      1.0237796088743968e-12,
      2.085324826758346e-16,
      2.8954993533360422e-15,
      1.659746433578438e-16,
      0.13733219791455326,
      4.1682660109669294e-17,
      8.551951408962338e-16,
      6.00295419915703e-17,
      2.030357727710817e-15,
      2.2068202709308016e-15,
      3.1478003148857993e-15,
      0.11796907519831788,
      3.196019766520692e-15,
      8.671095699544798e-16,
      1.939175002556175e-15,
      0.12536567622534547,
      3.829476561040642e-13,
      2.2009464848159955e-13,
      5.5817733627217825e-15,
      2.5248955327340622e-17,
      1.2858814242208039e-16,
      1.699993530714756e-14,
      2.803627449737062e-15,
      3.081142727313431e-16,
      1.1121756266373615e-12,
      2.904312846345039e-16,
      0.13787246467891123,
      4.7876554437062525e-15,
      1.0447748203513361e-07,
      3.605880579899749e-13
    ],
    [
      1.8997198905165566e-14,
      5.608189262322775e-15,
      1.046254321568372e-14,
      2.575044190215488e-14,
      0.14450493979438836,
      7.048023059238064e-15,
      0.11623182049454678,
      3.699619127310474e-13,
      9.81336479587446e-13,
      2.9349824947832647e-13,
      1.0564213207904277e-14,
      1.834309547367482e-14,
      3.4258984961977534e-16,
      3.609710534284548e-14,
      8.844855402953525e-15,
      2.161318450585147e-14,
      2.5044968377752907e-11,
      4.315938075597769e-13,
      3.282313831264297e-16,
      0.0,
      0.2070730315026146,
      1.124833125891971e-12,
      3.2997809275223957e-15,
      1.9449404484877267e-13,
      8.813670428350357e-15,
      2.2801254813950967e-14,
      0.15977887264554533,
      9.963787127777792e-15,
      3.967365468966766e-13,
      9.71148997052689e-07,
      4.769490107209661e-12,
      3.020619440819731e-16,
      1.8511712386857339e-13,
      3.6953767323061444e-15,
      1.0907053246395506e-12,
      1.5548368433135084e-13,
      1.22733618112636e-06,
      3.492290474435699e-13,
      3.200445635211058e-16,
      1.4560371583725976e-14,
      6.196356468029026e-12,
      2.668985143935762e-14,
      3.5000624484792524e-13,
      6.345963755551875e-13,
      4.2193010321812705e-13,
      1.1140354916806045e-15,
      5.649539310337448e-13,
      8.529183683560898e-12,
      4.1966592686361807e-13,
      4.1531547445789823e-16,
      3.2213043686346953e-15,
      5.1887731974579986e-15,
      1.781978472574432e-13,
      9.04562773360866e-15,
      1.155910443337918e-13,
      3.153616858492381e-11,
      1.6874484939732533e-12,
      1.5243423566191494e-12,
      8.874468954807373e-13,
      0.11125221410200276,
      3.273604692157723e-16,
      6.02536953691998e-13,
      9.301159863786841e-15,
      1.547935877853068e-14
    ],
    [
      1.8285319985590203e-14,
      4.9440572700687546e-15,
      1.0461689050331444e-14,
      2.3776573663882548e-14,
      0.1491041461603707,
      6.701737800656882e-15,
      0.11366843166541866,
      3.394024791549432e-13,
      9.267552317482556e-13,
      2.7637247739601066e-13,
      9.469749028224909e-15,
      1.7487443524780566e-14,
      3.3333886758121546e-16,
      3.2825524509702357e-14,
      8.472661369519173e-15,
      2.110114001493955e-14,
      2.1466181433699646e-11,
      3.660521099467983e-13,
      3.1992457711543213e-16,
      0.2070730315026146,
      0.0,
      9.328670658316005e-13,
      3.1376047250248746e-15,
      1.7424087552723623e-13,
      8.566863856309655e-15,
      2.2856371360237147e-14,
      0.16408752716057903,
      9.436335529726026e-15,
      3.533741666497977e-13,
      6.794169858125154e-07,
      3.947162885912852e-12,
      3.0164782252305104e-16,
      1.6653792331634023e-13,
      3.671857588567499e-15,
      1.123625821371495e-12,
      1.4708770315840458e-13,
      8.964540340936532e-07,
      3.430662641246566e-13,
      3.1051663666890637e-16,
      1.3838465101179552e-14,
      5.3283727758562194e-12,
      2.7199768527030134e-14,
      3.283042324819228e-13,
      5.302691217538415e-13,
      4.015357335351537e-13,
      1.0835883629039692e-15,
      5.082942065378172e-13,
      7.318203651295218e-12,
      3.7485188911258804e-13,
      4.151483802459555e-16,
      3.3478387006836985e-15,
      5.07099703595844e-15,
      1.5395389213363382e-13,
      8.607805753410947e-15,
      1.1384502830098866e-13,
      2.7680747414120613e-11,
      1.533372388859123e-12,
      1.4476113351475108e-12,
      8.416887338447657e-13,
      0.11007768056513684,
      3.123418729846207e-16,
      5.269200125911985e-13,
      8.552840203719063e-15,
      1.4803736446296988e-14
    ],
    [
      4.847256264113247e-15,
