{
  "config": {
    "N": 64,
    "alpha": 1.8,
    "beta": 1.0,
    "gamma": 1.0,
    "dt": 0.02,
    "T": 200.0,
    "sample_every": 25,
    "seed": 103,
    "target_initial_load": 1.0,
    "noise_fraction": 0.02,
    "eps": 1e-12,
    "device": "cuda",
    "dtype": "float64",
    "model_variant": "full"
  },
  "device_used": "cuda",
  "dtype_used": "torch.float64",
  "runtime_seconds": 65.77718089998234,
  "final_constraint_report": {
    "symmetric": true,
    "zero_diagonal": true,
    "nonnegative": true,
    "symmetry_max_abs_error": 0.0,
    "diagonal_max_abs_error": 0.0,
    "minimum_entry": 0.0
  },
  "final_chi_hhi_star": 0.5255133609114792,
  "max_chi_hhi_star": 0.5255133609114792,
  "final_lambda2": 1.301641093227947e-09,
  "final_total_weight": 20.852803312701965,
  "final_load_cv": 0.14288722518053978,
  "W_final": [
    [
      0.0,
      1.1547714705995094e-08,
      5.442355067536601e-14,
      1.7701059962866854e-07,
      3.655082047664874e-13,
      1.7490521841315707e-11,
      2.9515591228415262e-12,
      3.0220030208156644e-08,
      7.871227372631531e-11,
      3.164953256136287e-13,
      0.042706063551310854,
      7.428732050311931e-14,
      7.365703062758048e-14,
      3.838714001432395e-13,
      8.636005391588054e-14,
      5.82331610966865e-12,
      0.03291429243697336,
      0.13933911909027552,
      0.13158760311874307,
      6.354309149476333e-08,
      8.945039259550865e-07,
      4.652239713165929e-08,
      7.198668989608357e-08,
      5.383933116085021e-14,
      0.07824480560832961,
      0.038914026129593535,
      5.975492676789443e-14,
      2.5956599797158023e-08,
      6.488747062704395e-13,
      2.7235056566372697e-12,
      1.4983489905857115e-11,
      6.695229871780997e-13,
      0.12975530174535002,
      7.56531875057723e-07,
      9.413910256477143e-09,
      2.180890373094747e-07,
      4.3990288944191095e-09,
      6.291600099695811e-14,
      6.434649295167106e-09,
      9.199117143427663e-12,
      2.2139676471938914e-11,
      9.140399735592372e-12,
      1.5901078123493115e-11,
      4.833258112436142e-14,
      1.625109897845915e-09,
      0.031175734064909772,
      1.0279282432321178e-13,
      1.0513361931818753e-09,
      1.5621908510510213e-09,
      8.30905803065435e-14,
      5.6014861915314855e-14,
      6.62808700680454e-13,
      1.3473358911570218e-08,
      1.3736395578446926e-08,
      1.5775008518474988e-08,
      6.197951133476135e-13,
      2.878950307740877e-13,
      3.2712175318478568e-12,
      3.2606568077707015e-07,
      6.235402008276353e-08,
      6.030181449592457e-14,
      4.597362404927123e-08,
      1.0349659974954019e-11,
      2.0591667721574768e-08
    ],
    [
      1.1547714705995094e-08,
      0.0,
      4.445388597087818e-14,
      1.0136913720327126e-06,
      3.1481987082082863e-13,
      1.1362392301114855e-11,
      2.3739410625305133e-12,
      0.004142585993438601,
      4.648796497428569e-11,
      2.7738254245338215e-13,
      1.0588126958372549e-08,
      6.51148952877395e-14,
      6.164123050209015e-14,
      3.4933694898360365e-13,
      7.745784431521509e-14,
      4.379699442230142e-12,
      6.872528683476156e-09,
      1.5409471693388318e-08,
      1.0619143075700383e-08,
      1.8379051169449105e-09,
      6.570673153169008e-09,
      1.3230625039571445e-09,
      1.837746323170864e-09,
      4.382705975369332e-14,
      9.204321076428879e-09,
      6.082585226654515e-09,
      5.0875574157318304e-14,
      0.1365322307827955,
      5.41497048997584e-13,
      2.2524855152069357e-12,
      9.969229513023044e-12,
      5.757169486967556e-13,
      6.048952974258336e-08,
      5.583637788843245e-09,
      7.228500112116149e-10,
      9.539601708520347e-07,
      4.132000241501173e-10,
      5.239288600372449e-14,
      4.548885699830978e-06,
      7.126249964496252e-12,
      1.365209661204688e-11,
      6.380380437521015e-12,
      1.1047590639330168e-11,
      4.0249197379028226e-14,
      5.929206742241391e-07,
      8.135365257167478e-09,
      8.642348867862477e-14,
      4.077027898080848e-07,
      4.816732014162177e-07,
      7.032579074375774e-14,
      4.547552788930382e-14,
      5.716536982299168e-13,
      0.281274851061936,
      0.2535508230183967,
      1.0058540584489868e-09,
      4.915157980735144e-13,
      2.6269107527228144e-13,
      2.6987241753122983e-12,
      6.186091128971423e-07,
      0.0026760067464428523,
      5.084820961965006e-14,
      1.5179442479342148e-09,
      6.921426044396837e-12,
      1.1836597239301208e-09
    ],
    [
      5.442355067536601e-14,
      4.445388597087818e-14,
      0.0,
      6.269693296100689e-14,
      1.3289102737839846e-07,
      1.5290086560936717e-12,
      1.0081108693815423e-10,
      5.1251850472702984e-14,
      1.2195042232647472e-12,
      9.077285329303559e-07,
      5.866923823895824e-14,
      0.011850063056937516,
      0.02469186205852459,
      1.068771710520982e-07,
      0.008282047196694071,
      1.9610136097801175e-11,
      6.739159525327109e-14,
      5.5444294035574104e-14,
      5.745871035192627e-14,
      1.3662552677476913e-13,
      1.850703965243964e-13,
      1.6778429507949013e-13,
      1.361149618171894e-13,
      0.018681916314017704,
      5.178453081818711e-14,
      7.53629831509958e-14,
      0.10436167626532793,
      4.438981301681671e-14,
      9.284127414635182e-11,
      4.1294875749412475e-11,
      1.4953423082188687e-12,
      1.3002707522499412e-10,
      7.91956535429254e-14,
      2.011780655025761e-13,
      3.344710259620636e-13,
      6.779243417147165e-14,
      8.472308567074645e-13,
      0.12580873471847998,
      4.732073550410484e-14,
      1.4717475686871605e-11,
      1.174229868796811e-12,
      3.1162655290210565e-12,
      1.9030883359862223e-12,
      0.018636631248311032,
      2.1220136118382953e-14,
      7.421716995841109e-14,
      0.008491148631446373,
      1.6471605532109803e-14,
      2.0977684666884184e-14,
      0.01487214682424126,
      0.02276109408463263,
      3.311275069558242e-10,
      3.563482526743937e-14,
      3.674546942493891e-14,
      3.1684963739377747e-13,
      9.452799425277304e-11,
      4.180152168800887e-07,
      2.545082149997451e-11,
      6.872312736934448e-14,
      6.581043437428713e-14,
      0.13729120778237522,
      1.4726572728154206e-13,
      2.5117821776420994e-12,
      3.2275628971196604e-13
    ],
    [
      1.7701059962866854e-07,
      1.0136913720327126e-06,
      6.269693296100689e-14,
      0.0,
      4.2256414075585845e-13,
      1.7134525205606816e-11,
      3.356424453751773e-12,
      3.882172792630812e-06,
      7.565862350481673e-11,
      3.75451199730606e-13,
      1.4509651353946896e-07,
      9.343880472322758e-14,
      8.428632258962552e-14,
      4.876862387615302e-13,
      1.0962165292463074e-13,
      6.439122080879805e-12,
      1.023952629458633e-07,
      2.3546724162957076e-07,
      1.6953707379297953e-07,
      1.1018701558056269e-08,
      5.8495059779840276e-08,
      8.146534714742872e-09,
      1.1708088145223664e-08,
      6.193017978689624e-14,
      1.33202600900357e-07,
      9.271030315369229e-08,
      7.251203897005151e-14,
      2.493051627632957e-06,
      7.735131162670417e-13,
      3.118491673902245e-12,
      1.5335672504051523e-11,
      7.803507905878973e-13,
      1.0285056459892614e-06,
      5.2002038972429786e-08,
      2.9842138174961156e-09,
      0.39433435469492567,
      1.5230911160225384e-09,
      7.421424886655226e-14,
      1.673864544932738e-07,
      1.0423845238485505e-11,
      2.1752903359507077e-11,
      9.328019174907263e-12,
      1.6636973357293083e-11,
      5.718398308999454e-14,
      2.0887409469434032e-08,
      1.2388232471635973e-07,
      1.2006811686218897e-13,
      1.2589017248084586e-08,
      1.8104132670822946e-08,
      9.803270704845457e-14,
      6.499807372779198e-14,
      7.847117690883827e-13,
      1.4451823866801806e-06,
      1.3696651140119706e-06,
      4.33175362449613e-09,
      6.626527014156267e-13,
      3.5914745700236316e-13,
      3.940167306312428e-12,
      0.38970299587667717,
      8.64884321353495e-06,
      7.147551366394868e-14,
      8.619859402643306e-09,
      1.0391245097469498e-11,
      5.518540157566156e-09
    ],
    [
      3.655082047664874e-13,
      3.1481987082082863e-13,
      1.3289102737839846e-07,
      4.2256414075585845e-13,
      0.0,
      1.2920941678471804e-11,
      1.5006880210544615e-09,
      3.442131801172995e-13,
      1.0055962761817281e-11,
      0.00037556815544379705,
      3.942297398136829e-13,
      2.6766102814889984e-07,
      2.0133903991096084e-07,
      0.7383983098214499,
      4.278054254497014e-07,
      2.4834774425153303e-10,
      4.442720372662642e-13,
      3.789995904400843e-13,
      3.790692104876268e-13,
      9.516799382159018e-13,
      1.3019592136527992e-12,
      1.1533808203483379e-12,
      9.347456548408754e-13,
      9.378754527738358e-08,
      3.4901083914183555e-13,
      4.94400590481048e-13,
      1.5061332253388995e-07,
      2.9942292028864623e-13,
      1.2636827927885552e-09,
      6.069924215534282e-10,
      1.3006271045570582e-11,
      1.8129011514902502e-09,
      5.267828173049951e-13,
      1.387475378615139e-12,
      2.390625590925331e-12,
      4.439210557756671e-13,
      6.015426633619882e-12,
      1.346367170705155e-07,
      3.275787877990711e-13,
      1.71315431510076e-10,
      9.854616410595458e-12,
      2.964375714986074e-11,
      1.7447337965663846e-11,
      8.996082740905582e-08,
      1.4505133047146167e-13,
      5.037759992330217e-13,
      4.510630352780397e-07,
      1.1351693185803657e-13,
      1.4288329160829376e-13,
      2.9365823144911115e-07,
      1.0433706375112734e-07,
      4.087594765319845e-09,
      2.4334279436866723e-13,
      2.5019547574366354e-13,
      2.152146407551062e-12,
      1.2671716167469806e-09,
      0.0005739287027767777,
      3.4839045822978397e-10,
      4.849184665111889e-13,
      4.402440745312367e-13,
      1.486386708862244e-07,
      9.854511257460269e-13,
      2.3046024678581935e-11,
      2.124435670831132e-12
    ],
    [
      1.7490521841315707e-11,
      1.1362392301114855e-11,
      1.5290086560936717e-12,
      1.7134525205606816e-11,
      1.2920941678471804e-11,
      0.0,
      2.911693040942526e-10,
      1.339957280699738e-11,
      0.013665600444108368,
      1.0050519015128737e-11,
      2.0739018396268937e-11,
      2.098264313791088e-12,
      2.0035447879062698e-12,
      1.3840899809680401e-11,
      2.542548732779366e-12,
      2.1886715534394084e-09,
      2.2645527272791048e-11,
      1.7787195596706772e-11,
      1.8020498712958314e-11,
      5.642262435637856e-11,
      7.226469064008776e-11,
      7.188676036968737e-11,
      5.7905400514598285e-11,
      1.4540013880562847e-12,
      1.7771660913271515e-11,
      2.4453441962655917e-11,
      1.6389061638727148e-12,
      1.1443140395170168e-11,
      4.097856663645637e-11,
      4.0146707061205176e-10,
      0.24853474031162187,
      4.0739423725384764e-11,
      2.3108792306926257e-11,
      7.406637231197825e-11,
      2.0199745123407467e-10,
      1.747676012253926e-11,
      1.1126398721917303e-09,
      1.7186724813170626e-12,
      1.1563208468590798e-11,
      2.4896787778769413e-08,
      0.014348402183718072,
      6.494108825598822e-05,
      0.18677050688114594,
      1.3410591257711864e-12,
      4.4055513522844975e-12,
      2.3965857840882654e-11,
      2.9784221808605635e-12,
      3.4335496336292825e-12,
      4.443006888701087e-12,
      2.3832415167655547e-12,
      1.5286220380023228e-12,
      3.546943202144295e-11,
      8.90902415661981e-12,
      8.716309951075715e-12,
      1.7712389797389536e-10,
      3.874806314534612e-11,
      9.65514948860149e-12,
      6.59431656982653e-10,
      1.999097336397068e-11,
      1.8292679203095737e-11,
      1.7105846164152256e-12,
      6.417950238765592e-11,
      7.017689557413169e-05,
      1.6358800782230122e-10
    ],
    [
      2.9515591228415262e-12,
      2.3739410625305133e-12,
      1.0081108693815423e-10,
      3.356424453751773e-12,
      1.5006880210544615e-09,
      2.911693040942526e-10,
      0.0,
      2.726495848025082e-12,
      1.8369472918266487e-10,
      9.11627807223918e-10,
      3.1407281684963355e-12,
      1.4734319074893866e-10,
      1.2380501726754265e-10,
      1.8610560185486693e-09,
      1.804630368317211e-10,
      2.153224539554609e-07,
      3.579490923028997e-12,
      2.894209408330114e-12,
      3.0875891977157005e-12,
      8.085659024749796e-12,
      1.0545505607947324e-11,
      1.027327056638583e-11,
      8.572096176586146e-12,
      8.545312885980625e-11,
      2.7613902822635375e-12,
      4.147626818511923e-12,
      1.0445665190713373e-10,
      2.3303566052186827e-12,
      0.2751569278032047,
      7.777594438553501e-07,
      2.991206677011205e-10,
      0.015610777293299266,
      4.43804874747482e-12,
      1.1728063333886298e-11,
      2.3837657523895862e-11,
      3.4904172487580602e-12,
      7.978731487940905e-11,
      1.0776419195848231e-10,
      2.508551701905765e-12,
      6.076721293193845e-08,
      2.1903080718502955e-10,
      9.067744115941992e-10,
      4.279418957958733e-10,
      8.043692610503046e-11,
      1.0763990951862426e-12,
      4.22680694698804e-12,
      1.9570473261431713e-10,
      8.572985678653778e-13,
      1.1005344784050128e-12,
      1.6932182341679867e-10,
      9.349451527215083e-11,
      0.014258842809184864,
      1.925127057456321e-12,
      2.0188624170396944e-12,
      2.0052405331005444e-11,
      0.27545882486607803,
      8.571367233596485e-10,
      4.660348280992113e-07,
      3.881432471808993e-12,
      3.544905660491359e-12,
      1.1060189629805237e-10,
      8.567033840084897e-12,
      6.645302114522036e-10,
      2.091983230154536e-11
    ],
    [
      3.0220030208156644e-08,
      0.004142585993438601,
      5.1251850472702984e-14,
      3.882172792630812e-06,
      3.442131801172995e-13,
      1.339957280699738e-11,
      2.726495848025082e-12,
      0.0,
      5.559370001991028e-11,
      3.162283960099372e-13,
      2.682176066071545e-08,
      7.473339405658859e-14,
      6.889293099748678e-14,
      3.990869412384578e-13,
      8.640097022524673e-14,
      4.9907962780452335e-12,
      1.73185366818081e-08,
      4.0612140222648366e-08,
      2.9642228801420393e-08,
      3.6249875621382455e-09,
      1.4323517084914879e-08,
      2.6744824699556864e-09,
      3.762928670508757e-09,
      5.060790314141114e-14,
      2.334991534091128e-08,
      1.5876556278654855e-08,
      5.90325432819309e-14,
      0.019817048711499384,
      6.190553050499032e-13,
      2.4773525847205306e-12,
      1.2007255036556352e-11,
      6.463078221300702e-13,
      1.7646903503543002e-07,
      1.2813610585284467e-08,
      1.3202975882734446e-09,
      3.7076056020687813e-06,
      7.085268791848116e-10,
      6.084309857180611e-14,
      1.034125929935877e-06,
      8.188150084280752e-12,
      1.6684071594391104e-11,
      7.303906089324864e-12,
      1.2642539568588102e-11,
      4.624430645580647e-14,
      8.273277882596195e-08,
      2.124335312489001e-08,
      9.843867709936324e-14,
      5.18178009230071e-08,
      7.064194283001196e-08,
      8.195382388120772e-14,
      5.3533916815414155e-14,
      6.695861807007718e-13,
      0.005623499489263766,
      0.00593654174843329,
      1.8299142221682481e-09,
      5.44347511944501e-13,
      2.929141341710266e-13,
      3.0855825748534587e-12,
      2.6633739957004543e-06,
      0.48764382344045965,
      5.749345473265854e-14,
      2.884387362948823e-09,
      8.264515292571981e-12,
      2.2132913136966414e-09
    ],
    [
      7.871227372631531e-11,
      4.648796497428569e-11,
      1.2195042232647472e-12,
      7.565862350481673e-11,
      1.0055962761817281e-11,
      0.013665600444108368,
      1.8369472918266487e-10,
      5.559370001991028e-11,
      0.0,
      7.838337545608985e-12,
      9.72151684300346e-11,
      1.721750991844015e-12,
      1.5680004877641526e-12,
      1.0941309725872452e-11,
      2.1141099172142418e-12,
      1.2875553174396102e-09,
      1.0369347660075254e-10,
      7.690569063826604e-11,
      7.884721936766046e-11,
      2.744842907944348e-10,
      3.576481058532963e-10,
      3.225600819088928e-10,
      2.707885944644679e-10,
      1.1485379731167334e-12,
      7.71020492113667e-11,
      1.0733936892384043e-10,
      1.3559611946827313e-12,
      4.350382676479738e-11,
      2.7499618108397623e-11,
      2.4390143075565887e-10,
      0.003912102938317049,
      2.8524571724652814e-11,
      1.0593732356501882e-10,
      3.5251020013981774e-10,
      9.157990849389128e-10,
      7.435338014218558e-11,
      3.706416679947123e-09,
      1.3484086068960579e-12,
      4.372950306588251e-11,
      1.5112283924760463e-08,
      0.5927047351815798,
      2.166614587764339e-05,
      0.0018864501740127383,
      1.0710557775123554e-12,
      1.6727632747824788e-11,
      1.1427820040423166e-10,
      2.305982196298114e-12,
      1.1828144680433651e-11,
      1.5538883211155177e-11,
      1.8718883363418614e-12,
      1.2029414398803707e-12,
      2.563367132548476e-11,
      3.6858860674031376e-11,
      3.4801892375189595e-11,
      7.882530572198919e-10,
      2.5496410968586833e-11,
      7.71694155459601e-12,
      4.01669517202149e-10,
      9.022102767037875e-11,
      7.488348187626582e-11,
      1.3185138746967054e-12,
      2.9954793068138263e-10,
      2.429989912098102e-05,
      7.453818599976138e-10
    ],
    [
      3.164953256136287e-13,
      2.7738254245338215e-13,
      9.077285329303559e-07,
      3.75451199730606e-13,
      0.00037556815544379705,
      1.0050519015128737e-11,
      9.11627807223918e-10,
      3.162283960099372e-13,
      7.838337545608985e-12,
      0.0,
      3.4920696604514585e-13,
      1.5919989790279501e-06,
      1.2718503167369837e-06,
      0.000371191004278972,
      2.307948898291167e-06,
      1.6045723795950075e-10,
      3.967006278469603e-13,
      3.191845949360352e-13,
      3.3765054821532874e-13,
      8.381183604377557e-13,
      1.0892638778063911e-12,
      1.0132313845121732e-12,
      8.062146636890842e-13,
      6.775885377360404e-07,
      3.082520882346793e-13,
      4.339935938058474e-13,
      9.854657182778133e-07,
      2.733476857838575e-13,
      7.972909575590416e-10,
      3.597406061081025e-10,
      1.0044479719002637e-11,
      1.1446682349457403e-09,
      4.711772871498016e-13,
      1.2006087652681875e-12,
      2.082511771228253e-12,
      3.9167213608671094e-13,
      5.3751447694480425e-12,
      9.104955061846266e-07,
      2.9795291236521734e-13,
      1.1517832619486797e-10,
      7.625556146899792e-12,
      2.2213490336724944e-11,
      1.3276174707957878e-11,
      6.710737051347267e-07,
      1.2875443141720778e-13,
      4.4396659086693965e-13,
      2.4497853465676195e-06,
      1.051651226906865e-13,
      1.3219002787651546e-13,
      1.7284136959698494e-06,
      7.33892329743532e-07,
      2.7927855080373344e-09,
      2.2627734292905644e-13,
      2.2717742354744022e-13,
      1.9056759882589565e-12,
      8.022389715288782e-10,
      0.7013489444134834,
      2.2264472716084846e-10,
      4.2222279240086725e-13,
      3.914720663798932e-13,
      9.917897295838489e-07,
      8.643209994431701e-13,
      1.780402056052931e-11,
      1.9551146941833952e-12
    ],
    [
      0.042706063551310854,
      1.0588126958372549e-08,
      5.866923823895824e-14,
      1.4509651353946896e-07,
      3.942297398136829e-13,
      2.0739018396268937e-11,
      3.1407281684963355e-12,
      2.682176066071545e-08,
      9.72151684300346e-11,
      3.4920696604514585e-13,
      0.0,
      8.120685024066463e-14,
      7.686643469586605e-14,
      4.5094741137355185e-13,
      9.823656969675313e-14,
      6.335069017119004e-12,
      0.13780470722257523,
      0.02847667058052114,
      0.05550885250058411,
      1.1711346100209968e-07,
      1.5641910713244247e-06,
      7.655304295948654e-08,
      1.1993184430627264e-07,
      5.649611605679568e-14,
      0.10711259912079477,
      0.12624092518594898,
      6.577907918245214e-14,
      1.8839287404810244e-08,
      7.111283137694664e-13,
      3.0978084418366842e-12,
      1.6487572496156244e-11,
      7.4534280016256e-13,
      0.020954899471592615,
      1.1962393367908218e-06,
      1.631494552662998e-08,
      1.53377762654855e-07,
      7.42103029940977e-09,
      6.638216569180906e-14,
      6.379774961226342e-09,
      1.0657134102998015e-11,
      2.412892048520141e-11,
      1.004249175645908e-11,
      1.754810277339987e-11,
      5.2675532115100296e-14,
      1.426123167042861e-09,
      0.14190011003811376,
      1.113687864191156e-13,
      9.141941453029351e-10,
      1.3018637831803386e-09,
      8.817311084188548e-14,
      5.979920725070665e-14,
      7.72187612043121e-13,
      1.1647324604050228e-08,
      1.0459704917289173e-08,
      2.834400271241159e-08,
      6.341974024859054e-13,
      3.453418085724757e-13,
      3.734986131278352e-12,
      2.6368992325117125e-07,
      5.318348546204044e-08,
      6.6710955714575e-14,
      8.433613560899462e-08,
      1.125347917858937e-11,
      3.37259402728704e-08
    ],
    [
      7.428732050311931e-14,
      6.51148952877395e-14,
      0.011850063056937516,
      9.343880472322758e-14,
      2.6766102814889984e-07,
      2.098264313791088e-12,
      1.4734319074893866e-10,
      7.473339405658859e-14,
      1.721750991844015e-12,
      1.5919989790279501e-06,
      8.120685024066463e-14,
      0.0,
      0.11082663375379363,
      2.2636649299144258e-07,
      0.15061031030961988,
      3.017666132705114e-11,
      9.544654949431006e-14,
      7.866814753230961e-14,
      8.119032600736665e-14,
      2.0047351856647406e-13,
      2.594339509283924e-13,
      2.526580185447757e-13,
      1.8838227833108647e-13,
      0.0013254376316204357,
      7.182364758216388e-14,
      1.0337765006398333e-13,
      0.028890801391545356,
      6.429458857955925e-14,
      1.3479406099876584e-10,
      6.061562227724094e-11,
      2.2170251084871937e-12,
      1.9789460334330444e-10,
      1.0978248415706883e-13,
      3.014890281436164e-13,
      4.863776344456982e-13,
      9.93601268731275e-14,
      1.1713200236925602e-12,
      0.00896415215337318,
      6.946999235151506e-14,
      2.247806081825962e-11,
      1.6587865200824194e-12,
      4.51685633732194e-12,
      2.9000855075028867e-12,
      0.0012689316931408757,
      3.0772395145893825e-14,
      1.1124345876509546e-13,
      0.14442688892282332,
      2.5005986284408166e-14,
      3.179046291706488e-14,
      0.14131988465008566,
      0.0016658507081919152,
      5.024796271685848e-10,
      5.395747931379373e-14,
      5.56832919536655e-14,
      4.215975552105669e-13,
      1.3340674234485155e-10,
      7.730658314745932e-07,
      4.0504186621781716e-11,
      1.0210387461089349e-13,
      9.164254350792654e-14,
      0.013807519718602178,
      2.0378633091789366e-13,
      3.668548439363255e-12,
      4.408279146500458e-13
    ],
    [
      7.365703062758048e-14,
      6.164123050209015e-14,
      0.02469186205852459,
      8.428632258962552e-14,
      2.0133903991096084e-07,
      2.0035447879062698e-12,
      1.2380501726754265e-10,
      6.889293099748678e-14,
      1.5680004877641526e-12,
      1.2718503167369837e-06,
      7.686643469586605e-14,
      0.11082663375379363,
      0.0,
      1.617897707792388e-07,
      0.09551070441699076,
      2.7282198912258592e-11,
      9.157528136271398e-14,
      7.870872708428993e-14,
      7.887586310579316e-14,
      1.904403632171091e-13,
      2.414191864533949e-13,
      2.373021979212078e-13,
      1.7431824594427843e-13,
      0.0025999605597381518,
      7.153115596113145e-14,
      1.0402666125327144e-13,
      0.05028790706246948,
      6.477808653382068e-14,
      1.1715847019389258e-10,
      5.2312115403566006e-11,
      2.074741149695464e-12,
      1.7471721706992794e-10,
      1.0520130011043771e-13,
      2.774963899511236e-13,
      4.384298372915362e-13,
      9.436279565157816e-14,
      1.0653131762376965e-12,
      0.018803789492908472,
      6.399632695641317e-14,
      1.980984958305726e-11,
      1.5185453951654357e-12,
      4.197360737259819e-12,
      2.57058881197207e-12,
      0.002507625221717681,
      2.99456748003307e-14,
      9.786795571999475e-14,
      0.09947315639801557,
      2.4324676816319574e-14,
      3.03312088693761e-14,
      0.12139786338665103,
      0.0032456107687221453,
      4.217642644886998e-10,
      4.9331870556752494e-14,
      5.133579423393193e-14,
      4.1027450992435123e-13,
      1.1556984209384441e-10,
      5.953654861372225e-07,
      3.385984572189264e-11,
      9.226540376678419e-14,
      8.716778525094526e-14,
      0.026793043766413407,
      1.9849348773288432e-13,
      3.2941377388610173e-12,
      4.15799193315014e-13
    ],
    [
      3.838714001432395e-13,
      3.4933694898360365e-13,
      1.068771710520982e-07,
      4.876862387615302e-13,
      0.7383983098214499,
      1.3840899809680401e-11,
      1.8610560185486693e-09,
      3.990869412384578e-13,
      1.0941309725872452e-11,
      0.000371191004278972,
      4.5094741137355185e-13,
      2.2636649299144258e-07,
      1.617897707792388e-07,
      0.0,
      3.6955673187241427e-07,
      2.8200233799229605e-10,
      4.93808381163204e-13,
      3.9027615622871513e-13,
      4.167101413492556e-13,
      1.055376092553871e-12,
      1.4040313625655349e-12,
      1.2401148418104832e-12,
      1.0224975954101478e-12,
      7.328072695376065e-08,
      3.783543179295556e-13,
      5.223961754263663e-13,
      1.2147456235311247e-07,
      3.232433818628069e-13,
      1.5737840939306892e-09,
      6.964125103954432e-10,
      1.420338992489549e-11,
      2.1815941406880562e-09,
      5.630898145894994e-13,
      1.5311184688028509e-12,
      2.7966750462919627e-12,
      4.93149456876812e-13,
      7.0874605223146414e-12,
      1.0929319225480373e-07,
      3.78081839459689e-13,
      1.9482645415373617e-10,
      1.0606830997186586e-11,
      3.239547427437186e-11,
      1.9212260359193378e-11,
      7.218941251824913e-08,
      1.6002831242416142e-13,
      5.725105023955377e-13,
      3.8526889043978216e-07,
      1.26503149407101e-13,
      1.6031509670683426e-13,
      2.474320081397731e-07,
      8.38308395026328e-08,
      5.05385514875242e-09,
      2.8944735333775413e-13,
      2.8581084501702643e-13,
      2.4036836970695303e-12,
      1.5194083704368885e-09,
      0.0005700877711095175,
      4.220554393275077e-10,
      5.448115851821322e-13,
      4.871059013937318e-13,
      1.2524125070207854e-07,
      1.0932434530445972e-12,
      2.6113096530943038e-11,
      2.45384587826869e-12
    ],
    [
      8.636005391588054e-14,
      7.745784431521509e-14,
      0.008282047196694071,
      1.0962165292463074e-13,
      4.278054254497014e-07,
      2.542548732779366e-12,
      1.804630368317211e-10,
      8.640097022524673e-14,
      2.1141099172142418e-12,
      2.307948898291167e-06,
      9.823656969675313e-14,
      0.15061031030961988,
      0.09551070441699076,
      3.6955673187241427e-07,
      0.0,
      3.634290795494826e-11,
      1.1396844948988604e-13,
      9.01296700787491e-14,
      9.311013089679896e-14,
      2.3570950823051417e-13,
      3.132286221121277e-13,
      2.734620186885361e-13,
      2.2451216456916467e-13,
      0.000853843863465117,
      8.418584595201739e-14,
      1.1614760401653118e-13,
      0.02126895240271125,
      7.119074648985185e-14,
      1.7292962510293798e-10,
      7.74705803935108e-11,
      2.560505088969115e-12,
      2.4579638431243046e-10,
      1.2425727849301917e-13,
      3.3681500148688453e-13,
      5.756921983564775e-13,
      1.1080786092720361e-13,
      1.3925281454459673e-12,
      0.0058851570954955275,
      8.228800594331517e-14,
      2.7814763717439868e-11,
      1.951232156185353e-12,
      5.3821537897558296e-12,
      3.454040395005125e-12,
      0.0008320884118912276,
      3.589942106022369e-14,
      1.2737448600246468e-13,
      0.18864087793299247,
      2.7731828138532994e-14,
      3.502308831230138e-14,
      0.12630400325421864,
      0.0010915581089057714,
      6.303514062728184e-10,
      6.210684947780748e-14,
      6.041303536980259e-14,
      5.151774213874598e-13,
      1.6638239526820653e-10,
      1.2224475792412844e-06,
      4.921674228224627e-11,
      1.183916969430371e-13,
      1.0714680736809463e-13,
      0.00981578144968146,
      2.4439257345769217e-13,
      4.2546312559350665e-12,
      5.270379380541665e-13
    ],
    [
      5.82331610966865e-12,
      4.379699442230142e-12,
      1.9610136097801175e-11,
      6.439122080879805e-12,
      2.4834774425153303e-10,
      2.1886715534394084e-09,
      2.153224539554609e-07,
      4.9907962780452335e-12,
      1.2875553174396102e-09,
      1.6045723795950075e-10,
      6.335069017119004e-12,
      3.017666132705114e-11,
      2.7282198912258592e-11,
      2.8200233799229605e-10,
      3.634290795494826e-11,
      0.0,
      7.530048177805894e-12,
      5.975131828356553e-12,
      6.080972027709673e-12,
      1.7274395681963078e-11,
      2.2044083881838986e-11,
      2.231237656576533e-11,
      1.697907598968544e-11,
      1.8571409548783086e-11,
      5.56049730788064e-12,
      7.998024647820221e-12,
      2.2100522248761545e-11,
      4.329054462909522e-12,
      4.3325588253666e-09,
      8.555937058991744e-06,
      2.2424536555069874e-09,
      3.79645152903143e-09,
      8.126318688885747e-12,
      2.3907872091894723e-11,
      5.5041284856782695e-11,
      6.7316680320802684e-12,
      2.1532187784009324e-10,
      2.2492871476066047e-11,
      4.532847001251216e-12,
      0.7352590468301148,
      1.577327797264241e-09,
      6.5391532116928836e-09,
      3.3295582883892124e-09,
      1.723926805852253e-11,
      1.9829028904863272e-12,
      8.150189597785424e-12,
      4.094363953788365e-11,
      1.5736019008922284e-12,
      1.97002469273607e-12,
      3.2638337226673796e-11,
      1.9557091739517746e-11,
      2.656464756340353e-09,
      3.621432296416758e-12,
      3.5874597931342923e-12,
      4.498554688060295e-11,
      4.016582719081093e-09,
      1.5670236756917808e-10,
      1.1657320798323722e-05,
      7.120466556251814e-12,
      6.421806642037441e-12,
      2.208862810558366e-11,
      1.8483036182678533e-11,
      4.789226605723909e-09,
      4.5504763324679823e-11
    ],
    [
      0.03291429243697336,
      6.872528683476156e-09,
      6.739159525327109e-14,
      1.023952629458633e-07,
      4.442720372662642e-13,
      2.2645527272791048e-11,
      3.579490923028997e-12,
      1.73185366818081e-08,
      1.0369347660075254e-10,
      3.967006278469603e-13,
      0.13780470722257523,
      9.544654949431006e-14,
      9.157528136271398e-14,
      4.93808381163204e-13,
      1.1396844948988604e-13,
      7.530048177805894e-12,
      0.0,
      0.020968752401027902,
      0.044914999565298236,
      1.5215698948033414e-07,
      1.851909635976381e-06,
      1.0963015654821335e-07,
      1.626875546639979e-07,
      6.691391855310323e-14,
      0.09112989258140017,
      0.14988857809328804,
      7.39308520111746e-14,
      1.398796528332413e-08,
      8.156590884800271e-13,
      3.4041341831873666e-12,
      1.9499967218565953e-11,
      8.431644186329783e-13,
      0.014305050196933308,
      1.5575873828348533e-06,
      2.0498439314307954e-08,
      1.2153422176089763e-07,
      9.4176128263616e-09,
      7.790839601410438e-14,
      4.091605193696984e-09,
      1.1986136539000312e-11,
      2.742898261190793e-11,
      1.1335054162014236e-11,
      2.039194354767413e-11,
      6.237831153178759e-14,
      1.047722829640121e-09,
      0.16061142010693077,
      1.3036799731824944e-13,
      6.902592902694802e-10,
      1.0122917368206677e-09,
      1.0212117616683268e-13,
      6.937826345900685e-14,
      8.3503355507601e-13,
      7.791519578946277e-09,
      7.598784316847014e-09,
      3.452569344746519e-08,
      7.39478338227975e-13,
      3.732718708023515e-13,
      4.334589753609887e-12,
      1.9067415619883666e-07,
      3.5031451739908643e-08,
      7.702611818983098e-14,
      1.092263879400712e-07,
      1.29501002134591e-11,
      4.4878771833784926e-08
    ],
    [
      0.13933911909027552,
      1.5409471693388318e-08,
      5.5444294035574104e-14,
      2.3546724162957076e-07,
      3.789995904400843e-13,
      1.7787195596706772e-11,
      2.894209408330114e-12,
      4.0612140222648366e-08,
      7.690569063826604e-11,
      3.191845949360352e-13,
      0.02847667058052114,
      7.866814753230961e-14,
      7.870872708428993e-14,
      3.9027615622871513e-13,
      9.01296700787491e-14,
      5.975131828356553e-12,
      0.020968752401027902,
      0.0,
      0.11186559735844906,
      5.85752155213979e-08,
      8.341434365451538e-07,
      4.405978824243931e-08,
      6.427737627397939e-08,
      5.6052261624646654e-14,
      0.056158785269283015,
      0.025587909749191312,
      6.345217296935214e-14,
      3.4867320896248844e-08,
      6.462158419932759e-13,
      2.7751235517358325e-12,
      1.5551475376509744e-11,
      7.045650734771539e-13,
      0.19477296219084306,
      7.422329662247037e-07,
      8.384017780546095e-09,
      2.8874225494450177e-07,
      3.721722548628548e-09,
      6.52138941836347e-14,
      8.291738737975708e-09,
      9.898499514729071e-12,
      2.2299724272989647e-11,
      9.287948013748051e-12,
      1.6137625458196868e-11,
      4.9233299261228734e-14,
      2.1019996150408243e-09,
      0.020122547819303383,
      1.0749318550008897e-13,
      1.3844263394311322e-09,
      2.0475992570140445e-09,
      8.612174785392554e-14,
      5.6267222776090015e-14,
      6.724204708921704e-13,
      1.786229777629147e-08,
      1.8168912160308037e-08,
      1.381388612945169e-08,
      5.9254514207073e-13,
      2.9884520425439405e-13,
      3.3745142693198105e-12,
      4.143944307212665e-07,
      8.331536190709163e-08,
      5.979236534213132e-14,
      4.2059346945155716e-08,
      1.0112601896440712e-11,
      1.764627974690746e-08
    ],
    [
      0.13158760311874307,
      1.0619143075700383e-08,
      5.745871035192627e-14,
      1.6953707379297953e-07,
      3.790692104876268e-13,
      1.8020498712958314e-11,
      3.0875891977157005e-12,
      2.9642228801420393e-08,
      7.884721936766046e-11,
      3.3765054821532874e-13,
      0.05550885250058411,
      8.119032600736665e-14,
      7.887586310579316e-14,
      4.167101413492556e-13,
      9.311013089679896e-14,
      6.080972027709673e-12,
      0.044914999565298236,
      0.11186559735844906,
      0.0,
      6.628683752525767e-08,
      9.035318235016418e-07,
      4.890897806181854e-08,
      7.379994204920678e-08,
      5.855122706387226e-14,
      0.09334822555533095,
      0.05327283307853924,
      6.490545618573996e-14,
      2.4587677147517446e-08,
      6.986256271484649e-13,
      2.8009960554569796e-12,
      1.6248764881863535e-11,
      7.206074301355744e-13,
      0.09952277519750588,
      8.021597841924314e-07,
      9.865975477580981e-09,
      2.1168554890796123e-07,
      4.535935904477063e-09,
      6.877393845432731e-14,
      6.1190937484352904e-09,
      9.857705604916471e-12,
      2.2909512886852877e-11,
      9.461696786293282e-12,
      1.6407655357921618e-11,
      5.21459015107362e-14,
      1.52417131768439e-09,
      0.043137845708629295,
      1.115873598308857e-13,
      1.0160726176120721e-09,
      1.5089407259673344e-09,
      9.00110685227786e-14,
      6.129131397360916e-14,
      7.108689070710998e-13,
      1.2934748560612833e-08,
      1.3359682025961622e-08,
      1.5892472913884052e-08,
      6.261611714320996e-13,
      3.049900437345106e-13,
      3.5762877808758397e-12,
      3.088027195171962e-07,
      5.99906166135209e-08,
      6.399968566668805e-14,
      4.578861710938635e-08,
      1.0868255763702988e-11,
      2.117909950797734e-08
    ],
    [
      6.354309149476333e-08,
      1.8379051169449105e-09,
      1.3662552677476913e-13,
      1.1018701558056269e-08,
      9.516799382159018e-13,
      5.642262435637856e-11,
      8.085659024749796e-12,
      3.6249875621382455e-09,
      2.744842907944348e-10,
      8.381183604377557e-13,
      1.1711346100209968e-07,
      2.0047351856647406e-13,
      1.904403632171091e-13,
      1.055376092553871e-12,
      2.3570950823051417e-13,
      1.7274395681963078e-11,
      1.5215698948033414e-07,
      5.85752155213979e-08,
      6.628683752525767e-08,
      0.0,
      2.728193271224332e-05,
      0.25394961161624013,
      0.2702971710938382,
      1.3642289504598976e-13,
      7.810448759925723e-08,
      1.6057779270277316e-07,
      1.5242746751948353e-13,
      2.9546578564807896e-09,
      1.6592329045514547e-12,
      7.842278230585663e-12,
      4.9840716994882414e-11,
      1.902078443629335e-12,
      4.673084043046644e-08,
      3.116299363347992e-05,
      8.453928949892649e-07,
      1.1285977843406963e-08,
      4.5548908668956924e-07,
      1.5821323873782213e-13,
      1.2397699271614913e-09,
      2.9674667197727294e-11,
      6.96876608667888e-11,
      3.089610647119552e-11,
      5.321225088253256e-11,
      1.234416825476094e-13,
      3.542055131847182e-10,
      1.71570247785434e-07,
      2.6275455376008293e-13,
      2.4514645064968263e-10,
      3.572331252860486e-10,
      2.1235024095689492e-13,
      1.3986568117488976e-13,
      1.8760765541793634e-12,
      1.8543628617524457e-09,
      1.767925828036878e-09,
      1.7231809191303268e-06,
      1.5748806838191974e-12,
      7.881266793273619e-13,
      9.907362991154202e-12,
      1.725514582188212e-08,
      6.236614375847252e-09,
      1.4988228177441104e-13,
      0.2545374954833886,
      3.277748021899901e-11,
      2.3528194025586487e-06
    ],
    [
      8.945039259550865e-07,
      6.570673153169008e-09,
      1.850703965243964e-13,
      5.8495059779840276e-08,
      1.3019592136527992e-12,
      7.226469064008776e-11,
      1.0545505607947324e-11,
      1.4323517084914879e-08,
      3.576481058532963e-10,
      1.0892638778063911e-12,
      1.5641910713244247e-06,
      2.594339509283924e-13,
      2.414191864533949e-13,
      1.4040313625655349e-12,
      3.132286221121277e-13,
      2.2044083881838986e-11,
      1.851909635976381e-06,
      8.341434365451538e-07,
      9.035318235016418e-07,
      2.728193271224332e-05,
      0.0,
      2.035424655672423e-05,
      2.7727425583911046e-05,
      1.7800167084581562e-13,
      1.070857565792848e-06,
      1.8109381269684438e-06,
      2.024787156619365e-13,
      1.0580118281909346e-08,
      2.229434236740025e-12,
      1.0602666555986686e-11,
      5.953213555643092e-11,
      2.4099417210662726e-12,
      6.651088606350514e-07,
      0.7240467980351488,
      3.6204766932528003e-07,
      5.894142740219882e-08,
      1.6333078493484703e-07,
      2.0816783514634703e-13,
      4.2005603077638175e-09,
      3.717154795793293e-11,
      8.721456436140293e-11,
      3.597276871009465e-11,
      6.5068959743679e-11,
      1.625794360673514e-13,
      1.0921113292753929e-09,
      2.0630358229710196e-06,
      3.4482433285313355e-13,
      7.062413291661799e-10,
      1.032034960281774e-09,
      2.794460412901075e-13,
      1.8619947891924773e-13,
      2.4809485172318695e-12,
      6.688460386326596e-09,
      6.194833362525526e-09,
      7.402428809596437e-07,
      2.0979043173572302e-12,
      1.0837500437832905e-12,
      1.2704437603167793e-11,
      1.0031217609998215e-07,
      2.649775106520708e-08,
      2.0283514296218132e-13,
      1.9962779201970348e-05,
      4.022982193522523e-11,
      1.0071499951455796e-06
    ],
    [
      4.652239713165929e-08,
