{
  "config": {
    "N": 64,
    "alpha": 1.8,
    "beta": 1.0,
    "gamma": 1.0,
    "dt": 0.02,
    "T": 200.0,
    "sample_every": 25,
    "seed": 102,
    "target_initial_load": 1.0,
    "noise_fraction": 0.02,
    "eps": 1e-12,
    "device": "cuda",
    "dtype": "float64",
    "model_variant": "full"
  },
  "device_used": "cuda",
  "dtype_used": "torch.float64",
  "runtime_seconds": 18.090416299994104,
  "final_constraint_report": {
    "symmetric": true,
    "zero_diagonal": true,
    "nonnegative": true,
    "symmetry_max_abs_error": 0.0,
    "diagonal_max_abs_error": 0.0,
    "minimum_entry": 0.0
  },
  "final_chi_hhi_star": 0.599274264188273,
  "max_chi_hhi_star": 0.599274264188273,
  "final_lambda2": 6.629813148240931e-12,
  "final_total_weight": 20.85458416608904,
  "final_load_cv": 0.3534501726671854,
  "W_final": [
    [
      0.0,
      6.815826297306698e-13,
      6.1425176390216e-11,
      6.322010144645181e-13,
      0.21949471854162625,
      1.619768188370819e-13,
      9.890411737683514e-13,
      1.520400703650638e-10,
      1.8665876554604987e-16,
      4.756365638536058e-16,
      4.3205516042551004e-16,
      6.297103371424339e-16,
      2.1834856607987533e-13,
      7.02191509527496e-10,
      8.51016802677454e-15,
      0.19416432865335737,
      1.301663276070144e-14,
      1.1667773383605917e-15,
      9.371655788185613e-14,
      1.459730821970706e-15,
      8.29148053104824e-13,
      4.523886378938628e-16,
      7.040249723508477e-16,
      1.6415516465039536e-12,
      5.584041981721619e-16,
      8.238761297751888e-13,
      6.454508597025111e-12,
      1.1557026932584392e-14,
      1.0032699567109157e-14,
      2.4753526600923057e-16,
      1.0788674745115803e-14,
      6.709090577913566e-15,
      9.49471489248399e-13,
      6.0902245449210206e-15,
      5.210770013533581e-10,
      4.6150720787712165e-16,
      2.341304791273598e-16,
      2.5973534094659863e-16,
      1.6954027997074253e-15,
      0.18998013039291795,
      0.19188588031857357,
      5.595817359328789e-16,
      1.4243003739751518e-15,
      9.983127218730903e-15,
      1.6786247306054054e-15,
      7.918643210123613e-16,
      8.84824810850628e-13,
      9.790044084697514e-15,
      6.994934690200588e-13,
      6.30238001314679e-14,
      4.280554027659861e-16,
      1.6217165113988764e-10,
      9.822999476153744e-11,
      5.118587438721909e-10,
      1.5908288172076867e-13,
      2.0627231606664863e-16,
      8.227671098737868e-14,
      9.472174531584528e-15,
      1.7795592240773342e-11,
      1.117629618643007e-14,
      7.032476700190903e-13,
      9.465928553262269e-12,
      6.117950684099734e-13,
      3.271822340134789e-16
    ],
    [
      6.815826297306698e-13,
      0.0,
      1.0460820373674185e-10,
      1.4291346365625958e-05,
      6.135689348339e-13,
      2.4263411971257704e-09,
      1.0905781008795617e-05,
      1.1336162741549556e-11,
      6.154895250628638e-15,
      1.4385733793382833e-14,
      1.4356272299465153e-14,
      2.003415553800289e-14,
      5.160954262741773e-09,
      6.099320193086534e-12,
      3.7460357992953114e-13,
      1.0249196171314368e-12,
      9.100225200336888e-13,
      3.8944720400016425e-14,
      5.290514327112943e-10,
      4.4297598815335426e-14,
      1.262664976259016e-06,
      1.456442640679031e-14,
      2.2143110082191913e-14,
      7.351214538454092e-07,
      1.883738370014258e-14,
      1.2500858376214315e-06,
      3.035350942518985e-07,
      6.24595119289584e-13,
      5.30709746452469e-13,
      7.970528262283547e-15,
      6.718894571311386e-13,
      2.4173131934397987e-13,
      0.7151895800093906,
      2.2945326460781166e-13,
      6.7495889465530935e-12,
      1.4411698906569178e-14,
      7.62478304084769e-15,
      8.484785307470094e-15,
      5.780897500847578e-14,
      1.0681908032459587e-12,
      9.277195203522958e-13,
      1.7489114157473798e-14,
      5.0785366830968955e-14,
      4.5064286262679115e-13,
      5.716133281134413e-14,
      2.4721030935211755e-14,
      4.826714426176152e-06,
      5.45650764483245e-13,
      1.4911335945971886e-06,
      2.7672928553338716e-10,
      1.4029841722566683e-14,
      9.197379910708702e-12,
      3.967900230160173e-11,
      1.3868003289768902e-11,
      3.0415660236316e-09,
      6.729357857406776e-15,
      4.0354481781776106e-10,
      5.770279051892902e-13,
      1.29897682967735e-09,
      5.323690081885505e-13,
      2.7114993769138254e-06,
      3.135773634749515e-09,
      1.2351756786198274e-05,
      1.0531060926481537e-14
    ],
    [
      6.1425176390216e-11,
      1.0460820373674185e-10,
      0.0,
      1.0225737957044008e-10,
      5.6297726168925456e-11,
      1.4058662112498295e-11,
      1.6966233117429005e-10,
      7.005120913505287e-08,
      2.467764612235865e-15,
      6.0247712490580465e-15,
      5.658060766588797e-15,
      7.844156231135957e-15,
      2.2166937729406383e-11,
      1.5645492546238164e-08,
      1.2312948441056415e-13,
      1.0407201825748462e-10,
      2.455941941335684e-13,
      1.5204476323113864e-14,
      6.7132574116505975e-12,
      1.837779630448322e-14,
      1.5301080748304176e-10,
      5.724789422897388e-15,
      9.008718685006576e-15,
      3.387371697829968e-10,
      7.501165879634951e-15,
      1.5522269547170067e-10,
      1.6151550336102583e-09,
      1.8508732904829108e-13,
      1.6283430931306494e-13,
      3.296770401544945e-15,
      1.888013876620831e-13,
      9.21146215630689e-14,
      1.2220379039720495e-10,
      8.114358360593206e-14,
      1.862278295121799e-08,
      6.043647745017289e-15,
      3.0924307457243596e-15,
      3.257018198405486e-15,
      2.2430843154526938e-14,
      1.2197158205505672e-10,
      8.968751080819384e-11,
      7.012910802854351e-15,
      1.8620897777368776e-14,
      1.4105314147746254e-13,
      2.1511720399491946e-14,
      1.0010622812138218e-14,
      1.5355283763728688e-10,
      1.588874900932219e-13,
      1.4072264783166896e-10,
      3.778032924553014e-12,
      5.511345239124317e-15,
      5.790951341195207e-08,
      0.1749945769154943,
      5.92185739119046e-08,
      1.4835031321625627e-11,
      2.6657396492776474e-15,
      5.306029621367841e-12,
      1.617481325179315e-13,
      5.891609823255345e-09,
      1.6627065270089824e-13,
      1.3387211577221398e-10,
      2.9601552815284775e-09,
      1.0485147029884936e-10,
      4.184751271441579e-15
    ],
    [
      6.322010144645181e-13,
      1.4291346365625958e-05,
      1.0225737957044008e-10,
      0.0,
      5.673988727348376e-13,
      6.321322130007035e-10,
      0.19966909955584006,
      1.0578745533874256e-11,
      3.184995586977303e-15,
      7.250644419707364e-15,
      6.455380833037483e-15,
      9.882726335080128e-15,
      1.444620529819086e-09,
      5.719939100222306e-12,
      1.8453615245049716e-13,
      9.506515749444199e-13,
      4.502099876970981e-13,
      1.775646263266257e-14,
      1.5871698869149005e-10,
      2.1664114914077327e-14,
      1.5858909954474306e-05,
      6.7905076813323565e-15,
      1.1299381970509958e-14,
      4.751811660271117e-06,
      8.928120210772562e-15,
      1.5281682468717e-05,
      1.6611555040468255e-06,
      2.946615081326679e-13,
      2.4263081353363297e-13,
      3.894385804678209e-15,
      3.353100824405635e-13,
      1.193323352614897e-13,
      3.1759490153436734e-06,
      1.0890345079712927e-13,
      5.991749568851283e-12,
      7.380288913012099e-15,
      3.7319964441272324e-15,
      4.297419170722179e-15,
      2.851445157485523e-14,
      9.800605373301595e-13,
      8.253335747502173e-13,
      8.547796062498592e-15,
      2.2921816756716887e-14,
      2.0370525211713756e-13,
      2.814693912332516e-14,
      1.2135212015222773e-14,
      0.0001467661383589433,
      2.689789835911079e-13,
      1.9807472242723454e-05,
      8.039447671040374e-11,
      6.67091196486974e-15,
      8.701835986451726e-12,
      3.7446981451231896e-11,
      1.3624587950730232e-11,
      8.018366858212753e-10,
      3.4875465118843977e-15,
      1.1448701693266326e-10,
      2.927833478898577e-13,
      1.473838024002753e-09,
      2.350962865086147e-13,
      5.0575241221350765e-05,
      3.881458787500832e-09,
      0.570084903263556,
      5.4376609197613506e-15
    ],
    [
      0.21949471854162625,
      6.135689348339e-13,
      5.6297726168925456e-11,
      5.673988727348376e-13,
      0.0,
      1.444799711360621e-13,
      8.846021308478756e-13,
      1.3971907247584727e-10,
      1.6900218195809704e-16,
      4.341930960233072e-16,
      4.095587026370589e-16,
      5.844277476812438e-16,
      1.944180774942765e-13,
      6.669371910846519e-10,
      7.820115869295503e-15,
      0.19355388298997706,
      1.1885745185914522e-14,
      1.0807005506958432e-15,
      8.461845919588227e-14,
      1.3331583299566932e-15,
      7.543721110194071e-13,
      4.237526829802588e-16,
      6.49646594901517e-16,
      1.508387386696532e-12,
      5.29195304141946e-16,
      7.49798680125182e-13,
      5.914440185483951e-12,
      1.0651111526077491e-14,
      9.521730242851069e-15,
      2.2743523186865413e-16,
      1.0134493076321081e-14,
      6.138572660998125e-15,
      8.615404231905873e-13,
      5.6974209630060886e-15,
      4.970965448406664e-10,
      4.2448652212917217e-16,
      2.176252678871256e-16,
      2.3457061087138007e-16,
      1.5667857578468877e-15,
      0.19203981838990636,
      0.19102029227070566,
      5.088297659092879e-16,
      1.3539594795772608e-15,
      9.326638950135486e-15,
      1.550099778833735e-15,
      7.096361731240417e-16,
      8.010283006889436e-13,
      8.799797959488617e-15,
      6.34529394426702e-13,
      5.667827167524024e-14,
      3.984425015819179e-16,
      1.516087525314814e-10,
      8.907368770025563e-11,
      4.738436495038688e-10,
      1.3929926812905277e-13,
      1.8819316377167223e-16,
      7.212207152857538e-14,
      8.430489252886742e-15,
      1.6341288834746303e-11,
      1.068218629802476e-14,
      6.45205386221518e-13,
      8.518066396142334e-12,
      5.571982741833708e-13,
      3.0164682493372435e-16
    ],
    [
      1.619768188370819e-13,
      2.4263411971257704e-09,
      1.4058662112498295e-11,
      6.321322130007035e-10,
      1.444799711360621e-13,
      0.0,
      5.76843890107858e-10,
      2.2677902062761324e-12,
      6.0763109451777384e-15,
      1.406925354316738e-14,
      1.24706931386194e-14,
      1.8302130525213058e-14,
      0.3841452725994991,
      1.350748767762656e-12,
      4.429700878491802e-13,
      2.4527855547425207e-13,
      1.0949340215282181e-12,
      3.406992328376748e-14,
      1.9924515506442672e-08,
      4.1731293320135435e-14,
      1.522382114873491e-10,
      1.2860294059771868e-14,
      2.2238513405641256e-14,
      1.5369959852825257e-10,
      1.7448725770659e-14,
      1.563531242315708e-10,
      1.5295408639441256e-10,
      7.023600964353775e-13,
      5.658568452268277e-13,
      7.264438603896862e-15,
      7.890720576052038e-13,
      2.51541007181679e-13,
      5.1696357133564304e-08,
      2.2535117332346354e-13,
      1.372928090414614e-12,
      1.4021386417562292e-14,
      7.18504829760086e-15,
      8.112709588386246e-15,
      5.839408145175024e-14,
      2.495986527292664e-13,
      2.1684441455501443e-13,
      1.637529084976332e-14,
      4.626330531497366e-14,
      4.647607259561989e-13,
      5.855341590813887e-14,
      2.3750430820977087e-14,
      3.395788293402394e-10,
      6.868988115395423e-13,
      1.5408902080445376e-10,
      1.3460504526021183e-08,
      1.2798096935963407e-14,
      1.8631726548212666e-12,
      6.78427281450591e-12,
      3.063353509997519e-12,
      0.4039521923945095,
      6.3650483319151246e-15,
      1.5656584446621265e-08,
      7.190833547828992e-13,
      5.138914970261832e-11,
      5.347826020228048e-13,
      2.1673174740211883e-10,
      7.374674044397082e-11,
      5.013926830736005e-10,
      1.0206476649414927e-14
    ],
    [
      9.890411737683514e-13,
      1.0905781008795617e-05,
      1.6966233117429005e-10,
      0.19966909955584006,
      8.846021308478756e-13,
      5.76843890107858e-10,
      0.0,
      1.69881636491552e-11,
      3.6568490874381525e-15,
      8.990766808670379e-15,
      7.95448336486347e-15,
      1.0745404108105515e-14,
      1.3841890039708829e-09,
      9.058667671517164e-12,
      2.2795247465466847e-13,
      1.4447997160392614e-12,
      5.452050869973238e-13,
      2.0890342975557238e-14,
      1.5928414252699345e-10,
      2.6056201816578045e-14,
      0.00031136441366007685,
      7.986415768858981e-15,
      1.3070515535723229e-14,
      2.6510429218634967e-05,
      1.0992261622241634e-14,
      0.0003009963502120386,
      9.44577955546044e-06,
      3.576520050861454e-13,
      2.891688717832344e-13,
      4.679158378869621e-15,
      3.809244352238715e-13,
      1.460919950923565e-13,
      1.3168877972155427e-06,
      1.2176212718498143e-13,
      9.388438360705392e-12,
      8.891791465417553e-15,
      4.598963052202968e-15,
      4.762676689680566e-15,
      3.5124475355549526e-14,
      1.6109316136588526e-12,
      1.3089319947708373e-12,
      1.0079117272611086e-14,
      2.6904548565592726e-14,
      2.2464274435478955e-13,
      3.436517502407753e-14,
      1.498541884087521e-14,
      0.0016505464758899894,
      3.336569701821298e-13,
      0.000386979640225052,
      7.99537081400039e-11,
      8.047678883861355e-15,
      1.3981398601442925e-11,
      6.300737985043477e-11,
      2.2791654836484392e-11,
      7.366839583698396e-10,
      4.050056224198709e-15,
      1.0775346637795322e-10,
      3.535690058558161e-13,
      2.6322877976185953e-09,
      2.782405277510852e-13,
      0.0009012204864172001,
      7.158522087062585e-09,
      0.20418289924904273,
      5.907365100417998e-15
    ],
    [
      1.520400703650638e-10,
      1.1336162741549556e-11,
      7.005120913505287e-08,
      1.0578745533874256e-11,
      1.3971907247584727e-10,
      2.2677902062761324e-12,
      1.69881636491552e-11,
      0.0,
      8.234280852500154e-16,
      2.047697319211641e-15,
      1.841071645185052e-15,
      2.6484368857277402e-15,
      3.0655021256713046e-12,
      3.2471542016918127e-06,
      4.1233984288376346e-14,
      2.3705914751934164e-10,
      7.553406235965904e-14,
      4.882822570848939e-15,
      1.1619616620498516e-12,
      6.025680092704085e-15,
      1.489671037110079e-11,
      1.8710292508271582e-15,
      3.034188456919823e-15,
      2.964538521229762e-11,
      2.4597394328698327e-15,
      1.4355685344712106e-11,
      1.3709339233951807e-10,
      6.008291475019212e-14,
      5.0216263540195846e-14,
      1.0566730392989852e-15,
      5.921972255967317e-14,
      2.994311263117003e-14,
      1.4853041756958452e-11,
      2.682310445664381e-14,
      3.5147354953015197e-06,
      1.964726906777317e-15,
      1.011161769431752e-15,
      1.1231377528122431e-15,
      7.567847780658811e-15,
      2.809177985703437e-10,
      2.1313930472523103e-10,
      2.3116686127846165e-15,
      6.264545877622653e-15,
      4.575175116242316e-14,
      7.351989607754512e-15,
      3.4490491781502987e-15,
      1.4780705586779156e-11,
      5.2639125484424566e-14,
      1.2501809281284957e-11,
      7.297070193419562e-13,
      1.8226517417115266e-15,
      0.5327643820558513,
      1.3661432239946588e-07,
      0.2989774147262709,
      2.248094145850575e-12,
      8.999790927962854e-16,
      9.59092745857721e-13,
      5.235423055438057e-14,
      6.698849550874751e-10,
      5.38958633603714e-14,
      1.2461460664306759e-11,
      2.52776740353689e-10,
      1.061613311040764e-11,
      1.3922288811807176e-15
    ],
    [
      1.8665876554604987e-16,
      6.154895250628638e-15,
      2.467764612235865e-15,
      3.184995586977303e-15,
      1.6900218195809704e-16,
      6.0763109451777384e-15,
      3.6568490874381525e-15,
      8.234280852500154e-16,
      0.0,
      2.2979395699756265e-10,
      1.7409454541971296e-10,
      1.484098165559026e-06,
      4.723824323800301e-15,
      7.798452989287425e-16,
      7.472638888942207e-13,
      2.547096907088591e-16,
      3.688470151891943e-14,
      2.464463595605024e-08,
      7.354574876867185e-15,
      2.2217098129657117e-09,
      1.6411611139497353e-15,
      2.1631836665452034e-10,
      1.4453294977288844e-10,
      2.2035402188602375e-15,
      9.623455802769214e-07,
      1.7393288837235682e-15,
      3.952505320487815e-15,
      9.640852908368699e-14,
      1.2304857594011172e-13,
      4.105782082709909e-05,
      4.5912996370893254e-14,
      8.359237328376077e-12,
      1.2240661367722078e-14,
      1.0167094882419606e-11,
      7.69858678326233e-16,
      1.5276626684439372e-05,
      4.003129062898666e-05,
      0.3757094207976195,
      3.868437827118046e-11,
      2.4403410572700765e-16,
      2.2869446855191536e-16,
      1.7332421921574392e-10,
      1.3403120423526461e-11,
      5.372594053884543e-13,
      1.2162325844700927e-11,
      2.234395406246134e-09,
      2.6120276543279043e-15,
      1.2554317657683382e-13,
      1.8393850449263687e-15,
      1.0648821329180302e-14,
      2.1846791356191945e-10,
      8.144744467322636e-16,
      1.7562610012233423e-15,
      1.4084776874263894e-15,
      4.491157174478718e-15,
      0.4126930187041971,
      8.318861914867057e-15,
      4.559471743986451e-14,
      3.27453340197079e-15,
      1.8286901057055825e-13,
      2.0500682888459305e-15,
      2.9239885035088993e-15,
      2.8004270947514975e-15,
      2.9538961376631526e-05
    ],
    [
      4.756365638536058e-16,
      1.4385733793382833e-14,
      6.0247712490580465e-15,
      7.250644419707364e-15,
      4.341930960233072e-16,
      1.406925354316738e-14,
      8.990766808670379e-15,
      2.047697319211641e-15,
      2.2979395699756265e-10,
      0.0,
      0.14090507757248272,
      2.9307343999234536e-09,
      1.1437423482599344e-14,
      1.8662067047124044e-15,
      2.7995357642518995e-12,
      6.271769265268426e-16,
      1.2020898875394472e-13,
      1.7038631154005638e-06,
      1.8311961382158267e-14,
      0.00028589754028750095,
      4.164408768691027e-15,
      0.1389484399384595,
      0.1800645852146307,
      4.979948675636212e-15,
      4.552351426520482e-09,
      4.0907554522894876e-15,
      9.662774293045154e-15,
      3.1670224328855225e-13,
      4.1620212894199095e-13,
      5.304626231935325e-10,
      1.441884092705058e-13,
      1.0051301554800586e-10,
      3.0180498699390083e-14,
      1.0857189684020221e-10,
      1.8738173804010567e-15,
      1.4554174107922473e-09,
      4.919706368322848e-10,
      3.3496400726767895e-10,
      1.115230603811986e-09,
      6.647198370956281e-16,
      5.822620499580699e-16,
      0.1516539299228029,
      2.2314252354225167e-10,
      1.847617539642388e-12,
      1.9183801276655416e-10,
      1.1269722513519831e-05,
      5.801832141311214e-15,
      3.902212185568362e-13,
      4.556132358755438e-15,
      2.6558201868949152e-14,
      0.16083845533108393,
      2.090069294221585e-15,
      4.39967990579057e-15,
      3.417692748784489e-15,
      1.0199815397217574e-14,
      2.627566139203506e-10,
      2.1305796393147827e-14,
      1.394262157588275e-13,
      7.723278736896568e-15,
      6.729004458680232e-13,
      5.052523512129951e-15,
      6.805095789152078e-15,
      6.7693833456906885e-15,
      6.328580556900051e-10
    ],
    [
      4.3205516042551004e-16,
      1.4356272299465153e-14,
      5.658060766588797e-15,
      6.455380833037483e-15,
      4.095587026370589e-16,
      1.24706931386194e-14,
      7.95448336486347e-15,
      1.841071645185052e-15,
      1.7409454541971296e-10,
      0.14090507757248272,
      0.0,
      2.4479874489413622e-09,
      1.0127225931026154e-14,
      1.819498418502713e-15,
      2.694477085451133e-12,
      5.58166151793601e-16,
      1.1557533671165654e-13,
      1.4776347792799115e-06,
      1.6369529802617122e-14,
      0.00026629048262667146,
      3.5252099010180612e-15,
      0.1785601734981765,
      0.13816150320258042,
      4.49952456359772e-15,
      4.347874173779689e-09,
      3.7788439558369165e-15,
      8.695725678783906e-15,
      3.1939151441682793e-13,
      4.5431158499373066e-13,
      4.3885879408114206e-10,
      1.2957022925388253e-13,
      9.815142483922328e-11,
      2.621979962488092e-14,
      1.1019559834815675e-10,
      1.9687599651750858e-15,
      1.1997003410082264e-09,
      4.260183279298197e-10,
      2.650606627181848e-10,
      1.110754721312201e-09,
      6.241294892500899e-16,
      5.366259938648085e-16,
      0.15475373729534894,
      2.3131927310385953e-10,
      1.9936913686699323e-12,
      1.8584163395691795e-10,
      9.619815020405539e-06,
      5.338303159434969e-15,
      3.50820782861716e-13,
      4.356084024146366e-15,
      2.324194702366309e-14,
      0.16610893768158688,
      1.9010754968490376e-15,
      4.111206190115098e-15,
      3.0932262843344067e-15,
      9.154042748210283e-15,
      2.093057337168539e-10,
      1.8895249785510718e-14,
      1.262300732432889e-13,
      7.74101861970312e-15,
      7.629554962215498e-13,
      4.831803786897923e-15,
      6.198334080678968e-15,
      6.13068423865522e-15,
      5.133835996312842e-10
    ],
    [
      6.297103371424339e-16,
      2.003415553800289e-14,
      7.844156231135957e-15,
      9.882726335080128e-15,
      5.844277476812438e-16,
      1.8302130525213058e-14,
      1.0745404108105515e-14,
      2.6484368857277402e-15,
      1.484098165559026e-06,
      2.9307343999234536e-09,
      2.4479874489413622e-09,
      0.0,
      1.4168412316478012e-14,
      2.5555602354059605e-15,
      2.723574173033148e-12,
      8.820984959772192e-16,
      1.2349562338374053e-13,
      3.034128311440184e-07,
      2.1622642575831723e-14,
      2.6206581201079712e-08,
      4.991770000292403e-15,
      2.9983537640708253e-09,
      2.0303673720987313e-09,
      6.676936459761586e-15,
      0.7588413206834622,
      5.292798823495147e-15,
      1.2388947930966826e-14,
      3.425506760427452e-13,
      4.501957238158748e-13,
      9.12092519306587e-06,
      1.6664839917551337e-13,
      4.6655921004169844e-11,
      3.8123014062507476e-14,
      6.211512523278438e-11,
      2.6119125899982383e-15,
      7.73161744472338e-05,
      8.744934103903368e-06,
      2.3302623774618783e-06,
      3.121710886591818e-10,
      8.072052334398302e-16,
      7.688031964642864e-16,
      2.4735972903824196e-09,
      9.515627471042047e-11,
      2.174714394331347e-12,
      7.870418948906148e-11,
      2.456805125872875e-08,
      8.138238465856483e-15,
      4.0616994914984225e-13,
      5.749253424090137e-15,
      3.2237443948793464e-14,
      2.8565253230479597e-09,
      2.6846798881569686e-15,
      5.6766093251432586e-15,
      4.452591732821051e-15,
      1.3282901532523381e-14,
      1.587291894750388e-06,
      2.6521801825547113e-14,
      1.5113058107926792e-13,
      1.1037773898325343e-14,
      7.095813824489361e-13,
      6.4448098630886925e-15,
      9.170807971928356e-15,
      8.67928391830501e-15,
      1.3647948934204093e-05
    ],
    [
      2.1834856607987533e-13,
      5.160954262741773e-09,
      2.2166937729406383e-11,
      1.444620529819086e-09,
      1.944180774942765e-13,
      0.3841452725994991,
      1.3841890039708829e-09,
      3.0655021256713046e-12,
      4.723824323800301e-15,
      1.1437423482599344e-14,
      1.0127225931026154e-14,
      1.4168412316478012e-14,
      0.0,
      1.8432733972324972e-12,
      3.3550945732601954e-13,
      3.250999831354695e-13,
      8.468456773318949e-13,
      2.712610402269743e-14,
      7.661463434153353e-09,
      3.394108461149199e-14,
      3.9141634230931933e-10,
      1.040471146816602e-14,
      1.755057463031003e-14,
      3.7284699290076244e-10,
      1.3670439285738412e-14,
      3.902545936294792e-10,
      3.726546300400002e-10,
      5.456327713331721e-13,
      4.373202484137455e-13,
      5.9139903062086576e-15,
      5.895191623042143e-13,
      1.9896702238589402e-13,
      7.553798990786772e-08,
      1.6707122536470866e-13,
      1.8854834368195855e-12,
      1.155087793016254e-14,
      5.7597278801133504e-15,
      6.155623326996731e-15,
      4.574093230048266e-14,
      3.4575258327408934e-13,
      2.887061383266692e-13,
      1.3090442645855295e-14,
      3.572673047999336e-14,
      3.378535532551557e-13,
      4.6304862287752026e-14,
      1.909716817963627e-14,
      8.145284615380122e-10,
      4.930075007505338e-13,
      3.8503970003806846e-10,
      4.362804280400397e-09,
      1.017561886257196e-14,
      2.676050959388508e-12,
      1.0146734572880194e-11,
      4.2180468510854496e-12,
      0.40920690337167603,
      5.055333274168584e-15,
      5.562489526768329e-09,
      5.447792768961141e-13,
      9.24640018289587e-11,
      4.151156677736043e-13,
      5.411974230852865e-10,
      1.5097378640486068e-10,
      1.1770063391835035e-09,
      7.587296135358857e-15
    ],
    [
      7.02191509527496e-10,
      6.099320193086534e-12,
      1.5645492546238164e-08,
      5.719939100222306e-12,
      6.669371910846519e-10,
      1.350748767762656e-12,
      9.058667671517164e-12,
      3.2471542016918127e-06,
      7.798452989287425e-16,
      1.8662067047124044e-15,
      1.819498418502713e-15,
      2.5555602354059605e-15,
      1.8432733972324972e-12,
      0.0,
      3.7415297172306906e-14,
      9.73151330082539e-10,
      6.643497207758484e-14,
      4.91550455176241e-15,
      7.313202340429375e-13,
      5.797325125135435e-15,
      7.647037573380895e-12,
      1.8481421419320064e-15,
      2.8660792960125688e-15,
      1.5719389384194464e-11,
      2.370550504715896e-15,
      7.716855317752407e-12,
      7.109490689135651e-11,
      5.357228753662118e-14,
      4.719573969219363e-14,
      1.0117341680769167e-15,
      5.1654798992540494e-14,
      2.8187662587126704e-14,
      8.33337214807843e-12,
      2.5321098676748445e-14,
      0.7831338250645629,
      1.9146975691211346e-15,
      9.783465068365432e-16,
      1.0683166293994053e-15,
      7.165084793976754e-15,
      1.1484909821219752e-09,
      9.033426554111363e-10,
      2.257024377059568e-15,
      5.904247095505306e-15,
      4.421664402375108e-14,
      6.848482485280116e-15,
      3.1325406652494876e-15,
      7.990146697553577e-12,
      4.4942076398997415e-14,
      6.5321380133498474e-12,
      4.73152974450998e-13,
      1.7609197037626923e-15,
      3.563029156114279e-06,
      4.565932108685799e-08,
      5.4035189470786113e-05,
      1.3075508983669933e-12,
      8.645941529300088e-16,
      6.002103562774284e-13,
      4.560899878914493e-14,
      3.0662752639509815e-10,
      4.962170756680808e-14,
      6.578378665941966e-12,
      1.2019484926029846e-10,
      5.756510697336715e-12,
      1.3479793011357006e-15
    ],
    [
      8.51016802677454e-15,
      3.7460357992953114e-13,
      1.2312948441056415e-13,
      1.8453615245049716e-13,
      7.820115869295503e-15,
      4.429700878491802e-13,
      2.2795247465466847e-13,
      4.1233984288376346e-14,
      7.472638888942207e-13,
      2.7995357642518995e-12,
      2.694477085451133e-12,
      2.723574173033148e-12,
      3.3550945732601954e-13,
      3.7415297172306906e-14,
      0.0,
      1.1276777339613078e-14,
      1.4221892561925849e-09,
      6.102706799520529e-12,
      6.31184875445543e-13,
      7.603851550305128e-12,
      9.713566597821247e-14,
      2.668008047879089e-12,
      4.684077147636664e-12,
      1.2320811020796275e-13,
      2.799849684929196e-12,
      9.847431280020666e-14,
      2.1266412953653662e-13,
      8.004734274463817e-09,
      1.9501626066456125e-08,
      1.0265606895952691e-12,
      1.8651503947504054e-09,
      1.4655049038935196e-10,
      8.109304000634295e-13,
      1.1274618430558335e-10,
      3.869749460425194e-14,
      2.1506176118118982e-12,
      1.030243309868492e-12,
      1.0160428734754444e-12,
      1.8137354788508125e-11,
      1.187310747949017e-14,
      1.0419633609497506e-14,
      3.551813807786982e-12,
      1.631570115912295e-11,
      0.07713954974922221,
      2.13802798259325e-11,
      4.2403729271099e-12,
      1.586279388308875e-13,
      7.446078539995296e-09,
      1.0331467227779062e-13,
      1.1952492524593063e-12,
      2.520867322704011e-12,
      4.0093238456620365e-14,
      8.905334735224951e-14,
      6.824063730300815e-14,
      3.18854460672161e-13,
      8.09929335349491e-13,
      7.908119430859069e-13,
      1.6682509969381682e-09,
      1.7244361899108727e-13,
      4.879569253096469e-08,
      1.2288427802225532e-13,
      1.5447400284586126e-13,
      1.6478617065444455e-13,
      1.3695656517181754e-12
    ],
    [
      0.19416432865335737,
      1.0249196171314368e-12,
      1.0407201825748462e-10,
      9.506515749444199e-13,
      0.19355388298997706,
      2.4527855547425207e-13,
      1.4447997160392614e-12,
      2.3705914751934164e-10,
      2.547096907088591e-16,
      6.271769265268426e-16,
      5.58166151793601e-16,
      8.820984959772192e-16,
      3.250999831354695e-13,
      9.73151330082539e-10,
      1.1276777339613078e-14,
      0.0,
      1.7669531238868008e-14,
      1.5502062500456235e-15,
      1.3895004161992665e-13,
      1.947818351566128e-15,
      1.2349314743558304e-12,
      6.029271542291626e-16,
      9.486539817255695e-16,
      2.464680822033352e-12,
      7.372561247662561e-16,
      1.222692877226247e-12,
      9.604427208261482e-12,
      1.583024135096188e-14,
      1.3447309173504575e-14,
      3.2728218668586716e-16,
      1.5362547488461684e-14,
      8.723545731752598e-15,
      1.4514657525314272e-12,
      8.375784684444182e-15,
      7.376717940247906e-10,
      6.166829007302825e-16,
      3.111378238706308e-16,
      3.5571102665922315e-16,
      2.202301885702201e-15,
      0.20351712035413225,
      0.2053304649064631,
      7.442836266065456e-16,
      1.9277823290574563e-15,
      1.3418960616396935e-14,
      2.2313327791047874e-15,
      1.0387315316911148e-15,
      1.3272308609860627e-12,
      1.2966636297848663e-14,
      1.041568249213186e-12,
      9.235925222901286e-14,
      5.582949692621233e-16,
      2.525198083807601e-10,
      1.6064673498623498e-10,
      7.553726157253866e-10,
      2.3697407865155093e-13,
      2.805517649519768e-16,
      1.2291263200215813e-13,
      1.2852942646010803e-14,
      2.7741556885713036e-11,
      1.479601517073639e-14,
      1.0473765344267287e-12,
      1.4157332028823313e-11,
      9.223131544137228e-13,
      4.535086529607156e-16
    ],
    [
      1.301663276070144e-14,
      9.100225200336888e-13,
      2.455941941335684e-13,
      4.502099876970981e-13,
      1.1885745185914522e-14,
      1.0949340215282181e-12,
      5.452050869973238e-13,
      7.553406235965904e-14,
      3.688470151891943e-14,
      1.2020898875394472e-13,
      1.1557533671165654e-13,
      1.2349562338374053e-13,
      8.468456773318949e-13,
      6.643497207758484e-14,
      1.4221892561925849e-09,
      1.7669531238868008e-14,
      0.0,
      2.6153683415747503e-13,
      1.4400584130789615e-12,
      3.330978652621061e-13,
      2.2866546928092917e-13,
      1.1202907172598735e-13,
      1.980821510535809e-13,
      2.800257560424003e-13,
      1.3031140739643308e-13,
      2.3235342312971724e-13,
      4.807180311564884e-13,
      9.091505235367314e-07,
      7.330230374020448e-08,
      4.992268376242065e-14,
      0.39567445470058266,
      7.280536918996003e-12,
      2.0528426453773685e-12,
      4.983652237279544e-12,
      6.644254892679493e-14,
      1.0061069387521846e-13,
      4.852630085537597e-14,
      4.910521861798701e-14,
      6.953706692706728e-13,
      1.9182701120073026e-14,
      1.646446897918098e-14,
      1.406444746719609e-13,
      5.934895407724061e-13,
      1.626085651367213e-09,
      8.154705559463278e-13,
      1.8327017260630906e-13,
      3.515662376382203e-13,
      1.1005686731913488e-06,
      2.4034890316888844e-13,
      2.556988294215527e-12,
      1.1058500417860082e-13,
      7.286284340203872e-14,
      1.6992502562415161e-13,
      1.2482426252751512e-13,
      7.578219732250625e-13,
      3.991214913185241e-14,
      1.7274236875836446e-12,
      0.4041672787502519,
      3.471837043618357e-13,
      3.275888931914629e-08,
      2.8576460464034335e-13,
      3.2647348224914594e-13,
      4.0798448978517324e-13,
      6.342398189516249e-14
    ],
    [
      1.1667773383605917e-15,
      3.8944720400016425e-14,
      1.5204476323113864e-14,
      1.775646263266257e-14,
      1.0807005506958432e-15,
      3.406992328376748e-14,
      2.0890342975557238e-14,
      4.882822570848939e-15,
      2.464463595605024e-08,
      1.7038631154005638e-06,
      1.4776347792799115e-06,
      3.034128311440184e-07,
      2.712610402269743e-14,
      4.91550455176241e-15,
      6.102706799520529e-12,
      1.5502062500456235e-15,
      2.6153683415747503e-13,
      0.0,
      4.263296783278091e-14,
      0.16706648474952063,
      9.399505946658638e-15,
      1.667597790946707e-06,
      8.952402176208684e-07,
      1.2544218027923234e-14,
      4.2745668709860664e-07,
      1.0187176215202068e-14,
      2.293684213592597e-14,
      7.524011318558053e-13,
      9.941535439464782e-13,
      6.160942608476285e-08,
      3.1826786960526446e-13,
      1.290990688517322e-10,
      7.025190342635006e-14,
      1.5875796550624543e-10,
      5.151690917676478e-15,
      1.7769216345489654e-07,
      6.016097319348619e-08,
      3.525201945846713e-08,
      1.3416213976301433e-09,
      1.5694144665922995e-15,
      1.433427677544459e-15,
      1.1803844525410244e-06,
      3.1332161763620064e-10,
      4.751259843833495e-12,
      2.448136435785274e-10,
      0.5908133082066402,
      1.527311786100354e-14,
      8.510673182300192e-13,
      1.139162990390075e-14,
      6.148325773368093e-14,
      1.6818644470058825e-06,
      5.031794963104891e-15,
      1.0972583399260501e-14,
      8.340450514442484e-15,
      2.5790777393685154e-14,
      2.708908550209783e-08,
      5.0922794428307706e-14,
      3.0019763148386237e-13,
      2.137035818989279e-14,
      1.6631227718927638e-12,
      1.2658420904868638e-14,
      1.7263174095165835e-14,
      1.6628731129967392e-14,
      7.468786121154406e-08
    ],
    [
      9.371655788185613e-14,
      5.290514327112943e-10,
      6.7132574116505975e-12,
      1.5871698869149005e-10,
      8.461845919588227e-14,
      1.9924515506442672e-08,
      1.5928414252699345e-10,
      1.1619616620498516e-12,
      7.354574876867185e-15,
      1.8311961382158267e-14,
      1.6369529802617122e-14,
      2.1622642575831723e-14,
      7.661463434153353e-09,
      7.313202340429375e-13,
      6.31184875445543e-13,
      1.3895004161992665e-13,
      1.4400584130789615e-12,
      4.263296783278091e-14,
      0.0,
      5.223122020385454e-14,
      4.330233094011345e-11,
      1.6456505644443784e-14,
      2.72718858624311e-14,
      4.2362096445589457e-11,
      2.2149338352026508e-14,
      4.365322893939425e-11,
      4.716727636479955e-11,
      9.95820058700277e-13,
      8.169873514640941e-13,
      9.295519475840856e-15,
      1.0390660127989146e-12,
      3.4914568178866605e-13,
      4.165911311736458e-09,
      2.83347487249771e-13,
      7.586529388298637e-13,
      1.765031138930357e-14,
      9.228676168412962e-15,
      9.213437048257645e-15,
      7.402977530370082e-14,
      1.4836114723199971e-13,
      1.2258798354719502e-13,
      2.091911173937371e-14,
      5.909441203285822e-14,
      6.387806687749785e-13,
      7.470214412078958e-14,
      2.97333960381045e-14,
      9.02384707833705e-11,
      9.41706227649176e-13,
      4.4840369979064644e-11,
      0.39741918296163875,
      1.6051065554047725e-14,
      1.0369737511292446e-12,
      3.461681897150046e-12,
      1.6323778409353228e-12,
      8.682382746516063e-09,
      7.81478346549981e-15,
      0.39471271897641014,
      9.578314679069907e-13,
      1.8711540467644362e-11,
      7.842774552991024e-13,
      6.118538230751863e-11,
      2.5262219991278515e-11,
      1.2942198379761908e-10,
      1.1904509150460438e-14
    ],
    [
      1.459730821970706e-15,
      4.4297598815335426e-14,
      1.837779630448322e-14,
      2.1664114914077327e-14,
      1.3331583299566932e-15,
      4.1731293320135435e-14,
      2.6056201816578045e-14,
      6.025680092704085e-15,
      2.2217098129657117e-09,
      0.00028589754028750095,
      0.00026629048262667146,
      2.6206581201079712e-08,
      3.394108461149199e-14,
      5.797325125135435e-15,
      7.603851550305128e-12,
      1.947818351566128e-15,
      3.330978652621061e-13,
      0.16706648474952063,
      5.223122020385454e-14,
      0.0,
      1.1546987066560229e-14,
      0.0002797572430691762,
      0.0002292298277755149,
      1.5456630870157823e-14,
      4.1181054879836846e-08,
      1.2418368854629956e-14,
      2.8268298103988543e-14,
      8.963417440017193e-13,
      1.218755725992843e-12,
      4.8540214271513344e-09,
      4.0614978972225113e-13,
      2.0394151434685232e-10,
      8.56529940122122e-14,
      2.4483842282338146e-10,
      6.0131636835063986e-15,
      1.3354686421529254e-08,
      4.714678477931888e-09,
      3.197835874827938e-09,
      2.4074088111803875e-09,
      1.9203004306220204e-15,
      1.7338315980039176e-15,
      0.0002462288808577717,
      4.973619712324536e-10,
      5.567466988344689e-12,
      4.072791403977041e-10,
      0.2109537520954427,
      1.8630391548832403e-14,
      1.0603287501782827e-12,
      1.3193502962647664e-14,
      7.741603941081198e-14,
      0.000281507080118073,
      6.098530208810739e-15,
      1.3161946111484249e-14,
      1.0346416841976243e-14,
      3.090373072723843e-14,
      2.484709340321823e-09,
      6.300273336216713e-14,
      3.979401842976819e-13,
      2.3919572510670573e-14,
      1.937788158664765e-12,
      1.487494391078102e-14,
      2.0725031476692794e-14,
      1.9420916880407885e-14,
      5.921243585709324e-09
    ],
    [
      8.29148053104824e-13,
      1.262664976259016e-06,
      1.5301080748304176e-10,
      1.5858909954474306e-05,
      7.543721110194071e-13,
      1.522382114873491e-10,
      0.00031136441366007685,
      1.489671037110079e-11,
      1.6411611139497353e-15,
      4.164408768691027e-15,
      3.5252099010180612e-15,
      4.991770000292403e-15,
      3.9141634230931933e-10,
      7.647037573380895e-12,
      9.713566597821247e-14,
      1.2349314743558304e-12,
      2.2866546928092917e-13,
      9.399505946658638e-15,
      4.330233094011345e-11,
      1.1546987066560229e-14,
      0.0,
      3.516011063150273e-15,
      6.104470470753139e-15,
      0.0001041248498075128,
      4.739007524261584e-15,
      0.309571910361989,
      5.64115368712656e-05,
      1.5345113487922713e-13,
      1.1811684391226622e-13,
      2.101825997381563e-15,
      1.619163133599602e-13,
      6.467883224780791e-14,
      1.29184712685198e-07,
      5.306299001266574e-14,
      7.880750788991877e-12,
      3.9923273982213344e-15,
      1.956167797782996e-15,
      2.1412113472334357e-15,
      1.552787445731405e-14,
      1.3437070717691855e-12,
      1.1412506049402647e-12,
      4.33137985752735e-15,
      1.17969839747597e-14,
      9.555625880153303e-14,
      1.5014471626378136e-14,
      6.7317539102201276e-15,
      0.025594245677842284,
      1.3539889305466783e-13,
      0.2662627019297299,
      2.114225387979757e-11,
      3.637400230649336e-15,
      1.2303108384125788e-11,
      5.5478519423790784e-11,
      1.8672939055695494e-11,
      2.0316119042012222e-10,
      1.757528891788389e-15,
      3.0469034306347966e-11,
      1.4682687000505496e-13,
      2.857209348957643e-09,
      1.187840201162393e-13,
      0.04438086298248391,
      7.1433506896431825e-09,
      1.899165769553154e-05,
