{
  "config": {
    "N": 64,
    "alpha": 1.74,
    "beta": 1.0,
    "gamma": 1.0,
    "dt": 0.02,
    "T": 200.0,
    "sample_every": 25,
    "seed": 103,
    "target_initial_load": 1.0,
    "noise_fraction": 0.02,
    "eps": 1e-12,
    "device": "cuda",
    "dtype": "float64",
    "model_variant": "full"
  },
  "device_used": "cuda",
  "dtype_used": "torch.float64",
  "runtime_seconds": 17.28397289989516,
  "final_constraint_report": {
    "symmetric": true,
    "zero_diagonal": true,
    "nonnegative": true,
    "symmetry_max_abs_error": 0.0,
    "diagonal_max_abs_error": 0.0,
    "minimum_entry": 0.0
  },
  "final_chi_hhi_star": 0.14892055437944665,
  "max_chi_hhi_star": 0.14892055437944665,
  "final_lambda2": 4.326561670868133e-05,
  "final_total_weight": 15.63943894718128,
  "final_load_cv": 0.24371908086589905,
  "W_final": [
    [
      0.0,
      0.00048399637984050605,
      3.943546309124276e-09,
      0.006325598050296816,
      1.7019819380998386e-08,
      9.108116435689295e-07,
      9.919264833256156e-08,
      0.0012926786449358489,
      3.7802149922622533e-06,
      1.0932562890143732e-08,
      0.05211942329386572,
      5.110884208449128e-09,
      5.3194149257366265e-09,
      1.7645181553693088e-08,
      5.282337506604648e-09,
      2.558147392413427e-07,
      0.05193219854916619,
      0.06138857755331378,
      0.059348458105990494,
      0.003056559735236355,
      0.012758675606714396,
      0.0023435836122515413,
      0.003389676336401972,
      3.361699386225313e-09,
      0.05946573458311585,
      0.051332573215253065,
      4.365388740898204e-09,
      0.0012526785929970966,
      5.260012334793083e-08,
      1.3013592468242547e-07,
      8.324743837299455e-07,
      4.7403342028849546e-08,
      0.04709605833032445,
      0.01181157810640378,
      0.0004497158150573335,
      0.0073583124825041995,
      0.00018871441378887289,
      4.463646312052127e-09,
      0.0002298859755530483,
      3.6461868994494895e-07,
      1.2596423655109784e-06,
      4.542704948708213e-07,
      7.031561064470939e-07,
      2.995946777420901e-09,
      0.0001218054660327411,
      0.04732763562162839,
      6.248103690056158e-09,
      8.387915696186819e-05,
      0.00011994190723119144,
      5.70524140675275e-09,
      3.6232781583201897e-09,
      4.1314384165385054e-08,
      0.0007842956218019968,
      0.0007897409901646998,
      0.0006597288934617128,
      5.061336931875363e-08,
      1.1014998452034555e-08,
      1.6309857274375581e-07,
      0.009779242132103792,
      0.0020662056218144365,
      4.348676396412616e-09,
      0.0023033478737507877,
      5.325695910643921e-07,
      0.0008124557612709517
    ],
    [
      0.00048399637984050605,
      0.0,
      1.9628374954093584e-09,
      0.011257720205713662,
      8.932421193536092e-09,
      3.6031304162869924e-07,
      4.8604220639819036e-08,
      0.046219988884662215,
      1.3571519052524576e-06,
      5.838285203019198e-09,
      0.00043058456896468377,
      2.7298293880531736e-09,
      2.712617933241508e-09,
      9.784481792042794e-09,
      2.8870877020296513e-09,
      1.1720124526269555e-07,
      0.000273903687718447,
      0.0005926265739214248,
      0.00045358564618015317,
      6.459538767725343e-05,
      0.00012785987830261163,
      4.707659703024439e-05,
      6.348230035818127e-05,
      1.6675414449731947e-09,
      0.00040893961110024434,
      0.0002432457817106648,
      2.264831166811056e-09,
      0.05011402591828631,
      2.6741927446938022e-08,
      6.557292809408931e-08,
      3.373321350221637e-07,
      2.4834014320149596e-08,
      0.001465314193715751,
      0.0001101619429547057,
      2.139871450089727e-05,
      0.010137418922189433,
      1.0929850984343547e-05,
      2.2650080473124253e-09,
      0.04876496451417386,
      1.720845546692057e-07,
      4.729527392036944e-07,
      1.93187075078202e-07,
      2.9760929411271897e-07,
      1.520327934428825e-09,
      0.017360760477520977,
      0.00030771691504775884,
      3.2009929601652038e-09,
      0.013088739191762058,
      0.014845976264537151,
      2.9423884781565056e-09,
      1.792462137810895e-09,
      2.170990854818288e-08,
      0.06759709329022028,
      0.06387355333296715,
      2.636255897788071e-05,
      2.445320642596333e-08,
      6.124383492601502e-09,
      8.197738194372066e-08,
      0.007563305497803571,
      0.03386367511546971,
      2.2344793197083036e-09,
      5.354380156175895e-05,
      2.1695872116407168e-07,
      2.948943246488293e-05
    ],
    [
      3.943546309124276e-09,
      1.9628374954093584e-09,
      0.0,
      3.0295090743541936e-09,
      0.005161210892000958,
      8.133888004884651e-08,
      3.470499917499285e-06,
      2.384215082654558e-09,
      5.964938686482144e-08,
      0.01574900458062724,
      4.104667773711546e-09,
      0.05311198474774351,
      0.058970611807314895,
      0.004161715756409269,
      0.05072684410038781,
      8.8112642234988e-07,
      4.590303131881955e-09,
      3.7122609635602316e-09,
      4.243402188395822e-09,
      8.062671413489364e-09,
      6.078600534442428e-09,
      9.999737528818662e-09,
      7.876618951260021e-09,
      0.06213449549032834,
      3.95569871483317e-09,
      5.160508893472974e-09,
      0.06209818953041825,
      2.302970064775933e-09,
      7.715219916842095e-06,
      2.023372776903827e-06,
      8.503454726708135e-08,
      9.476074727900919e-06,
      3.6132716066664954e-09,
      6.698131098731552e-09,
      1.658107847286421e-08,
      3.165421650973075e-09,
      3.7469558961317606e-08,
      0.05996322926512339,
      1.741679435142834e-09,
      5.984377104911333e-07,
      6.831112763083276e-08,
      1.5882315004145346e-07,
      8.63826659411988e-08,
      0.06468267853280824,
      1.6279386180467397e-09,
      4.815894121281807e-09,
      0.04999755418800931,
      1.3492988795105831e-09,
      1.646428684097548e-09,
      0.053316110720675804,
      0.06260991135755534,
      2.1360534885480562e-05,
      2.204471787573778e-09,
      2.2411563459947222e-09,
      1.386972533625468e-08,
      7.925143672376318e-06,
      0.010747173206567547,
      1.3024931876843541e-06,
      3.101361169760394e-09,
      2.4559178379723287e-09,
      0.06248450035784628,
      8.698583567989525e-09,
      1.322744082863792e-07,
      1.3428406606925456e-08
    ],
    [
      0.006325598050296816,
      0.011257720205713662,
      3.0295090743541936e-09,
      0.0,
      1.3121043485774121e-08,
      5.948802358936535e-07,
      7.521297848022091e-08,
      0.0321590731264893,
      2.4206339763123546e-06,
      8.648188173482278e-09,
      0.005173666805691732,
      4.286861880995288e-09,
      4.059090971394808e-09,
      1.494856910426507e-08,
      4.471394264462436e-09,
      1.8860628673576714e-07,
      0.0036419882017162068,
      0.007594138314900234,
      0.006198231091167269,
      0.0004165793667751628,
      0.0011647547564946825,
      0.0003130102303081856,
      0.00043513350792980264,
      2.5786230626492055e-09,
      0.0051588332004169,
      0.003295893138771862,
      3.532562911117288e-09,
      0.02553030799474593,
      4.1809172238427826e-08,
      9.936002641919016e-08,
      5.680913973603067e-07,
      3.6840706048617254e-08,
      0.01759836741028899,
      0.0010556487389318525,
      9.666124689835251e-05,
      0.0709016002480095,
      4.408440389281124e-05,
      3.5110865827454007e-09,
      0.0033080948099479973,
      2.7550415049558957e-07,
      8.251067735511544e-07,
      3.091404239983993e-07,
      4.905760401412896e-07,
      2.363761159999161e-09,
      0.000999410208692721,
      0.004159213047633042,
      4.866711242282156e-09,
      0.0006459663503010564,
      0.0008918282493004848,
      4.48864860767372e-09,
      2.8036657631706613e-09,
      3.261556811351057e-08,
      0.020126827014138402,
      0.018833770543004193,
      0.0001240963748317865,
      3.608223700284804e-08,
      9.163180707682384e-09,
      1.3099554606323057e-07,
      0.0691385760327859,
      0.043553327384433974,
      3.437245823107674e-09,
      0.0003284144173864979,
      3.565441533007391e-07,
      0.0001501909983841383
    ],
    [
      1.7019819380998386e-08,
      8.932421193536092e-09,
      0.005161210892000958,
      1.3121043485774121e-08,
      0.0,
      4.412700216726609e-07,
      3.2953944077232176e-05,
      1.0289679467457453e-08,
      3.158067950857593e-07,
      0.06644063185599486,
      1.7724998260736664e-08,
      0.009055858500823782,
      0.0074249731226035,
      0.1356671315812504,
      0.011995901091817225,
      7.146462455253631e-06,
      1.944689364380115e-08,
      1.6307273367117836e-08,
      1.7990329979500582e-08,
      3.6093185354556504e-08,
      2.748143836651929e-08,
      4.417483159342702e-08,
      3.476173334243236e-08,
      0.0032844826267257915,
      1.7132656876071333e-08,
      2.1756359288506144e-08,
      0.005820092753587404,
      9.982297120709084e-09,
      6.697779212439996e-05,
      1.9026653054329733e-05,
      4.7485925144957014e-07,
      8.425310390824644e-05,
      1.5445118134887196e-08,
      2.9687917194203966e-08,
      7.615870848129542e-08,
      1.3319997358611372e-08,
      1.7089034882494416e-07,
      0.005136475701900599,
      7.747125686054193e-09,
      4.466308173403325e-06,
      3.680861169795767e-07,
      9.699932178969756e-07,
      5.085449625741115e-07,
      0.0031311582288040254,
      7.149941312606197e-09,
      2.1008030636423027e-08,
      0.01244157597586705,
      5.97428560058079e-09,
      7.205576608550255e-09,
      0.009788995664248097,
      0.003747334960597421,
      0.00016832812850077085,
      9.673535908116945e-09,
      9.805755256236769e-09,
      6.053671679079255e-08,
      6.774791047077518e-05,
      0.08923190319855939,
      1.1416691559949703e-05,
      1.4062896292474122e-08,
      1.0557322967567287e-08,
      0.00567539485459931,
      3.7406997382898975e-08,
      7.791117484253195e-07,
      5.679826201539854e-08
    ],
    [
      9.108116435689295e-07,
      3.6031304162869924e-07,
      8.133888004884651e-08,
      5.948802358936535e-07,
      4.412700216726609e-07,
      0.0,
      7.165536139385714e-06,
      4.477627131707592e-07,
      0.11012487836433972,
      2.547324487554674e-07,
      1.0429538697922581e-06,
      1.0595769777189166e-07,
      1.0621442316596744e-07,
      4.6657039861507466e-07,
      1.1414384553299093e-07,
      7.029029612140837e-05,
      1.1085828974555627e-06,
      8.559223057223632e-07,
      9.564129384828698e-07,
      2.3929409861506603e-06,
      1.7058515980041814e-06,
      3.076587827847521e-06,
      2.407373417897839e-06,
      6.666180072453242e-08,
      9.756778307415918e-07,
      1.2035245115110161e-06,
      8.789617374124883e-08,
      4.2651081285419446e-07,
      2.437062528543119e-06,
      1.4024757993168239e-05,
      0.12698189531395088,
      2.1147043120616892e-06,
      7.577201692871446e-07,
      1.7721721320500657e-06,
      7.180661578329733e-06,
      5.863549261930228e-07,
      3.4861244371013995e-05,
      8.951786740360699e-08,
      3.05489730343018e-07,
      0.0007206951875745842,
      0.12921061872155581,
      0.07906080055360812,
      0.11239497952175924,
      6.103784230548797e-08,
      2.424933563434975e-07,
      1.1178031449406344e-06,
      1.3287771419902474e-07,
      2.0163150195141605e-07,
      2.5024120839361164e-07,
      1.2011274859132042e-07,
      7.260010838420635e-08,
      1.6212483446406028e-06,
      3.958601550467531e-07,
      3.818394773629548e-07,
      5.561009120375762e-06,
      2.3208679442407474e-06,
      2.7101639080467117e-07,
      2.4011613971541286e-05,
      6.483066615734516e-07,
      4.904338476319555e-07,
      9.056478321381404e-08,
      2.7232709298978076e-06,
      0.08558296068473531,
      4.882311490457902e-06
    ],
    [
      9.919264833256156e-08,
      4.8604220639819036e-08,
      3.470499917499285e-06,
      7.521297848022091e-08,
      3.2953944077232176e-05,
      7.165536139385714e-06,
      0.0,
      5.881629967369507e-08,
      4.153633267631753e-06,
      1.490453665218543e-05,
      1.0191834685694224e-07,
      4.812458784791982e-06,
      4.246093751693252e-06,
      4.028785026944963e-05,
      5.2388408075641596e-06,
      0.0040291405675010085,
      1.1308288450022011e-07,
      8.987588748694835e-08,
      1.0575814627251641e-07,
      2.2134639063406434e-07,
      1.6066012474923e-07,
      2.839631679990836e-07,
      2.3007933572395062e-07,
      2.536190551197488e-06,
      9.783349428283311e-08,
      1.3173564157032698e-07,
      3.6249733899765218e-06,
      5.6065470014230204e-08,
      0.06777043668880356,
      0.015631884849694442,
      7.871979165869713e-06,
      0.05436235534705006,
      9.391155373493542e-08,
      1.8112606806230537e-07,
      5.479815496057898e-07,
      7.558228604554617e-08,
      1.6328995917947746e-06,
      3.632315455202703e-06,
      4.2805495422907894e-08,
      0.0010436194917330499,
      5.895724795383878e-06,
      2.1402249572484457e-05,
      8.996115341056879e-06,
      2.370031259081399e-06,
      3.827962651343585e-08,
      1.2722063437133559e-07,
      5.6458616334595735e-06,
      3.2545871917033134e-08,
      4.0043233793591655e-08,
      5.518977073844062e-06,
      2.8742769440095774e-06,
      0.04277874576103616,
      5.522530275194057e-08,
      5.709808339883078e-08,
      4.069741635997108e-07,
      0.06836075557199084,
      1.5516115029629314e-05,
      0.009257521757854586,
      8.123835645874501e-08,
      6.134696430675282e-08,
      3.7891217926533556e-06,
      2.3470335430485848e-07,
      1.619535382548747e-05,
      4.035726375958137e-07
    ],
    [
      0.0012926786449358489,
      0.046219988884662215,
      2.384215082654558e-09,
      0.0321590731264893,
      1.0289679467457453e-08,
      4.477627131707592e-07,
      5.881629967369507e-08,
      0.0,
      1.7110258932452887e-06,
      7.012507809348336e-09,
      0.0011181848896241122,
      3.3009076756664495e-09,
      3.19413314329588e-09,
      1.1776839842967336e-08,
      3.3929139357890516e-09,
      1.407214151075413e-07,
      0.0007103345724760539,
      0.0015881286208104756,
      0.0012931039118528307,
      0.00013395128286033673,
      0.00029123602547487937,
      0.00010012471516343422,
      0.0001366906144999582,
      2.02868774702371e-09,
      0.0010630162768657,
      0.0006533446107485802,
      2.7687242271165306e-09,
      0.07171707784697658,
      3.221161327666342e-08,
      7.598625463133131e-08,
      4.2812902749453423e-07,
      2.9373714344770782e-08,
      0.004178625255161985,
      0.00026435040308289676,
      4.1196077364811575e-05,
      0.029042608818785693,
      1.9754735980540164e-05,
      2.771242879971155e-09,
      0.013554849178879759,
      2.0833231375054482e-07,
      6.090876803804756e-07,
      2.330154500734686e-07,
      3.5885564145411616e-07,
      1.840343690832612e-09,
      0.00347446916273625,
      0.0008258160257804094,
      3.841319472577141e-09,
      0.0023765293025230843,
      0.0030917316794924557,
      3.6125995641154037e-09,
      2.2231415733553477e-09,
      2.6792130310224925e-08,
      0.071012403096317,
      0.06712751345842688,
      5.0545543482577164e-05,
      2.8533946553570546e-08,
      7.194809557192354e-09,
      9.875510812008307e-08,
      0.023454006829923938,
      0.07353894328773031,
      2.66183167735815e-09,
      0.00010704608911010409,
      2.7296709156989607e-07,
      5.81132962560657e-05
    ],
    [
      3.7802149922622533e-06,
      1.3571519052524576e-06,
      5.964938686482144e-08,
      2.4206339763123546e-06,
      3.158067950857593e-07,
      0.11012487836433972,
      4.153633267631753e-06,
      1.7110258932452887e-06,
      0.0,
      1.8267878432536878e-07,
      4.5098716906633685e-06,
      7.994674530431036e-08,
      7.643048718538421e-08,
      3.391721487524951e-07,
      8.727234788827272e-08,
      3.796380215203472e-05,
      4.683070579306562e-06,
      3.4128818558446086e-06,
      3.859583551752756e-06,
      1.0746718829326189e-05,
      7.791914336430071e-06,
      1.2744720805202152e-05,
      1.0392384301666639e-05,
      4.8413879062284083e-08,
      3.904414244047464e-06,
      4.87408206577292e-06,
      6.686550756863798e-08,
      1.4934988897772212e-06,
      1.5029038488458526e-06,
      7.827452323809423e-06,
      0.09320731746205227,
      1.3609148355551103e-06,
      3.2025028751760094e-06,
      7.784618766762944e-06,
      3.0050892751670765e-05,
      2.2989155946363248e-06,
      0.00010744714787131056,
      6.457558435316776e-08,
      1.0630460283347164e-06,
      0.00040075976933378384,
      0.13668866241696695,
      0.043519601334588036,
      0.07557991039553454,
      4.48210943084296e-08,
      8.468887417418857e-07,
      4.917497020818103e-06,
      9.459546180470676e-08,
      6.385225572133061e-07,
      8.050442198916643e-07,
      8.674620359845747e-08,
      5.252924216664936e-08,
      1.077091703576576e-06,
      1.508116345402419e-06,
      1.4038943465403196e-06,
      2.284928427447157e-05,
      1.403471428250486e-06,
      1.9918874324383492e-07,
      1.3431363459928872e-05,
      2.6967614689713936e-06,
      1.8494645971776697e-06,
      6.418460081135544e-08,
      1.1734294340776256e-05,
      0.0483196589205108,
      2.0537678922448778e-05
    ],
    [
      1.0932562890143732e-08,
      5.838285203019198e-09,
      0.01574900458062724,
      8.648188173482278e-09,
      0.06644063185599486,
      2.547324487554674e-07,
      1.490453665218543e-05,
      7.012507809348336e-09,
      1.8267878432536878e-07,
      0.0,
      1.1646960584578957e-08,
      0.02390789545019301,
      0.020751187118378034,
      0.06411775184528279,
      0.029096355912011033,
      3.4311899664211042e-06,
      1.2881191407473623e-08,
      1.0187765774224183e-08,
      1.1887239749441193e-08,
      2.3579055376312638e-08,
      1.7055737515617883e-08,
      2.8787547360002294e-08,
      2.2241085508417634e-08,
      0.010898245660844892,
      1.1224963356424709e-08,
      1.4167033683820557e-08,
      0.01688372521445901,
      6.760148786646829e-09,
      3.146763916263057e-05,
      8.384481643735457e-06,
      2.721529672911685e-07,
      3.961599508332305e-05,
      1.0247897859043703e-08,
      1.9056585607109105e-08,
      4.921545706927901e-08,
      8.717982974204295e-09,
      1.1329737512486951e-07,
      0.015598892814637699,
      5.2273502476524435e-09,
      2.2301395574580846e-06,
      2.1137268191891476e-07,
      5.394355689475934e-07,
      2.87158566532945e-07,
      0.010747352059991477,
      4.708146458903692e-09,
      1.3733718118321725e-08,
      0.03061753395170289,
      4.1060263207075375e-09,
      4.945310924298107e-09,
      0.025887578067070583,
      0.012054158581739687,
      8.560644667981222e-05,
      6.672779288007545e-09,
      6.604902468043114e-09,
      3.9765557307445644e-08,
      3.1941148056582536e-05,
      0.08395857557549734,
      5.42252942921276e-06,
      9.083316254176777e-09,
      6.964026362890076e-09,
      0.016932929719583746,
      2.4338138740125865e-08,
      4.4670996695574374e-07,
      3.877655390677194e-08
    ],
    [
      0.05211942329386572,
      0.00043058456896468377,
      4.104667773711546e-09,
      0.005173666805691732,
      1.7724998260736664e-08,
      1.0429538697922581e-06,
      1.0191834685694224e-07,
      0.0011181848896241122,
      4.5098716906633685e-06,
      1.1646960584578957e-08,
      0.0,
      5.394404812919465e-09,
      5.359840408892992e-09,
      2.0014483515671645e-08,
      5.80182567038765e-09,
      2.687340211519533e-07,
      0.05597433956681153,
      0.04929359846532763,
      0.051023030985492816,
      0.0051367024775996325,
      0.0203127071690963,
      0.0035204823621072068,
      0.005136194255870002,
      3.4059346524354603e-09,
      0.057541185694494366,
      0.048898426693944536,
      4.639866363988856e-09,
      0.000884013247140956,
      5.566266705086123e-08,
      1.429307270906853e-07,
      8.846117973578913e-07,
      5.0954868610612684e-08,
      0.03461285238475782,
      0.01649826815928478,
      0.0007461848441021928,
      0.005133003070130398,
      0.00030512506601129604,
      4.54719884020659e-09,
      0.0002203414644130721,
      4.078914091052345e-07,
      1.3257534710446564e-06,
      4.819667269587698e-07,
      7.493630449529138e-07,
      3.152622487557006e-09,
      0.00010321578733935556,
      0.05614406213903529,
      6.536129986423953e-09,
      7.042599859483782e-05,
      9.649953537715389e-05,
      5.8455276031520625e-09,
      3.734722168657922e-09,
      4.6475818795735706e-08,
      0.0006586809761156508,
      0.0005839335349260073,
      0.00113042721016595,
      5.000743580701572e-08,
      1.2757959335223315e-08,
      1.7981623876012087e-07,
      0.007904049646088537,
      0.0017247818380832923,
      4.645106780657855e-09,
      0.0038715564614777652,
      5.591999785580123e-07,
      0.0012649147582028972
    ],
    [
      5.110884208449128e-09,
      2.7298293880531736e-09,
      0.05311198474774351,
      4.286861880995288e-09,
      0.009055858500823782,
      1.0595769777189166e-07,
      4.812458784791982e-06,
      3.3009076756664495e-09,
      7.994674530431036e-08,
      0.02390789545019301,
      5.394404812919465e-09,
      0.0,
      0.05724164066889173,
      0.0076673557559456314,
      0.061143910199952224,
      1.2868266991593499e-06,
      6.172786068153915e-09,
      5.001127151460747e-09,
      5.69308918404703e-09,
      1.1232933060108833e-08,
      8.090601924282602e-09,
      1.4297367576089766e-08,
      1.0350446117879026e-08,
      0.047252033135418814,
      5.209233162303484e-09,
      6.721199886944467e-09,
      0.0578365793191035,
      3.1671031823809187e-09,
      1.0628219097637923e-05,
      2.8184327805537155e-06,
      1.1968074434858346e-07,
      1.368435074882405e-05,
      4.755712250165614e-09,
      9.530982628842981e-09,
      2.289345732266406e-08,
      4.405016085574599e-09,
      4.918101190912349e-08,
      0.05469322379450615,
      2.4276642504996245e-09,
      8.675245316331631e-07,
      9.16066144001675e-08,
      2.1852773043538858e-07,
      1.249650584426247e-07,
      0.046011658562714046,
      2.2414292619497782e-09,
      6.8538771351455785e-09,
      0.05632701194422233,
      1.944875490707818e-09,
      2.3690023903303008e-09,
      0.059405530680563305,
      0.04835132906894768,
      3.07639167007063e-05,
      3.1693286635121353e-09,
      3.2246224365451438e-09,
      1.7522108688419593e-08,
      1.0611824612669244e-05,
      0.017073679583677146,
      1.967293192898849e-06,
      4.374997136325508e-09,
      3.2470905993344277e-09,
      0.054527453988631736,
      1.1428943951874307e-08,
      1.8338923450748502e-07,
      1.741385466930593e-08
    ],
    [
      5.3194149257366265e-09,
      2.712617933241508e-09,
      0.058970611807314895,
      4.059090971394808e-09,
      0.0074249731226035,
      1.0621442316596744e-07,
      4.246093751693252e-06,
      3.19413314329588e-09,
      7.643048718538421e-08,
      0.020751187118378034,
      5.359840408892992e-09,
      0.05724164066889173,
      0.0,
      0.005968877641997603,
      0.0553169786581016,
      1.221524810597006e-06,
      6.216790766838219e-09,
      5.252433313136031e-09,
      5.805686148845321e-09,
      1.1200993133265634e-08,
      7.902934116356104e-09,
      1.4095915871177425e-08,
      1.0053720268462479e-08,
      0.052774793927090516,
      5.445910216795123e-09,
      7.099517831620502e-09,
      0.05967158982187874,
      3.349547634783278e-09,
      9.700030729835269e-06,
      2.5539376372178487e-06,
      1.1757704568946313e-07,
      1.2686113857983993e-05,
      4.7837364971733505e-09,
      9.208441301196148e-09,
      2.16621035672047e-08,
      4.391376122774961e-09,
      4.695406254344383e-08,
      0.05731297305550105,
      2.3475014387491646e-09,
      8.026825186896329e-07,
      8.803680790280562e-08,
      2.1318627984059634e-07,
      1.1628047414737508e-07,
      0.05171528678962656,
      2.2896169683317878e-09,
      6.329382773119876e-09,
      0.05849133530968851,
      1.9859358805534964e-09,
      2.3725871758037233e-09,
      0.056931076266921225,
      0.05248845100446243,
      2.7111192349344845e-05,
      3.041592932547939e-09,
      3.1205655081771166e-09,
      1.78992029300143e-08,
      9.65303810049958e-06,
      0.014359915769886072,
      1.7266867141822525e-06,
      4.149844327243865e-09,
      3.2420372859383197e-09,
      0.055270571152473684,
      1.168540835589106e-08,
      1.7287558768644207e-07,
      1.7241614554765594e-08
    ],
    [
      1.7645181553693088e-08,
      9.784481792042794e-09,
      0.004161715756409269,
      1.494856910426507e-08,
      0.1356671315812504,
      4.6657039861507466e-07,
      4.028785026944963e-05,
      1.1776839842967336e-08,
      3.391721487524951e-07,
      0.06411775184528279,
      2.0014483515671645e-08,
      0.0076673557559456314,
      0.005968877641997603,
      0.0,
      0.010351366319281623,
      8.006243287027515e-06,
      2.1337253000868942e-08,
      1.6576609737116358e-08,
      1.9522459399053e-08,
      3.951128641847297e-08,
      2.9255204727674516e-08,
      4.688566755977457e-08,
      3.7536193992667357e-08,
      0.0025729390492396373,
      1.8334281013663334e-08,
      2.2692731826062917e-08,
      0.0047046691648025725,
      1.0637897820699116e-08,
      8.222230023691289e-05,
      2.153126671794038e-05,
      5.118587937351159e-07,
      9.993361111205631e-05,
      1.6297450146806938e-08,
      3.234008177589861e-08,
      8.794732420548872e-08,
      1.460685316866089e-08,
      1.9874702524219066e-07,
      0.004180945330408229,
      8.826812991427736e-09,
      5.012251109349653e-06,
      3.9105993695384686e-07,
      1.0462972138432848e-06,
      5.52747475587097e-07,
      0.002520817176558227,
      7.786869344916936e-09,
      2.3567496895639024e-08,
      0.010597174194416267,
      6.572230688091536e-09,
      7.980819038187513e-09,
      0.008246287308178526,
      0.0030196319142176535,
      0.00020522109086655729,
      1.1358583804738583e-08,
      1.1057717204542002e-08,
      6.674189896194095e-08,
      8.006493264267271e-05,
      0.0882316482205929,
      1.3645270650841966e-05,
      1.5596940232046183e-08,
      1.1531063429317074e-08,
      0.004799664634423972,
      4.0964790959316564e-08,
      8.713617848612298e-07,
      6.476057111581627e-08
    ],
    [
      5.282337506604648e-09,
      2.8870877020296513e-09,
      0.05072684410038781,
      4.471394264462436e-09,
      0.011995901091817225,
      1.1414384553299093e-07,
      5.2388408075641596e-06,
      3.3929139357890516e-09,
      8.727234788827272e-08,
      0.029096355912011033,
      5.80182567038765e-09,
      0.061143910199952224,
      0.0553169786581016,
      0.010351366319281623,
      0.0,
      1.3776357987360672e-06,
      6.5529626876742046e-09,
      5.094089428425999e-09,
      5.804573914455963e-09,
      1.1742157764873104e-08,
      8.684655878884515e-09,
      1.375781801761317e-08,
      1.0967042382563422e-08,
      0.03972244430157228,
      5.428492232589498e-09,
      6.7136760095524834e-09,
      0.05314585336343425,
      3.117733975933314e-09,
      1.2119586885582404e-05,
      3.202024992161869e-06,
      1.228814556703888e-07,
      1.5107815535329494e-05,
      4.7855935169780195e-09,
      9.46645717824661e-09,
      2.4091324184192692e-08,
      4.367524457642325e-09,
      5.198164056604054e-08,
      0.047283886429694416,
      2.55663877178004e-09,
      9.543116378873965e-07,
      9.579784971417405e-08,
      2.3149024330555165e-07,
      1.3231827239743997e-07,
      0.04047326098460452,
      2.3247983784279225e-09,
      6.977152909405094e-09,
      0.060919654201056515,
      1.9175553337202616e-09,
      2.3203172489027983e-09,
      0.05525903019305836,
      0.04183593052107719,
      3.430812114178097e-05,
      3.2433207800100123e-09,
      3.1103699314374916e-09,
      1.9036114295196434e-08,
      1.1763752671100272e-05,
      0.022482069424716932,
      2.1249724446245995e-06,
      4.510164646953115e-09,
      3.375306546484852e-09,
      0.05217288989201518,
      1.2185763723258702e-08,
      1.8907939355212717e-07,
      1.8509632670027635e-08
    ],
    [
      2.558147392413427e-07,
      1.1720124526269555e-07,
      8.8112642234988e-07,
      1.8860628673576714e-07,
      7.146462455253631e-06,
      7.029029612140837e-05,
      0.0040291405675010085,
      1.407214151075413e-07,
      3.796380215203472e-05,
      3.4311899664211042e-06,
      2.687340211519533e-07,
      1.2868266991593499e-06,
      1.221524810597006e-06,
      8.006243287027515e-06,
      1.3776357987360672e-06,
      0.0,
      3.109569702223213e-07,
      2.4254472865808525e-07,
      2.7226636982351624e-07,
      6.181523683842274e-07,
      4.390035970880421e-07,
      8.060344974817837e-07,
      5.956761528338862e-07,
      7.193291053737834e-07,
      2.575187241113376e-07,
      3.3206983965294284e-07,
      1.0011233607007299e-06,
      1.3613662147971465e-07,
      0.00021610367460989113,
      0.06858261377355987,
      7.699384663070556e-05,
      0.00016540579382233743,
      2.2477951953865245e-07,
      4.82643842978164e-07,
      1.6532232846093367e-06,
      1.905380190829378e-07,
      5.7420348695622296e-06,
      9.89583794169716e-07,
      1.0108503736915014e-07,
      0.138047865066935,
      5.542728862320007e-05,
      0.0002004509674326019,
      9.124946013021847e-05,
      6.628848668796547e-07,
      9.215199031196484e-08,
      3.206703553963374e-07,
      1.5424139633684483e-06,
      7.805636400213343e-08,
      9.367368957413707e-08,
      1.3890409114082276e-06,
      7.846677697525814e-07,
      0.00010193245999338016,
      1.357828427317987e-07,
      1.3261376089133023e-07,
      1.19292002062752e-06,
      0.00020173344763931545,
      3.7105411183441945e-06,
      0.10781631170334466,
      1.9480779571741174e-07,
      1.4526384437669843e-07,
      9.877585138852736e-07,
      6.618417624593867e-07,
      0.00015183298738560814,
      1.1470222728107057e-06
    ],
    [
      0.05193219854916619,
      0.000273903687718447,
      4.590303131881955e-09,
      0.0036419882017162068,
      1.944689364380115e-08,
      1.1085828974555627e-06,
      1.1308288450022011e-07,
      0.0007103345724760539,
      4.683070579306562e-06,
      1.2881191407473623e-08,
      0.05597433956681153,
      6.172786068153915e-09,
      6.216790766838219e-09,
      2.1337253000868942e-08,
      6.5529626876742046e-09,
      3.109569702223213e-07,
      0.0,
      0.04764992598066257,
      0.052311333425895015,
      0.006306387570252926,
      0.022548621988019314,
      0.004779708019889156,
      0.0065953706408473,
      3.9274621417615295e-09,
      0.05669187884645622,
      0.05746023101803685,
      5.077089187380146e-09,
      0.0006454247423113099,
      6.215607793996242e-08,
      1.5290432661730456e-07,
      1.018458541823507e-06,
      5.611802236934423e-08,
      0.03008903040814953,
      0.02051478970548452,
      0.0009080776089008208,
      0.00407789255764276,
      0.0003753003529990714,
      5.195783813617133e-09,
      0.00013780678252686996,
      4.4658570347853196e-07,
      1.4670929979573673e-06,
      5.295564729220381e-07,
      8.476696740473124e-07,
      3.6347111148794763e-09,
      7.3881370119546e-05,
      0.05689554313963471,
      7.448937321518415e-09,
      5.1815068300258425e-05,
      7.310900957197983e-05,
      6.591364580249997e-09,
      4.218511525568336e-09,
      4.892894539174058e-08,
      0.00043247257602204906,
      0.00041644778095243474,
      0.0013302685270716252,
      5.6766498689476647e-08,
      1.3425028412853391e-08,
      2.0315322768770803e-07,
      0.0056771497905376295,
      0.0011210590418751461,
      5.221587518895299e-09,
      0.00474450197988197,
      6.264186251388492e-07,
      0.0016254078945550355
    ],
    [
      0.06138857755331378,
      0.0005926265739214248,
      3.7122609635602316e-09,
      0.007594138314900234,
      1.6307273367117836e-08,
      8.559223057223632e-07,
      8.987588748694835e-08,
      0.0015881286208104756,
      3.4128818558446086e-06,
      1.0187765774224183e-08,
      0.04929359846532763,
      5.001127151460747e-09,
      5.252433313136031e-09,
      1.6576609737116358e-08,
      5.094089428425999e-09,
      2.4254472865808525e-07,
      0.04764992598066257,
      0.0,
      0.059376041395541306,
      0.0026310127301651305,
      0.011136846792836585,
      0.0020720017884254577,
      0.0028240162773852137,
      3.2340000536403754e-09,
      0.057232933902442704,
      0.048219743924756635,
      4.283343817058699e-09,
      0.0015403536318536614,
      4.840442490949327e-08,
      1.2252838818568402e-07,
      7.984334433544221e-07,
      4.609400364806489e-08,
      0.050719911311391745,
      0.01092635610944236,
      0.00037104310679281574,
      0.008801183124824422,
      0.00014787365814014267,
      4.275182331219839e-09,
      0.00027308251562908144,
      3.625372205303827e-07,
      1.172424684734323e-06,
      4.265565236540649e-07,
      6.594421403924661e-07,
      2.819919782342357e-09,
      0.0001454041269512222,
      0.04557447606240377,
      6.037432947645469e-09,
      0.00010194839200466397,
      0.00014510576871191934,
      5.464088520960793e-09,
      3.363075773110566e-09,
      3.872900774640808e-08,
      0.0009527922017600549,
      0.0009572725293389882,
      0.0005355883015645866,
      4.471171308441681e-08,
      1.0565250424133545e-08,
      1.5546849566231118e-07,
      0.011227513579536729,
      0.00251666916862818,
      3.984305487492132e-09,
      0.001966042715722927,
      4.808627579827271e-07,
      0.000645646894691725
    ],
    [
      0.059348458105990494,
      0.00045358564618015317,
      4.243402188395822e-09,
      0.006198231091167269,
      1.7990329979500582e-08,
      9.564129384828698e-07,
      1.0575814627251641e-07,
      0.0012931039118528307,
      3.859583551752756e-06,
      1.1887239749441193e-08,
      0.051023030985492816,
      5.69308918404703e-09,
      5.805686148845321e-09,
      1.9522459399053e-08,
      5.804573914455963e-09,
      2.7226636982351624e-07,
      0.052311333425895015,
      0.059376041395541306,
      0.0,
      0.003233733893360845,
      0.012940697669923229,
      0.002500353114637005,
      0.003522785001711662,
      3.726127161038402e-09,
      0.05714751108996467,
      0.05468504993939982,
      4.832717814765797e-09,
      0.0012097079816994144,
      5.772059383730869e-08,
      1.364104377353013e-07,
      9.201027613488174e-07,
      5.200013025190943e-08,
      0.04511473163450284,
      0.012673028575680761,
      0.0004802174154059903,
      0.007315652118446795,
      0.000198271738335409,
      4.972955822672992e-09,
      0.0002227259474454933,
      3.9822578564238777e-07,
      1.32848024201363e-06,
      4.792733237845859e-07,
      7.395016817737464e-07,
      3.294400066277208e-09,
      0.00011637685504913612,
      0.049498193924118576,
      6.912871625106946e-09,
      8.258598743419947e-05,
      0.00011802586495879705,
      6.299094218767426e-09,
      4.040731716405094e-09,
      4.516111936240389e-08,
      0.0007675095115651183,
      0.0007829888196612613,
      0.0006768369801078939,
      5.211597359947566e-08,
      1.1893094168733343e-08,
      1.8173328211121322e-07,
      0.009472473159064698,
      0.002028173526902213,
      4.703949188627115e-09,
      0.002326572623299128,
      5.699919404033106e-07,
      0.0008508756170619999
    ],
    [
      0.003056559735236355,
      6.459538767725343e-05,
      8.062671413489364e-09,
      0.0004165793667751628,
      3.6093185354556504e-08,
      2.3929409861506603e-06,
      2.2134639063406434e-07,
      0.00013395128286033673,
      1.0746718829326189e-05,
      2.3579055376312638e-08,
      0.0051367024775996325,
      1.1232933060108833e-08,
      1.1200993133265634e-08,
      3.951128641847297e-08,
      1.1742157764873104e-08,
      6.181523683842274e-07,
      0.006306387570252926,
      0.0026310127301651305,
      0.003233733893360845,
      0.0,
      0.04206091377826528,
      0.07375863547183915,
      0.07354020816002452,
      6.93729345091041e-09,
      0.003877567907632544,
      0.0066299243934539835,
      9.0690828482491e-09,
      0.00012206956567409578,
      1.0956799198068004e-07,
      3.052259199125004e-07,
      2.2551365831991896e-06,
      1.0969502667082787e-07,
      0.0014670975289421107,
      0.04349194033362084,
      0.018102915682194076,
      0.00041232664943244697,
      0.009313396850706396,
      9.141602726709408e-09,
      3.632325724590221e-05,
      9.579237074182194e-07,
      3.2291787100271152e-06,
      1.250461161389297e-06,
      1.9162504553991576e-06,
      6.231615688088474e-09,
      2.1621326081518793e-05,
      0.006662466005361803,
      1.300734600086638e-08,
      1.593103947748282e-05,
      2.2326282304661485e-05,
      1.1874867031243852e-08,
      7.368124332883184e-09,
      9.52529064837361e-08,
      9.128087826119538e-05,
      8.587076420460224e-05,
      0.026054448761220123,
      1.0476223609847727e-07,
      2.4559212570957212e-08,
      4.0233154600130006e-07,
      0.000603422781781651,
      0.00018448968189809897,
      8.802946884705188e-09,
      0.07442559919923862,
      1.3735781675640087e-06,
      0.0300984930992698
    ],
    [
      0.012758675606714396,
      0.00012785987830261163,
      6.078600534442428e-09,
      0.0011647547564946825,
      2.748143836651929e-08,
      1.7058515980041814e-06,
      1.6066012474923e-07,
      0.00029123602547487937,
      7.791914336430071e-06,
      1.7055737515617883e-08,
      0.0203127071690963,
      8.090601924282602e-09,
      7.902934116356104e-09,
      2.9255204727674516e-08,
      8.684655878884515e-09,
      4.390035970880421e-07,
      0.022548621988019314,
      0.011136846792836585,
      0.012940697669923229,
      0.04206091377826528,
      0.0,
      0.033012650327189405,
      0.041087565864453585,
      5.0378098243523535e-09,
      0.015618917363028319,
      0.02179023739618606,
      6.704992349659065e-09,
      0.00024098273135214794,
      8.19313062864413e-08,
      2.2965896337906728e-07,
      1.4992607056857431e-06,
      7.7350075894159e-08,
      0.006353486706124521,
      0.06381403867332797,
      0.005654552779473601,
      0.0011272496394467433,
      0.002422507152733765,
      6.694360618060992e-09,
      6.847127320717471e-05,
      6.678402724696265e-07,
      2.2493405899441084e-06,
      8.103546250284779e-07,
      1.3042097508774945e-06,
      4.5679616719597594e-09,
      3.714407659812678e-05,
      0.02343892381286945,
      9.50070714800284e-09,
      2.5566283051383658e-05,
      3.594032937910079e-05,
      8.697401133763645e-09,
      5.459351049659511e-09,
      7.010368866184663e-08,
      0.00018197275622175104,
      0.000166343521627433,
      0.008723886372082115,
      7.766480729791142e-08,
      1.8795876983427822e-08,
      2.871343210299638e-07,
      0.0018035131932444021,
      0.0004284241677884486,
      6.630415099956751e-09,
      0.0337553829055137,
      9.383346119768057e-07,
      0.010238855603887095
    ],
    [
      0.0023435836122515413,
      4.707659703024439e-05,
      9.999737528818662e-09,
      0.0003130102303081856,
      4.417483159342702e-08,
      3.076587827847521e-06,
      2.839631679990836e-07,
      0.00010012471516343422,
      1.2744720805202152e-05,
      2.8787547360002294e-08,
      0.0035204823621072068,
      1.4297367576089766e-08,
