{
  "config": {
    "N": 64,
    "alpha": 1.76,
    "beta": 1.0,
    "gamma": 1.0,
    "dt": 0.02,
    "T": 200.0,
    "sample_every": 25,
    "seed": 101,
    "target_initial_load": 1.0,
    "noise_fraction": 0.02,
    "eps": 1e-12,
    "device": "cuda",
    "dtype": "float64",
    "model_variant": "full"
  },
  "device_used": "cuda",
  "dtype_used": "torch.float64",
  "runtime_seconds": 17.659097399911843,
  "final_constraint_report": {
    "symmetric": true,
    "zero_diagonal": true,
    "nonnegative": true,
    "symmetry_max_abs_error": 0.0,
    "diagonal_max_abs_error": 0.0,
    "minimum_entry": 0.0
  },
  "final_chi_hhi_star": 0.14196847219840672,
  "max_chi_hhi_star": 0.14196847219840672,
  "final_lambda2": 0.00012840943360553557,
  "final_total_weight": 16.08507716383537,
  "final_load_cv": 0.22196989841700734,
  "W_final": [
    [
      0.0,
      7.527279533735219e-08,
      5.326100757722317e-08,
      6.851021751476072e-08,
      2.711933552985476e-08,
      8.616453918119883e-07,
      1.9337145081214154e-08,
      1.0242738867681768e-07,
      9.13266584975613e-08,
      1.9665089250931223e-05,
      1.596992845870569e-07,
      1.1751227279854498e-08,
      0.0003364653851183993,
      0.00010562602676763154,
      7.237322922069048e-09,
      1.1423050414628653e-07,
      3.907487121714522e-07,
      3.287758291853473e-08,
      0.05216955270706288,
      0.07521174100737384,
      1.4448529769130088e-08,
      0.08119738238929138,
      0.07425924957503284,
      3.243266651485272e-08,
      9.163144657506071e-08,
      1.7962956256765874e-08,
      8.232663256625782e-09,
      0.05909247169328171,
      1.4042066856597023e-06,
      1.4887831649489602e-08,
      1.1473075486484097e-07,
      1.0732276777703095e-08,
      9.557585640975729e-09,
      8.010600163876602e-09,
      1.3886216385359189e-05,
      1.1919537618386703e-08,
      1.3599559729635838e-08,
      3.664364465568903e-05,
      4.723361789732066e-07,
      1.151342714575566e-07,
      1.7524148834656783e-08,
      6.203062108677856e-07,
      0.07442587237191423,
      0.0010354252749756022,
      7.157684549324167e-08,
      7.622664122269546e-08,
      9.472062816805713e-08,
      0.07834797250788184,
      7.935153040037513e-08,
      1.4516683272370561e-08,
      3.5658667636233746e-07,
      0.0812784801989116,
      1.0616651974167503e-08,
      3.668697468273131e-07,
      1.3180846092422403e-08,
      9.76861354953667e-09,
      4.904843213839328e-08,
      0.05038544490598434,
      0.055268794477925015,
      1.7119014506828206e-06,
      1.4097601886640106e-07,
      1.9867835055525382e-08,
      0.00016821622659227823,
      3.8155062633622394e-08
    ],
    [
      7.527279533735219e-08,
      0.0,
      0.0010021181510719774,
      0.008688886682216117,
      0.00011456095943760522,
      3.2740848181940103e-05,
      5.885672557226478e-05,
      0.015482807960559548,
      0.023167334795520977,
      2.1159671461565704e-06,
      0.007926946538146035,
      2.2332325359996024e-05,
      5.739586067548667e-07,
      8.112162389406035e-07,
      7.670561504117173e-06,
      0.017673049314532428,
      0.0001234418720161183,
      0.00018240098711251615,
      1.48666761782539e-07,
      9.137511339910912e-08,
      2.991514813159629e-05,
      6.110995649156883e-08,
      5.0789449114246315e-08,
      0.0001869573814893198,
      0.02690952226993088,
      4.958284239964211e-05,
      9.468652388025117e-06,
      1.1710791088833074e-07,
      2.171850362795649e-05,
      3.069157055498976e-05,
      0.01469051554448425,
      1.8790155842510186e-05,
      1.3271999478074633e-05,
      9.075341913381475e-06,
      3.0803694579273938e-06,
      2.0956568545783936e-05,
      2.377097684409047e-05,
      1.5196450370018324e-06,
      8.650892911317318e-05,
      0.012644738748160739,
      4.64782268802231e-05,
      5.518516067254394e-05,
      4.9453525700455303e-08,
      4.5650574341762464e-07,
      0.08865786686747135,
      0.0850714455039466,
      0.02576783705079316,
      6.101412947811516e-08,
      0.07126355009605329,
      3.086124666394815e-05,
      0.00018704350668411824,
      6.713485105575409e-08,
      1.8069829071680824e-05,
      0.00015976241079145883,
      2.5068121792671107e-05,
      1.1171546005459978e-05,
      0.0006456138386778943,
      1.4881674345253712e-07,
      1.243004391654157e-07,
      1.950267607026078e-05,
      0.01000994121436704,
      5.7160822416786685e-05,
      6.873023940752703e-07,
      0.0002819345374583617
    ],
    [
      5.326100757722317e-08,
      0.0010021181510719774,
      0.0,
      0.047554738366207334,
      0.012570026777697703,
      9.257653658875834e-06,
      0.002775440188327363,
      0.0001643473623892465,
      0.00021491835955228107,
      1.1662664909203123e-06,
      0.00010106241872046033,
      0.0004905343287573946,
      3.7276345399201925e-07,
      5.312083548014731e-07,
      7.771208957295144e-05,
      0.00018374125668422307,
      2.154847660841327e-05,
      0.028613828384999568,
      1.0137348046949053e-07,
      6.502373514870267e-08,
      0.0008535064709057806,
      4.431887205549637e-08,
      3.48553018349443e-08,
      0.02915641466056526,
      0.0002366880259908364,
      0.0019190567703714835,
      0.00010304770878944168,
      8.020500614414094e-08,
      6.609301152408829e-06,
      0.0008727311983340453,
      0.00015312941127516334,
      0.0003432942691850338,
      0.00021199736358870356,
      9.722899297570043e-05,
      1.650935143210184e-06,
      0.0004775518766711351,
      0.0005443869353496728,
      9.369216846058809e-07,
      1.7881881898798228e-05,
      0.0001388526590327061,
      0.0017155567625028048,
      1.312868856793038e-05,
      3.406241083401707e-08,
      3.0557001209117345e-07,
      0.0009876633307489481,
      0.0007950518969072941,
      0.00023447221536081886,
      4.262454303437081e-08,
      0.000584469599347871,
      0.0008387260400201004,
      2.839106672124217e-05,
      4.61851187222706e-08,
      0.0003520103468087768,
      2.626330608619956e-05,
      0.0006239031918651219,
      0.0001440343271604535,
      0.0996415500744074,
      1.0541588997608062e-07,
      8.617350271413574e-08,
      6.2512356598588874e-06,
      0.00011596094467954743,
      0.002633587674522998,
      4.336048684509777e-07,
      0.050597631911077454
    ],
    [
      6.851021751476072e-08,
      0.008688886682216117,
      0.047554738366207334,
      0.0,
      0.0031996419075955634,
      1.7175047015523874e-05,
      0.0008516142102582915,
      0.0012321692758568135,
      0.0018038061718947942,
      1.6389792645400939e-06,
      0.0006117117956321112,
      0.00016721917290285672,
      4.958791071791491e-07,
      6.728592038662333e-07,
      3.786483606785218e-05,
      0.0013289135541083373,
      5.011298656431911e-05,
      0.007810216324318885,
      1.3762420089385883e-07,
      8.344185142586574e-08,
      0.0002879513659351972,
      5.672012360139028e-08,
      4.595242400892853e-08,
      0.007612930544011795,
      0.0020521354982090683,
      0.0005863046858980514,
      4.8453209506859295e-05,
      1.0211200275722914e-07,
      1.1705831179650559e-05,
      0.00028771503327198436,
      0.0011107696009296432,
      0.0001300458971633733,
      8.325396850704522e-05,
      4.448706341373552e-05,
      2.353232562800466e-06,
      0.00017146207864646786,
      0.0001975234015859028,
      1.2405487824762967e-06,
      3.63501507227251e-05,
      0.0009940151676114555,
      0.0005102991578725632,
      2.557199675971138e-05,
      4.6066341105693906e-08,
      3.8968920231628073e-07,
      0.0083544720069207,
      0.0074923037208566145,
      0.0020378895018448744,
      5.7202799121405806e-08,
      0.005484032138767482,
      0.00027403999169016945,
      6.88240334761655e-05,
      6.04234348758543e-08,
      0.0001346774421202522,
      6.167329531113377e-05,
      0.00021030698193175395,
      6.236966690157736e-05,
      0.03614923797827764,
      1.3431442863164548e-07,
      1.1211734068205664e-07,
      1.1044177106003321e-05,
      0.0007936556243252097,
      0.0007617567255623892,
      5.750314803316407e-07,
      0.0145270870138481
    ],
    [
      2.711933552985476e-08,
      0.00011456095943760522,
      0.012570026777697703,
      0.0031996419075955634,
      0.0,
      2.6072915556994006e-06,
      0.03381807256564518,
      2.062987115747016e-05,
      2.7010245258455035e-05,
      5.098719887124353e-07,
      1.4207809313190836e-05,
      0.008026363210683594,
      1.8025606513488065e-07,
      2.477568071412529e-07,
      0.0005507797049817105,
      2.3414644414899446e-05,
      4.977317484869366e-06,
      0.05353120641168678,
      5.2501493898433954e-08,
      3.3435959215612626e-08,
      0.014292656021835784,
      2.267114329206856e-08,
      1.8359567213115605e-08,
      0.0545242418920666,
      2.8905672857226155e-05,
      0.026283999778382677,
      0.0007829622280945736,
      4.101618523339052e-08,
      1.993217877339562e-06,
      0.013756941729708348,
      1.9959836175841292e-05,
      0.005252117834877839,
      0.002676276216878792,
      0.0007224662529109479,
      7.117227576945567e-07,
      0.007803057842629787,
      0.008808629836217212,
      4.272772871114721e-07,
      4.162811084410642e-06,
      1.8275368886159205e-05,
      0.02355981183424554,
      3.36211392672343e-06,
      1.7886053748393303e-08,
      1.483296920369956e-07,
      0.00011729494319579053,
      9.363501568318398e-05,
      2.9309568537020875e-05,
      2.1995923282484283e-08,
      7.142680451527351e-05,
      0.013314409923637553,
      6.086953355108499e-06,
      2.371701737795616e-08,
      0.005339733259481858,
      5.587317998568388e-06,
      0.010532866225398084,
      0.0012849455028936013,
      0.01708323470796378,
      5.3200635602127857e-08,
      4.3545427185848264e-08,
      1.939977753178435e-06,
      1.602024239233147e-05,
      0.032407211400346025,
      2.1256901466407084e-07,
      0.03712020962119807
    ],
    [
      8.616453918119883e-07,
      3.2740848181940103e-05,
      9.257653658875834e-06,
      1.7175047015523874e-05,
      2.6072915556994006e-06,
      0.0,
      1.4948242983703805e-06,
      0.00011423548444687553,
      7.901212356491043e-05,
      4.9465042100773065e-05,
      0.00027788726330692953,
      6.974289026108167e-07,
      8.918023138875264e-06,
      1.4482611187879208e-05,
      3.2105199530041846e-07,
      0.00010278194121698246,
      0.022359136324381846,
      3.3854018575229794e-06,
      1.8317296408282666e-06,
      1.0866612674264221e-06,
      9.098741942776085e-07,
      7.38220194851064e-07,
      5.828209420536227e-07,
      3.482764650280826e-06,
      8.224759798814908e-05,
      1.3875148204842295e-06,
      3.925079057631471e-07,
      1.4096863030702042e-06,
      0.13482150012075067,
      1.0211865849883872e-06,
      0.00013021386153659338,
      6.10325738703672e-07,
      5.228122471430631e-07,
      3.7155423838446824e-07,
      8.200992763774577e-05,
      7.674411870215871e-07,
      8.588983650755795e-07,
      3.064517929488624e-05,
      0.02985249401833287,
      0.00013645715469596552,
      1.372913123734706e-06,
      0.06772671370946882,
      5.737134139706864e-07,
      6.392437523286374e-06,
      3.2672393832055375e-05,
      3.533852948352821e-05,
      8.021870762819395e-05,
      7.129550479790235e-07,
      3.8393998824499967e-05,
      9.574956018815455e-07,
      0.015833230490255642,
      7.541155801228381e-07,
      6.402793120473056e-07,
      0.01801070059829029,
      7.898019554252144e-07,
      4.63204792984969e-07,
      6.967858886682904e-06,
      1.8418184740060008e-06,
      1.5283244102977114e-06,
      0.13252191493766435,
      0.0001897670935959681,
      1.4654436764461187e-06,
      1.047204696551865e-05,
      4.484334793844832e-06
    ],
    [
      1.9337145081214154e-08,
      5.885672557226478e-05,
      0.002775440188327363,
      0.0008516142102582915,
      0.03381807256564518,
      1.4948242983703805e-06,
      0.0,
      1.0948597515356142e-05,
      1.4888532430588107e-05,
      3.4064367519175164e-07,
      7.068829744304876e-06,
      0.02353992035444536,
      1.2912388675290408e-07,
      1.613711629073015e-07,
      0.0013218558960392261,
      1.1738494549335483e-05,
      2.8890081695566346e-06,
      0.017535780520450597,
      3.892743084661965e-08,
      2.2955714000753388e-08,
      0.039199642560206895,
      1.5676517424387316e-08,
      1.320532075473436e-08,
      0.016145995724523743,
      1.5646698852187646e-05,
      0.05152140432950136,
      0.0018891829271403299,
      2.8299481403745532e-08,
      1.1855931310373864e-06,
      0.034825906034225355,
      1.0235411890886102e-05,
      0.016863741774266274,
      0.007881567348148098,
      0.0016229820215538388,
      4.5909260424978614e-07,
      0.023407881798300355,
      0.02577442951269399,
      2.842376976894542e-07,
      2.4223322133728825e-06,
      9.613588800539193e-06,
      0.0496464190007367,
      2.0353375926381006e-06,
      1.2794342185330721e-08,
      1.0556450387850194e-07,
      5.651898196336696e-05,
      4.877981667767794e-05,
      1.623280837549763e-05,
      1.599373747713212e-08,
      3.53530158177304e-05,
      0.03401541401865065,
      3.5931983074291607e-06,
      1.6924579685818542e-08,
      0.017202206168170295,
      3.1727269651236317e-06,
      0.02991110182569196,
      0.0031745375209517304,
      0.004031057419440414,
      3.624861902056243e-08,
      3.0291896255309016e-08,
      1.1578570393027227e-06,
      8.422401282791926e-06,
      0.05578032855555521,
      1.4880818078224065e-07,
      0.009327675152435872
    ],
    [
      1.0242738867681768e-07,
      0.015482807960559548,
      0.0001643473623892465,
      0.0012321692758568135,
      2.062987115747016e-05,
      0.00011423548444687553,
      1.0948597515356142e-05,
      0.0,
      0.06477810710026054,
      3.8143786732326684e-06,
      0.06103728308245506,
      4.213474289096049e-06,
      8.414130738989956e-07,
      1.2379393558426394e-06,
      1.726974879583341e-06,
      0.06252496448419095,
      0.0004299865766400264,
      3.2128225764870226e-05,
      2.082882879626351e-07,
      1.2776894761618008e-07,
      5.745127976719021e-06,
      8.545302710021711e-08,
      6.902621632831103e-08,
      3.144563040330691e-05,
      0.062006658423404734,
      9.976913147053256e-06,
      2.1776391829913095e-06,
      1.543760627535944e-07,
      7.745446330581572e-05,
      6.614914523297947e-06,
      0.06536243358149256,
      3.7300101186619134e-06,
      2.939797967163806e-06,
      1.980036471098299e-06,
      5.635161023985801e-06,
      4.772655227585848e-06,
      5.080234455214788e-06,
      2.4215874489202213e-06,
      0.00030672983647774357,
      0.07440489042575567,
      9.010550016496513e-06,
      0.00018940689053702916,
      7.006434352787202e-08,
      6.185519559025395e-07,
      0.01715545852393916,
      0.019871095081034653,
      0.06250565808395643,
      8.594055346923974e-08,
      0.02691151980621706,
      5.967397107779122e-06,
      0.0006462161339874324,
      9.043857937869798e-08,
      4.012917447804865e-06,
      0.0005647403744726809,
      4.9538749252230345e-06,
      2.472438605841308e-06,
      0.00010551364375786927,
      2.0862773777217954e-07,
      1.7542783108496855e-07,
      6.472481764231355e-05,
      0.0634125515090525,
      1.0850199993163197e-05,
      9.609860981642784e-07,
      4.772303825757276e-05
    ],
    [
      9.13266584975613e-08,
      0.023167334795520977,
      0.00021491835955228107,
      0.0018038061718947942,
      2.7010245258455035e-05,
      7.901212356491043e-05,
      1.4888532430588107e-05,
      0.06477810710026054,
      0.0,
      3.132761527460628e-06,
      0.047239327588206995,
      5.350530069733776e-06,
      7.171010563831922e-07,
      1.0693439542598602e-06,
      2.23555692053595e-06,
      0.0600690078706452,
      0.0003130293615140832,
      4.316193262438246e-05,
      1.8960517092404377e-07,
      1.107391700985561e-07,
      7.645464136969964e-06,
      7.673316801366263e-08,
      6.21738661348363e-08,
      4.214112618314104e-05,
      0.06559769382591646,
      1.3225752693822585e-05,
      2.8219332760342477e-06,
      1.3628485372046775e-07,
      5.203341827877617e-05,
      8.135126371376472e-06,
      0.0635116122383841,
      4.889287646232703e-06,
      3.66691733080519e-06,
      2.5598628274683217e-06,
      4.6246138851615055e-06,
      6.0511347832962684e-06,
      6.447049995526604e-06,
      2.1946646569277734e-06,
      0.00022464386109745615,
      0.05948469514378513,
      1.1476244725498328e-05,
      0.00013573312248414413,
      6.247970453152454e-08,
      5.395169649494426e-07,
      0.02423564240878353,
      0.028670839403283962,
      0.06810184166538301,
      7.804164605729359e-08,
      0.03721799504754955,
      7.5702748033371855e-06,
      0.00048256222884248535,
      8.243271998354587e-08,
      5.197321860419032e-06,
      0.0004230379208881802,
      6.427614002756277e-06,
      3.19304265781337e-06,
      0.00014228730232503765,
      1.8703618745967112e-07,
      1.5276860776432213e-07,
      4.6668626036531454e-05,
      0.05366212480168648,
      1.440310340115165e-05,
      8.611278909299192e-07,
      6.086843066128827e-05
    ],
    [
      1.9665089250931223e-05,
      2.1159671461565704e-06,
      1.1662664909203123e-06,
      1.6389792645400939e-06,
      5.098719887124353e-07,
      4.9465042100773065e-05,
      3.4064367519175164e-07,
      3.8143786732326684e-06,
      3.132761527460628e-06,
      0.0,
      6.182469867590507e-06,
      1.8753866280693087e-07,
      0.0017232068464216293,
      0.007237648806231731,
      1.0146612454156271e-07,
      3.7095295535306816e-06,
      1.9928622065646684e-05,
      6.3507643436664e-07,
      5.51724185991818e-05,
      2.689339561438674e-05,
      2.308720323268302e-07,
      1.5498496514181992e-05,
      1.1865032616975322e-05,
      6.304328598955095e-07,
      3.140406784382871e-06,
      3.26735092160279e-07,
      1.2194355658761386e-07,
      3.759144032765547e-05,
      8.719092722268607e-05,
      2.498690696568769e-07,
      4.075212797812054e-06,
      1.7452959715808182e-07,
      1.4862291260412157e-07,
      1.1622355487789666e-07,
      0.2639947272887906,
      1.9905413197595872e-07,
      2.1179648158573239e-07,
      0.17685065799445665,
      2.3509902614334744e-05,
      4.333707596080032e-06,
      3.0738414318283205e-07,
      3.342678441190386e-05,
      1.1746708527604814e-05,
      0.0008307348424973093,
      2.007294089362595e-06,
      2.1456591941961974e-06,
      3.00527608603314e-06,
      1.4416349943586128e-05,
      2.2910892724251208e-06,
      2.37119141241624e-07,
      1.7487132851537992e-05,
      1.6632656356877387e-05,
      1.7647691088894143e-07,
      1.8292739870533384e-05,
      2.146162181605734e-07,
      1.378640662088648e-07,
      1.0642320189915088e-06,
      5.68600694949867e-05,
      4.216963677688489e-05,
      0.00010463231009388653,
      5.13665822720873e-06,
      3.479933686561856e-07,
      0.0034318159650744413,
      7.713867683448072e-07
    ],
    [
      1.596992845870569e-07,
      0.007926946538146035,
      0.00010106241872046033,
      0.0006117117956321112,
      1.4207809313190836e-05,
      0.00027788726330692953,
      7.068829744304876e-06,
      0.06103728308245506,
      0.047239327588206995,
      6.182469867590507e-06,
      0.0,
      2.865465434734813e-06,
      1.278970271890047e-06,
      2.110972977821502e-06,
      1.15462026759579e-06,
      0.06374963047786447,
      0.0009664738247995594,
      2.114500190545051e-05,
      3.0598753290188923e-07,
      2.0347298009809337e-07,
      3.976952868325007e-06,
      1.3380211237392958e-07,
      1.0728730204431344e-07,
      2.075227909642882e-05,
      0.04403863136284939,
      6.785309413780097e-06,
      1.4560816039741364e-06,
      2.4432168277807824e-07,
      0.00019979029513888974,
      4.385430816044357e-06,
      0.06459155729181526,
      2.5031414318974516e-06,
      1.9877509034903327e-06,
      1.4219878162024681e-06,
      9.883790479859744e-06,
      3.114379824193569e-06,
      3.3245131838577693e-06,
      4.013501476154815e-06,
      0.0007484405377183253,
      0.07062531131575585,
      5.794003435442017e-06,
      0.0004754707797647533,
      1.03792541848269e-07,
      9.550782723729773e-07,
      0.008986352651939486,
      0.010367821965967017,
      0.043336547196964385,
      1.256159080192781e-07,
      0.01688347004572493,
      4.108735978895189e-06,
      0.001376772877104937,
      1.3676309567638486e-07,
      2.5734446491377655e-06,
      0.0012111697327351362,
      3.5290878039342533e-06,
      1.8009914323789738e-06,
      6.732249293605445e-05,
      3.2077292735047424e-07,
      2.65143172528865e-07,
      0.00016477020018532728,
      0.08171535750525062,
      7.383349423898318e-06,
      1.5947317971297479e-06,
      3.1245804508632344e-05
    ],
    [
      1.1751227279854498e-08,
      2.2332325359996024e-05,
      0.0004905343287573946,
      0.00016721917290285672,
      0.008026363210683594,
      6.974289026108167e-07,
      0.02353992035444536,
      4.213474289096049e-06,
      5.350530069733776e-06,
      1.8753866280693087e-07,
      2.865465434734813e-06,
      0.0,
      7.667807214933198e-08,
      9.621298500034476e-08,
      0.007233675945351385,
      4.659941331295958e-06,
      1.2318247527482126e-06,
      0.0030196644785012326,
      2.2406487422179533e-08,
      1.4227704626420175e-08,
      0.04419933803185829,
      9.514012805573468e-09,
      7.64533225147578e-09,
      0.0031193377571539565,
      6.009886556412675e-06,
      0.02829967374705774,
      0.009373402361838805,
      1.7979404105271384e-08,
      5.559901763046884e-07,
      0.045073503854619515,
      3.893769429565091e-06,
      0.04874997309766808,
      0.03501598340999228,
      0.00869982826706787,
      2.51569901710331e-07,
      0.049876918985669115,
      0.04997071864708545,
      1.5737167453217079e-07,
      1.018240633660681e-06,
      3.702800439667527e-06,
      0.03302341698125222,
      9.014005216594824e-07,
      7.509134575449898e-09,
      6.19690483028054e-08,
      2.1519268081582766e-05,
      1.7236841258510962e-05,
      5.890739221381294e-06,
      9.367655995666175e-09,
      1.3441005014707356e-05,
      0.04947221426623129,
      1.4675472538769795e-06,
      1.0119157806419752e-08,
      0.046765028616084704,
      1.3215374221204339e-06,
      0.05028869088636202,
      0.015225352835137432,
      0.0006448233944677552,
      2.2196418222124785e-08,
      1.810521189645882e-08,
      5.491393617803147e-07,
      3.2072855122963533e-06,
      0.024469621635650966,
      8.599746534560849e-08,
      0.0016613449396944437
    ],
    [
      0.0003364653851183993,
      5.739586067548667e-07,
      3.7276345399201925e-07,
      4.958791071791491e-07,
      1.8025606513488065e-07,
      8.918023138875264e-06,
      1.2912388675290408e-07,
      8.414130738989956e-07,
      7.171010563831922e-07,
      0.0017232068464216293,
      1.278970271890047e-06,
      7.667807214933198e-08,
      0.0,
      0.0895896301291639,
      4.43059825169733e-08,
      8.715349557501112e-07,
      3.577805711409784e-06,
      2.1498792858985863e-07,
      0.0009380871715138526,
      0.0004624837567686217,
      9.116921477875931e-08,
      0.0002721690327415619,
      0.0002041916792397036,
      2.2102502276393423e-07,
      7.50670475128103e-07,
      1.1742414963856492e-07,
      5.1465924228597227e-08,
      0.0006964819921238577,
      1.4992350054548687e-05,
      9.375148956857107e-08,
      9.086171577320253e-07,
      6.841284233831057e-08,
      6.158296836024e-08,
      4.877141385773104e-08,
      0.0012396700024993814,
      7.674287007910693e-08,
      8.869487526683463e-08,
      0.00465463233569403,
      4.295677066557248e-06,
      9.223328906684056e-07,
      1.1599634383487411e-07,
      6.027676526045875e-06,
      0.00019712448077602597,
      0.15928850174009976,
      5.367972080372458e-07,
      5.595308366640514e-07,
      7.78371188347211e-07,
      0.0002357382783821894,
      5.71865104357749e-07,
      9.339969085236919e-08,
      3.2183567562459727e-06,
      0.0002719118269322541,
      6.810653453179545e-08,
      3.2579592565945646e-06,
      8.295427274823402e-08,
      5.8593057739619854e-08,
      3.323929627707181e-07,
      0.0009509403233108355,
      0.0007245348318195085,
      1.876485773980011e-05,
      1.117934464268212e-06,
      1.2712476947387502e-07,
      0.12232947805440604,
      2.604022193900165e-07
    ],
    [
      0.00010562602676763154,
      8.112162389406035e-07,
      5.312083548014731e-07,
      6.728592038662333e-07,
      2.477568071412529e-07,
      1.4482611187879208e-05,
      1.613711629073015e-07,
      1.2379393558426394e-06,
      1.0693439542598602e-06,
      0.007237648806231731,
      2.110972977821502e-06,
      9.621298500034476e-08,
      0.0895896301291639,
      0.0,
      5.7338539451818005e-08,
      1.3642019041251882e-06,
      5.441043168044342e-06,
      2.8939396826941346e-07,
      0.0003013953007464011,
      0.00014584390908488207,
      1.1893503401674211e-07,
      8.437227956751492e-05,
      6.053575396571686e-05,
      2.986848180374253e-07,
      1.098866581745813e-06,
      1.656213712013335e-07,
      6.588401031300044e-08,
      0.00021825421854987544,
      2.6520549065460412e-05,
      1.2662052983948085e-07,
      1.4512472132027278e-06,
      9.083620729351518e-08,
      7.668873655846216e-08,
      6.615664146638584e-08,
      0.00570019617757298,
      1.0149182818155976e-07,
      1.1195841611888972e-07,
      0.014620788924621708,
      7.11968377905174e-06,
      1.4168259056951633e-06,
      1.5259367965886293e-07,
      9.27178690399112e-06,
      5.856343137002841e-05,
      0.053448311080773435,
      7.710183548417304e-07,
      7.828822105622786e-07,
      1.0468059379187228e-06,
      7.237695041960424e-05,
      8.993742533139714e-07,
      1.2467608194150576e-07,
      5.058519547355663e-06,
      8.437786965318461e-05,
      8.8376916370157e-08,
      5.445828268315648e-06,
      1.1030660988557135e-07,
      7.857551368457871e-08,
      4.4759104209944476e-07,
      0.00031888888159980116,
      0.00023826042306156678,
      3.295999090833583e-05,
      1.7226119673916853e-06,
      1.6620100300385843e-07,
      0.17541746620324522,
      3.5180828259548146e-07
    ],
    [
      7.237322922069048e-09,
      7.670561504117173e-06,
      7.771208957295144e-05,
      3.786483606785218e-05,
      0.0005507797049817105,
      3.2105199530041846e-07,
      0.0013218558960392261,
      1.726974879583341e-06,
      2.23555692053595e-06,
      1.0146612454156271e-07,
      1.15462026759579e-06,
      0.007233675945351385,
      4.43059825169733e-08,
      5.7338539451818005e-08,
      0.0,
      1.8035504659516317e-06,
      5.179967886109442e-07,
      0.00030562022589729175,
      1.4152540178067533e-08,
      8.365320064271315e-09,
      0.003661146211625182,
      5.6690414833685455e-09,
      4.52341253472098e-09,
      0.0003041517457810774,
      2.300007799397818e-06,
      0.0017932405447203556,
      0.12479608770223084,
      1.054670673615113e-08,
      2.656908447179788e-07,
      0.0034968890064915447,
      1.6773435403674143e-06,
      0.013739243245136255,
      0.034902411696222,
      0.13286530500015525,
      1.297694237517963e-07,
      0.007259695206680358,
      0.0065592449706025025,
      9.693495986420682e-08,
      4.7577415763083374e-07,
      1.583739895647768e-06,
      0.0019324730415489285,
      3.703695426485166e-07,
      4.599950732376081e-09,
      3.656040639075368e-08,
      7.471911512356098e-06,
      6.512775863758104e-06,
      2.3499101529124757e-06,
      5.7553344468292306e-09,
      5.2119547125345924e-06,
      0.003750292751838842,
      6.283403484996112e-07,
      6.1667054937790405e-09,
      0.013240864662038894,
      6.010183244184668e-07,
      0.005239391588274644,
      0.08524259313780015,
      9.757825203210083e-05,
      1.3729433213705103e-08,
      1.1205727858612885e-08,
      2.6765906297948274e-07,
      1.3033517528053604e-06,
      0.0014171255262795817,
      4.8554066259141816e-08,
      0.00019332477555589168
    ],
    [
      1.1423050414628653e-07,
      0.017673049314532428,
      0.00018374125668422307,
      0.0013289135541083373,
      2.3414644414899446e-05,
      0.00010278194121698246,
      1.1738494549335483e-05,
      0.06252496448419095,
      0.0600690078706452,
      3.7095295535306816e-06,
      0.06374963047786447,
      4.659941331295958e-06,
      8.715349557501112e-07,
      1.3642019041251882e-06,
      1.8035504659516317e-06,
      0.0,
      0.0003903017056070416,
      3.593138439900504e-05,
      2.12448649801101e-07,
      1.424805332967809e-07,
      6.546728476709844e-06,
      9.254616589357091e-08,
      7.432937707111345e-08,
      3.527381321437743e-05,
      0.06001395310139156,
      1.0478902960233689e-05,
      2.2242423486542806e-06,
      1.7243830832905555e-07,
      7.239518468220227e-05,
      6.8508932109512185e-06,
      0.06624534368729963,
      3.965793065918935e-06,
      3.066231350852421e-06,
      2.2026486407033335e-06,
      5.853069710694027e-06,
      4.6701289895570245e-06,
      5.176867084526425e-06,
      2.564423622449121e-06,
      0.000286913386679121,
      0.0646149327238883,
      9.175940464870104e-06,
      0.00017887077922269448,
      7.294416382072121e-08,
      6.676022706644356e-07,
      0.019279245388817482,
      0.021253088068502804,
      0.05952525189307263,
      8.737002274464913e-08,
      0.03248979230758401,
      6.665571591756548e-06,
      0.0005957533819286342,
      9.462697903078567e-08,
      3.9694227813350236e-06,
      0.0005030892345994275,
      5.851334519702471e-06,
      2.814745506270785e-06,
      0.00012163527316154979,
      2.2557189101219834e-07,
      1.81787719933496e-07,
      6.18456529424531e-05,
      0.06598029201825213,
      1.1922358760570981e-05,
      1.0931109484823883e-06,
      5.400488851737495e-05
    ],
    [
      3.907487121714522e-07,
      0.0001234418720161183,
      2.154847660841327e-05,
      5.011298656431911e-05,
      4.977317484869366e-06,
      0.022359136324381846,
      2.8890081695566346e-06,
      0.0004299865766400264,
      0.0003130293615140832,
      1.9928622065646684e-05,
      0.0009664738247995594,
      1.2318247527482126e-06,
      3.577805711409784e-06,
      5.441043168044342e-06,
      5.179967886109442e-07,
      0.0003903017056070416,
      0.0,
      7.14387699756718e-06,
      7.837380023844802e-07,
      4.874491362168712e-07,
      1.591612404359931e-06,
      3.1903916495200607e-07,
      2.704896902355976e-07,
      6.9676963159112945e-06,
      0.0003223695067868896,
      2.5322706096723886e-06,
      6.38162953927623e-07,
      5.994578576630952e-07,
      0.01236324751476753,
      1.7531899222935036e-06,
      0.000485466217469003,
      1.0924074104938449e-06,
      8.573856712579332e-07,
      6.100417874676155e-07,
      3.385493394096462e-05,
      1.2867096391438345e-06,
      1.4193286437066584e-06,
      1.1596206428766833e-05,
      0.11394825991026146,
      0.0005164116431972883,
      2.344344317133301e-06,
      0.07356291473106912,
      2.6297935481288495e-07,
      2.5627541046593294e-06,
      0.00012062596969115015,
      0.00013521003126455402,
      0.00030630354882898883,
      3.1729683823188446e-07,
      0.00015158279629852138,
      1.686587655501636e-06,
      0.11542561042019296,
      3.453871693332257e-07,
      1.12840748882322e-06,
      0.11608453950976724,
      1.4116058389319327e-06,
      7.524478558142155e-07,
      1.7354960758644032e-05,
      8.012348237271834e-07,
      6.489944919332249e-07,
      0.010542677235470968,
      0.0007098922965013151,
      2.894402534863996e-06,
      4.3959441574977256e-06,
      9.617273927139062e-06
    ],
    [
      3.287758291853473e-08,
      0.00018240098711251615,
      0.028613828384999568,
      0.007810216324318885,
      0.05353120641168678,
      3.3854018575229794e-06,
      0.017535780520450597,
      3.2128225764870226e-05,
      4.316193262438246e-05,
      6.3507643436664e-07,
      2.114500190545051e-05,
      0.0030196644785012326,
      2.1498792858985863e-07,
      2.8939396826941346e-07,
      0.00030562022589729175,
      3.593138439900504e-05,
      7.14387699756718e-06,
      0.0,
      6.432171973236795e-08,
      3.824523852498918e-08,
      0.005829974083760604,
      2.6181685709763232e-08,
      2.190061100901366e-08,
      0.07706208653414628,
      4.53956219916719e-05,
      0.011788483685124909,
      0.00041906885801273907,
      4.6523859548718516e-08,
      2.707224140995803e-06,
      0.005445785116581808,
      3.062484588003835e-05,
      0.0021125985341035945,
      0.0011083908778821874,
      0.000375958113141283,
      8.761208975301092e-07,
      0.0030259722151681117,
      0.0034115061547805945,
      5.137002680096944e-07,
      5.871625676415654e-06,
      2.8512167989160154e-05,
      0.010136752103009329,
      4.7490508849650756e-06,
      2.130887627269032e-08,
      1.711586108167215e-07,
      0.00017961699762411652,
      0.0001541022826652892,
      4.727453522612196e-05,
      2.6235954979462313e-08,
      0.00011262058380562766,
      0.005108927043977883,
      8.813754348907673e-06,
      2.8090953682648348e-08,
      0.002277709861534185,
      7.92128784411094e-06,
      0.004151770695274427,
      0.000636811831425497,
      0.03890888569969448,
      6.210793923113122e-08,
      5.063047841645182e-08,
      2.562932801234789e-06,
      2.472729454741502e-05,
      0.015859703562946487,
      2.530715889819494e-07,
      0.069676379197434
    ],
    [
      0.05216955270706288,
      1.48666761782539e-07,
      1.0137348046949053e-07,
      1.3762420089385883e-07,
      5.2501493898433954e-08,
      1.8317296408282666e-06,
      3.892743084661965e-08,
      2.082882879626351e-07,
      1.8960517092404377e-07,
      5.51724185991818e-05,
      3.0598753290188923e-07,
      2.2406487422179533e-08,
      0.0009380871715138526,
      0.0003013953007464011,
      1.4152540178067533e-08,
      2.12448649801101e-07,
      7.837380023844802e-07,
      6.432171973236795e-08,
      0.0,
      0.06707713207523482,
      2.7885394036836124e-08,
      0.04371045823508054,
      0.03151577535613475,
      6.272886984713478e-08,
      1.885394951392937e-07,
      3.521974975044835e-08,
      1.6287391805495836e-08,
      0.08504835481590285,
      2.882273933070045e-06,
      2.7823131486264382e-08,
      2.3673798810344127e-07,
      2.079967640080241e-08,
      1.841302598352425e-08,
      1.5015278132486063e-08,
      3.7674928340378615e-05,
      2.3239757347233775e-08,
      2.7219371842151178e-08,
      0.00010501640358004427,
      9.341948398081634e-07,
      2.3265850503683622e-07,
      3.449991696855445e-08,
      1.259502247709926e-06,
      0.030652717992393778,
      0.0025207872465500014,
      1.386376684251225e-07,
      1.5046054594510084e-07,
      1.9653176339733862e-07,
      0.03597871646675331,
      1.491859867663574e-07,
      2.6934331932017312e-08,
      7.476088274247428e-07,
      0.042731000396440184,
      2.1433810090210796e-08,
      7.687254761376719e-07,
      2.4858120721817018e-08,
      1.8379826579491977e-08,
      9.341954712056598e-08,
      0.09400810609318884,
      0.09031764735036955,
      3.664108906400443e-06,
      2.7056000009114393e-07,
      3.726986045334391e-08,
      0.0004666484277079594,
      7.218193430528182e-08
    ],
    [
      0.07521174100737384,
      9.137511339910912e-08,
      6.502373514870267e-08,
      8.344185142586574e-08,
      3.3435959215612626e-08,
      1.0866612674264221e-06,
      2.2955714000753388e-08,
      1.2776894761618008e-07,
      1.107391700985561e-07,
      2.689339561438674e-05,
      2.0347298009809337e-07,
      1.4227704626420175e-08,
      0.0004624837567686217,
      0.00014584390908488207,
      8.365320064271315e-09,
      1.424805332967809e-07,
      4.874491362168712e-07,
      3.824523852498918e-08,
      0.06707713207523482,
      0.0,
      1.703562073820234e-08,
      0.06907313064871087,
      0.05464409464019818,
      3.923693423720396e-08,
      1.1685888899902212e-07,
      2.2162019220214924e-08,
      9.822421727484066e-09,
      0.07646786474975908,
      1.769464204816585e-06,
      1.790734197507255e-08,
      1.390550083115043e-07,
      1.3134384790029731e-08,
      1.1491149720360639e-08,
      9.643487059788167e-09,
      1.8961966266211955e-05,
      1.4523998873515018e-08,
      1.609079209922005e-08,
      4.8345325140645594e-05,
      5.894089920762356e-07,
      1.420290400837017e-07,
      2.1040284115437805e-08,
      7.606278573835751e-07,
      0.05328327924417411,
      0.0013816285742630444,
      9.076347016458668e-08,
      9.021675628809712e-08,
      1.1244445001615881e-07,
      0.058010500014774785,
      9.730781061127756e-08,
      1.7669451085858382e-08,
      4.415385428555127e-07,
      0.06678828188481561,
      1.2637217765095757e-08,
      4.5618767620682e-07,
      1.6085583641047702e-08,
      1.142956757752037e-08,
      5.9130400447898816e-08,
      0.06732587859979651,
      0.07471859947595813,
      2.1059163826088104e-06,
      1.779355591155155e-07,
      2.4061903160064656e-08,
      0.00023706543108635285,
      4.5900362695843234e-08
    ],
    [
      1.4448529769130088e-08,
      2.991514813159629e-05,
      0.0008535064709057806,
      0.0002879513659351972,
      0.014292656021835784,
      9.098741942776085e-07,
      0.039199642560206895,
      5.745127976719021e-06,
      7.645464136969964e-06,
      2.308720323268302e-07,
      3.976952868325007e-06,
      0.04419933803185829,
      9.116921477875931e-08,
      1.1893503401674211e-07,
      0.003661146211625182,
      6.546728476709844e-06,
      1.591612404359931e-06,
      0.005829974083760604,
      2.7885394036836124e-08,
      1.703562073820234e-08,
      0.0,
      1.1580420679894429e-08,
      9.4986522266484e-09,
      0.0057054342495090156,
      7.969522036703966e-06,
      0.04305335747595868,
      0.005003905394422478,
      2.1429867057304874e-08,
      7.397918577181808e-07,
      0.04769353639728766,
      5.614269126405033e-06,
      0.03507934009516236,
      0.02012976610712168,
      0.004444355009789894,
      3.1119776429469597e-07,
      0.04246659398479713,
      0.04521504866337921,
      2.072245077282001e-07,
      1.413782254254372e-06,
      5.15950401220399e-06,
      0.04515257238152987,
      1.1884428150541977e-06,
      9.387989797995112e-09,
      7.551778733988523e-08,
      2.9639149841652963e-05,
      2.484987399751676e-05,
      8.298386566005821e-06,
      1.1502996693940213e-08,
      1.9297800534457024e-05,
      0.04977059764086106,
      1.972089200681316e-06,
      1.2389385917231888e-08,
      0.03532556398719582,
      1.803656568650557e-06,
      0.0492552549993199,
      0.008297507344056682,
      0.0012051227063114617,
      2.745781489068835e-08,
      2.228191477905541e-08,
      7.069960075350245e-07,
      4.644184344414842e-06,
      0.03804357100997802,
      1.0585450101239566e-07,
      0.0029902060795638807
    ],
    [
      0.08119738238929138,
      6.110995649156883e-08,
      4.431887205549637e-08,
      5.672012360139028e-08,
      2.267114329206856e-08,
      7.38220194851064e-07,
      1.5676517424387316e-08,
      8.545302710021711e-08,
      7.673316801366263e-08,
      1.5498496514181992e-05,
      1.3380211237392958e-07,
