{
  "config": {
    "N": 64,
    "alpha": 1.74,
    "beta": 1.0,
    "gamma": 1.0,
    "dt": 0.02,
    "T": 200.0,
    "sample_every": 25,
    "seed": 101,
    "target_initial_load": 1.0,
    "noise_fraction": 0.02,
    "eps": 1e-12,
    "device": "cuda",
    "dtype": "float64",
    "model_variant": "full"
  },
  "device_used": "cuda",
  "dtype_used": "torch.float64",
  "runtime_seconds": 18.881473600049503,
  "final_constraint_report": {
    "symmetric": true,
    "zero_diagonal": true,
    "nonnegative": true,
    "symmetry_max_abs_error": 0.0,
    "diagonal_max_abs_error": 0.0,
    "minimum_entry": 0.0
  },
  "final_chi_hhi_star": 0.06654050064588254,
  "max_chi_hhi_star": 0.06654050064588254,
  "final_lambda2": 0.002621443872855833,
  "final_total_weight": 15.63635613763783,
  "final_load_cv": 0.22172521157029929,
  "W_final": [
    [
      0.0,
      2.484761337061579e-06,
      1.5314360036716881e-06,
      1.8206905564199848e-06,
      9.442841371482938e-07,
      2.8346383350437687e-05,
      7.352354377354304e-07,
      3.9183009201934625e-06,
      3.5120102756651908e-06,
      0.0005711658014915508,
      5.698047295780269e-06,
      4.815590364875086e-07,
      0.006978973606312367,
      0.00263873298370366,
      2.5614082833676585e-07,
      4.360894599437831e-06,
      1.2987847390441085e-05,
      1.0877384712033145e-06,
      0.05016661147886336,
      0.06268119606080418,
      5.871765865411655e-07,
      0.06635556923150913,
      0.06568606085284748,
      1.074288987042714e-06,
      3.503182249878319e-06,
      6.986440686570908e-07,
      2.998058917682744e-07,
      0.05535523812977015,
      4.4355215052035836e-05,
      6.033221120936597e-07,
      4.3539431149691135e-06,
      4.350726801286916e-07,
      3.751470447458222e-07,
      2.891496096823602e-07,
      0.00039314919171660307,
      4.879423633906246e-07,
      5.562359811128088e-07,
      0.0010039953175995408,
      1.5918473861384043e-05,
      4.360573887752618e-06,
      6.886795271075044e-07,
      2.0787770308699683e-05,
      0.06665919198037917,
      0.013650653624733671,
      2.380922886002756e-06,
      2.5932099570294264e-06,
      3.619352152965881e-06,
      0.06738571329078599,
      2.8107089039808356e-06,
      5.89487244018109e-07,
      1.1487712173173932e-05,
      0.06671583121841425,
      4.302175188643937e-07,
      1.1955415536563873e-05,
      5.396037663322657e-07,
      3.666795295281138e-07,
      1.4555110647351765e-06,
      0.04969576291515124,
      0.052519192368064786,
      5.286200492427982e-05,
      5.19589491265254e-06,
      7.593764584222191e-07,
      0.004068034703924423,
      1.2160427366460643e-06
    ],
    [
      2.484761337061579e-06,
      0.0,
      0.010970775333522954,
      0.023149784169467228,
      0.0024340757270700443,
      0.0007419122469707059,
      0.001475794992587607,
      0.022490394967360102,
      0.02737965481154821,
      4.799891978197601e-05,
      0.014498410453542315,
      0.0006436144412994801,
      1.2926355369236592e-05,
      1.8062733384025845e-05,
      0.00019853198531522034,
      0.024133439461030026,
      0.0024200544306130435,
      0.003428022022867638,
      4.409333694618491e-06,
      2.955861917721848e-06,
      0.0008400217013824761,
      2.028120505527967e-06,
      1.650403858931302e-06,
      0.0035292195940273123,
      0.030130297760908135,
      0.0012926321328311833,
      0.00025120780334784634,
      3.617163765786441e-06,
      0.00048359604757485604,
      0.0008590199089817137,
      0.02217320600835064,
      0.000540240512470793,
      0.0003737921272023023,
      0.0002389612997804517,
      6.763989088013118e-05,
      0.0006032582269032462,
      0.0006813206481216904,
      3.3480890073841736e-05,
      0.0018052646876714556,
      0.02032353002870875,
      0.001232355033049997,
      0.001213183929046541,
      1.5993573287696996e-06,
      9.902610106600363e-06,
      0.04012151886632519,
      0.039925034114808716,
      0.028173548240580826,
      1.9951943488771367e-06,
      0.038139432311122545,
      0.0008673843723063889,
      0.003249104247267353,
      2.2188679683847773e-06,
      0.0005188465903260545,
      0.0029058281997110984,
      0.0007160969404885077,
      0.00030366262089891535,
      0.00832884673668703,
      4.38080242463564e-06,
      3.801394258943989e-06,
      0.000427614923191571,
      0.017410639779312412,
      0.0014452358515499868,
      1.5677172122097014e-05,
      0.004759239751256993
    ],
    [
      1.5314360036716881e-06,
      0.010970775333522954,
      0.0,
      0.031118190282937292,
      0.02027143267065656,
      0.00019622032254864745,
      0.012429951776927756,
      0.0029635340693040307,
      0.003725565037948211,
      2.307082197169377e-05,
      0.001803983402803117,
      0.00534807793761483,
      7.314645346090276e-06,
      1.0307974084013511e-05,
      0.001320351191058497,
      0.0032635711408429044,
      0.0004494426392187067,
      0.025274857125548066,
      2.6190022921601376e-06,
      1.8322050870435846e-06,
      0.007281955479772586,
      1.2811902847211537e-06,
      9.86560412631907e-07,
      0.026565955486147604,
      0.004014900574091088,
      0.010953063881765304,
      0.0017057222415127883,
      2.1579215770141263e-06,
      0.00013521156658572437,
      0.007557819459786052,
      0.002761419750161468,
      0.004179329606477594,
      0.0029771350115107382,
      0.0016257958968586865,
      3.163554683282194e-05,
      0.0052399678739265595,
      0.005721725719056094,
      1.7997097992190745e-05,
      0.0003811109344347972,
      0.0025301233774508614,
      0.010723083410621783,
      0.000281122455522123,
      9.59538488975279e-07,
      5.775248744093699e-06,
      0.01103295254918631,
      0.009402991650437217,
      0.003976319961214076,
      1.2140966434008723e-06,
      0.007748958690322383,
      0.007423166069573721,
      0.0005662409843892048,
      1.3296111604481566e-06,
      0.004238899817662928,
      0.0005325775783993936,
      0.006131746052937219,
      0.0022495031797466797,
      0.03717448518478381,
      2.703114023788831e-06,
      2.295601754920802e-06,
      0.00012527908850891605,
      0.002098604108944935,
      0.012300395566493136,
      8.617866481763656e-06,
      0.03161495745247801
    ],
    [
      1.8206905564199848e-06,
      0.023149784169467228,
      0.031118190282937292,
      0.0,
      0.01038217904582936,
      0.00032578509912913257,
      0.006472513076969273,
      0.007374874208067663,
      0.009429917731377722,
      2.994056154413447e-05,
      0.004148559964182034,
      0.002412985168377027,
      8.991214920506707e-06,
      1.2062640073664975e-05,
      0.0006762962119280777,
      0.007547363866037041,
      0.0008874611760550219,
      0.014464723601847555,
      3.2861719793515327e-06,
      2.17307165995696e-06,
      0.003532349275098563,
      1.5154961693270965e-06,
      1.2021536460985812e-06,
      0.014085554016743046,
      0.010208518277660636,
      0.005323503582494426,
      0.0008622347633920482,
      2.5391890011426518e-06,
      0.00021594605006141967,
      0.003545067408939889,
      0.006745850847222305,
      0.002006897889548633,
      0.0013844166524248683,
      0.0007930737946309231,
      4.163030780023313e-05,
      0.002486203398928123,
      0.0027837360319629854,
      2.2007783853541016e-05,
      0.0006684075935490005,
      0.0063110565476609684,
      0.004936306896413384,
      0.0004815971059245072,
      1.1994156964239555e-06,
      6.805667941134635e-06,
      0.02236116448535591,
      0.021046914439034677,
      0.010139051594554378,
      1.5059433467871655e-06,
      0.016831838361070606,
      0.0034291293989000757,
      0.001130446179470324,
      1.6077654690354814e-06,
      0.0020642167853682273,
      0.0010423463870333819,
      0.002836114700389943,
      0.001084921635461342,
      0.02687768312058839,
      3.1831851512297567e-06,
      2.760449446213641e-06,
      0.00020001695161405496,
      0.0052577591909754124,
      0.005942481096805707,
      1.0559846275485985e-05,
      0.017712625063526954
    ],
    [
      9.442841371482938e-07,
      0.0024340757270700443,
      0.02027143267065656,
      0.01038217904582936,
      0.0,
      6.78298859939551e-05,
      0.03016773429666093,
      0.0005848451732427609,
      0.0007602727460530698,
      1.221553896577249e-05,
      0.0003815176324269829,
      0.018983564974695,
      4.283599191659867e-06,
      5.822706106953865e-06,
      0.0057187701495558935,
      0.0006599573756324268,
      0.00012986045210593988,
      0.03310168917074085,
      1.642515793134043e-06,
      1.1409025226781617e-06,
      0.02357443733257808,
      7.936593554603117e-07,
      6.292978311851507e-07,
      0.034174618723692124,
      0.0008053941254103189,
      0.02856219409321846,
      0.0071933906689754966,
      1.3363593536562471e-06,
      4.9904913545055225e-05,
      0.023470610384756337,
      0.0005625984793765367,
      0.015547493431827585,
      0.011957111292206939,
      0.006987392684477067,
      1.651770924073308e-05,
      0.018498439144697617,
      0.01954897845080167,
      9.940695101354598e-06,
      0.00011031228097422481,
      0.0005156834575044931,
      0.027854169713481088,
      8.891186698696826e-05,
      6.101553453826119e-07,
      3.395128263203685e-06,
      0.0025213677516631528,
      0.00210762935854538,
      0.0008161646374460224,
      7.586983955560114e-07,
      0.0017291591321419745,
      0.023262414760707787,
      0.00015340994390520445,
      8.268310133801317e-07,
      0.015552626790669613,
      0.00014258664560723834,
      0.02124572529233686,
      0.00928435996825809,
      0.023290013197102145,
      1.6519793542505658e-06,
      1.4047399880301864e-06,
      4.7541728237048895e-05,
      0.00044249869545255507,
      0.029865129807010622,
      5.116470277938637e-06,
      0.03085833498280574
    ],
    [
      2.8346383350437687e-05,
      0.0007419122469707059,
      0.00019622032254864745,
      0.00032578509912913257,
      6.78298859939551e-05,
      0.0,
      4.253085920069335e-05,
      0.002727525383060092,
      0.001954469052294173,
      0.0010828842850242484,
      0.005393965652519288,
      2.1411800873114868e-05,
      0.00019852174526456103,
      0.00031682029475096966,
      8.51535152591075e-06,
      0.00246444778218847,
      0.038910398748360095,
      8.3553810903655e-05,
      5.410096568698378e-05,
      3.502514177236936e-05,
      2.769510804065309e-05,
      2.4420449968298543e-05,
      1.8880566521140955e-05,
      8.606959877303989e-05,
      0.0020213189263504454,
      4.039974129489081e-05,
      1.0713459403185875e-05,
      4.3371259571509186e-05,
      0.06662296787161165,
      3.0995365436878034e-05,
      0.0030249481060009103,
      1.8539835884790387e-05,
      1.5378128813579968e-05,
      1.0052002880762546e-05,
      0.0017229953440560414,
      2.3537652767442793e-05,
      2.6319263438020225e-05,
      0.0006549323752734104,
      0.0452243284635817,
      0.0031574731633028813,
      4.039282820679598e-05,
      0.058524155692515664,
      1.8497599702878688e-05,
      0.000137278947906692,
      0.000745730723730924,
      0.0008205703384236974,
      0.001975565063454969,
      2.3240956202327937e-05,
      0.0009195781839103631,
      2.9122798690882938e-05,
      0.031018231574496066,
      2.4842978370432816e-05,
      1.9442355263424593e-05,
      0.03449522656070306,
      2.4221372940046514e-05,
      1.303161682528177e-05,
      0.00015309319932284735,
      5.398841081837819e-05,
      4.655419244271965e-05,
      0.06732234428656571,
      0.004059156568496049,
      4.191761118710826e-05,
      0.0002355980035431011,
      0.00010643807536521006
    ],
    [
      7.352354377354304e-07,
      0.001475794992587607,
      0.012429951776927756,
      0.006472513076969273,
      0.03016773429666093,
      4.253085920069335e-05,
      0.0,
      0.0003482735789459429,
      0.0004725186378721463,
      8.911038059092182e-06,
      0.00021171014068444778,
      0.02581881114225142,
      3.3506124673760815e-06,
      4.141193783405395e-06,
      0.0098801988340531,
      0.000371818211546217,
      8.261712504100407e-05,
      0.028852491603239605,
      1.3298389849205464e-06,
      8.553292126465688e-07,
      0.03192962832180201,
      5.992687047092257e-07,
      4.942635587439891e-07,
      0.026013024086125876,
      0.0004924281718066709,
      0.03224796686292758,
      0.011965657666775016,
      1.0068268140294786e-06,
      3.245253448975129e-05,
      0.028751764555481615,
      0.00032341426884441895,
      0.023679026355110443,
      0.017889116813077338,
      0.01095139887038725,
      1.1633512574416604e-05,
      0.025771324549120577,
      0.02673078267249476,
      7.220716210138352e-06,
      7.030910233009816e-05,
      0.0003037116947512929,
      0.032390354504615665,
      5.891175755935769e-05,
      4.76605956981925e-07,
      2.638475689365091e-06,
      0.0014299534439523353,
      0.0012839027368636874,
      0.0005106448619833633,
      6.024076976500064e-07,
      0.000988778860865214,
      0.02856255525025225,
      9.937534060784404e-05,
      6.442985709672419e-07,
      0.02385669875136757,
      8.8805220246137e-05,
      0.028548498681006763,
      0.014309897723444532,
      0.015810587769739152,
      1.229091537125999e-06,
      1.0670538244241904e-06,
      3.1018123333609364e-05,
      0.00025994931735148124,
      0.033399314510911306,
      3.9110587033624305e-06,
      0.02207257442882922
    ],
    [
      3.9183009201934625e-06,
      0.022490394967360102,
      0.0029635340693040307,
      0.007374874208067663,
      0.0005848451732427609,
      0.002727525383060092,
      0.0003482735789459429,
      0.0,
      0.040780659461839175,
      0.00010018018486531549,
      0.037593871936008896,
      0.00014750048213446392,
      2.1955896857164105e-05,
      3.192985230994033e-05,
      5.275831317639921e-05,
      0.038038514693752475,
      0.008236114056163533,
      0.0008416118116565716,
      7.159059470556007e-06,
      4.78977777937311e-06,
      0.0001983846155964553,
      3.286590261701402e-06,
      2.599356275989786e-06,
      0.0008256086040160985,
      0.03962452593985868,
      0.000326272032739761,
      6.838925614093829e-05,
      5.52570803771596e-06,
      0.0018482442909226243,
      0.00022767213546722912,
      0.03930339747682646,
      0.00012947820516321236,
      9.912995151392536e-05,
      6.165397386302762e-05,
      0.00014320137251880825,
      0.00016688392630796693,
      0.0001772810592755654,
      6.17788403858037e-05,
      0.006332177069496343,
      0.04498969047525867,
      0.0002984540417029791,
      0.004230646722179891,
      2.6259499129122697e-06,
      1.5546362665378892e-05,
      0.024329135768694263,
      0.025851170728789515,
      0.040124668021802326,
      3.2568274214570896e-06,
      0.027862500910131014,
      0.0002059503208455281,
      0.010707452024540471,
      3.4639567006949578e-06,
      0.00013921406286692656,
      0.009893643726640757,
      0.00017282495617231518,
      7.990970390399746e-05,
      0.0021476955185282267,
      7.117082726316781e-06,
      6.217263374161028e-06,
      0.001527929239048642,
      0.038838438543174814,
      0.0003472687786398631,
      2.5395382624649917e-05,
      0.0011668835655157255
    ],
    [
      3.5120102756651908e-06,
      0.02737965481154821,
      0.003725565037948211,
      0.009429917731377722,
      0.0007602727460530698,
      0.001954469052294173,
      0.0004725186378721463,
      0.040780659461839175,
      0.0,
      8.273715372299797e-05,
      0.032139247324511976,
      0.00018758765739480094,
      1.881194863160112e-05,
      2.7730522656078306e-05,
      6.855910533960929e-05,
      0.037432186277498655,
      0.006288905758170215,
      0.0011177659773297672,
      6.551189047119701e-06,
      4.1731839037836095e-06,
      0.0002641352287597835,
      2.9667264070847864e-06,
      2.353616667614165e-06,
      0.0010938943217765902,
      0.039824937977560045,
      0.00043194993985113756,
      8.894549871481522e-05,
      4.903825908185225e-06,
      0.0012806543645477017,
      0.0002801081982792983,
      0.04025690335319976,
      0.00017006604190968432,
      0.00012398476303727884,
      8.00035933765286e-05,
      0.00011818903406268742,
      0.00021191421497527597,
      0.00022527310832919746,
      5.630148436499403e-05,
      0.004870115249498029,
      0.03868531009896953,
      0.00037973578478814427,
      0.0031697350707732366,
      2.3539809878598655e-06,
      1.3632235427951139e-05,
      0.027603095248821926,
      0.030727374937414585,
      0.04135123680949989,
      2.973025551684549e-06,
      0.03268856142681884,
      0.00026141095405212203,
      0.008385182329268898,
      3.173920812469632e-06,
      0.0001806636091896464,
      0.007777909836781178,
      0.00022447815013063288,
      0.00010353750982611964,
      0.0028130417223436325,
      6.41410018323847e-06,
      5.4426859009673714e-06,
      0.0011358410427826985,
      0.03623571520919528,
      0.0004599974650183172,
      2.287856968180174e-05,
      0.0014637975431649086
    ],
    [
      0.0005711658014915508,
      4.799891978197601e-05,
      2.307082197169377e-05,
      2.994056154413447e-05,
      1.221553896577249e-05,
      0.0010828842850242484,
      8.911038059092182e-06,
      0.00010018018486531549,
      8.273715372299797e-05,
      0.0,
      0.00015115180528656077,
      5.2862543387810845e-06,
      0.015265521586493767,
      0.036844068763214395,
      2.4690486927504704e-06,
      9.7211000644735e-05,
      0.00044700541234042276,
      1.4457469611849593e-05,
      0.0013928725493487354,
      0.0007596116886290138,
      6.454382418036331e-06,
      0.0004545233567423312,
      0.0003424966261282935,
      1.4368754698691999e-05,
      8.245243550832457e-05,
      8.743681723345456e-06,
      3.0537683346633738e-06,
      0.001000868577546925,
      0.001819537811714156,
      6.966057746628606e-06,
      0.00010614132762363947,
      4.866676394034282e-06,
      4.012094723412857e-06,
      2.884779154703169e-06,
      0.09660303548282331,
      5.605297536417433e-06,
      5.959272076059561e-06,
      0.07836120780955086,
      0.0005335031524224275,
      0.00011265890911199959,
      8.310918639967987e-06,
      0.0007497496574906703,
      0.000337696921786356,
      0.00838210295011335,
      4.5884556318086605e-05,
      5.0158029064134945e-05,
      7.8857480161481e-05,
      0.0004178457190864781,
      5.5758593614927515e-05,
      6.624000971638451e-06,
      0.0003808392888372209,
      0.0004857096249012819,
      4.919176497884308e-06,
      0.0004027731848037922,
      6.043907810180281e-06,
      3.5589387327248893e-06,
      2.172859816284331e-05,
      0.0014215692190625857,
      0.0011093549734679728,
      0.002126853875510252,
      0.00012983173803658585,
      9.151267998017095e-06,
      0.024654794250189,
      1.691655390526424e-05
    ],
    [
      5.698047295780269e-06,
      0.014498410453542315,
      0.001803983402803117,
      0.004148559964182034,
      0.0003815176324269829,
      0.005393965652519288,
      0.00021171014068444778,
      0.037593871936008896,
      0.032139247324511976,
      0.00015115180528656077,
      0.0,
      9.4005519323027e-05,
      3.1110065246521184e-05,
      5.073769633030665e-05,
      3.296816008281561e-05,
      0.03951474138557835,
      0.014545789314429904,
      0.0005276828621357445,
      9.808615025118302e-06,
      7.114286056377035e-06,
      0.00012885641386415448,
      4.799823893677063e-06,
      3.7683552627106203e-06,
      0.0005190033510483086,
      0.030758279319883196,
      0.00020867385072190176,
      4.275160052391607e-05,
      8.156274934970358e-06,
      0.003952014624547053,
      0.00014162738603116005,
      0.03842675119768238,
      8.138074951279946e-05,
      6.27257374956888e-05,
      4.1393199623779314e-05,
      0.0002337235232139772,
      0.00010204938294409534,
      0.00010874460275264475,
      9.534220309598663e-05,
      0.01208817670302664,
      0.041208888090720014,
      0.00018038544268187922,
      0.008367348271180318,
      3.628294984607881e-06,
      2.2378684306737077e-05,
      0.015824650477993574,
      0.016570380825066514,
      0.03049503526613801,
      4.440013004588261e-06,
      0.02145754344699737,
      0.00013304249169357677,
      0.018188039965297147,
      4.885737748796363e-06,
      8.361737435002415e-05,
      0.016793864149106625,
      0.00011544438387505246,
      5.444270329676161e-05,
      0.0013388066211833362,
      1.0205652439252343e-05,
      8.76394980791704e-06,
      0.0032348917005695327,
      0.04461773762432168,
      0.00022244482491699637,
      3.9280286573025974e-05,
      0.0007323480559732571
    ],
    [
      4.815590364875086e-07,
      0.0006436144412994801,
      0.00534807793761483,
      0.002412985168377027,
      0.018983564974695,
      2.1411800873114868e-05,
      0.02581881114225142,
      0.00014750048213446392,
      0.00018758765739480094,
      5.2862543387810845e-06,
      9.4005519323027e-05,
      0.0,
      2.1442584179567286e-06,
      2.660846605670142e-06,
      0.024599374996075615,
      0.00016267035250791138,
      3.808277555959905e-05,
      0.01365842026621823,
      8.249560345769012e-07,
      5.713545438025127e-07,
      0.03340965946014973,
      3.9198847052126425e-07,
      3.0842266215759665e-07,
      0.014317919815761363,
      0.00020924152768265572,
      0.026728115619578705,
      0.027114619112663094,
      6.89411386623857e-07,
      1.6416073946049103e-05,
      0.03351568318556841,
      0.00013531016332219407,
      0.03569349205063154,
      0.0361661699853521,
      0.027159503221268293,
      6.868980260402581e-06,
      0.03460913968572445,
      0.034648664822113075,
      4.308034004404096e-06,
      3.1932810780206426e-05,
      0.00012851204593194968,
      0.0299130957576271,
      2.8170576337626406e-05,
      3.014890851209271e-07,
      1.6692351166315748e-06,
      0.0006251917605312209,
      0.0005170087111412796,
      0.00020501430209716347,
      3.8028170270073267e-07,
      0.00042424308885629936,
      0.03660620609232339,
      4.391968556903444e-05,
      4.1519060212659046e-07,
      0.03401103819194806,
      4.001233723322927e-05,
      0.035452036017089836,
      0.030918343031695637,
      0.006398387487225916,
      8.111332156454602e-07,
      6.873619598457986e-07,
      1.5866807817475015e-05,
      0.00010857712028409807,
      0.02609336641919958,
      2.435768458152883e-06,
      0.011095342402833969
    ],
    [
      0.006978973606312367,
      1.2926355369236592e-05,
      7.314645346090276e-06,
      8.991214920506707e-06,
      4.283599191659867e-06,
      0.00019852174526456103,
      3.3506124673760815e-06,
      2.1955896857164105e-05,
      1.881194863160112e-05,
      0.015265521586493767,
      3.1110065246521184e-05,
      2.1442584179567286e-06,
      0.0,
      0.05539006348611753,
      1.0698239850475253e-06,
      2.2693422919967094e-05,
      8.078948936585886e-05,
      4.8544402481618756e-06,
      0.014992866424096866,
      0.008992925370193541,
      2.528440132802606e-06,
      0.005819696163734234,
      0.004439762570626199,
      4.996657186544195e-06,
      1.9577275369052846e-05,
      3.1169422707220066e-06,
      1.278801627540572e-06,
      0.012141565645568599,
      0.00031937287304675593,
      2.5927757549965282e-06,
      2.3517777446816572e-05,
      1.8925503590824872e-06,
      1.6494000400185595e-06,
      1.2011499910091814e-06,
      0.011340881175397078,
      2.14387425063512e-06,
      2.475665708615222e-06,
      0.02598957526624079,
      9.828566936043374e-05,
      2.3826049368347015e-05,
      3.111044125002827e-06,
      0.00013692899199524628,
      0.004287907148649864,
      0.06543222836669353,
      1.2182546955371188e-05,
      1.2986860730779273e-05,
      2.0288828605274092e-05,
      0.005087907271742523,
      1.3819412510313823e-05,
      2.588309088073979e-06,
      7.046307066187539e-05,
      0.005799053565958446,
      1.8833686959809735e-06,
      7.214449350336502e-05,
      2.3175162712286634e-06,
      1.5007242146220858e-06,
      6.731698947806213e-06,
      0.014993265934804241,
      0.01238791351995313,
      0.0003900461382388804,
      2.80960619152463e-05,
      3.3160637292650158e-06,
      0.06845621422977263,
      5.664210802338571e-06
    ],
    [
      0.00263873298370366,
      1.8062733384025845e-05,
      1.0307974084013511e-05,
      1.2062640073664975e-05,
      5.822706106953865e-06,
      0.00031682029475096966,
      4.141193783405395e-06,
      3.192985230994033e-05,
      2.7730522656078306e-05,
      0.036844068763214395,
      5.073769633030665e-05,
      2.660846605670142e-06,
      0.05539006348611753,
      0.0,
      1.3691990502580652e-06,
      3.5111410709271276e-05,
      0.00012108777159859792,
      6.462342448338714e-06,
      0.0059514403479995715,
      0.003458082203852863,
      3.262105052607131e-06,
      0.0021568014132161287,
      0.0015488249333450769,
      6.6777058298767955e-06,
      2.832912757287504e-05,
      4.347879621330592e-06,
      1.6189739467746057e-06,
      0.004697086157614316,
      0.0005541813984984462,
      3.4631744819819456e-06,
      3.7127018814125536e-05,
      2.485143262629424e-06,
      2.0313052396714676e-06,
      1.6113245541462719e-06,
      0.028121244027671934,
      2.803982062278496e-06,
      3.0905621152373865e-06,
      0.056174660076120805,
      0.00016049353113481028,
      3.617561403558657e-05,
      4.047460174703759e-06,
      0.00020723840314740378,
      0.001495751267546186,
      0.03667398126263983,
      1.7300074546407276e-05,
      1.796468799332732e-05,
      2.6972136237508686e-05,
      0.0018472790671721247,
      2.1487067201779392e-05,
      3.4169414089029334e-06,
      0.00010919001424760696,
      0.002147392214047002,
      2.4169479392342707e-06,
      0.00011888468537427689,
      3.047684910453778e-06,
      1.9903213804555338e-06,
      8.964170501154744e-06,
      0.006227297302559533,
      0.005044759034322757,
      0.0006713932359805203,
      4.2784171196647464e-05,
      4.28758684268571e-06,
      0.0759852963811435,
      7.567853708292876e-06
    ],
    [
      2.5614082833676585e-07,
      0.00019853198531522034,
      0.001320351191058497,
      0.0006762962119280777,
      0.0057187701495558935,
      8.51535152591075e-06,
      0.0098801988340531,
      5.275831317639921e-05,
      6.855910533960929e-05,
      2.4690486927504704e-06,
      3.296816008281561e-05,
      0.024599374996075615,
      1.0698239850475253e-06,
      1.3691990502580652e-06,
      0.0,
      5.498223752273758e-05,
      1.385021750278524e-05,
      0.003990003529346944,
      4.49982218613725e-07,
      2.90117972986212e-07,
      0.018009166668238492,
      2.0172572492157936e-07,
      1.5760501181528136e-07,
      0.003971956532427301,
      7.009250592934408e-05,
      0.011862091702933834,
      0.06818111073612163,
      3.492502785945623e-07,
      6.775770700234108e-06,
      0.017089909426230485,
      5.0845583355598485e-05,
      0.031784503800358764,
      0.042155312393545974,
      0.07072224415417105,
      3.0587606091682893e-06,
      0.024786207595264665,
      0.023863538269407465,
      2.290970223614026e-06,
      1.2900391819599622e-05,
      4.792175811256121e-05,
      0.012330302707480721,
      1.000304658311758e-05,
      1.5951201455136514e-07,
      8.504034233257566e-07,
      0.00019489760951572045,
      0.0001744380887297653,
      7.159655609227795e-05,
      2.0178567846925657e-07,
      0.0001458796538594396,
      0.017859197033268378,
      1.6272837906972664e-05,
      2.1852283357889758e-07,
      0.031375811924176655,
      1.574386104997412e-05,
      0.021253199377348177,
      0.05588617000498277,
      0.001634062379849069,
      4.33276401744044e-07,
      3.673957804836712e-07,
      6.67952704623229e-06,
      3.8430512307960367e-05,
      0.010239994042867713,
      1.1874242744833435e-06,
      0.0028708493070748586
    ],
    [
      4.360894599437831e-06,
      0.024133439461030026,
      0.0032635711408429044,
      0.007547363866037041,
      0.0006599573756324268,
      0.00246444778218847,
      0.000371818211546217,
      0.038038514693752475,
      0.037432186277498655,
      9.7211000644735e-05,
      0.03951474138557835,
      0.00016267035250791138,
      2.2693422919967094e-05,
      3.5111410709271276e-05,
      5.498223752273758e-05,
      0.0,
      0.007518277999937859,
      0.000934395311167252,
      7.286925854317709e-06,
      5.330337819663128e-06,
      0.00022535108905461025,
      3.5521186781545044e-06,
      2.793355334519136e-06,
      0.0009193919000025105,
      0.03785754908200134,
      0.0003413434312471897,
      6.970090418560658e-05,
      6.159540307357491e-06,
      0.0017339096308929536,
      0.00023502733401205143,
      0.03984180163282858,
      0.00013729601646608495,
      0.00010314124619749478,
      6.844168856802327e-05,
      0.0001484223016783179,
      0.00016282707524153906,
      0.0001801216169029153,
      6.528193853217582e-05,
      0.005970480447184344,
      0.039399145945163035,
      0.0003027725954770458,
      0.004025214280528037,
      2.7282800794486658e-06,
      1.6743779358736268e-05,
      0.02560037465748908,
      0.02566470256773693,
      0.03772661260693874,
      3.3041843757856055e-06,
      0.03295571372386218,
      0.00022932249488231724,
      0.009917978391009602,
      3.616951544756782e-06,
      0.00013733063746332238,
      0.008839203339203896,
      0.00020353772046376214,
      9.077068066594922e-05,
      0.002446357000646838,
      7.67921353219494e-06,
      6.429345614696719e-06,
      0.0014654225257575114,
      0.040457289167791795,
      0.0003800020136242141,
      2.882565396486382e-05,
      0.0013090537158462713
    ],
    [
      1.2987847390441085e-05,
      0.0024200544306130435,
      0.0004494426392187067,
      0.0008874611760550219,
      0.00012986045210593988,
      0.038910398748360095,
      8.261712504100407e-05,
      0.008236114056163533,
      0.006288905758170215,
      0.00044700541234042276,
      0.014545789314429904,
      3.808277555959905e-05,
      8.078948936585886e-05,
      0.00012108777159859792,
      1.385021750278524e-05,
      0.007518277999937859,
      0.0,
      0.0001764480032456137,
      2.3395614083714602e-05,
      1.5875537772380093e-05,
      4.875982511798495e-05,
      1.066221291413359e-05,
      8.851899104045063e-06,
      0.00017233426174291768,
      0.006449848788962355,
      7.413662706529129e-05,
      1.7557753854220243e-05,
      1.863832056027703e-05,
      0.030243249992291447,
      5.3555372643104685e-05,
      0.008972140427175583,
      3.342403080686086e-05,
      2.541025089890134e-05,
      1.6636600811859568e-05,
      0.0007296136818828159,
      3.973855564655979e-05,
      4.379054781842955e-05,
      0.00025357285150496195,
      0.054086168945645066,
      0.009522300495015469,
      6.936764486809747e-05,
      0.05135471699038327,
      8.565293323331685e-06,
      5.578283961562074e-05,
      0.0023740795186932176,
      0.002692957836573052,
      0.006149383954488673,
      1.0448893443893328e-05,
      0.003068148017888345,
      5.1631876972135516e-05,
      0.05280580863238277,
      1.1495123915913732e-05,
      3.451159819809414e-05,
      0.052793437253781,
      4.35832281895916e-05,
      2.1334625169751477e-05,
      0.00037772085387785504,
      2.373824281399846e-05,
      1.997852100630928e-05,
      0.02684912057571669,
      0.01194863913610114,
      8.322093000271308e-05,
      0.00010043503536732632,
      0.000227919656980585
    ],
    [
      1.0877384712033145e-06,
      0.003428022022867638,
      0.025274857125548066,
      0.014464723601847555,
      0.03310168917074085,
      8.3553810903655e-05,
      0.028852491603239605,
      0.0008416118116565716,
      0.0011177659773297672,
      1.4457469611849593e-05,
      0.0005276828621357445,
      0.01365842026621823,
      4.8544402481618756e-06,
      6.462342448338714e-06,
      0.003990003529346944,
      0.000934395311167252,
      0.0001764480032456137,
      0.0,
      1.9120538594484204e-06,
      1.239977063235503e-06,
      0.018879299143745306,
      8.708781894811279e-07,
      7.132635253516699e-07,
      0.034809039932531455,
      0.0011615092201041938,
      0.024038048542029154,
      0.005021705015458271,
      1.4402742132056399e-06,
      6.432864715081568e-05,
      0.018021972773297257,
      0.0007982648293768714,
      0.01161917247990338,
      0.008246335271334738,
      0.004654480392721343,
      1.932054234920168e-05,
      0.013820949989854621,
      0.014625969135814676,
      1.135594530969519e-05,
      0.0001473960778410319,
      0.0007450289916450786,
      0.0226174764704397,
      0.0001190653564444172,
      6.906953788259977e-07,
      3.722449571969917e-06,
      0.0034176523023307735,
      0.003094287443757287,
      0.0012091421617643717,
      8.598541056628636e-07,
      0.002454293509635187,
      0.017233061420704233,
      0.00021004735113398882,
      9.305165590853127e-07,
      0.01243621603834717,
      0.00019123186053983236,
      0.016281305312866243,
      0.006480896852246303,
      0.03100722928400795,
      1.8324772736478814e-06,
      1.5519141044736302e-06,
      5.9613643650141533e-05,
      0.0006336819076300351,
      0.02661397245455761,
      5.787903162454132e-06,
      0.035065355788915974
    ],
    [
      0.05016661147886336,
      4.409333694618491e-06,
      2.6190022921601376e-06,
      3.2861719793515327e-06,
      1.642515793134043e-06,
      5.410096568698378e-05,
      1.3298389849205464e-06,
      7.159059470556007e-06,
      6.551189047119701e-06,
      0.0013928725493487354,
      9.808615025118302e-06,
      8.249560345769012e-07,
      0.014992866424096866,
      0.0059514403479995715,
      4.49982218613725e-07,
      7.286925854317709e-06,
      2.3395614083714602e-05,
      1.9120538594484204e-06,
      0.0,
      0.05280553829868903,
      1.0181686507730536e-06,
      0.046314895544329805,
      0.04092622901926759,
      1.8669124313941534e-06,
      6.476353350605223e-06,
      1.2307662383160204e-06,
      5.32872066402464e-07,
      0.05781880474129427,
      8.171746348523151e-05,
      1.0130379584905317e-06,
      8.071875217943959e-06,
      7.575618265021762e-07,
      6.493212470421348e-07,
      4.869180691689516e-07,
      0.0009298562575844879,
      8.547474790158371e-07,
      1.0002550624977225e-06,
      0.002450150259999315,
      2.8273881844631797e-05,
      7.917038937315832e-06,
      1.218165159666524e-06,
      3.789938527349351e-05,
      0.04066109114265957,
      0.02612745699700709,
      4.143486730911392e-06,
      4.599031986960992e-06,
      6.7472503151041605e-06,
      0.044582702421097624,
      4.74785654974633e-06,
      9.826815536937753e-07,
      2.1631478691763213e-05,
      0.04693262859933679,
      7.803593146208782e-07,
      2.2499040130832792e-05,
      9.143117322837655e-07,
      6.198267710853444e-07,
      2.4908550893919185e-06,
      0.060381902843328034,
      0.060440845674244764,
      0.0001015434739368649,
      8.959202021387134e-06,
      1.2798903506802026e-06,
      0.008798468709721665,
      2.0670149817136713e-06
    ],
    [
      0.06268119606080418,
      2.955861917721848e-06,
      1.8322050870435846e-06,
      2.17307165995696e-06,
      1.1409025226781617e-06,
      3.502514177236936e-05,
      8.553292126465688e-07,
      4.78977777937311e-06,
      4.1731839037836095e-06,
      0.0007596116886290138,
      7.114286056377035e-06,
      5.713545438025127e-07,
      0.008992925370193541,
      0.003458082203852863,
      2.90117972986212e-07,
      5.330337819663128e-06,
      1.5875537772380093e-05,
      1.239977063235503e-06,
      0.05280553829868903,
      0.0,
      6.784364258756754e-07,
      0.06164531509430562,
      0.05632170206128929,
      1.2736344335600754e-06,
      4.378123756366869e-06,
      8.446913766273777e-07,
      3.505228174339282e-07,
      0.060121635676915794,
      5.475744736020365e-05,
      7.111422740648493e-07,
      5.171240898759611e-06,
      5.217768663448815e-07,
      4.4199604757258466e-07,
      3.4110597856218385e-07,
      0.0005225261103258258,
      5.826408617195114e-07,
      6.449386620039796e-07,
      0.0012808732720682619,
      1.9463434611934616e-05,
      5.271373830610767e-06,
      8.102899687994315e-07,
      2.4974913110175967e-05,
      0.05562516006759632,
      0.01690953339071925,
      2.958657584709128e-06,
      3.0076443162085247e-06,
      4.210462769013225e-06,
      0.057021085017455314,
      3.377675421594171e-06,
      7.031329389699963e-07,
      1.393799786631267e-05,
      0.060639140328466665,
      5.018294870697455e-07,
      1.4566589663102072e-05,
      6.453192072701459e-07,
      4.2041995961686843e-07,
      1.7195436558819062e-06,
      0.05395854074681193,
      0.05949949121992189,
      6.370384101324102e-05,
      6.426600457878454e-06,
      9.012518347200522e-07,
      0.005422269254022849,
      1.4335897657284413e-06
    ],
    [
      5.871765865411655e-07,
      0.0008400217013824761,
      0.007281955479772586,
      0.003532349275098563,
      0.02357443733257808,
      2.769510804065309e-05,
      0.03192962832180201,
      0.0001983846155964553,
      0.0002641352287597835,
      6.454382418036331e-06,
      0.00012885641386415448,
      0.03340965946014973,
      2.528440132802606e-06,
      3.262105052607131e-06,
      0.018009166668238492,
      0.00022535108905461025,
      4.875982511798495e-05,
      0.018879299143745306,
      1.0181686507730536e-06,
      6.784364258756754e-07,
      0.0,
      4.7316252341197526e-07,
      3.800027816373717e-07,
      0.01864117411627754,
      0.00027330481551483447,
      0.031567484732410354,
      0.020753544851430897,
      8.148972727882681e-07,
      2.1658287395085698e-05,
      0.03242415421119705,
      0.00019248762495679956,
      0.03133716587494942,
      0.027870292799206005,
      0.019756479471089137,
      8.427518803584187e-06,
      0.03212942759049548,
      0.033163408263400466,
      5.62612352196656e-06,
      4.394286771566185e-05,
      0.00017671849702639343,
      0.03207284071707921,
      3.681743946794925e-05,
      3.7379205705160353e-07,
      2.0173528790581363e-06,
      0.0008393404874123881,
      0.0007281655570261683,
      0.0002844764938090519,
      4.6308697179857464e-07,
      0.0005967583872196529,
      0.03394450770584921,
      5.846928457172921e-05,
      5.041160022471413e-07,
      0.03129708576638067,
      5.410657996072287e-05,
      0.03479191117319953,
      0.023784750218267665,
      0.009203836197931864,
      9.950860654976013e-07,
      8.389132832318742e-07,
      2.0255673634717775e-05,
      0.00015522476095988883,
      0.030114223051617234,
      2.9734576266233665e-06,
      0.014549992248375086
    ],
    [
      0.06635556923150913,
      2.028120505527967e-06,
      1.2811902847211537e-06,
      1.5154961693270965e-06,
      7.936593554603117e-07,
      2.4420449968298543e-05,
      5.992687047092257e-07,
      3.286590261701402e-06,
      2.9667264070847864e-06,
      0.0004545233567423312,
      4.799823893677063e-06,
      3.9198847052126425e-07,
      0.005819696163734234,
      0.0021568014132161287,
      2.0172572492157936e-07,
      3.5521186781545044e-06,
      1.066221291413359e-05,
      8.708781894811279e-07,
      0.046314895544329805,
      0.06164531509430562,
