{
  "config": {
    "N": 64,
    "alpha": 1.68,
    "beta": 1.0,
    "gamma": 1.0,
    "dt": 0.02,
    "T": 200.0,
    "sample_every": 25,
    "seed": 103,
    "target_initial_load": 1.0,
    "noise_fraction": 0.02,
    "eps": 1e-12,
    "device": "cuda",
    "dtype": "float64",
    "model_variant": "full"
  },
  "device_used": "cuda",
  "dtype_used": "torch.float64",
  "runtime_seconds": 18.044936100021005,
  "final_constraint_report": {
    "symmetric": true,
    "zero_diagonal": true,
    "nonnegative": true,
    "symmetry_max_abs_error": 0.0,
    "diagonal_max_abs_error": 0.0,
    "minimum_entry": 0.0
  },
  "final_chi_hhi_star": 0.015013034007313984,
  "max_chi_hhi_star": 0.015013034007313984,
  "final_lambda2": 0.07806534681363367,
  "final_total_weight": 16.15784360063945,
  "final_load_cv": 0.08808510985708047,
  "W_final": [
    [
      0.0,
      0.016235110683422045,
      0.0002307044764424281,
      0.016916423769453265,
      0.0005582576711823397,
      0.006287879135859814,
      0.0015245895760946082,
      0.01635131502727579,
      0.008296745957255228,
      0.0004591707609768444,
      0.016610602664807576,
      0.00028832997255348456,
      0.0003022065442233027,
      0.0005449339317621498,
      0.0002921370004616142,
      0.0026769066495662967,
      0.017622439263473854,
      0.018279720109091714,
      0.017450784506348835,
      0.014855500266974703,
      0.01595427654548343,
      0.014933881073049158,
      0.015820791329583087,
      0.00018955821607053247,
      0.01799047661883389,
      0.01730211923961592,
      0.0002534881587181435,
      0.017857517987496834,
      0.0011848168360089166,
      0.0017868354090686928,
      0.006017178847420285,
      0.0010865936326845851,
      0.01807138289421547,
      0.015641722523653038,
      0.012537222520597547,
      0.01783342806541366,
      0.010846365273440855,
      0.00025668241764242807,
      0.015292249662197843,
      0.0029808320822387584,
      0.006967791876644086,
      0.004508298705967402,
      0.005711435641940264,
      0.00016914659308147427,
      0.015242465413604798,
      0.015936690794474455,
      0.00033892348864320276,
      0.013843160875547413,
      0.0149899669967922,
      0.0003158875783590953,
      0.00020717265518459683,
      0.000924970563314171,
      0.01631825020454975,
      0.016754930910948655,
      0.013962637040237012,
      0.0011604736145503223,
      0.00044310488635433703,
      0.0020701746292768664,
      0.016980959820539786,
      0.017196105856586853,
      0.0002515336683800071,
      0.015421902265014185,
      0.004976281363992902,
      0.014311872587441113
    ],
    [
      0.016235110683422045,
      0.0,
      0.00010297629678164483,
      0.019999563993330697,
      0.00026847849658296453,
      0.0034079878666141345,
      0.0007402535471982297,
      0.020940768322076433,
      0.00513593255728862,
      0.00022305581427339025,
      0.017354730794134753,
      0.00013862253564793202,
      0.0001386305435804217,
      0.0002771691187630027,
      0.0001438205793504775,
      0.001326174642647109,
      0.015503386557722935,
      0.016622653031493326,
      0.015271578075021717,
      0.012684000220200413,
      0.014795675283958497,
      0.010870251814952851,
      0.012244333684621337,
      8.410830118111755e-05,
      0.01654765144257653,
      0.014102328067704555,
      0.0001180689859267748,
      0.019950384518702735,
      0.000578362675246216,
      0.0009143971191534679,
      0.0032927815029722145,
      0.0005441370988175273,
      0.017534298072019963,
      0.013135090187871812,
      0.009172912625560421,
      0.01814424113058542,
      0.007069349030872472,
      0.00011692528885526558,
      0.024785012654839247,
      0.0015927583677317278,
      0.0037251987859575754,
      0.002365114652102131,
      0.0031934006844228442,
      7.672790285541639e-05,
      0.024597262919526568,
      0.015547570525806215,
      0.00015661048189316327,
      0.02390979735041949,
      0.022868266623723325,
      0.0001468150794842325,
      9.176998686282762e-05,
      0.0004592389560778956,
      0.021430175285998675,
      0.020046576278594193,
      0.010099363955638896,
      0.0005370198582189573,
      0.00022416616089729658,
      0.0010828119451061961,
      0.019063420833195094,
      0.020632682367146375,
      0.00011603531797017723,
      0.012415375230956082,
      0.0025525999607965313,
      0.010032566078639804
    ],
    [
      0.0002307044764424281,
      0.00010297629678164483,
      0.0,
      0.0001662063173374227,
      0.01987673731018854,
      0.0020536952817889714,
      0.009457792273998157,
      0.00013282703409971122,
      0.0013766306620023026,
      0.022284352009746898,
      0.00023553355115221096,
      0.025889887632648597,
      0.027655635486809788,
      0.019093975560340228,
      0.02673265090256512,
      0.005423699443656903,
      0.0002646333587896116,
      0.0002171069763242405,
      0.000245837927187143,
      0.0003915862274565083,
      0.0003174215436807588,
      0.00045634801834024905,
      0.00038516937816047053,
      0.02952864527411651,
      0.00023201220235034666,
      0.00029025186229302214,
      0.028613768276129017,
      0.0001269940843144774,
      0.011964358048300977,
      0.007828168388700789,
      0.002106582884271786,
      0.012132652483697397,
      0.00020469428931050763,
      0.00034383927247633335,
      0.000591183489525935,
      0.00017274785612767505,
      0.000884369722369251,
      0.027329721328486167,
      8.495192112078961e-05,
      0.004369502331963086,
      0.0017725858233917245,
      0.002917746365125749,
      0.0021165283964465894,
      0.03119861660159799,
      7.543934888849471e-05,
      0.00027372775667119356,
      0.026104620706893122,
      5.778373055222594e-05,
      7.551899421985651e-05,
      0.025989119135473363,
      0.02933421165345703,
      0.01348536739365675,
      0.00012111818123032417,
      0.0001221014479513597,
      0.0005444939238911097,
      0.012565297829061236,
      0.022136148806367873,
      0.006471407183063381,
      0.00016992986220106419,
      0.00013719824386290523,
      0.028581806726852906,
      0.0004129821362586121,
      0.002662856001658266,
      0.0005429002503425838
    ],
    [
      0.016916423769453265,
      0.019999563993330697,
      0.0001662063173374227,
      0.0,
      0.00040801043470279757,
      0.0047286159103214235,
      0.0011402717320975224,
      0.01979226415815922,
      0.006780274877098409,
      0.0003430864104245581,
      0.017573688824220276,
      0.000227236852014147,
      0.0002165911002855223,
      0.0004379364002978837,
      0.00023243305476717166,
      0.0020344141348900254,
      0.016879158444580253,
      0.017339351586863772,
      0.016921332539239855,
      0.01398647800426574,
      0.01572756367601599,
      0.013152557203557019,
      0.014046303060308173,
      0.00013618223098742525,
      0.016771994994562407,
      0.01533837744805829,
      0.00019247945424441868,
      0.017611664143261402,
      0.0009143026135950709,
      0.0013625696079327884,
      0.0047034580861133315,
      0.000817878703923893,
      0.017505308734879335,
      0.015014953608514498,
      0.011309915072047337,
      0.018600257461731162,
      0.009317192938642154,
      0.00018944556907563799,
      0.01980513572540336,
      0.0023782411772300532,
      0.005348741952351585,
      0.0033720624950491196,
      0.004521520940783573,
      0.0001249523310629465,
      0.019317008561481216,
      0.01783707227966908,
      0.00024828413614490414,
      0.01759947775598326,
      0.01802969145219425,
      0.0002336448162505423,
      0.0001502215797117957,
      0.0007031001441955266,
      0.01955644391402027,
      0.018404001884193496,
      0.011840649104117874,
      0.0008018901871775796,
      0.0003482313838723814,
      0.001682100411974422,
      0.018767937572471614,
      0.01922339493844069,
      0.00018655470689433204,
      0.014055978349484648,
      0.003694891140694415,
      0.012339234078064093
    ],
    [
      0.0005582576711823397,
      0.00026847849658296453,
      0.01987673731018854,
      0.00040801043470279757,
      0.0,
      0.004467394123786033,
      0.014690997791512877,
      0.000326805180358855,
      0.00320440418350981,
      0.020660462912339233,
      0.0005690224168947839,
      0.020756257838340123,
      0.020613218656728074,
      0.020983062196941352,
      0.021238100717181452,
      0.010509910407233038,
      0.0006251970867153063,
      0.000535813402554385,
      0.0005833068959321368,
      0.0009546908926556341,
      0.0007915329709567122,
      0.0010873032827924975,
      0.0009262606941077782,
      0.018464030828748812,
      0.0005628391583710149,
      0.000680471437090965,
      0.02031987826901698,
      0.0003141798191109325,
      0.016853913105995422,
      0.013970180100492889,
      0.004663770524680112,
      0.017790754579015366,
      0.0004929155547204559,
      0.0008376020113578988,
      0.0014183894847745375,
      0.00041211121124404027,
      0.0019810857613671152,
      0.01969184322612623,
      0.0002173200323227638,
      0.008984206474101138,
      0.003954460607603784,
      0.006319979449094878,
      0.004850645657744089,
      0.017736646251650463,
      0.00019113538700113558,
      0.0006646385235062753,
      0.020866691614191447,
      0.00014803968880548507,
      0.00019059464571422838,
      0.020796581208569455,
      0.018947196783301836,
      0.018563178737848983,
      0.0003035760224841154,
      0.0003052948795298978,
      0.0012595767094280288,
      0.017499850394881434,
      0.02156035740375438,
      0.011892324085420888,
      0.0004359418439847814,
      0.0003358574009638859,
      0.01952744688941221,
      0.0009645620014967201,
      0.005725557418896264,
      0.001219008192257193
    ],
    [
      0.006287879135859814,
      0.0034079878666141345,
      0.0020536952817889714,
      0.0047286159103214235,
      0.004467394123786033,
      0.0,
      0.00966899036023567,
      0.004053938611552266,
      0.016204743286097785,
      0.003724221418930339,
      0.006760415979790515,
      0.0024386435894779897,
      0.0024972500133017012,
      0.004373455950368084,
      0.0025442651955711704,
      0.013326206897812101,
      0.006937452054277141,
      0.0061193842852724865,
      0.0064427394924228875,
      0.008955885408726083,
      0.008117948559908455,
      0.009767118847040748,
      0.00911825878179759,
      0.001692012748954964,
      0.006619606951396303,
      0.0071440714556081225,
      0.00217116829613504,
      0.0039057923432074,
      0.008037242296024476,
      0.011216877159012508,
      0.0166251734656095,
      0.007558792302364417,
      0.00555130579517291,
      0.008015981951841384,
      0.011545442193284152,
      0.004681226753671957,
      0.013597930370347806,
      0.0021944339334544804,
      0.002944452266333593,
      0.014711328641298201,
      0.01680353556486786,
      0.0161776397526185,
      0.016258636131123598,
      0.0015648857527671568,
      0.002405076366628953,
      0.006756795785097542,
      0.002862502517840422,
      0.001985079732034974,
      0.0024400761940010876,
      0.0026702536991712058,
      0.0018375771196260202,
      0.006789588710127366,
      0.003700221612591991,
      0.003583379417030408,
      0.011829864569178495,
      0.007945073504526749,
      0.003776242079080043,
      0.011748634623405807,
      0.0049518253547234745,
      0.004320329687598477,
      0.002225434578879407,
      0.009550461364503215,
      0.016536651906786697,
      0.011013129652576538
    ],
    [
      0.0015245895760946082,
      0.0007402535471982297,
      0.009457792273998157,
      0.0011402717320975224,
      0.014690997791512877,
      0.00966899036023567,
      0.0,
      0.0009299559734792705,
      0.007349822957304009,
      0.013645105617533307,
      0.0015208114688915202,
      0.010490853072960325,
      0.009828722695295654,
      0.015195556130405243,
      0.010540203506777299,
      0.016267349939492436,
      0.001672510694701324,
      0.0013927886776267879,
      0.0015985460043820882,
      0.002482988623102777,
      0.0020474381901381274,
      0.002871726183701275,
      0.0026056966120840534,
      0.0077344559418445966,
      0.0014996638637717991,
      0.0018792943006748846,
      0.009371334299188698,
      0.0008817936725611633,
      0.01828289794282913,
      0.01872498102565945,
      0.00998928674383118,
      0.017696666144187585,
      0.001429966286735401,
      0.002237040542927518,
      0.003752603390128661,
      0.0011413303666214568,
      0.005523616456205241,
      0.009445375649995176,
      0.0006175346269925828,
      0.015073228692892774,
      0.00924360358313429,
      0.012894376911244055,
      0.010368937827328948,
      0.007387350050794958,
      0.0005326230389483634,
      0.0018421578914625428,
      0.01071770722915514,
      0.0004246052308598911,
      0.0005505866471317076,
      0.011242203739074702,
      0.008385127377682839,
      0.017524290094683325,
      0.0008692068339912301,
      0.0008933682652079515,
      0.0032686683864029988,
      0.01972326204340362,
      0.013052125616613978,
      0.017442977735877514,
      0.0012192868163714984,
      0.0009672021489044335,
      0.009680110737053133,
      0.0025402122465276898,
      0.012274471567906854,
      0.0033750323581662705
    ],
    [
      0.01635131502727579,
      0.020940768322076433,
      0.00013282703409971122,
      0.01979226415815922,
      0.000326805180358855,
      0.004053938611552266,
      0.0009299559734792705,
      0.0,
      0.005815689894325707,
      0.00028359040145418084,
      0.017691695599319927,
      0.00017785142891071145,
      0.00017321779684488292,
      0.0003524699040499472,
      0.0001793023597655891,
      0.0016194219183975978,
      0.015836041447293045,
      0.016685588818081448,
      0.016812889714279477,
      0.01328786464716047,
      0.015070861906757393,
      0.011953676306491946,
      0.013234750573041763,
      0.0001087210228178925,
      0.016520222145415993,
      0.015030506813331995,
      0.00015323671553695766,
      0.019469388889116594,
      0.0007284390650426878,
      0.0010936430254901005,
      0.004019136769735527,
      0.0006736398392259077,
      0.017426717917310725,
      0.014317505640723578,
      0.010615207333116747,
      0.018208677536983426,
      0.008253232881101271,
      0.00015188016462670568,
      0.02235687019437367,
      0.0019415066045620022,
      0.00454547997386265,
      0.0028091523349660498,
      0.0037201953018501112,
      9.870067221428514e-05,
      0.020988468067925623,
      0.016561420671108367,
      0.0001993119726982427,
      0.020534453574754665,
      0.020677643470913522,
      0.0001912063177615459,
      0.00012090972134424085,
      0.0005948329835672332,
      0.02085521429192691,
      0.02020196115143,
      0.011221225470816028,
      0.0006554852892251892,
      0.00027873263370377946,
      0.0013390696239378044,
      0.019651029816767224,
      0.02067759071563604,
      0.00014674577181114512,
      0.012810823264795792,
      0.003146647313449783,
      0.011285303787259945
    ],
    [
      0.008296745957255228,
      0.00513593255728862,
      0.0013766306620023026,
      0.006780274877098409,
      0.00320440418350981,
      0.016204743286097785,
      0.007349822957304009,
      0.005815689894325707,
      0.0,
      0.002590541605590216,
      0.009084910808077582,
      0.001709365729510005,
      0.001660391871403709,
      0.0032045280762767613,
      0.001814416758963393,
      0.010725717260118475,
      0.008997171701514642,
      0.007835130343402434,
      0.008244798878549451,
      0.011477551035470329,
      0.010879907494700712,
      0.011537657773660476,
      0.011138783752635288,
      0.0011090449706445747,
      0.008275009657385854,
      0.008873138656097943,
      0.0015160356222188277,
      0.005167053012551936,
      0.005923339230229503,
      0.008684838659949434,
      0.015286467336753885,
      0.005759542021760105,
      0.007841419105373207,
      0.010352991568880187,
      0.01408249432739129,
      0.006501764766622844,
      0.015395656406961921,
      0.0014509302121129613,
      0.0043183027513016645,
      0.012150258982402903,
      0.015985232256141405,
      0.014495681174039437,
      0.015571682537371428,
      0.001034968891374275,
      0.003737235636446915,
      0.009163925345773143,
      0.001904710795312823,
      0.0029002361102055925,
      0.003471166501674998,
      0.0017981717009029595,
      0.0012059049305907386,
      0.005129515737869781,
      0.005455515790584901,
      0.005127779903336937,
      0.013702317725341437,
      0.0057179529652195945,
      0.0026973847091670265,
      0.00960439417869074,
      0.0071268742927023945,
      0.005976421235031128,
      0.0014472473895531894,
      0.011553710174420796,
      0.014357497854843911,
      0.013065806160671824
    ],
    [
      0.0004591707609768444,
      0.00022305581427339025,
      0.022284352009746898,
      0.0003430864104245581,
      0.020660462912339233,
      0.003724221418930339,
      0.013645105617533307,
      0.00028359040145418084,
      0.002590541605590216,
      0.0,
      0.00047915292419399883,
      0.022075647339989228,
      0.02222488283705214,
      0.021395154671594783,
      0.02195950559227429,
      0.008870400218901045,
      0.0005312837896690614,
      0.00042831997060293903,
      0.0004938539659359716,
      0.000806716817188403,
      0.0006325323735446317,
      0.0009196187892752275,
      0.0007663461602541979,
      0.021273012940014175,
      0.00047237829220110323,
      0.0005689890061648576,
      0.021610667503284605,
      0.00027080812399910096,
      0.01605146062924017,
      0.011754149094641975,
      0.0038748889457160237,
      0.016697250803360708,
      0.0004181225773958622,
      0.0006931970987448393,
      0.0012030981977672545,
      0.0003440777026495642,
      0.0017638102303569865,
      0.022065485097529654,
      0.0001861543775957831,
      0.007457731462588804,
      0.0032420887963418863,
      0.005302127956720784,
      0.003997152482678462,
      0.02160995775606966,
      0.0001596086528491421,
      0.0005577696451005263,
      0.02241273903381602,
      0.00012890172982264874,
      0.00016591067250747914,
      0.022918153534786642,
      0.02155620639323905,
      0.01789864345758293,
      0.00026646564825932916,
      0.0002616201932181457,
      0.0010805233324053538,
      0.016686749673265593,
      0.021996400387940044,
      0.010478499757423043,
      0.0003594455985543917,
      0.00028218947877249834,
      0.02205255029634084,
      0.0008125166025830354,
      0.004904657166579164,
      0.0010863689371755898
    ],
    [
      0.016610602664807576,
      0.017354730794134753,
      0.00023553355115221096,
      0.017573688824220276,
      0.0005690224168947839,
      0.006760415979790515,
      0.0015208114688915202,
      0.017691695599319927,
      0.009084910808077582,
      0.00047915292419399883,
      0.0,
      0.00029839484153611044,
      0.0002985745233033349,
      0.0006050146050186773,
      0.000314600994878725,
      0.0027040740156705455,
      0.0168638218491528,
      0.01644218791643392,
      0.016052210675516574,
      0.016173300623894684,
      0.01804179995318203,
      0.013915864950619599,
      0.015137346042233267,
      0.000188420352173344,
      0.01748254936729348,
      0.014947352436818164,
      0.0002642484256949137,
      0.01525905988534904,
      0.0012214882601884487,
      0.0019011646642360326,
      0.00599213902329969,
      0.0011385829686084245,
      0.016085469452480808,
      0.015123842202079161,
      0.01367937256820732,
      0.015506973327160695,
      0.011374282742704769,
      0.0002564530479805361,
      0.01733249227108374,
      0.0031942724818050505,
      0.006817705994734213,
      0.0045276136967220895,
      0.0057120682715262935,
      0.0001746445328450868,
      0.014459595672447227,
      0.01662581845093445,
      0.00034756131098629154,
      0.013041757598224856,
      0.013504094591654041,
      0.0003173058933605034,
      0.00020948797477723667,
      0.0010155678933533709,
      0.016743842357994622,
      0.014990686029833397,
      0.01573922318276043,
      0.0011167933665595276,
      0.0005027478790775422,
      0.0022061761258999964,
      0.017138801739937256,
      0.01801348091819076,
      0.0002635135041585417,
      0.01655201608834914,
      0.0049319755284287425,
      0.014180850445553287
    ],
    [
      0.00028832997255348456,
      0.00013862253564793202,
      0.025889887632648597,
      0.000227236852014147,
      0.020756257838340123,
      0.0024386435894779897,
      0.010490853072960325,
      0.00017785142891071145,
      0.001709365729510005,
      0.022075647339989228,
      0.00029839484153611044,
      0.0,
      0.025458489972316988,
      0.02071239606240772,
      0.026803193434410597,
      0.0067106569144725434,
      0.00034287030267019213,
      0.0002821598219788029,
      0.00031797070449768983,
      0.000523540863018392,
      0.00040627708252359264,
      0.0006251786233576213,
      0.00048570959966167087,
      0.027204263546586137,
      0.000294592670222469,
      0.0003640297808907411,
      0.027244734470379492,
      0.00016893682538310348,
      0.01302333008691193,
      0.008885503958265688,
      0.002701470864460816,
      0.013928612814222528,
      0.00026001719662503215,
      0.00047026046550959866,
      0.0007777899755744519,
      0.000232275560138634,
      0.0010948834836768952,
      0.02671350547451028,
      0.00011468961787943238,
      0.005467840351849751,
      0.0021803035969981976,
      0.003588033424238988,
      0.00278258182204121,
      0.02667989238367367,
      0.00010065529746453309,
      0.0003752412204788956,
      0.024397083525953482,
      8.075765746656704e-05,
      0.00010529841000026599,
      0.0256266471265966,
      0.02649702965851838,
      0.015304343484733184,
      0.0001684634601221814,
      0.00016997962713704177,
      0.0006569327064814352,
      0.013216405136533584,
      0.022094289607027348,
      0.008158316811174189,
      0.00023153453789040302,
      0.00017539511135225086,
      0.025964671660582757,
      0.0005204304803312048,
      0.003316716475129526,
      0.000672617756544271
    ],
    [
      0.0003022065442233027,
      0.0001386305435804217,
      0.027655635486809788,
      0.0002165911002855223,
      0.020613218656728074,
      0.0024972500133017012,
      0.009828722695295654,
      0.00017321779684488292,
      0.001660391871403709,
      0.02222488283705214,
      0.0002985745233033349,
      0.025458489972316988,
      0.0,
      0.019074639962595778,
      0.02532831493362878,
      0.006683878786603726,
      0.00034779250060598606,
      0.0002984083015539958,
      0.0003265557679921282,
      0.0005262155273733704,
      0.00039982657060671524,
      0.0006214721452358448,
      0.0004755062564136101,
      0.028103609458873777,
      0.0003101565036378705,
      0.00038734598344067534,
      0.02720418506794897,
      0.0001798370570395677,
      0.012784186052687975,
      0.008525499438273838,
      0.002711845566456079,
      0.013975751041267744,
      0.0002633429355403095,
      0.00045779166816993717,
      0.0007428182575619816,
      0.0002331014717791546,
      0.0010574674253215712,
      0.026805090798545213,
      0.00011160066587512742,
      0.005257080760483751,
      0.002134860854968188,
      0.003598732742249461,
      0.002644547217579392,
      0.027767257946792728,
      0.00010346423580579974,
      0.0003489913408292691,
      0.026520768761594884,
      8.297478642117633e-05,
      0.00010611793950139933,
      0.025088778224390134,
      0.026720923377327198,
      0.01447474021243762,
      0.00016271721725943372,
      0.00016555412147389772,
      0.0006771435480400611,
      0.012907306073898651,
      0.021765588171222112,
      0.0075104781867535355,
      0.0002210878923478597,
      0.00017626925638062314,
      0.025368536587255457,
      0.0005364298217023497,
      0.0032057239450231727,
      0.0006718784589272145
    ],
    [
      0.0005449339317621498,
      0.0002771691187630027,
      0.019093975560340228,
      0.0004379364002978837,
      0.020983062196941352,
      0.004373455950368084,
      0.015195556130405243,
      0.0003524699040499472,
      0.0032045280762767613,
      0.021395154671594783,
      0.0006050146050186773,
      0.02071239606240772,
      0.019074639962595778,
      0.0,
      0.02127250443438515,
      0.010361802411521825,
      0.0006458187477865826,
      0.0005128523490346041,
      0.0005960082316891755,
      0.0009830027284710554,
      0.00079283148675981,
      0.0010849077765996062,
      0.0009406947409669378,
      0.01746442760604163,
      0.0005671223459054896,
      0.0006680539837521754,
      0.019472042402102492,
      0.00031550003132739464,
      0.017496951806261624,
      0.013386542529313893,
      0.0046555568448107135,
      0.017524911212981782,
      0.0004898309031730601,
      0.0008585271505351408,
      0.0015388396812187723,
      0.00042576016993730437,
      0.002160252161027961,
      0.019226807131790542,
      0.00023341153840692082,
      0.009051155697816012,
      0.0038987716315036884,
      0.006261849497262697,
      0.004879203224104534,
      0.017690349522512236,
      0.0001962458622397728,
      0.000701955804829077,
      0.020291403626895903,
      0.0001535567436576061,
      0.000199019913403705,
      0.02030853693407745,
      0.018604979494797103,
      0.019777817046343453,
      0.0003359419780793468,
      0.00032445480114756713,
      0.0013048640417432737,
      0.01711164198127337,
      0.022372332829511253,
      0.012475139655814042,
      0.000455450244971805,
      0.000345641465201276,
      0.020190953375091285,
      0.0009934493788176784,
      0.005910790480109592,
      0.0013064306066990613
    ],
    [
      0.0002921370004616142,
      0.0001438205793504775,
      0.02673265090256512,
      0.00023243305476717166,
      0.021238100717181452,
      0.0025442651955711704,
      0.010540203506777299,
      0.0001793023597655891,
      0.001814416758963393,
      0.02195950559227429,
      0.000314600994878725,
      0.026803193434410597,
      0.02532831493362878,
      0.02127250443438515,
      0.0,
      0.006778382193769128,
      0.00035677131950939076,
      0.00028176284550188743,
      0.0003177926504934956,
      0.0005359859400717763,
      0.0004273088514466092,
      0.000588837672785995,
      0.0005040625921502712,
      0.025310971374775382,
      0.0003009417547496512,
      0.0003563523636386741,
      0.026629484526347433,
      0.0001631164290263706,
      0.013732538907116863,
      0.009453229256669434,
      0.0026818729088683513,
      0.014062664020798275,
      0.0002565345192791491,
      0.00045754243143681994,
      0.0008004522554539308,
      0.000225836994526534,
      0.0011293183747801883,
      0.02480985525920396,
      0.000118498910527808,
      0.005729765168581691,
      0.0022101439376279856,
      0.0036580639620537054,
      0.0028486319714599987,
      0.026608477622714666,
      0.00010243272392033974,
      0.0003743682195570822,
      0.02527417419518639,
      7.81265897528009e-05,
      0.00010118665997829907,
      0.023857139295575768,
      0.025367583879744637,
      0.015504337595116621,
      0.000169099269573202,
      0.00016081716907364536,
      0.0006983884235766315,
      0.013457607357640216,
      0.02391590285132133,
      0.00825467527517691,
      0.000234055952431546,
      0.0001788200256921069,
      0.026511864860209806,
      0.0005434142202887904,
      0.00329343667615266,
      0.0006996190928421274
    ],
    [
      0.0026769066495662967,
      0.001326174642647109,
      0.005423699443656903,
      0.0020344141348900254,
      0.010509910407233038,
      0.013326206897812101,
      0.016267349939492436,
      0.0016194219183975978,
      0.010725717260118475,
      0.008870400218901045,
      0.0027040740156705455,
      0.0067106569144725434,
      0.006683878786603726,
      0.010361802411521825,
      0.006778382193769128,
      0.0,
      0.0030760923899330055,
      0.002578581417541074,
      0.002789975372759019,
      0.004267251975562167,
      0.0035901115185621524,
      0.004873167740043051,
      0.004146827353201561,
      0.004771092672764926,
      0.0026740084856135414,
      0.00313779192225864,
      0.0059511619167518055,
      0.0015649809001025664,
      0.014922476580186887,
      0.016996866300520094,
      0.013573411268614458,
      0.014955086908872522,
      0.0023751916294567966,
      0.0037864012939247786,
      0.0060242606274376375,
      0.002050594285209088,
      0.007729896093700525,
      0.005867423135307234,
      0.0011026955219606096,
      0.017249605357623522,
      0.012219368749615607,
      0.01547439222646058,
      0.014185172952922579,
      0.00447755995593815,
      0.0009845949323717526,
      0.0030867552297181057,
      0.007235765382204098,
      0.0007926280456707152,
      0.00098725745700726,
      0.00682097501277581,
      0.005053754004739717,
      0.013873922204344689,
      0.0015704129096391452,
      0.0015275442160606592,
      0.005346344012319389,
      0.014550529067611645,
      0.009036097344929845,
      0.017940729317137766,
      0.0020621140484263587,
      0.0016568378386789984,
      0.005796362386004719,
      0.004357205051291473,
      0.015047562178858574,
      0.005412891277592017
    ],
    [
      0.017622439263473854,
      0.015503386557722935,
      0.0002646333587896116,
      0.016879158444580253,
      0.0006251970867153063,
      0.006937452054277141,
      0.001672510694701324,
      0.015836041447293045,
      0.008997171701514642,
      0.0005312837896690614,
      0.0168638218491528,
      0.00034287030267019213,
      0.00034779250060598606,
      0.0006458187477865826,
      0.00035677131950939076,
      0.0030760923899330055,
      0.0,
      0.01730321695675785,
      0.017316148429638033,
      0.015792113491809454,
      0.016628662311696494,
      0.015194228250522714,
      0.015717076146596648,
      0.0002183844638391516,
      0.01776166104823852,
      0.01661476453438372,
      0.0002904486478186313,
      0.01586438179036416,
      0.001357532240987001,
      0.0020095482395120325,
      0.006697101387938691,
      0.0012485275253929162,
      0.016687188201077816,
      0.015844455596961442,
      0.013391104508764726,
      0.017174492609441476,
      0.011375811574458432,
      0.00029436797611625084,
      0.014722518426231235,
      0.0034182466833676357,
      0.007285112275131054,
      0.004830161399295848,
      0.006273464114104686,
      0.0002024029521381178,
      0.013816380956420845,
      0.016499503023241827,
      0.0003976312777347192,
      0.012741638765479542,
      0.01361398479917866,
      0.00035920397368066604,
      0.00023779250484571516,
      0.0010660267192011605,
      0.015683721232710657,
      0.015350427939485791,
      0.014528019526481783,
      0.0012621101113883585,
      0.0005303289454863393,
      0.0024583080412848776,
      0.016251633961210876,
      0.016369277784902197,
      0.0002975592677164901,
      0.015945275396724665,
      0.0053653695296656265,
      0.014820963902581096
    ],
    [
      0.018279720109091714,
      0.016622653031493326,
      0.0002171069763242405,
      0.017339351586863772,
      0.000535813402554385,
      0.0061193842852724865,
      0.0013927886776267879,
      0.016685588818081448,
      0.007835130343402434,
      0.00042831997060293903,
      0.01644218791643392,
      0.0002821598219788029,
      0.0002984083015539958,
      0.0005128523490346041,
      0.00028176284550188743,
      0.002578581417541074,
      0.01730321695675785,
      0.0,
      0.017680246740136758,
      0.01503183327720912,
      0.01580035220570982,
      0.015794823531128068,
      0.0152034432777817,
      0.0001822604084755608,
      0.017967734485650932,
      0.017430893023854182,
      0.00024868192716200364,
      0.018250707617048615,
      0.0010965587566713452,
      0.0017003577104640027,
      0.005971502788278989,
      0.0010625520541590581,
      0.017809926627432398,
      0.016908331986601813,
      0.012231369708373461,
      0.018169215934459717,
      0.01001657716872141,
      0.00024579560293693214,
      0.015318700806950273,
      0.0030277565003703315,
      0.006724321235613431,
      0.004348263422695471,
      0.005528717186934735,
      0.00015911017047236394,
      0.015746306127485617,
      0.016473781189104694,
      0.0003275789018113826,
      0.0146732912597988,
      0.01581377583054952,
      0.00030258719243383503,
      0.00019220409303988417,
      0.0008709453955241856,
      0.016369248657514875,
      0.01668676030308415,
      0.013340963357600521,
      0.001030629813872328,
      0.00042547153287047796,
      0.0019984710262042726,
      0.01664845723725311,
      0.017446738905769393,
      0.0002304049446705742,
      0.015569067085236993,
      0.004613829139340903,
      0.013175593089633304
    ],
    [
      0.017450784506348835,
      0.015271578075021717,
      0.000245837927187143,
      0.016921332539239855,
      0.0005833068959321368,
      0.0064427394924228875,
      0.0015985460043820882,
      0.016812889714279477,
      0.008244798878549451,
      0.0004938539659359716,
      0.016052210675516574,
      0.00031797070449768983,
      0.0003265557679921282,
      0.0005960082316891755,
      0.0003177926504934956,
      0.002789975372759019,
      0.017316148429638033,
      0.017680246740136758,
      0.0,
      0.015008223038307372,
      0.015277166955612815,
      0.015142867822162544,
      0.015521872071383258,
      0.0002081239960076242,
      0.017131933859417102,
      0.01793977406432023,
      0.00027788711169274586,
      0.017390715173406308,
      0.0012814151415656981,
      0.0018390699293430806,
      0.006510249232524656,
      0.001175023637232453,
      0.01741340065037808,
      0.016158628604817427,
      0.01285370368888913,
      0.018207524772562017,
      0.010807997531005045,
      0.00028318458530891355,
      0.015061241097791554,
      0.003184734664477881,
      0.007171021493136219,
      0.004638189002459539,
      0.005856812694305026,
      0.00018424957722077795,
      0.014652028818523562,
      0.016317439241134615,
      0.0003711832424150657,
      0.013875819813026909,
      0.01496809754477147,
      0.00034525314915793563,
      0.00022884179174081066,
      0.0009974374840973597,
      0.016234718500916075,
      0.016931606184739878,
      0.013584203513341185,
      0.0011772346506741522,
      0.0004732228823682472,
      0.0022644655147873527,
      0.01663904884576066,
      0.017244961749990798,
      0.0002694193362165773,
      0.014571686196837623,
      0.0051983612016217855,
      0.014282467990460089
    ],
    [
      0.014855500266974703,
      0.012684000220200413,
      0.0003915862274565083,
      0.01398647800426574,
      0.0009546908926556341,
      0.008955885408726083,
      0.002482988623102777,
      0.01328786464716047,
      0.011477551035470329,
      0.000806716817188403,
      0.016173300623894684,
      0.000523540863018392,
      0.0005262155273733704,
      0.0009830027284710554,
      0.0005359859400717763,
      0.004267251975562167,
      0.015792113491809454,
      0.01503183327720912,
      0.015008223038307372,
      0.0,
      0.01685105265043145,
      0.01593179346718632,
      0.01608461590864407,
      0.0003259325972524399,
      0.015268101161897975,
      0.015427150096531067,
      0.0004365926457737034,
      0.01313625802199373,
      0.0018732323962721677,
      0.002969323260731398,
      0.008987083266751423,
      0.0019215839044707903,
      0.014457283991140156,
      0.016265901785173748,
      0.0158212177717341,
      0.0135959387690175,
      0.013829796473653235,
      0.00043586705276661773,
      0.011315301706421043,
      0.00489827197966672,
      0.009479972536785761,
      0.007184164907208738,
      0.008656085309367132,
      0.0002934098473297945,
      0.010129010213014268,
      0.015744515671176657,
      0.0005812977022214467,
      0.009409890349736163,
      0.010326961881954706,
      0.0005422919096159419,
      0.00035051281601866137,
      0.0016536154545992955,
      0.012993729031925194,
      0.012542352338752285,
      0.01576162170803003,
      0.0018272812860204227,
      0.0008045003474015048,
      0.0035237479951291725,
      0.014905144765335849,
      0.013491651155426162,
      0.0004220765096173697,
      0.016614359879421805,
      0.007298516223262231,
      0.015303139096166945
    ],
    [
      0.01595427654548343,
      0.014795675283958497,
      0.0003174215436807588,
      0.01572756367601599,
      0.0007915329709567122,
      0.008117948559908455,
      0.0020474381901381274,
      0.015070861906757393,
      0.010879907494700712,
      0.0006325323735446317,
      0.01804179995318203,
      0.00040627708252359264,
      0.00039982657060671524,
      0.00079283148675981,
      0.0004273088514466092,
      0.0035901115185621524,
      0.016628662311696494,
      0.01580035220570982,
      0.015277166955612815,
      0.01685105265043145,
      0.0,
      0.0151526124452812,
      0.016088911282230535,
      0.0002540701007254408,
      0.016341318231478427,
      0.015129888894440748,
      0.00034725156538135103,
      0.01351614986935148,
      0.001565180884077562,
      0.0025723132023636316,
      0.00751317262102165,
      0.0015092550326056822,
      0.015570873743393521,
      0.01585710828292129,
      0.015088022477771022,
      0.014301360511217711,
      0.01287462089264979,
      0.0003433574252927449,
      0.013538731514368551,
      0.004137217866867047,
      0.008415627186724057,
      0.005780918736445912,
      0.0074151981474149765,
      0.000230785136345747,
      0.011752758011070693,
      0.01639374623530087,
      0.0004579965819836064,
      0.010339064748849467,
      0.011219744135386102,
      0.00042824706163423866,
      0.0002789654302158561,
      0.001347629197606482,
      0.014294757431779789,
      0.013399802064358673,
      0.015925102969010455,
      0.0015122222950957921,
      0.0006676267137151209,
      0.002925114079648029,
      0.016420989670242688,
      0.01538007044207426,
      0.00034203061863661286,
      0.016635546187372927,
      0.006242571389979801,
      0.01492617090225102
    ],
    [
      0.014933881073049158,
      0.010870251814952851,
      0.00045634801834024905,
      0.013152557203557019,
      0.0010873032827924975,
      0.009767118847040748,
      0.002871726183701275,
      0.011953676306491946,
      0.011537657773660476,
      0.0009196187892752275,
      0.013915864950619599,
      0.0006251786233576213,
      0.0006214721452358448,
      0.0010849077765996062,
      0.000588837672785995,
      0.004873167740043051,
      0.015194228250522714,
      0.015794823531128068,
      0.015142867822162544,
      0.01593179346718632,
      0.0151526124452812,
      0.0,
      0.015747569826954678,
      0.00040447890387695413,
      0.014977070435163942,
      0.016004465598563337,
      0.000526365228570943,
      0.012952587633846371,
      0.0021898025812620856,
      0.0032474527166302327,
      0.010103817844118786,
      0.0021456369311063615,
      0.014635847886941498,
      0.017118763469310593,
      0.015102582979589486,
      0.01396391295636911,
      0.013794036491692968,
      0.0005336036332871547,
      0.009555806501490566,
      0.005537449058596318,
