{
  "config": {
    "N": 64,
    "alpha": 1.66,
    "beta": 1.0,
    "gamma": 1.0,
    "dt": 0.02,
    "T": 200.0,
    "sample_every": 25,
    "seed": 103,
    "target_initial_load": 1.0,
    "noise_fraction": 0.02,
    "eps": 1e-12,
    "device": "cuda",
    "dtype": "float64",
    "model_variant": "full"
  },
  "device_used": "cuda",
  "dtype_used": "torch.float64",
  "runtime_seconds": 17.99717830005102,
  "final_constraint_report": {
    "symmetric": true,
    "zero_diagonal": true,
    "nonnegative": true,
    "symmetry_max_abs_error": 0.0,
    "diagonal_max_abs_error": 0.0,
    "minimum_entry": 0.0
  },
  "final_chi_hhi_star": 0.003598886365320294,
  "max_chi_hhi_star": 0.003598886365320294,
  "final_lambda2": 0.3021872502349483,
  "final_total_weight": 18.128160919135503,
  "final_load_cv": 0.05496286062832008,
  "W_final": [
    [
      0.0,
      0.013049717432462854,
      0.003219812442311265,
      0.012912596138214596,
      0.005082891654656863,
      0.009703494261076393,
      0.007035242078269248,
      0.012746471431567947,
      0.010193840572930437,
      0.004631819480205559,
      0.012579306115026972,
      0.003621600701496898,
      0.003810757362114789,
      0.004877744475668917,
      0.00363936885295311,
      0.008155712377577298,
      0.013293239802515023,
      0.013722272378700905,
      0.01311223251457659,
      0.011733978498559136,
      0.012300793322676392,
      0.012045525972168816,
      0.012479094110794895,
      0.0028281752921975037,
      0.013516470804417199,
      0.013065399181514756,
      0.0033988752333392043,
      0.013960012077728465,
      0.006646401541367592,
      0.007286889716162188,
      0.00939991838319954,
      0.006339974773732721,
      0.01359552602566201,
      0.012077635201008177,
      0.010975190296627494,
      0.013569840075655695,
      0.010831255788542382,
      0.0034345279130965647,
      0.012735691730519746,
      0.007974072615986016,
      0.009969793303237773,
      0.009043894025520645,
      0.009378112014076866,
      0.00259809818304658,
      0.01320908884099146,
      0.012069254791788936,
      0.004032807444560127,
      0.012477966183101903,
      0.012909220641058304,
      0.0038452011454406802,
      0.003004519743424654,
      0.005972431435736813,
      0.01286829930321093,
      0.013230090423095925,
      0.01187057852864723,
      0.006745912700215572,
      0.004484206611204918,
      0.007362309564583322,
      0.012918537097861029,
      0.013313056245776524,
      0.0033902381247713485,
      0.0122966528909375,
      0.009287646758352659,
      0.012034885865610072
    ],
    [
      0.013049717432462854,
      0.0,
      0.0018355265724095931,
      0.01494381156140114,
      0.0033104464837612636,
      0.007629887664262171,
      0.004918233265001611,
      0.015190919665695593,
      0.008906188689625895,
      0.0030042137720573845,
      0.014042748843611634,
      0.0022583676255121957,
      0.002260013858912663,
      0.0033657180913586574,
      0.0023300063990703613,
      0.005902001515566231,
      0.012841163779644987,
      0.013221026514311025,
      0.01234115294962954,
      0.011938759130293781,
      0.0130615313082946,
      0.01071983246131521,
      0.011539463192289925,
      0.001581661236072022,
      0.013395311554645678,
      0.011840492681305659,
      0.002031282313172032,
      0.014536252070116811,
      0.004588368021535292,
      0.005424846150923151,
      0.007448529878743489,
      0.004483447234456381,
      0.013643237743060138,
      0.011774530658191472,
      0.010285495421735085,
      0.01362913610456231,
      0.009514652343336552,
      0.002006688882868501,
      0.017463711582958473,
      0.0062916991693708285,
      0.007665078160222747,
      0.006986319500755895,
      0.007637964193724771,
      0.0014800134726784308,
      0.017452715735994967,
      0.012889968368117209,
      0.002431886782375799,
      0.017154051207526895,
      0.016326902291677027,
      0.0023272459945293026,
      0.0016867408611744787,
      0.004151879632404821,
      0.015422556989890455,
      0.01449187953695314,
      0.010856275029247606,
      0.004411513668834891,
      0.0030325309031978254,
      0.005613209897787682,
      0.014397793450075105,
      0.015055690291476458,
      0.002007451524414851,
      0.011950025776639525,
      0.006968743939498965,
      0.010581023961995855
    ],
    [
      0.003219812442311265,
      0.0018355265724095931,
      0.0,
      0.002594415233270389,
      0.014689498632989826,
      0.007787557766121264,
      0.011774759433594765,
      0.002226541227348396,
      0.006876791045671764,
      0.015485077754695056,
      0.003224089724066515,
      0.01658050576219519,
      0.017628290368901796,
      0.01425050865456733,
      0.01722188211361849,
      0.00966743126396475,
      0.00347485055770039,
      0.0030919311870749727,
      0.003328765452870224,
      0.004208837032781685,
      0.0038095278493131763,
      0.0045232086731415546,
      0.004211449589445371,
      0.018423027514500676,
      0.003206451421612819,
      0.003687804875593974,
      0.018044872357187436,
      0.00215424670208453,
      0.012222851720477067,
      0.011045859156005923,
      0.007674429063734045,
      0.012047154540150424,
      0.0029936712661831812,
      0.003950428874521047,
      0.004993905095438389,
      0.002684419464588412,
      0.005959733627053906,
      0.017233888666560625,
      0.0015782433370756064,
      0.009168183116787298,
      0.007465440442096851,
      0.008409739703318719,
      0.007566149939645217,
      0.019445727591869726,
      0.0014426457537598236,
      0.003517524178707863,
      0.01694140001458643,
      0.0011421921985781999,
      0.0014354873714232273,
      0.016781560219090483,
      0.018323577478337533,
      0.012435203403882902,
      0.0020658471012589366,
      0.0020880847980793704,
      0.00494927949207673,
      0.012788385571976577,
      0.01546474184651058,
      0.010047670770748805,
      0.0026125980019873853,
      0.002286418020069014,
      0.018003295729200074,
      0.004381044661430734,
      0.00812166483465176,
      0.004942910540020807
    ],
    [
      0.012912596138214596,
      0.01494381156140114,
      0.002594415233270389,
      0.0,
      0.004260705991493816,
      0.008586392022320187,
      0.0062054475387374256,
      0.014649612083556944,
      0.009658231656006369,
      0.003947059252268249,
      0.013441010043458082,
      0.00321695820731721,
      0.003069994580235849,
      0.004507856330356368,
      0.0032672966442768557,
      0.007355610485531049,
      0.013080107444890745,
      0.013171948370657603,
      0.012963021509826898,
      0.011775851975354482,
      0.01265577227265202,
      0.011500381767384943,
      0.011842655370835169,
      0.0022594212725458667,
      0.012835931944214169,
      0.01200958546724742,
      0.002893837698088105,
      0.013136304607121755,
      0.0060079566232225925,
      0.006581063693513256,
      0.008657405994359057,
      0.005577680229908407,
      0.013160962157241688,
      0.012235292685668293,
      0.010947873691388521,
      0.013866643008935435,
      0.010562962246706113,
      0.0028410320403818774,
      0.015053138596298374,
      0.007593110766376836,
      0.008980769581289579,
      0.008025042841443862,
      0.008770801220045088,
      0.0021313942324777723,
      0.015103409845697894,
      0.013820009894181562,
      0.0033355505945160202,
      0.014147601960737012,
      0.01409408893943204,
      0.0032087943883528677,
      0.0024287254479759637,
      0.005287654310568303,
      0.014524490983995325,
      0.013744740292130261,
      0.011046031156596076,
      0.0054384981493487295,
      0.004023991881834481,
      0.0071097220774089505,
      0.013942997654822766,
      0.01421683143728464,
      0.0028188648925365875,
      0.01203321894070952,
      0.008155870764917575,
      0.011363465097272275
    ],
    [
      0.005082891654656863,
      0.0033104464837612636,
      0.014689498632989826,
      0.004260705991493816,
      0.0,
      0.009892531146794212,
      0.012379238803037346,
      0.0037253951966014945,
      0.009365121066984387,
      0.013775456402306971,
      0.005059063409930278,
      0.014631623821942876,
      0.014664379711593584,
      0.013921258353593067,
      0.014862072163388865,
      0.011762056580334765,
      0.005302225023646397,
      0.005000166125258692,
      0.005137718688170403,
      0.0064207827021269814,
      0.006032068223452587,
      0.006694182412682774,
      0.006327821805444273,
      0.014366482423731843,
      0.005064379785557437,
      0.005560671927150732,
      0.01480370944280119,
      0.0036409301670858236,
      0.012594862786473248,
      0.012920170955540785,
      0.009973934046556625,
      0.013095792914682686,
      0.0047489812682669115,
      0.006088260408920584,
      0.007257992134850719,
      0.004290059979725178,
      0.00789943387685475,
      0.014385821268232497,
      0.0028369671043780805,
      0.011486547125999187,
      0.009686248643126056,
      0.010736209828520351,
      0.010119871036290121,
      0.01392768559789027,
      0.002604879269503784,
      0.005501933434165572,
      0.014459884496964875,
      0.002120095447596983,
      0.002576852494652691,
      0.01453416901299083,
      0.0144295583118541,
      0.013146880804090079,
      0.003544684541678044,
      0.0035824104638029516,
      0.006997387458014175,
      0.013020934787714312,
      0.014355528107908874,
      0.011862173293292604,
      0.004462666247933487,
      0.0037915836761641592,
      0.014207108894091146,
      0.0063741439616241905,
      0.010274258318088427,
      0.006790007125406488
    ],
    [
      0.009703494261076393,
      0.007629887664262171,
      0.007787557766121264,
      0.008586392022320187,
      0.009892531146794212,
      0.0,
      0.010960088567761764,
      0.008195576411630635,
      0.011757186307199729,
      0.009394380158097619,
      0.01019239111852994,
      0.008057837640992185,
      0.008402469706770966,
      0.009511007022128204,
      0.008271812865721234,
      0.011424803659626464,
      0.01000852755975333,
      0.009712633324031368,
      0.009719037650439254,
      0.010407206689635868,
      0.010480948645273503,
      0.01066544346034357,
      0.01068057035169598,
      0.007114436880432911,
      0.010093590346322354,
      0.010007896356673871,
      0.007858173364355429,
      0.008076762449748795,
      0.010911430817564557,
      0.011511880847411128,
      0.011581982486584281,
      0.010612410519072291,
      0.009164962750572622,
      0.010004313988897364,
      0.010916127093325194,
      0.008529883161112653,
      0.011120820149969882,
      0.00795467109751113,
      0.007233244419169638,
      0.011713622774701874,
      0.011771633088487323,
      0.011573532083376735,
      0.011325605500809063,
      0.006806510157077266,
      0.006381807951969732,
      0.009549124722413213,
      0.00890068596204346,
      0.005754173305506514,
      0.006410644340896131,
      0.008515608231864953,
      0.007394958979884447,
      0.01049047174566182,
      0.007760324561800887,
      0.007589668616807148,
      0.0118434593663166,
      0.011021285869977124,
      0.00952439619616321,
      0.011065208570195408,
      0.008731284432682005,
      0.00856571284898204,
      0.008086627825152947,
      0.010901632852193598,
      0.0116833657836479,
      0.011105175121975534
    ],
    [
      0.007035242078269248,
      0.004918233265001611,
      0.011774759433594765,
      0.0062054475387374256,
      0.012379238803037346,
      0.010960088567761764,
      0.0,
      0.0056181342889786235,
      0.010553298968096715,
      0.012528037258776135,
      0.006824997876041243,
      0.011709606780147616,
      0.01111858216696224,
      0.012700511743192328,
      0.011546818130630833,
      0.011772502369531729,
      0.0071352540174822385,
      0.006600288558921004,
      0.007137716974832484,
      0.008187167337881255,
      0.007711311103409356,
      0.008663463384096843,
      0.008732334438620917,
      0.010489516488499199,
      0.006816714168300219,
      0.007721561396987781,
      0.011230948397725758,
      0.005434853731785287,
      0.012522515426742736,
      0.01266061893382406,
      0.011046379310637315,
      0.012234903559789028,
      0.007080875370837696,
      0.008049454438293717,
      0.009280211839082522,
      0.006203696110803617,
      0.010698590642597875,
      0.011360950534550983,
      0.004430021944117073,
      0.011609007929870045,
      0.011377381430981737,
      0.011902952967510566,
      0.011148867501471862,
      0.010267753236314757,
      0.004061024316579919,
      0.007676186228743538,
      0.011378020424972027,
      0.0034706494485083317,
      0.004158495615169742,
      0.012235219782643632,
      0.01096108577082538,
      0.012470599519129526,
      0.005421734963872489,
      0.0056200578118456666,
      0.008790849674673053,
      0.013529433392701176,
      0.011916489215039308,
      0.012066899611629683,
      0.00645889592024558,
      0.005758816929895964,
      0.011620767922447615,
      0.008207335978279787,
      0.011827839486863183,
      0.00916032430251764
    ],
    [
      0.012746471431567947,
      0.015190919665695593,
      0.002226541227348396,
      0.014649612083556944,
      0.0037253951966014945,
      0.008195576411630635,
      0.0056181342889786235,
      0.0,
      0.009137079347549792,
      0.003548862660168477,
      0.01386475255255763,
      0.002713637469097868,
      0.0026455082750370114,
      0.003960194577053115,
      0.0027177826948981986,
      0.006515449804727059,
      0.01263377306512468,
      0.012910608640735764,
      0.013185047306208056,
      0.011785656241563235,
      0.012650218402062536,
      0.011071804818362112,
      0.011755819126179432,
      0.0019294731255014126,
      0.012944041936719749,
      0.012142640410297171,
      0.002476683829942852,
      0.014281427688199321,
      0.005283358747173368,
      0.00587423948217812,
      0.008228042355168965,
      0.005075186859369059,
      0.013258168885161022,
      0.01220286841738594,
      0.01106644610060212,
      0.013553879516152252,
      0.010200673253854875,
      0.00244830848716829,
      0.016297919358808647,
      0.0069190212367813,
      0.008471654189997154,
      0.007464960062153458,
      0.00801372259051891,
      0.0017987115311923708,
      0.015557334306067792,
      0.013220796156949825,
      0.0028930150303486018,
      0.015544591298193477,
      0.015393048829993912,
      0.0028358199831799128,
      0.0020944731271157796,
      0.004935459748052344,
      0.01515388636166603,
      0.014760219378040576,
      0.011233238499904081,
      0.0049147497119704465,
      0.0035015934345566206,
      0.006289789661926393,
      0.014632470218756088,
      0.01510980547530473,
      0.0023834513775493555,
      0.011580918925119643,
      0.00775269573182156,
      0.01110316330101269
    ],
    [
      0.010193840572930437,
      0.008906188689625895,
      0.006876791045671764,
      0.009658231656006369,
      0.009365121066984387,
      0.011757186307199729,
      0.010553298968096715,
      0.009137079347549792,
      0.0,
      0.008613202992488453,
      0.010905712407951264,
      0.007462049448772444,
      0.007339155581583083,
      0.009203476489900612,
      0.0078102759443259735,
      0.011055404349713723,
      0.010404154320065811,
      0.009844522665775256,
      0.009922329105011094,
      0.011060763411261313,
      0.01143898496386752,
      0.010583163635257761,
      0.010782510702467725,
      0.006116071292168823,
      0.010014115594736273,
      0.010013485066054794,
      0.007240438250981122,
      0.008268366791968502,
      0.01034223478447505,
      0.011145841716157096,
      0.011173982288290609,
      0.010462722688517353,
      0.010278271970773089,
      0.01060815512181043,
      0.011560782492247687,
      0.009312351403967608,
      0.011480700597743811,
      0.006909768113309535,
      0.008148885367271267,
      0.011393519208768962,
      0.01144499161301612,
      0.011541333309096846,
      0.011502665035758579,
      0.0059136313439310285,
      0.007654807775634754,
      0.010431554600740965,
      0.007783892209551691,
      0.006432736921237153,
      0.00700098015907086,
      0.007552868040380111,
      0.006372688170060797,
      0.010319339519682544,
      0.008892397257409163,
      0.008435799558694704,
      0.011708100461459486,
      0.010221432860636565,
      0.008985336093020513,
      0.011144913611513202,
      0.009884903511509748,
      0.00919457350156193,
      0.006907166876720591,
      0.010945090556774556,
      0.011099963566234263,
      0.011251013828824865
    ],
    [
      0.004631819480205559,
      0.0030042137720573845,
      0.015485077754695056,
      0.003947059252268249,
      0.013775456402306971,
      0.009394380158097619,
      0.012528037258776135,
      0.003548862660168477,
      0.008613202992488453,
      0.0,
      0.004728996790274131,
      0.014871183548968442,
      0.01505723321903199,
      0.014317687181643717,
      0.014724288818855482,
      0.011049524566662583,
      0.00501059760081589,
      0.004421368660345576,
      0.004826895698229479,
      0.006085119060159562,
      0.005373260734385091,
      0.006363148855671776,
      0.005865300388902177,
      0.015372459919463023,
      0.00471540543740557,
      0.005172696179167663,
      0.014861105059740528,
      0.003441033456266182,
      0.01278838218447607,
      0.01192821009946802,
      0.00942639756002224,
      0.013064906971380704,
      0.004456544516243975,
      0.005629763531171035,
      0.006963917675526532,
      0.0039432333334833425,
      0.008024720743804278,
      0.01520984549747851,
      0.0026449134708206963,
      0.010705892666575794,
      0.009048301977621721,
      0.010232280121719494,
      0.009502674223617823,
      0.015802594310571846,
      0.002358310389550421,
      0.005136186390583702,
      0.014954011636915607,
      0.0019945031388363724,
      0.00243475993111573,
      0.015349696427864882,
      0.015304243573633238,
      0.013329640918634702,
      0.0034105865995600077,
      0.0033611173144709014,
      0.006777063273830394,
      0.013221366105126985,
      0.014504579690887351,
      0.01158471869253884,
      0.004056221060823363,
      0.0034976640859384475,
      0.015152895393216332,
      0.006026697423499463,
      0.010012530110656776,
      0.006838894994584618
    ],
    [
      0.012579306115026972,
      0.014042748843611634,
      0.003224089724066515,
      0.013441010043458082,
      0.005059063409930278,
      0.01019239111852994,
      0.006824997876041243,
      0.01386475255255763,
      0.010905712407951264,
      0.004728996790274131,
      0.0,
      0.003673551470584615,
      0.003688415645852697,
      0.00529997936048249,
      0.003840714187614145,
      0.00800906853300149,
      0.0127379633921843,
      0.012481215925326175,
      0.012184922734592013,
      0.012662394214635282,
      0.013717306413318742,
      0.01121241461559965,
      0.011873555713812704,
      0.002759677582104437,
      0.013197794535478624,
      0.011423292107465786,
      0.003476075342713398,
      0.012154332294224812,
      0.006676288185011243,
      0.00754578454939824,
      0.009131513545745191,
      0.006481695614534215,
      0.012244966140322522,
      0.011700724078646276,
      0.011791839380450883,
      0.012011204975895624,
      0.01113233800043227,
      0.003364700080568691,
      0.014594409449373008,
      0.008332912678630032,
      0.009509790410553524,
      0.008831841562687511,
      0.00911920378602963,
      0.0026345456560843803,
      0.012700116497218611,
      0.01255628846161741,
      0.004049872676370084,
      0.011999030607407413,
      0.011850406948534795,
      0.003784399771371668,
      0.0029813667850126053,
      0.006402369737669317,
      0.01331182144130002,
      0.012045161837406384,
      0.013158080893281921,
      0.006307096722608814,
      0.004983878623899923,
      0.007649384533128749,
      0.013051015507241377,
      0.014004746942953318,
      0.0034833816080632944,
      0.013052824545952902,
      0.008955013375378877,
      0.011772870186279658
    ],
    [
      0.003621600701496898,
      0.0022583676255121957,
      0.01658050576219519,
      0.00321695820731721,
      0.014631623821942876,
      0.008057837640992185,
      0.011709606780147616,
      0.002713637469097868,
      0.007462049448772444,
      0.014871183548968442,
      0.003673551470584615,
      0.0,
      0.01633247181797109,
      0.014736764496287252,
      0.017242598421871896,
      0.01062786521313473,
      0.0040455119884803825,
      0.003621958206318909,
      0.0038744723762401314,
      0.005019418494957787,
      0.004358680644804977,
      0.005524821246723468,
      0.004727813715185243,
      0.01764267219135553,
      0.00366373722548414,
      0.004147097146910502,
      0.017439371823046328,
      0.0026109304953235318,
      0.012140335422760924,
      0.011164068480761785,
      0.008630898271798155,
      0.012700294626026617,
      0.003431286411595719,
      0.004834080374625717,
      0.005810458094467364,
      0.003273779005679125,
      0.006478625475130641,
      0.017127381104321597,
      0.001955405551344498,
      0.01012311981281274,
      0.008014008292042215,
      0.009042046907404688,
      0.00872224664735881,
      0.01733992445720582,
      0.0017718473060465173,
      0.004334385781896866,
      0.01576471739418709,
      0.0014760278545400656,
      0.001842336482636079,
      0.01650832606746911,
      0.017073104359249136,
      0.013049642252685316,
      0.0026206063985898744,
      0.0026524209806991733,
      0.0052808961565067696,
      0.012238204060223534,
      0.01491974878761208,
      0.011338466098435593,
      0.0032233833836050156,
      0.00265678962084302,
      0.016639882450619613,
      0.00491347868663475,
      0.008855096311710121,
      0.005424557434530467
    ],
    [
      0.003810757362114789,
      0.002260013858912663,
      0.017628290368901796,
      0.003069994580235849,
      0.014664379711593584,
      0.008402469706770966,
      0.01111858216696224,
      0.0026455082750370114,
      0.007339155581583083,
      0.01505723321903199,
      0.003688415645852697,
      0.01633247181797109,
      0.0,
      0.01368057283414578,
      0.01630691736217493,
      0.01080178299517823,
      0.004119543684036276,
      0.003845263427929585,
      0.003994281345347837,
      0.00507678321381417,
      0.004308949201353258,
      0.005524830144942001,
      0.0046528829202219495,
      0.018064009729226435,
      0.003873350062606353,
      0.004437505919625552,
      0.01733928083979574,
      0.0027841433637282855,
      0.012110042750376684,
      0.010890524531171895,
      0.00881194907732404,
      0.012967381574486962,
      0.003484846578448763,
      0.004725900497878915,
      0.005588894651815419,
      0.0032912368041290896,
      0.006318154260323493,
      0.017119415543135875,
      0.0019024217203658302,
      0.009899810678505103,
      0.007957625702459614,
      0.009247110298420009,
      0.008400584328254284,
      0.017885738638568117,
      0.0018213889959571075,
      0.00404017642666444,
      0.017123810858448482,
      0.0015155783441176847,
      0.0018560507526855577,
      0.01616107461716786,
      0.01709003921751006,
      0.012492133925722973,
      0.0025330166940338724,
      0.002584799970664501,
      0.005491879954762171,
      0.012132755554360861,
      0.014801366538155161,
      0.010571371562978655,
      0.003083020578786153,
      0.0026735913804493846,
      0.016192029461240456,
      0.005100550273824527,
      0.008695308713688404,
      0.005459849755565746
    ],
    [
      0.004877744475668917,
      0.0033657180913586574,
      0.01425050865456733,
      0.004507856330356368,
      0.013921258353593067,
      0.009511007022128204,
      0.012700511743192328,
      0.003960194577053115,
      0.009203476489900612,
      0.014317687181643717,
      0.00529997936048249,
      0.014736764496287252,
      0.01368057283414578,
      0.0,
      0.015000957850151094,
      0.01143191570203455,
      0.005394258947791532,
      0.004704019925485136,
      0.005169252714940079,
      0.006508220710645948,
      0.005938226229465738,
      0.006570904878098222,
      0.006321101729605343,
      0.013730825396639789,
      0.005022056222951034,
      0.005368931426861243,
      0.014334447011527153,
      0.0036007667338862964,
      0.012997313781785366,
      0.012202440537944247,
      0.00979888522209848,
      0.012814788345168008,
      0.0046429620850266876,
      0.006145029830720932,
      0.007772952751632194,
      0.004367422527674819,
      0.008516275134868176,
      0.014194167773578051,
      0.003002890525764291,
      0.011414217957615724,
      0.00938260168039009,
      0.010468238006288742,
      0.010019324812384949,
      0.014113558406473976,
      0.0026354520361651017,
      0.005725058079443577,
      0.014167135549098025,
      0.0021680971893084035,
      0.002652910497289378,
      0.014311438371255585,
      0.014342230475474706,
      0.013925867854546062,
      0.0038688279823563395,
      0.003753294206120063,
      0.007138555645949547,
      0.012633470946931078,
      0.014923345573220297,
      0.012326065908923923,
      0.004590391652983246,
      0.0038416960482545903,
      0.0148636388541952,
      0.006464477521508245,
      0.010467222978908576,
      0.007179834179050238
    ],
    [
      0.00363936885295311,
      0.0023300063990703613,
      0.01722188211361849,
      0.0032672966442768557,
      0.014862072163388865,
      0.008271812865721234,
      0.011546818130630833,
      0.0027177826948981986,
      0.0078102759443259735,
      0.014724288818855482,
      0.003840714187614145,
      0.017242598421871896,
      0.01630691736217493,
      0.015000957850151094,
      0.0,
      0.010522831913481686,
      0.004175370676323385,
      0.0035874627709976555,
      0.0038396535264705175,
      0.00508521030483305,
      0.004541933825291566,
      0.00513229548089941,
      0.004859143917725084,
      0.016569508892536767,
      0.0037116392216269382,
      0.004020912061014566,
      0.01713688485382295,
      0.002504918090522911,
      0.012650836669229745,
      0.011698829637978794,
      0.008400554971198428,
      0.012634141735162027,
      0.0033580172934944952,
      0.004651871985850992,
      0.005906139991851732,
      0.003159325708499665,
      0.006589716221627305,
      0.016013695526030974,
      0.002009988787876581,
      0.010429103487922938,
      0.007979060517449194,
      0.009047497382337288,
      0.008769415558857263,
      0.01749976030109717,
      0.0017954109820898503,
      0.004283044276574172,
      0.016316566553927405,
      0.0014222892537009272,
      0.0017621097469325317,
      0.015414575359209898,
      0.016489692652811756,
      0.01303080298540769,
      0.0026141122375184745,
      0.0024928671252482954,
      0.005553222262644922,
      0.012282263667498303,
      0.016053999173089577,
      0.0112454638684588,
      0.0032342562186550078,
      0.002690753012840978,
      0.017060378976996384,
      0.005077747744316889,
      0.008615264605342577,
      0.005580124097794291
    ],
    [
      0.008155712377577298,
      0.005902001515566231,
      0.00966743126396475,
      0.007355610485531049,
      0.011762056580334765,
      0.011424803659626464,
      0.011772502369531729,
      0.006515449804727059,
      0.011055404349713723,
      0.011049524566662583,
      0.00800906853300149,
      0.01062786521313473,
      0.01080178299517823,
      0.01143191570203455,
      0.010522831913481686,
      0.0,
      0.008695035948825858,
      0.00808631175984509,
      0.008240564201924873,
      0.009336236592363066,
      0.008935938044491139,
      0.00980528788154885,
      0.009159918631550596,
      0.009457791198554846,
      0.008019361827335682,
      0.00850917415865916,
      0.010241774300195915,
      0.006432983785079261,
      0.011859838496353928,
      0.011821469390521965,
      0.011423114912032377,
      0.012125059135820158,
      0.007759438794832297,
      0.009007869327630038,
      0.010011971539569385,
      0.007417662754833836,
      0.010228479057296659,
      0.010109167117774837,
      0.005339169890972644,
      0.011783328240629328,
      0.01109517062460879,
      0.01151670758247702,
      0.011694175257608,
      0.009139015397889519,
      0.0051193524299270625,
      0.008492431223559306,
      0.010826361735886553,
      0.004454805668434969,
      0.005073739842716859,
      0.01042383628662155,
      0.009582298360456943,
      0.011941252022091174,
      0.00655999896633727,
      0.006425844754012858,
      0.00960704225289836,
      0.011672010990318055,
      0.011232894917323067,
      0.012219110418394621,
      0.007223549094277136,
      0.006544655799339582,
      0.009954109997176622,
      0.009333407603999784,
      0.011516984624741872,
      0.009825410861975196
    ],
    [
      0.013293239802515023,
      0.012841163779644987,
      0.00347485055770039,
      0.013080107444890745,
      0.005302225023646397,
      0.01000852755975333,
      0.0071352540174822385,
      0.01263377306512468,
      0.010404154320065811,
      0.00501059760081589,
      0.0127379633921843,
      0.0040455119884803825,
      0.004119543684036276,
      0.005394258947791532,
      0.004175370676323385,
      0.008695035948825858,
      0.0,
      0.013080411288927153,
      0.013062074215809407,
      0.012233270131689462,
      0.012647292091877699,
      0.01198121187610527,
      0.012164113122623913,
      0.003073060462434099,
      0.01338124817773395,
      0.01254078467744434,
      0.003660896098443862,
      0.012743729428526624,
      0.007066961115217727,
      0.007575967135564237,
      0.009795840754729973,
      0.006761506695153563,
      0.012693721474846953,
      0.012088703307988051,
      0.01130773975572038,
      0.013330230898279703,
      0.010814671624838745,
      0.00370405479885726,
      0.012722177384130036,
      0.008484660853359622,
      0.009739522678929146,
      0.00898160621146091,
      0.009613258015429805,
      0.0029355481047565243,
      0.012465420232591113,
      0.01245036418349047,
      0.004439304736270437,
      0.012076236720181295,
      0.012231358192126602,
      0.004101783385532702,
      0.003248804866611331,
      0.006390225982650113,
      0.01270125947536226,
      0.012479183369978872,
      0.011938777543702782,
      0.006790482212305024,
      0.005018983868037501,
      0.008120089212206767,
      0.012520441256507758,
      0.012943937205847017,
      0.003773192872455742,
      0.012427584463849,
      0.009308670485422806,
      0.012080413516751383
    ],
    [
      0.013722272378700905,
      0.013221026514311025,
      0.0030919311870749727,
      0.013171948370657603,
      0.005000166125258692,
      0.009712633324031368,
      0.006600288558921004,
      0.012910608640735764,
      0.009844522665775256,
      0.004421368660345576,
      0.012481215925326175,
      0.003621958206318909,
      0.003845263427929585,
      0.004704019925485136,
      0.0035874627709976555,
      0.00808631175984509,
      0.013080411288927153,
      0.0,
      0.01328723361019687,
      0.0119785728893174,
      0.012262571191994823,
      0.012861138321534227,
      0.012099506998477718,
      0.002772315788548187,
      0.013510476933238372,
      0.01318472961702844,
      0.003405356214932312,
      0.014113881039300117,
      0.006314646108991224,
      0.007138990440145361,
      0.00958808332904649,
      0.006377867134048693,
      0.013364309740556442,
      0.0131272614182537,
      0.010869097486914595,
      0.01373175540782051,
      0.010174769658999713,
      0.003357219552529765,
      0.012577882970897857,
      0.008373899493727173,
      0.009871048692603695,
      0.008972472944269822,
      0.009326580571451533,
      0.002490331045406692,
      0.013426284152858261,
      0.012509589131464405,
      0.003984576300478407,
      0.01301281601894789,
      0.01340980168398275,
      0.0037649661184717903,
      0.0028414595093534467,
      0.0057742185501694025,
      0.012789538628860205,
      0.01302429445435807,
      0.01150539993471118,
      0.006140695858664003,
      0.004409868714862372,
      0.007316160442746004,
      0.012617373772904965,
      0.013418624579517882,
      0.003168402861225981,
      0.012538650746074142,
      0.008831998943400551,
      0.011215943212937809
    ],
    [
      0.01311223251457659,
      0.01234115294962954,
      0.003328765452870224,
      0.012963021509826898,
      0.005137718688170403,
      0.009719037650439254,
      0.007137716974832484,
      0.013185047306208056,
      0.009922329105011094,
      0.004826895698229479,
      0.012184922734592013,
      0.0038744723762401314,
      0.003994281345347837,
      0.005169252714940079,
      0.0038396535264705175,
      0.008240564201924873,
      0.013062074215809407,
      0.01328723361019687,
      0.0,
      0.011802553364648912,
      0.011758184918669843,
      0.01211662979867465,
      0.012176644084404121,
      0.003016067315599195,
      0.01289293836506696,
      0.01351305032298052,
      0.0036163237356967794,
      0.013640977097803483,
      0.006967717905713363,
      0.007255309746868299,
      0.009961897695170275,
      0.00664188427440839,
      0.013113629455394602,
      0.012417636725234714,
      0.011144267568336582,
      0.01388053781280457,
      0.010627813551857926,
      0.0036779498017326506,
      0.012649729388449814,
      0.008284743672104819,
      0.010031939911162177,
      0.009049640205048922,
      0.00937810745033691,
      0.0027487848571282137,
      0.012762651923619065,
      0.012338816866526606,
      0.004284805162044735,
      0.012632189520511272,
      0.012980011243911464,
      0.0040763692983810515,
      0.0032232016865933644,
      0.006237039651023334,
      0.012864949259979915,
      0.013420530648502524,
      0.011459713516536602,
      0.006608536211152804,
      0.004638924648270686,
      0.007822259653656048,
      0.012683953936695132,
      0.013428774168642332,
      0.0035227772322338484,
      0.011556720173467315,
      0.00945762919954205,
      0.011907007257605342
    ],
    [
      0.011733978498559136,
      0.011938759130293781,
      0.004208837032781685,
      0.011775851975354482,
      0.0064207827021269814,
      0.010407206689635868,
      0.008187167337881255,
      0.011785656241563235,
      0.011060763411261313,
      0.006085119060159562,
      0.012662394214635282,
      0.005019418494957787,
      0.00507678321381417,
      0.006508220710645948,
      0.00508521030483305,
      0.009336236592363066,
      0.012233270131689462,
      0.0119785728893174,
      0.011802553364648912,
      0.0,
      0.012739662955014887,
      0.011987505303516673,
      0.012079161351116894,
      0.003787017355570312,
      0.011995107119217911,
      0.01191799036448143,
      0.0044965384220039895,
      0.011831830674540321,
      0.007556934779025461,
      0.008630713267255553,
      0.010619657245496145,
      0.008117902596956307,
      0.011712288461597395,
      0.012282769938437852,
      0.012177494988454664,
      0.011505072067538166,
      0.01147148589235563,
      0.004481679695644546,
      0.011254835420761977,
      0.0094383094784018,
      0.010327732745267682,
      0.010580871855828369,
      0.010649426676084654,
      0.0035180846608451545,
      0.010666453649688972,
      0.012149245747580929,
      0.005248668757244555,
      0.01059265982890838,
      0.010843760652016922,
      0.005019245471648423,
      0.003938658519753247,
      0.007752006292705339,
      0.011800189895119145,
      0.011470711347178671,
      0.011983082446459924,
      0.0076258930162442845,
      0.0060812159386653495,
      0.008992776311849682,
      0.012399288496062252,
      0.011813090476837297,
      0.004364870025284089,
      0.01245737878125058,
      0.010037703615647896,
      0.011609671186545809
    ],
    [
      0.012300793322676392,
      0.0130615313082946,
      0.0038095278493131763,
      0.01265577227265202,
      0.006032068223452587,
      0.010480948645273503,
      0.007711311103409356,
      0.012650218402062536,
      0.01143898496386752,
      0.005373260734385091,
      0.013717306413318742,
      0.004358680644804977,
      0.004308949201353258,
      0.005938226229465738,
      0.004541933825291566,
      0.008935938044491139,
      0.012647292091877699,
      0.012262571191994823,
      0.011758184918669843,
      0.012739662955014887,
      0.0,
      0.011649112193442598,
      0.012196754708748305,
      0.003281657986690653,
      0.012534459320969695,
      0.011561728231766268,
      0.003994972617615378,
      0.011522796763524707,
      0.007200666986374351,
      0.00856402407550694,
      0.009835539538373371,
      0.007246468153280659,
      0.01222853423900465,
      0.012007381334358747,
      0.012070405264407318,
      0.011616066485807744,
      0.011352128920133488,
      0.00394275177680453,
      0.012557039338521736,
      0.009052924265198563,
      0.01013146827998487,
      0.009533118163028067,
      0.010152506855524919,
      0.0030738229732487953,
      0.011498720015344964,
      0.012435656623755889,
      0.004635508833425997,
      0.010691519098560448,
      0.0109362184686092,
      0.004442894172478075,
      0.0034916293802421277,
      0.007187514641836066,
      0.012236522977607413,
      0.011587562034259199,
      0.012461607970588954,
      0.0072018229103045376,
      0.005697379128731153,
      0.008506647498827957,
      0.013096119030798745,
      0.012766746195553975,
      0.003952957499266052,
      0.012610801393304798,
      0.009623112935594745,
      0.011648447113869639
    ],
    [
      0.012045525972168816,
      0.01071983246131521,
      0.0045232086731415546,
      0.011500381767384943,
      0.006694182412682774,
      0.01066544346034357,
      0.008663463384096843,
      0.011071804818362112,
      0.010583163635257761,
      0.006363148855671776,
      0.01121241461559965,
      0.005524821246723468,
      0.005524830144942001,
      0.006570904878098222,
      0.00513229548089941,
      0.00980528788154885,
      0.01198121187610527,
      0.012861138321534227,
      0.01211662979867465,
      0.011987505303516673,
      0.011649112193442598,
      0.0,
      0.011842383258372075,
      0.004349584796268375,
      0.012024828576333569,
      0.0124704306432066,
      0.005004103573242799,
      0.012117715473992772,
      0.008089345215349498,
      0.008616020663040201,
      0.011192971613540395,
      0.008272540001327702,
      0.012166773803342794,
      0.012964317624747658,
      0.011457950988587363,
      0.012183685720051454,
      0.011087161780846634,
      0.005065892874403825,
      0.010012655136419605,
      0.009834225667428975,
      0.010932739842472108,
      0.010588810740634986,
      0.010588674188561572,
      0.0038326169751862734,
      0.01005887887894677,
      0.01207161753709791,
      0.00563484444249918,
      0.010056458528176635,
      0.010909517206287933,
      0.0056817615390524325,
      0.00440211872387728,
      0.007570296806692164,
      0.010936979375973786,
      0.011576851296485759,
      0.01128742980337931,
      0.007894366325158662,
      0.006062333809166155,
      0.009374419376047214,
      0.011234277934197694,
      0.011179191067630137,
      0.004727025438884978,
