{
  "config": {
    "N": 64,
    "alpha": 1.7,
    "beta": 1.0,
    "gamma": 1.0,
    "dt": 0.02,
    "T": 200.0,
    "sample_every": 25,
    "seed": 101,
    "target_initial_load": 1.0,
    "noise_fraction": 0.02,
    "eps": 1e-12,
    "device": "cuda",
    "dtype": "float64",
    "model_variant": "full"
  },
  "device_used": "cuda",
  "dtype_used": "torch.float64",
  "runtime_seconds": 18.032599200028926,
  "final_constraint_report": {
    "symmetric": true,
    "zero_diagonal": true,
    "nonnegative": true,
    "symmetry_max_abs_error": 0.0,
    "diagonal_max_abs_error": 0.0,
    "minimum_entry": 0.0
  },
  "final_chi_hhi_star": 0.009249442827594354,
  "max_chi_hhi_star": 0.009249442827594354,
  "final_lambda2": 0.1639843364943494,
  "final_total_weight": 17.571351742858987,
  "final_load_cv": 0.08489387615759558,
  "W_final": [
    [
      0.0,
      0.0018856841929144803,
      0.0013258359872378785,
      0.001486675629978938,
      0.0009700737062134602,
      0.006547318927943183,
      0.0008063643384769281,
      0.002593093401159696,
      0.002421662894077824,
      0.012317492566343336,
      0.003275737745881812,
      0.0005664741631583758,
      0.01756090577780029,
      0.016172809261775688,
      0.00027367407601634037,
      0.0028294063202403867,
      0.004937734545391447,
      0.0010703346694402112,
      0.02307228626277924,
      0.02611213678376036,
      0.0006789179596491604,
      0.02761020581031602,
      0.028647023466065426,
      0.0010557908134187289,
      0.0024019729380665724,
      0.0007749754967172592,
      0.00033312653866809,
      0.02454672370696369,
      0.007656786573912997,
      0.0006932805272674776,
      0.002773931120970873,
      0.0005126064739261615,
      0.0004389559341433328,
      0.00031823042913860006,
      0.011417080170524268,
      0.0005717149254030642,
      0.0006458981163318466,
      0.013586462253722295,
      0.005419686046398895,
      0.002793027481644314,
      0.0007697031125433361,
      0.005949368036400373,
      0.029427790837884178,
      0.01922660115021344,
      0.0018322604443745446,
      0.001963968488606647,
      0.0024791783831887007,
      0.028637999011106873,
      0.0020841960125702534,
      0.0006790844145036596,
      0.004651107525246982,
      0.027689090459964583,
      0.0005064231537066348,
      0.004694245125410125,
      0.000629844799640125,
      0.0004182273933250467,
      0.0012914498064042698,
      0.023306088701276546,
      0.02334834246919875,
      0.007982165227160946,
      0.003127190861425876,
      0.0008351408050502368,
      0.016880552868203606,
      0.0011497633575997847
    ],
    [
      0.0018856841929144803,
      0.0,
      0.01397804135875445,
      0.014023573700989247,
      0.01271574760213118,
      0.009799588653169142,
      0.01252249063174291,
      0.012998222043203111,
      0.01350306241493027,
      0.006349780473075393,
      0.01218241533017838,
      0.011702223744779474,
      0.004411102506332273,
      0.004844720470539398,
      0.007821390668021698,
      0.013242151343216562,
      0.011623699605731806,
      0.012825175342455288,
      0.002726904342816167,
      0.002123770696841573,
      0.01158306838653447,
      0.0016013864693248318,
      0.001338719926669666,
      0.013404786120097732,
      0.014511731166739383,
      0.01219959185373378,
      0.008692856424402493,
      0.002446616456493801,
      0.008853175295264679,
      0.011418341025621677,
      0.013548677821379609,
      0.011220285280910527,
      0.009745456837626934,
      0.008545224821158475,
      0.006744333693003647,
      0.0106172610337179,
      0.011204058655485306,
      0.005822737263910958,
      0.011032909484174567,
      0.01293021266712571,
      0.01261565199846479,
      0.010584635205668878,
      0.0012941782290484716,
      0.00404204856074145,
      0.013758831716940057,
      0.01377280858108236,
      0.01331789676987025,
      0.0015746186453415834,
      0.013718217082970718,
      0.012023211774389777,
      0.011808580567668094,
      0.0017336248750256366,
      0.010472704856171912,
      0.011649418640811158,
      0.011263282470785715,
      0.009108435233112392,
      0.013462547887942426,
      0.002702873971447545,
      0.002507613018301278,
      0.008743906919191503,
      0.012686100871213338,
      0.012472743569602884,
      0.0047554489197675995,
      0.013531604146288175
    ],
    [
      0.0013258359872378785,
      0.01397804135875445,
      0.0,
      0.013956038739695701,
      0.014557114114130283,
      0.008146821199746147,
      0.013723846867894294,
      0.012596986927185435,
      0.01251668648956635,
      0.004616122944927967,
      0.011753736190222559,
      0.013724986533034913,
      0.003168481484250505,
      0.003656685155949063,
      0.01031539165027251,
      0.01280628622879148,
      0.009311069329040196,
      0.01403318282969367,
      0.0019021224478897542,
      0.0015157337207382345,
      0.013477708615871956,
      0.0011460314922901148,
      0.0008976178601725792,
      0.014838112434295234,
      0.012904342786252432,
      0.013802658845956207,
      0.01103494752821247,
      0.001694440114281182,
      0.00714787176684605,
      0.013811786293172664,
      0.01245114489737565,
      0.012853929960957959,
      0.012523802918762763,
      0.011102300538723962,
      0.005093897790201362,
      0.013325563034373674,
      0.013467737422592012,
      0.004457914179092244,
      0.009392837127278267,
      0.012000453371788644,
      0.014606504163811528,
      0.008730974902621294,
      0.0008701881339741079,
      0.0029153265614426734,
      0.01424822859448654,
      0.013432821418659882,
      0.01254444103530969,
      0.0010818608766862625,
      0.013286312856520578,
      0.014063666332084546,
      0.009823512800957328,
      0.0011779190914457773,
      0.01273668988960168,
      0.009938156676493785,
      0.013365666464776977,
      0.011902494013549989,
      0.013831123794731203,
      0.0019609104924478158,
      0.0017646584196735666,
      0.007093727490348117,
      0.011661672109467457,
      0.013884846167594984,
      0.003376210027651769,
      0.014682183890780099
    ],
    [
      0.001486675629978938,
      0.014023573700989247,
      0.013956038739695701,
      0.0,
      0.014064021168272088,
      0.008877488247625258,
      0.014334036430828393,
      0.013042924109584512,
      0.01334741730283939,
      0.005130250655449624,
      0.01130008474686798,
      0.012358826508729668,
      0.0035457062706587164,
      0.0038382947946025035,
      0.009626370245439173,
      0.012195408867747512,
      0.010501867915883735,
      0.014417052456717514,
      0.002231031741826095,
      0.001690689578747698,
      0.013289806019040404,
      0.0012814551890175327,
      0.001037121898972889,
      0.014041261649037297,
      0.013882126423763432,
      0.013312603486982802,
      0.010342267429956682,
      0.0018696931214895354,
      0.007763722479362882,
      0.012985895606702155,
      0.012598853049784023,
      0.012263339252655851,
      0.011285768626994378,
      0.009907394254097743,
      0.005613062281892453,
      0.012650186024756763,
      0.013158408307282383,
      0.004764539138499374,
      0.009634891959619054,
      0.012507806014294442,
      0.013282460643544915,
      0.009251775302035569,
      0.0010318302045166812,
      0.003153467180041756,
      0.013645449021158072,
      0.014054388779267417,
      0.013564362450613453,
      0.0012699817391351904,
      0.012948057255208272,
      0.013033803061773581,
      0.01065058569791748,
      0.0013459525296979653,
      0.012339067501506895,
      0.010715156247651451,
      0.012389350810063733,
      0.010811303266919902,
      0.014008676644428482,
      0.002156684845330305,
      0.0019879375275514816,
      0.007836797469452655,
      0.012311748166795585,
      0.013256578356567903,
      0.0037438952695867792,
      0.013739485758501114
    ],
    [
      0.0009700737062134602,
      0.01271574760213118,
      0.014557114114130283,
      0.014064021168272088,
      0.0,
      0.0066070221891557195,
      0.014999072492239666,
      0.010890288471216673,
      0.011347409778885601,
      0.003589404725644008,
      0.010432768672367488,
      0.015628699575684725,
      0.0023875824676673147,
      0.0027368099778282834,
      0.01310742575751473,
      0.011424212697387847,
      0.007907275386449015,
      0.014832071357583139,
      0.0014473817463967408,
      0.0011276430529670958,
      0.015484812154766475,
      0.0008378983937238623,
      0.0006712330153263012,
      0.015247177308944237,
      0.011550609560944282,
      0.015098351623089038,
      0.013767379606641079,
      0.0012617656261939133,
      0.005807910820546989,
      0.015321306981836978,
      0.01113301597583983,
      0.014846723322739744,
      0.014872100165615368,
      0.014265187365980186,
      0.004088932043631361,
      0.015168323438686121,
      0.015193030541219371,
      0.0034553187440144297,
      0.007506350164014315,
      0.010653072713263345,
      0.015196727339897628,
      0.007078522159799107,
      0.0006482959530706763,
      0.0021609461979794076,
      0.013283334295990549,
      0.012672460490896847,
      0.011491953594518513,
      0.0007963732064631813,
      0.0127173343794203,
      0.015481416043582696,
      0.008269513719752805,
      0.000865524342425255,
      0.014595529651419425,
      0.008069602088128644,
      0.015639313758134547,
      0.014629832280292012,
      0.014451901627230002,
      0.0014541871688565004,
      0.0013019777584282566,
      0.005757420630582922,
      0.010631556751623547,
      0.014973912122613797,
      0.002615915374924424,
      0.014808367660399488
    ],
    [
      0.006547318927943183,
      0.009799588653169142,
      0.008146821199746147,
      0.008877488247625258,
      0.0066070221891557195,
      0.0,
      0.005571725121800095,
      0.01213696594359123,
      0.011223811789841276,
      0.013633313137831612,
      0.012449993838706376,
      0.004358278786442328,
      0.011844244913009505,
      0.012278511965378935,
      0.0023943864871219128,
      0.011419776800065774,
      0.014413695016279659,
      0.006648116930426493,
      0.008693118865792654,
      0.007283687115343261,
      0.004847409168192298,
      0.006125312567223774,
      0.0051409071556225905,
      0.006897727361637395,
      0.011640578375282816,
      0.005533282463163135,
      0.0028738573078911454,
      0.00804399690921784,
      0.014625767384843445,
      0.005244366503085814,
      0.011719955720001654,
      0.003999427490643506,
      0.0037339758176111607,
      0.002728761702732731,
      0.013915332553500826,
      0.0046626183592741585,
      0.0049652548969964065,
      0.0130969086700739,
      0.014245758904035429,
      0.012067429318406209,
      0.005859534055162026,
      0.014642365463919286,
      0.0050608958101965975,
      0.010998568722446582,
      0.010021986295082391,
      0.009954148104037466,
      0.011574344775316775,
      0.005970614140106644,
      0.009674658366151605,
      0.005043898809818237,
      0.013865406804378838,
      0.0061169194836850176,
      0.0041437008817585145,
      0.014559470156878198,
      0.004540803110998396,
      0.00330963367919852,
      0.007340168374512076,
      0.008582422088461689,
      0.008304561927765809,
      0.01553920931567301,
      0.011807205274829915,
      0.005512546943062264,
      0.011292649084645539,
      0.007130839486958953
    ],
    [
      0.0008063643384769281,
      0.01252249063174291,
      0.013723846867894294,
      0.014334036430828393,
      0.014999072492239666,
      0.005571725121800095,
      0.0,
      0.010232189440925358,
      0.011246899935092461,
      0.0030512113499060766,
      0.008920049830953807,
      0.01616878216869255,
      0.002066479391825153,
      0.002178379664873649,
      0.015155568262181306,
      0.010149962460078552,
      0.007205271968131732,
      0.01627668948420065,
      0.0012637600830429248,
      0.0009051422995612103,
      0.017113537118501835,
      0.0006736650669194372,
      0.0005596368665325569,
      0.014580334087688112,
      0.01127883129370247,
      0.01549937069106148,
      0.015465263651594759,
      0.0010207585015467927,
      0.004989757160684991,
      0.015368102602136195,
      0.010026625176539407,
      0.016729399676577612,
      0.015536658727725769,
      0.014700748501091326,
      0.0034069258651444347,
      0.016065281548808666,
      0.016025860691049113,
      0.002874379518938059,
      0.006759965690524263,
      0.009832852506070622,
      0.015808664420460302,
      0.006507941197864279,
      0.0005373923546900738,
      0.0018420276252084154,
      0.012039050606517233,
      0.012480998019735614,
      0.011517102529668475,
      0.000672778965235715,
      0.011616936086696774,
      0.015469019215669332,
      0.007796436760790037,
      0.0007185872582434358,
      0.016643119309939152,
      0.007252677462924632,
      0.016480643305705017,
      0.015356123000702345,
      0.0148381292816111,
      0.001166493459054018,
      0.001063352092888676,
      0.004915701945949565,
      0.009754264796596605,
      0.0158421928629797,
      0.002224997782124419,
      0.014353449104258793
    ],
    [
      0.002593093401159696,
      0.012998222043203111,
      0.012596986927185435,
      0.013042924109584512,
      0.010890288471216673,
      0.01213696594359123,
      0.010232189440925358,
      0.0,
      0.014348950271975365,
      0.008458443909098976,
      0.013975659473038707,
      0.008503102968074336,
      0.0057759161117058476,
      0.006301393894177351,
      0.005591748403084793,
      0.013061470736867049,
      0.0131574742464488,
      0.011343069430802624,
      0.0037338034762813095,
      0.0029708543856318288,
      0.00904242552372322,
      0.0022826909188321414,
      0.0018748129736227443,
      0.011219126817453821,
      0.014048865190093811,
      0.010462801490387972,
      0.006569085790347262,
      0.0031895254353476923,
      0.011614932718942443,
      0.010025760149434692,
      0.0133808782295801,
      0.008290133697139332,
      0.00773166485527619,
      0.006050678781270924,
      0.008485955635572983,
      0.009402612850052769,
      0.009310138728764617,
      0.0073025867014201275,
      0.012634400196730528,
      0.015307508104418291,
      0.010340351996980635,
      0.012083573769352889,
      0.0018924104959482753,
      0.005030401456770204,
      0.014083929282436979,
      0.0137088535423365,
      0.014260111458474433,
      0.0022698647016997486,
      0.012985440744512246,
      0.00934191902114055,
      0.013153176963331922,
      0.0023762980199970294,
      0.00878236764262128,
      0.01333951154437467,
      0.008804703457099673,
      0.006872708063252139,
      0.011933551382428107,
      0.0036992446836769514,
      0.003490475979327711,
      0.010831264136002721,
      0.013650992331363668,
      0.010328221375531535,
      0.005801311615583064,
      0.011878867123573092
    ],
    [
      0.002421662894077824,
      0.01350306241493027,
      0.01251668648956635,
      0.01334741730283939,
      0.011347409778885601,
      0.011223811789841276,
      0.011246899935092461,
      0.014348950271975365,
      0.0,
      0.007838521384168708,
      0.013393139073348418,
      0.008828082464851816,
      0.005308139435874805,
      0.005943222587372068,
      0.006114529592227736,
      0.013057161507891633,
      0.012733444600201808,
      0.01206064737132863,
      0.0035917389143620563,
      0.0027027225672401874,
      0.009805143822942237,
      0.002142864000242585,
      0.001760567362152961,
      0.011906224705952003,
      0.013733944911738922,
      0.011245125881000049,
      0.007159343845057479,
      0.0029642407981630733,
      0.010358310577005939,
      0.009990622060694109,
      0.014323829219407155,
      0.008958183418140047,
      0.007984864759080675,
      0.006584297771681342,
      0.007998237982385243,
      0.009773104707518708,
      0.00966970271557713,
      0.007399646607132445,
      0.012532851861655566,
      0.013973695989613004,
      0.010627782958716154,
      0.011731577361984252,
      0.0017585042479573583,
      0.004701025118766271,
      0.01347362477935142,
      0.014023786998438054,
      0.014237392507716844,
      0.0021529696321607897,
      0.013468267764005837,
      0.009635650973343544,
      0.012913545741386213,
      0.002265374137586172,
      0.00936861759766251,
      0.013262840536771753,
      0.009328663620675743,
      0.007419956775453791,
      0.012439095721961219,
      0.0035038779269635947,
      0.003201678288746409,
      0.010566367256760644,
      0.013944682887408869,
      0.011066032550144484,
      0.0056499516363576075,
      0.011783317910995796
    ],
    [
      0.012317492566343336,
      0.006349780473075393,
      0.004616122944927967,
      0.005130250655449624,
      0.003589404725644008,
      0.013633313137831612,
      0.0030512113499060766,
      0.008458443909098976,
      0.007838521384168708,
      0.0,
      0.009339883620877426,
      0.0022435537341291482,
      0.016091142554971682,
      0.017256804572478752,
      0.0011334253145376706,
      0.008106273088942061,
      0.012115638622212634,
      0.0038658055416221876,
      0.014725611092287367,
      0.01324089632807841,
      0.0025495686360836782,
      0.0114296062484678,
      0.010441796032005348,
      0.0038378301280796983,
      0.007749993052857789,
      0.003060380892892439,
      0.0014047197146111604,
      0.013334864668288982,
      0.015185292984474793,
      0.0027010222091504183,
      0.008307098859186185,
      0.002117107542030353,
      0.0018233581336655122,
      0.0013262287435984775,
      0.016548286535713858,
      0.002343598325434984,
      0.0024231388750226694,
      0.016475968084273176,
      0.012101773694948267,
      0.008863183398240302,
      0.002981134945818855,
      0.012923903626982992,
      0.01058366342831218,
      0.015600581753096065,
      0.0061784827615779785,
      0.006460386227111158,
      0.007399937261981261,
      0.011494376122465247,
      0.006764646213334445,
      0.002596451440893795,
      0.011660740126976649,
      0.01203426160964068,
      0.0021280422785254446,
      0.011718005759592759,
      0.0024691265847588107,
      0.0016219753260706096,
      0.00463110249586803,
      0.014539637089818307,
      0.014104923714082854,
      0.014780890013020284,
      0.008919825651891904,
      0.0031418070782812907,
      0.01698774846417908,
      0.004153120689537856
    ],
    [
      0.003275737745881812,
      0.01218241533017838,
      0.011753736190222559,
      0.01130008474686798,
      0.010432768672367488,
      0.012449993838706376,
      0.008920049830953807,
      0.013975659473038707,
      0.013393139073348418,
      0.009339883620877426,
      0.0,
      0.007539597267174148,
      0.0065992306856746995,
      0.007930915012486162,
      0.00460302986121635,
      0.01488846085494822,
      0.013316769884659765,
      0.010544421684968747,
      0.004347082204944177,
      0.0038104141864275754,
      0.008288258384911918,
      0.0029114751403628465,
      0.002391019583335536,
      0.010454842795079546,
      0.012957310725692775,
      0.009541614328649509,
      0.005460095549053358,
      0.004036718059228626,
      0.012885705326941879,
      0.008752863970737934,
      0.013628670803844816,
      0.007177566717367415,
      0.006649500963304038,
      0.005411778250912196,
      0.009884392358053735,
      0.007958780458667446,
      0.007923990156081724,
      0.008571172852934237,
      0.013484535521816818,
      0.014468749340723366,
      0.00886332784845623,
      0.012896059695539634,
      0.002300180611599624,
      0.005939662111973651,
      0.013296132778660649,
      0.012549698894909003,
      0.01296143475109648,
      0.002707216934392024,
      0.014060450235098146,
      0.008490734490447842,
      0.013327303143645067,
      0.0029226391270021695,
      0.007245394461749741,
      0.013258040076016674,
      0.008249499254973685,
      0.006320892718322153,
      0.011362422856165443,
      0.00450870241686881,
      0.004205546636052416,
      0.011833152050542037,
      0.01461685698443271,
      0.009495749002404102,
      0.007186054871005391,
      0.011141696960754913
    ],
    [
      0.0005664741631583758,
      0.011702223744779474,
      0.013724986533034913,
      0.012358826508729668,
      0.015628699575684725,
      0.004358278786442328,
      0.01616878216869255,
      0.008503102968074336,
      0.008828082464851816,
      0.0022435537341291482,
      0.007539597267174148,
      0.0,
      0.0015048092816490966,
      0.0016255493650116223,
      0.018597878310391076,
      0.008797681700294584,
      0.005639458206262046,
      0.014401453845045835,
      0.0008546017244704709,
      0.0006518170322251286,
      0.01723511559488917,
      0.0004706789940804166,
      0.00037105218555444374,
      0.015069493931579114,
      0.009596330630967357,
      0.015459601596300922,
      0.018363115241720636,
      0.0007571216688086278,
      0.0037875694691127883,
      0.0172856985575363,
      0.008199916989200163,
      0.017952915921124527,
      0.01945031951792213,
      0.0191689857226037,
      0.0025584587666509545,
      0.017211535536812723,
      0.01720965343165848,
      0.002068923340127723,
      0.005092236667918134,
      0.00807428967332072,
      0.0169689034154046,
      0.005026554534717082,
      0.00036106847113709774,
      0.001306908884223635,
      0.011213193334538117,
      0.010571746990377733,
      0.009209266104806215,
      0.0004529858680459048,
      0.01039004902646782,
      0.018682660996292712,
      0.005943515261262516,
      0.0004950562795465464,
      0.01710254574328241,
      0.005607276966182858,
      0.0177353630310884,
      0.01867126844219407,
      0.013532327086446864,
      0.0008396896365548547,
      0.000743397721338956,
      0.003723817391110292,
      0.007837067084630991,
      0.016005467830276662,
      0.0015915700986419436,
      0.01473733421673114
    ],
    [
      0.01756090577780029,
      0.004411102506332273,
      0.003168481484250505,
      0.0035457062706587164,
      0.0023875824676673147,
      0.011844244913009505,
      0.002066479391825153,
      0.0057759161117058476,
      0.005308139435874805,
      0.016091142554971682,
      0.0065992306856746995,
      0.0015048092816490966,
      0.0,
      0.017515081656892223,
      0.0007343867089229107,
      0.005852426162275241,
      0.009447063107682247,
      0.002541132501014875,
      0.019118067587801282,
      0.018215834608910537,
      0.0017046672813825316,
      0.017017938158945468,
      0.01607083208885985,
      0.002612147925907309,
      0.005494451309921259,
      0.0019512461954845342,
      0.0008983521450563433,
      0.01900239784650942,
      0.012479758002706232,
      0.0017278120674312605,
      0.005849746150998639,
      0.001342846656214764,
      0.0011874939641902571,
      0.0008389004934340219,
      0.01633902539225176,
      0.0014912612504362464,
      0.001693675904509714,
      0.01650986333961186,
      0.009881332117794225,
      0.0059581436038112475,
      0.0019756727100112,
      0.010875117797621072,
      0.01601008474346892,
      0.019251346586323662,
      0.00422929007828406,
      0.004381913719841936,
      0.005708052215045385,
      0.016614450077489414,
      0.004485135750424809,
      0.001735507066233248,
      0.009019012394584079,
      0.016679333158444533,
      0.0013326604115686325,
      0.008833066799385161,
      0.0015929625934296625,
      0.0010657131870994575,
      0.0030302492308573654,
      0.018509524806240314,
      0.01829510988783723,
      0.012711722014194581,
      0.006404627653686128,
      0.002049691416354658,
      0.01774126830335952,
      0.0027987263962689175
    ],
    [
      0.016172809261775688,
      0.004844720470539398,
      0.003656685155949063,
      0.0038382947946025035,
      0.0027368099778282834,
      0.012278511965378935,
      0.002178379664873649,
      0.006301393894177351,
      0.005943222587372068,
      0.017256804572478752,
      0.007930915012486162,
      0.0016255493650116223,
      0.017515081656892223,
      0.0,
      0.0008383725744633629,
      0.0068334546776626275,
      0.009649763262121733,
      0.0028311992258569806,
      0.016973025448106135,
      0.016764200950105286,
      0.0019005823707824222,
      0.01555190801022239,
      0.013562034691533983,
      0.0029222089692390748,
      0.006038350848626974,
      0.0023273587044387108,
      0.0010091763479135895,
      0.01712869005471846,
      0.013819123916809247,
      0.001991572493544539,
      0.006926850226351733,
      0.0015405318970352177,
      0.001286046938954518,
      0.0010001768660262748,
      0.01615452201933253,
      0.0016959241899271598,
      0.0018328481051381905,
      0.017593889501849293,
      0.011008528567600925,
      0.006761380255802591,
      0.002201982530899151,
      0.010841524409462323,
      0.013497161514822479,
      0.018202869565119233,
      0.004724483270714252,
      0.004744144447933825,
      0.00574061695543677,
      0.014636636038191589,
      0.005449640630753317,
      0.001979331172728819,
      0.009674618992031241,
      0.015061156131848163,
      0.0014929475189439764,
      0.010118189854485649,
      0.0018164746810825736,
      0.0012484813479196925,
      0.003317086004219307,
      0.017465638894767137,
      0.017626409522985817,
      0.013769752639707627,
      0.007215698277327798,
      0.0022606625559785714,
      0.018179803245173258,
      0.003109450330423042
    ],
    [
      0.00027367407601634037,
      0.007821390668021698,
      0.01031539165027251,
      0.009626370245439173,
      0.01310742575751473,
      0.0023943864871219128,
      0.015155568262181306,
      0.005591748403084793,
      0.006114529592227736,
      0.0011334253145376706,
      0.00460302986121635,
      0.018597878310391076,
      0.0007343867089229107,
      0.0008383725744633629,
      0.0,
      0.00552562517828717,
      0.003127230923003451,
      0.012642320815520757,
      0.0004323928007909938,
      0.0003025175625816651,
      0.017523628809632444,
      0.00021882809748603003,
      0.00017018022422529393,
      0.012379219970143253,
      0.006103062231551151,
      0.015656289585375627,
      0.026816075455182553,
      0.00035264260556251416,
      0.002073578121716961,
      0.016720826022222197,
      0.005644886714339552,
      0.020291153759854928,
      0.022029337028978354,
      0.02715125613145121,
      0.0012684207622742608,
      0.018840032177581578,
      0.018971403078445744,
      0.0011564521437709642,
      0.0030702828571599074,
      0.0054502658126761245,
      0.015613212704954173,
      0.0025753905057140205,
      0.00017137301650892108,
      0.0006399520737957094,
      0.007564352353774044,
      0.007656215334065076,
      0.006150041239548619,
      0.00021679131678438253,
      0.007429068538296691,
      0.017006244682712748,
      0.0034314129186475265,
      0.0002356810335650944,
      0.020295553863221568,
      0.0034124148174816105,
      0.01794309321564153,
      0.02450754405942614,
      0.010755119001366395,
      0.00041614386374443216,
      0.00036636483768055675,
      0.0020519700005782455,
      0.004938129284523241,
      0.014923351856698174,
      0.0007679869710409262,
      0.01157913630642533
    ],
    [
      0.0028294063202403867,
      0.013242151343216562,
      0.01280628622879148,
      0.012195408867747512,
      0.011424212697387847,
      0.011419776800065774,
      0.010149962460078552,
      0.013061470736867049,
      0.013057161507891633,
      0.008106273088942061,
      0.01488846085494822,
      0.008797681700294584,
      0.005852426162275241,
      0.0068334546776626275,
      0.00552562517828717,
      0.0,
      0.012531842244429705,
      0.011675636726317808,
      0.0037184922849779244,
      0.003240650725927456,
      0.009641727248967008,
      0.0024177706718784392,
      0.0019754136848432607,
      0.011567751508043638,
      0.013295445876099765,
      0.01015062762950432,
      0.006325405657266208,
      0.0034842285310909115,
      0.011377032960085541,
      0.009635039471536754,
      0.013597449054637521,
      0.008248070366578819,
      0.007564612483422612,
      0.006380625242789425,
      0.0088077953799831,
      0.008539630054854313,
      0.008833951678411464,
      0.007645310491181727,
      0.012567627403750958,
      0.013593122214597254,
      0.009710763859518298,
      0.012178525464544832,
      0.0019271419015432197,
      0.005312520718704591,
      0.013956790718521427,
      0.012840179989747878,
      0.0132893463695193,
      0.002255656664070806,
      0.01472125466756917,
      0.009746238496836238,
      0.012713805804324706,
      0.002430145650441059,
      0.008087278124275961,
      0.012328132808648551,
      0.009780980594685887,
      0.007411576161199476,
      0.012599302934747508,
      0.003910006255605624,
      0.0035319344243318214,
      0.010932070456867537,
      0.014309339215798304,
      0.010512977006744752,
      0.006492247749697897,
      0.012316977893789568
    ],
    [
      0.004937734545391447,
      0.011623699605731806,
      0.009311069329040196,
      0.010501867915883735,
      0.007907275386449015,
      0.014413695016279659,
      0.007205271968131732,
      0.0131574742464488,
      0.012733444600201808,
      0.012115638622212634,
      0.013316769884659765,
      0.005639458206262046,
      0.009447063107682247,
      0.009649763262121733,
      0.003127230923003451,
      0.012531842244429705,
      0.0,
      0.008414728282501359,
      0.006512070671218025,
      0.005527092698557205,
      0.006000082781889023,
      0.004328340623621849,
      0.0038363233017603255,
      0.008266193391375203,
      0.013214270384160742,
      0.006820695293686333,
      0.0037084857823278406,
      0.005887966886775484,
      0.014213600368560932,
      0.006343458145189024,
      0.01268822828067322,
      0.005326090656630675,
      0.004683153472484602,
      0.0035745145763596323,
      0.012508298298184353,
      0.005696468354669077,
      0.005928760173116127,
      0.010691146825167462,
      0.014178656631316169,
      0.013406721009519666,
      0.006815543327229726,
      0.014950065103538895,
      0.0037169627144259428,
      0.008475102768861658,
      0.01137831306684091,
      0.011682370888303215,
      0.012725010537160958,
      0.004305205718831674,
      0.0112998958019027,
      0.006300181330611854,
      0.01442509168120877,
      0.004602274467643722,
      0.005417234534566196,
      0.014091729370321429,
      0.005841157611228491,
      0.004187195476258592,
      0.00955967385656616,
      0.006569462429683913,
      0.006091356828181887,
      0.013989550240287293,
      0.013416351022398515,
      0.007313760072537788,
      0.009820964618789844,
      0.008790861815143321
    ],
    [
      0.0010703346694402112,
      0.012825175342455288,
      0.01403318282969367,
      0.014417052456717514,
      0.014832071357583139,
      0.006648116930426493,
      0.01627668948420065,
      0.011343069430802624,
      0.01206064737132863,
      0.0038658055416221876,
      0.010544421684968747,
      0.014401453845045835,
      0.002541132501014875,
      0.0028311992258569806,
      0.012642320815520757,
      0.011675636726317808,
      0.008414728282501359,
      0.0,
      0.001605671151009816,
      0.001171620011591453,
      0.015355752285772921,
      0.0008815344271787724,
      0.0007306990516361416,
      0.014561017076717777,
      0.011988546284588467,
      0.014765596701451616,
      0.013073459456608932,
      0.0012980038298720394,
      0.006238343631682628,
      0.014508086087877292,
      0.01141877048708024,
      0.014516863371744291,
      0.013666116433056649,
      0.012762723723734978,
      0.00430313716797991,
      0.014533973296573048,
      0.014430997733862616,
      0.0036282074628328016,
      0.007944847006074176,
      0.011193642730470358,
      0.014531654884290585,
      0.0076328552775013735,
      0.0007049056703694642,
      0.0022352299497113834,
      0.012835866908381448,
      0.013405464909176813,
      0.012301073652932287,
      0.0008658339264603699,
      0.012957475330003963,
      0.014168445786664662,
      0.008773326621481914,
      0.0009337603337641278,
      0.0154606827610924,
      0.008403933971624073,
      0.015139220850187322,
      0.013779729798795852,
      0.015334662717814888,
      0.0015364992983555766,
      0.001372239643769213,
      0.006043837207422437,
      0.011089966820550712,
      0.015185808289611614,
      0.002769636887128284,
      0.014752899663895695
    ],
    [
      0.02307228626277924,
      0.002726904342816167,
      0.0019021224478897542,
      0.002231031741826095,
      0.0014473817463967408,
      0.008693118865792654,
      0.0012637600830429248,
      0.0037338034762813095,
      0.0035917389143620563,
      0.014725611092287367,
      0.004347082204944177,
      0.0008546017244704709,
      0.019118067587801282,
      0.016973025448106135,
      0.0004323928007909938,
      0.0037184922849779244,
      0.006512070671218025,
      0.001605671151009816,
      0.0,
      0.02179104375021266,
      0.0010302179869564403,
      0.022952578549220386,
      0.023471179193097373,
      0.001565131353350848,
      0.0035279417164501966,
      0.0011839324374524798,
      0.0005300859178702254,
      0.022077352458227388,
      0.009427525792319993,
      0.001016989930167324,
      0.004034765033760235,
      0.0007881825905271137,
      0.0006749405616348352,
      0.0004802289449481237,
      0.013174913734364082,
      0.0008808046489798057,
      0.0010193264655902533,
      0.015860427626305486,
      0.006952935227008949,
      0.003977171442920271,
      0.0011827951783411163,
      0.007696423010354766,
      0.02393788971188277,
      0.019788616786584775,
      0.0026015203747384794,
      0.0028329396269323854,
      0.0036758476804987835,
      0.024229348187924743,
      0.002847326533505751,
      0.0009899002611648284,
      0.006479362272737505,
      0.02342900758224972,
      0.0008108856840107675,
      0.0065115254905326195,
      0.0009364533324182465,
      0.0006301184297276983,
      0.001861512188203663,
      0.022049460633225562,
      0.02278214053326209,
      0.010156764726171141,
      0.004187205787206707,
      0.0012190926225085596,
      0.01732302805470471,
      0.0016589536843072883
    ],
    [
      0.02611213678376036,
      0.002123770696841573,
      0.0015157337207382345,
      0.001690689578747698,
      0.0011276430529670958,
      0.007283687115343261,
      0.0009051422995612103,
      0.0029708543856318288,
      0.0027027225672401874,
      0.01324089632807841,
      0.0038104141864275754,
      0.0006518170322251286,
      0.018215834608910537,
      0.016764200950105286,
      0.0003025175625816651,
      0.003240650725927456,
      0.005527092698557205,
      0.001171620011591453,
      0.02179104375021266,
      0.0,
      0.0007592104659324089,
      0.02673006827313669,
      0.026763709633791013,
      0.0012021043127363113,
      0.002821300268618029,
      0.0009045021782230067,
      0.0003796041881907843,
      0.024455197106234967,
      0.008409910191234686,
      0.0007905980425546063,
      0.003081096569456078,
      0.000596722333793736,
      0.0005028916337189847,
      0.0003660162110093316,
      0.012296210754153002,
      0.0006618326003949122,
      0.0007254246331258661,
      0.01366174512751475,
      0.006043687090278452,
      0.0031586314147332645,
      0.0008745894231848251,
      0.006468693377831715,
      0.02682485824838578,
      0.01925108091166312,
      0.0021579942594038004,
      0.0021548143896003256,
      0.002707899734428163,
      0.02590750185532832,
      0.0023664173724586945,
      0.000783899467270834,
      0.005178756360428516,
      0.02633664224429955,
      0.0005732776312971034,
      0.005245392533827871,
      0.0007297256242439808,
      0.0004667149215628536,
      0.0014595401453196804,
      0.022544172510792125,
      0.024314386791258885,
      0.008496675343827092,
      0.003610765418529273,
      0.0009564101909763812,
      0.018126002666875824,
      0.001299702662454779
    ],
    [
      0.0006789179596491604,
      0.01158306838653447,
      0.013477708615871956,
      0.013289806019040404,
      0.015484812154766475,
      0.004847409168192298,
      0.017113537118501835,
      0.00904242552372322,
      0.009805143822942237,
      0.0025495686360836782,
      0.008288258384911918,
      0.01723511559488917,
      0.0017046672813825316,
      0.0019005823707824222,
      0.017523628809632444,
      0.009641727248967008,
      0.006000082781889023,
      0.015355752285772921,
      0.0010302179869564403,
      0.0007592104659324089,
      0.0,
      0.0005593250264597105,
      0.00045099675046862605,
      0.01508906791098074,
      0.009793846984296736,
      0.01621918899436458,
      0.01765278723244243,
      0.0008762717960813993,
      0.004351406752833634,
      0.016093057056244656,
      0.009283016479757114,
      0.01710197744705477,
      0.017414684625917293,
      0.017442486554203076,
      0.002894633563405916,
      0.01656352315391241,
      0.016823168796499772,
      0.002542478158741144,
      0.005892816637418249,
      0.008833354032676329,
      0.016302645618401463,
      0.005566606913081968,
      0.0004416961074871956,
      0.0015260477791906887,
      0.011505053768885469,
      0.011461980207566069,
      0.010044351754262463,
      0.0005433534216052777,
      0.011333957111238845,
      0.016847796397715664,
      0.006547337253196556,
      0.0005915467575071005,
      0.017018636039526386,
      0.00629772389011761,
      0.017437744495369042,
      0.017436811459331587,
      0.014216614510052992,
      0.0010060201073963237,
      0.0008877397434918969,
      0.0041541455775161405,
      0.008968303913913258,
      0.015941047659533917,
      0.0018602593021189726,
      0.014441004295432188
    ],
    [
      0.02761020581031602,
      0.0016013864693248318,
      0.0011460314922901148,
      0.0012814551890175327,
      0.0008378983937238623,
      0.006125312567223774,
      0.0006736650669194372,
      0.0022826909188321414,
      0.002142864000242585,
      0.0114296062484678,
      0.0029114751403628465,
      0.0004706789940804166,
      0.017017938158945468,
      0.01555190801022239,
      0.00021882809748603003,
      0.0024177706718784392,
      0.004328340623621849,
      0.0008815344271787724,
      0.022952578549220386,
      0.02673006827313669,
      0.0005593250264597105,
      0.0,
      0.031296935127596334,
      0.0009198759814041378,
      0.0021120148901578486,
      0.0006548018067435833,
      0.00027128950088891294,
      0.02616610417272795,
      0.006826834567368335,
      0.0005851177982375023,
      0.002474118294562762,
      0.0004174394122668193,
      0.000368706723452887,
      0.0002610280932001776,
      0.0109327066031159,
      0.0004923544820046573,
      0.0005310468264870555,
      0.012758486488770945,
      0.004745119528664349,
      0.0024185113372087153,
      0.0006526760347882405,
      0.005582166581435696,
      0.030853867410593965,
      0.018291581472486603,
      0.001560945429116944,
      0.0016798894908240266,
      0.0022585051255809663,
      0.029213695464081903,
      0.0017659334861673472,
      0.0005787903466626811,
      0.0041254007777953156,
      0.028520189383874257,
