{
  "config": {
    "N": 64,
    "alpha": 1.76,
    "beta": 1.0,
    "gamma": 1.0,
    "dt": 0.02,
    "T": 200.0,
    "sample_every": 25,
    "seed": 102,
    "target_initial_load": 1.0,
    "noise_fraction": 0.02,
    "eps": 1e-12,
    "device": "cuda",
    "dtype": "float64",
    "model_variant": "full"
  },
  "device_used": "cuda",
  "dtype_used": "torch.float64",
  "runtime_seconds": 17.502446200000122,
  "final_constraint_report": {
    "symmetric": true,
    "zero_diagonal": true,
    "nonnegative": true,
    "symmetry_max_abs_error": 0.0,
    "diagonal_max_abs_error": 0.0,
    "minimum_entry": 0.0
  },
  "final_chi_hhi_star": 0.4801607746414494,
  "max_chi_hhi_star": 0.4801607746414494,
  "final_lambda2": 1.146458320315454e-08,
  "final_total_weight": 18.649369055558466,
  "final_load_cv": 0.23652251130400798,
  "W_final": [
    [
      0.0,
      1.1583206490530486e-09,
      1.1749734502478935e-07,
      1.064021207790803e-09,
      0.20744321607697538,
      4.333358221791197e-10,
      1.05095662464911e-09,
      3.8576854704800217e-07,
      4.151739954575198e-13,
      1.2091189149343669e-12,
      1.1209225246240057e-12,
      1.1447604125082172e-12,
      5.949880196988591e-10,
      1.568249949859082e-06,
      1.3666210182393694e-11,
      0.18582916794661003,
      3.549359333329811e-11,
      1.779031271243938e-12,
      2.586409322808352e-10,
      1.3393586113141252e-12,
      1.5905869781919703e-09,
      1.1610341648825273e-12,
      1.813209643802487e-12,
      2.647360019584493e-09,
      1.0045817432146713e-12,
      1.5579253861478548e-09,
      9.616632510579552e-09,
      2.5799053880478496e-11,
      2.39415034206649e-11,
      5.066865726977147e-13,
      2.8581317665775054e-11,
      9.054182001137127e-12,
      1.5551248022224242e-09,
      8.232425902118245e-12,
      1.1635511844744385e-06,
      6.726817250549407e-13,
      4.830373877111685e-13,
      5.263853990645837e-13,
      4.32099005853459e-12,
      0.1800063877410634,
      0.18542447639155113,
      1.4641732227583495e-12,
      4.2353958140675985e-12,
      1.606140865900343e-11,
      4.786986484642689e-12,
      1.3473361518375955e-12,
      1.2179333883611056e-09,
      2.1867368731167623e-11,
      1.364789719917182e-09,
      1.814818995037585e-10,
      1.1084365061689176e-12,
      4.1580715353331377e-07,
      1.89191389439368e-07,
      6.837906770524063e-07,
      4.660048820578179e-10,
      4.553621241585214e-13,
      2.346787934716805e-10,
      2.5862106918907998e-11,
      3.085386506918476e-08,
      2.650921701882746e-11,
      1.188476497941658e-09,
      1.6546041908646377e-08,
      1.0476458207095952e-09,
      6.707237302192703e-13
    ],
    [
      1.1583206490530486e-09,
      0.0,
      1.2112388212596768e-07,
      0.013247464649690571,
      1.0450604377598688e-09,
      3.908591357846915e-06,
      0.006424912220753946,
      1.7338652058021673e-08,
      8.121985202133734e-12,
      2.1695407152029914e-11,
      2.209504991944372e-11,
      2.1608155678730225e-11,
      8.472804851770415e-06,
      8.19663959317418e-09,
      3.5690497839527425e-10,
      1.7285913573480428e-09,
      1.4738800750363047e-09,
      3.522876377192391e-11,
      8.781822077930982e-07,
      2.411311265608924e-11,
      0.0014401167250226714,
      2.2174598741990946e-11,
      3.383480311098573e-11,
      0.0007183476764543709,
      2.0105582234890715e-11,
      0.001406614970839387,
      0.0002765452907746723,
      8.273883252981609e-10,
      7.513900159826514e-10,
      9.679556251241554e-12,
      1.056935504144568e-09,
      1.9351074375335514e-10,
      0.2826844745515581,
      1.8398912299073076e-10,
      9.091982980557792e-09,
      1.2462825608014541e-11,
      9.332994450894567e-12,
      1.0202234629305869e-11,
      8.740235683602408e-11,
      1.7823233370321577e-09,
      1.5689107051801478e-09,
      2.714814681836232e-11,
      8.95818637198741e-11,
      4.300699487057073e-10,
      9.670143101407796e-11,
      2.4954269700254233e-11,
      0.0038477025528521245,
      7.236773724329133e-10,
      0.0017257070931500583,
      4.775599979243496e-07,
      2.1552254516142467e-11,
      1.4230813775244129e-08,
      4.6071632580036356e-08,
      1.1151742292728988e-08,
      5.364887873267525e-06,
      8.81373022848174e-12,
      6.91093705779487e-07,
      9.357106481870501e-10,
      1.3678687820707485e-06,
      7.48913324945374e-10,
      0.00269039299671408,
      3.324153531664968e-06,
      0.011647183625608692,
      1.2808903584699396e-11
    ],
    [
      1.1749734502478935e-07,
      1.2112388212596768e-07,
      0.0,
      1.1725777356313023e-07,
      1.0793072251844091e-07,
      2.5619140340010315e-08,
      1.2282330624661058e-07,
      0.00012177295584592403,
      3.703259848910081e-12,
      1.0333825129323395e-11,
      9.9042185975669e-12,
      9.621386165784117e-12,
      4.1156213525252244e-08,
      2.391631840372195e-05,
      1.3347005155773533e-10,
      1.9754747657985625e-07,
      4.525487124471844e-10,
      1.5641592938418648e-11,
      1.2609006581349973e-08,
      1.137724621890475e-11,
      1.999151786624324e-07,
      9.91316276847136e-12,
      1.5655649795663057e-11,
      3.7197414731102396e-07,
      9.105003387516878e-12,
      1.9991127281868432e-07,
      1.6356652784481e-06,
      2.789924719719816e-10,
      2.6233986572274427e-10,
      4.55301935111004e-12,
      3.3791095273542023e-10,
      8.389109713614455e-11,
      1.363848983015234e-07,
      7.401894619108617e-11,
      2.8544254311821882e-05,
      5.9435539282937766e-12,
      4.304602040273286e-12,
      4.453501587078379e-12,
      3.8575295103498844e-11,
      2.2897513575233674e-07,
      1.7067406788690045e-07,
      1.2381021079935364e-11,
      3.73628797638145e-11,
      1.5317013512268632e-10,
      4.1395812003825736e-11,
      1.1492303137009347e-11,
      1.4396594630273944e-07,
      2.3972097441988963e-10,
      1.8702037905846596e-07,
      7.396547035793767e-09,
      9.629170686625445e-12,
      0.00010191315419861492,
      0.6327066620997501,
      5.4118341265587674e-05,
      2.9606801416944293e-08,
      3.9704247475936176e-12,
      1.029196313952764e-08,
      2.983912614310944e-10,
      6.94313501801272e-06,
      2.661846083604811e-10,
      1.5410449527321332e-07,
      3.515142340449952e-06,
      1.2232435872631167e-07,
      5.788175778256649e-12
    ],
    [
      1.064021207790803e-09,
      0.013247464649690571,
      1.1725777356313023e-07,
      0.0,
      9.570842841174563e-10,
      1.0102159694490843e-06,
      0.093466847223016,
      1.6023051171763684e-08,
      4.159477226308539e-12,
      1.0822103183443394e-11,
      9.83260658602228e-12,
      1.0548818353491907e-11,
      2.3548291686880904e-06,
      7.61252983809262e-09,
      1.7402048703617774e-10,
      1.5878154768818607e-09,
      7.217633973666768e-10,
      1.589595707664852e-11,
      2.6093898558771013e-07,
      1.1670942052683558e-11,
      0.012261138695602261,
      1.0231908465971659e-11,
      1.7087526720294844e-11,
      0.004294298191235358,
      9.430608283075305e-12,
      0.011711867907134535,
      0.0014453152658935034,
      3.8635688322385584e-10,
      3.4001882776437016e-10,
      4.680453057503197e-12,
      5.221037398655455e-10,
      9.455011818169723e-11,
      0.0027975178568731968,
      8.64290724454283e-11,
      7.993054751315752e-09,
      6.3162751476702885e-12,
      4.5207831511554476e-12,
      5.113773897279987e-12,
      4.266813541607822e-11,
      1.619475998120276e-09,
      1.3822457705903853e-09,
      1.3131617445415624e-11,
      4.001682088826195e-11,
      1.9241794582454926e-10,
      4.712776215138421e-11,
      1.2123242077846148e-11,
      0.04260019107538833,
      3.531098144221043e-10,
      0.014869422800361324,
      1.3743806704195163e-07,
      1.0141977056776392e-11,
      1.3333413686150213e-08,
      4.305505732693872e-08,
      1.0849887034266587e-08,
      1.4038325930979238e-06,
      4.520510477152435e-12,
      1.9415400058759256e-07,
      4.69956865767069e-10,
      1.5371116652544124e-06,
      3.273432828280829e-10,
      0.026143073939063365,
      4.076120414106437e-06,
      0.1887079914676916,
      6.545336351985211e-12
    ],
    [
      0.20744321607697538,
      1.0450604377598688e-09,
      1.0793072251844091e-07,
      9.570842841174563e-10,
      0.0,
      3.873913193117875e-10,
      9.420609085503574e-10,
      3.5532267027065835e-07,
      3.768910363312327e-13,
      1.1066515326486715e-12,
      1.0653544935699128e-12,
      1.065239212285009e-12,
      5.309598828687261e-10,
      1.4932182200078077e-06,
      1.2590068369948549e-11,
      0.18535028561358824,
      3.248937612302538e-11,
      1.6521269909254196e-12,
      2.3405865191903085e-10,
      1.2264309465905612e-12,
      1.4503615912787865e-09,
      1.0904000267444864e-12,
      1.6775255381706683e-12,
      2.438045064823021e-09,
      9.545471101108604e-13,
      1.4210076849767405e-09,
      8.83160812756046e-09,
      2.3836428388644666e-11,
      2.2779713303194872e-11,
      4.667706260390458e-13,
      2.6914870601356933e-11,
      8.305617390651197e-12,
      1.4142627620916287e-09,
      7.721414183307811e-12,
      1.1127208674853953e-06,
      6.20348594008549e-13,
      4.5016957618913094e-13,
      4.766367437443047e-13,
      4.003574313562567e-12,
      0.18351873952979517,
      0.18432233112604937,
      1.3348620599453284e-12,
      4.036731886114427e-12,
      1.5043684199083883e-11,
      4.4319336320665734e-12,
      1.210585122253358e-12,
      1.1050488336443218e-09,
      1.970437550616105e-11,
      1.2407894945944922e-09,
      1.635796474094964e-10,
      1.0344621547383372e-12,
      3.896297729769978e-07,
      1.7193375492019935e-07,
      6.345092166606158e-07,
      4.0896049555038017e-10,
      4.165463185262643e-13,
      2.0617859309186744e-10,
      2.307456702959233e-11,
      2.8396021602457493e-08,
      2.5402048254265957e-11,
      1.0928215440016374e-09,
      1.4922103642927633e-08,
      9.562851619641895e-10,
      6.200038223579404e-13
    ],
    [
      4.333358221791197e-10,
      3.908591357846915e-06,
      2.5619140340010315e-08,
      1.0102159694490843e-06,
      3.873913193117875e-10,
      0.0,
      5.825335876255126e-07,
      5.461844441392889e-09,
      1.259365405952262e-11,
      3.332062177807997e-11,
      3.013867954211837e-11,
      3.1001386598371005e-11,
      0.32118598357527645,
      2.857748926822114e-09,
      6.623685241901527e-10,
      6.511884688429501e-10,
      2.7833435514450733e-09,
      4.839861636462427e-11,
      5.118664048977035e-05,
      3.5673578828962116e-11,
      2.7809377080818546e-07,
      3.0746950627316846e-11,
      5.3361711809843284e-11,
      2.3597558154950808e-07,
      2.9247525231615485e-11,
      2.81594163972106e-07,
      2.1708972185047499e-07,
      1.4602110939409233e-09,
      1.2573336077052105e-09,
      1.3855363231534724e-11,
      1.9481547539737285e-09,
      3.160923000680318e-10,
      7.72075986373174e-05,
      2.8366938256551674e-10,
      2.9113794326205562e-09,
      1.904321593405377e-11,
      1.381239682475827e-11,
      1.5320687677304795e-11,
      1.3862375935449493e-10,
      6.555911123501724e-10,
      5.772743647267803e-10,
      3.991607443122529e-11,
      1.2812352616851023e-10,
      6.960784541466973e-10,
      1.5552362605746913e-10,
      3.765065183802431e-11,
      4.452962488026548e-07,
      1.429807782880051e-09,
      2.8633098269330156e-07,
      3.6019365170513885e-05,
      3.0873553969605315e-11,
      4.538886452277268e-09,
      1.2406786327418185e-08,
      3.8786284558209e-09,
      0.3628455039016868,
      1.309319410061334e-11,
      4.1551884335660306e-05,
      1.8301190663620395e-09,
      8.498117901703992e-08,
      1.1806384762086011e-09,
      3.4893717932111076e-07,
      1.225278710803159e-07,
      8.159094170241835e-07,
      1.9496839627135914e-11
    ],
    [
      1.05095662464911e-09,
      0.006424912220753946,
      1.2282330624661058e-07,
      0.093466847223016,
      9.420609085503574e-10,
      5.825335876255126e-07,
      0.0,
      1.6245243949585597e-08,
      3.016229555971532e-12,
      8.47549241637558e-12,
      7.652207461488361e-12,
      7.243977474283545e-12,
      1.4261585217530938e-06,
      7.611779184320866e-09,
      1.3577446425203305e-10,
      1.523570516807836e-09,
      5.520795518536317e-10,
      1.1811408534821983e-11,
      1.6542621007769509e-07,
      8.865541006969818e-12,
      0.03749337092344661,
      7.600374896060481e-12,
      1.2484056422361168e-11,
      0.01191782776986885,
      7.333234233262785e-12,
      0.0353768976702921,
      0.004277947660813319,
      2.961995240133306e-10,
      2.55955784417237e-10,
      3.5517814143938474e-12,
      3.7463823142391247e-10,
      7.311043482222849e-11,
      0.0007545219667708568,
      6.103493640633951e-11,
      7.907387588190272e-09,
      4.806274235106808e-12,
      3.5185248491263723e-12,
      3.5793873212434435e-12,
      3.319609971143152e-11,
      1.6806804347016742e-09,
      1.384052393611156e-09,
      9.779499377602495e-12,
      2.9665733736428215e-11,
      1.340266280134436e-10,
      3.634162273114982e-11,
      9.455225801674633e-12,
      0.09128117764816568,
      2.7666373160602593e-10,
      0.04361121778271692,
      8.63582807956405e-08,
      7.72752093892662e-12,
      1.3525593978370954e-08,
      4.573362099472072e-08,
      1.1459092066205916e-08,
      8.151570100234804e-07,
      3.315552934428089e-12,
      1.1543123303150464e-07,
      3.5846660470817867e-10,
      1.732439366746732e-06,
      2.4469818033491246e-10,
      0.06604006215777922,
      4.744476103825357e-06,
      0.09934643021420202,
      4.4909622470686934e-12
    ],
    [
      3.8576854704800217e-07,
      1.7338652058021673e-08,
      0.00012177295584592403,
      1.6023051171763684e-08,
      3.5532267027065835e-07,
      5.461844441392889e-09,
      1.6245243949585597e-08,
      0.0,
      1.6404836840516008e-12,
      4.662905858932131e-12,
      4.278480069962222e-12,
      4.312661660238433e-12,
      7.519914220582387e-09,
      0.006203021996156483,
      5.933816725608256e-11,
      5.967392037993773e-07,
      1.8473415756666383e-10,
      6.668745271860453e-12,
      2.886454818861739e-09,
      4.952428703750621e-12,
      2.5714089516387383e-08,
      4.301306394826539e-12,
      7.000386290205339e-12,
      4.30171615174509e-08,
      3.9637214711315764e-12,
      2.4426600013750388e-08,
      1.83646647312891e-07,
      1.2022734987515455e-10,
      1.0740275689479946e-10,
      1.9373714644711034e-12,
      1.4068578399861652e-10,
      3.6204232407784896e-11,
      2.1896012077611237e-08,
      3.2484142802558904e-11,
      0.0067285816353640044,
      2.5651476067177144e-12,
      1.868592082915688e-12,
      2.03882151125928e-12,
      1.7278640132936717e-11,
      6.993696423488602e-07,
      5.379212365509844e-07,
      5.418173634974578e-12,
      1.668800024358028e-11,
      6.595755179769255e-11,
      1.8782741424553753e-11,
      5.256707830690473e-12,
      1.8307589848006147e-08,
      1.054208716607961e-10,
      2.19502936352426e-08,
      1.890724820797422e-09,
      4.227709527505716e-12,
      0.40692300582937907,
      0.00024285694187366124,
      0.12445366956399741,
      5.9284945995238276e-09,
      1.7795693454376293e-12,
      2.461494842944846e-09,
      1.2819444808652786e-10,
      1.0417770005193315e-06,
      1.1454941609196568e-10,
      1.8950974142723507e-08,
      3.971379624864883e-07,
      1.63602405984536e-08,
      2.5565127989148836e-12
    ],
    [
      4.151739954575198e-13,
      8.121985202133734e-12,
      3.703259848910081e-12,
      4.159477226308539e-12,
      3.768910363312327e-13,
      1.259365405952262e-11,
      3.016229555971532e-12,
      1.6404836840516008e-12,
      0.0,
      4.5768220705563923e-07,
      3.5497540226329836e-07,
      0.00206721048583175,
      9.985415899140904e-12,
      1.3673562969802225e-12,
      9.336507712432476e-10,
      5.615763343262184e-13,
      7.800590660542922e-11,
      2.987644199318947e-05,
      1.5724979678650207e-11,
      1.5985941745139824e-06,
      2.44623370173581e-12,
      4.35933877513902e-07,
      2.9089721030248725e-07,
      2.761531745521594e-12,
      0.001332116660149072,
      2.5559934120623668e-12,
      4.5827077914612225e-12,
      1.6718074041747454e-10,
      2.282738834878908e-10,
      0.03842809280543836,
      9.433179391652365e-11,
      8.813635900993121e-09,
      1.555999901549552e-11,
      1.0739026097049976e-08,
      1.3522328494610842e-12,
      0.011765701487100301,
      0.038017914197596495,
      0.19750245910154268,
      7.749877370575653e-08,
      5.323565736837249e-13,
      5.057991987330101e-13,
      3.554205684796192e-07,
      3.13015058799126e-08,
      6.733225171262545e-10,
      2.717526586069437e-08,
      2.9785842670929483e-06,
      2.794075200199834e-12,
      2.1703764683537746e-10,
      2.789311914161931e-12,
      2.3734327335285045e-11,
      4.436490873582286e-07,
      1.641422911335467e-12,
      2.652322872241444e-12,
      1.4767834037351517e-12,
      1.0196567578274964e-11,
      0.23499995867983695,
      1.841050305440999e-11,
      9.643714145000735e-11,
      4.4367652865128815e-12,
      3.382099008738719e-10,
      2.6927923484789005e-12,
      3.978528594240164e-12,
      3.72218209419257e-12,
      0.029043149161488736
    ],
    [
      1.2091189149343669e-12,
      2.1695407152029914e-11,
      1.0333825129323395e-11,
      1.0822103183443394e-11,
      1.1066515326486715e-12,
      3.332062177807997e-11,
      8.47549241637558e-12,
      4.662905858932131e-12,
      4.5768220705563923e-07,
      0.0,
      0.1179461911793275,
      4.778267703142485e-06,
      2.7629190902408046e-11,
      3.7400272222407575e-12,
      3.999068117098341e-09,
      1.58045209886793e-12,
      2.902773467364157e-10,
      0.0020367567148332363,
      4.473489129196462e-11,
      0.04183133315841721,
      7.0944833217044775e-12,
      0.11480998215982416,
      0.13881809280257243,
      7.133092099672931e-12,
      7.3246950076295315e-06,
      6.870699130322422e-12,
      1.280510583831042e-11,
      6.272520703407704e-10,
      8.820118887473706e-10,
      9.730711315280211e-07,
      3.3828074321525485e-10,
      1.2143830005856053e-07,
      4.384446353981213e-11,
      1.31427905299437e-07,
      3.761930160827049e-12,
      1.9011692049294632e-06,
      9.095457316019644e-07,
      6.08448978934245e-07,
      2.600806648835258e-06,
      1.6573930512142089e-12,
      1.471855947443682e-12,
      0.12086178564254196,
      6.002598886452961e-07,
      2.647176781922671e-09,
      4.928753755193184e-07,
      0.014152427274806872,
      7.0932289136714435e-12,
      7.704043896793104e-10,
      7.896537596555453e-12,
      6.76165549308586e-11,
      0.12896647863372682,
      4.8144603648624786e-12,
      7.59455026304058e-12,
      4.095846118670098e-12,
      2.6462848306899524e-11,
      5.196758330705738e-07,
      5.38738726016161e-11,
      3.367312968248734e-10,
      1.1960678079356931e-11,
      1.4220462226739666e-09,
      7.585100536783947e-12,
      1.0583126958971948e-11,
      1.0283182861240334e-11,
      1.1639093676485445e-06
    ],
    [
      1.1209225246240057e-12,
      2.209504991944372e-11,
      9.9042185975669e-12,
      9.83260658602228e-12,
      1.0653544935699128e-12,
      3.013867954211837e-11,
      7.652207461488361e-12,
      4.278480069962222e-12,
      3.5497540226329836e-07,
      0.1179461911793275,
      0.0,
      4.08526058907231e-06,
      2.4964759069506576e-11,
      3.721350645181324e-12,
      3.925967530798292e-09,
      1.4354739982927356e-12,
      2.8470737641315074e-10,
      0.0018348984109192114,
      4.0806748239407217e-11,
      0.038882214369697285,
      6.128630915031509e-12,
      0.13887797485964617,
      0.11713956808633948,
      6.577111159180805e-12,
      7.160859291804043e-06,
      6.4769399647581195e-12,
      1.176001538667826e-11,
      6.453075465685613e-10,
      9.821524925277526e-10,
      8.24152608127283e-07,
      3.1010484561618216e-10,
      1.2081527445666527e-07,
      3.8870716572607466e-11,
      1.3591691859762786e-07,
      4.033880834103703e-12,
      1.6042569444040948e-06,
      8.063167886670345e-07,
      4.928887490419044e-07,
      2.640085236449403e-06,
      1.588197753564941e-12,
      1.3844012903899746e-12,
      0.12771450054244085,
      6.340493595013189e-07,
      2.913791760945873e-09,
      4.864634464930673e-07,
      0.012436963355753252,
      6.660334904906753e-12,
      7.06525362423611e-10,
      7.704761262481148e-12,
      6.037932128557629e-11,
      0.13408116517442945,
      4.469122652291464e-12,
      7.2423719645765605e-12,
      3.783091606214127e-12,
      2.423562388768041e-11,
      4.237953145566539e-07,
      4.875512183550285e-11,
      3.109929877082535e-10,
      1.22345099149543e-11,
      1.6448312736135464e-09,
      7.402508477690658e-12,
      9.83733485674692e-12,
      9.503858880187014e-12,
      9.665238113855076e-07
    ],
    [
      1.1447604125082172e-12,
      2.1608155678730225e-11,
      9.621386165784117e-12,
      1.0548818353491907e-11,
      1.065239212285009e-12,
      3.1001386598371005e-11,
      7.243977474283545e-12,
      4.312661660238433e-12,
      0.00206721048583175,
      4.778267703142485e-06,
      4.08526058907231e-06,
      0.0,
      2.4477992164857884e-11,
      3.662420287988719e-12,
      2.7825708832547535e-09,
      1.5895913841184353e-12,
      2.1340431193003783e-10,
      0.0003021080716604558,
      3.778248905117024e-11,
      1.54151007921174e-05,
      6.081333523712093e-12,
      4.945612290033527e-06,
      3.3469815711334967e-06,
      6.8392576790034834e-12,
      0.29054999821498456,
      6.3571960536324455e-12,
      1.1740579433715082e-11,
      4.854518658758849e-10,
      6.826256293927813e-10,
      0.010225302025544817,
      2.797814508101729e-10,
      4.027731449353575e-08,
      3.960797121769959e-11,
      5.37261201811592e-08,
      3.749893758199654e-12,
      0.0464283791350883,
      0.00990095771344721,
      0.002945489450000936,
      5.146499953370951e-07,
      1.4392468360222991e-12,
      1.3897458700821068e-12,
      4.153331513687206e-06,
      1.8234420833821096e-07,
      2.2286289444504098e-09,
      1.4418053712437276e-07,
      2.6753512836482915e-05,
      7.11537569534304e-12,
      5.737924442673006e-10,
      7.1259398350037286e-12,
      5.871385698657375e-11,
      4.748152973570406e-06,
      4.422266420920743e-12,
      7.007095573602327e-12,
      3.815787400604153e-12,
      2.4647114941410518e-11,
      0.0021944643189364286,
      4.796938619908511e-11,
      2.611894539379272e-10,
      1.2224138465574814e-11,
      1.0728217661564433e-09,
      6.919120049098073e-12,
      1.0199147170869859e-11,
      9.428836552340621e-12,
      0.014980813605420817
    ],
    [
      5.949880196988591e-10,
      8.472804851770415e-06,
      4.1156213525252244e-08,
      2.3548291686880904e-06,
      5.309598828687261e-10,
      0.32118598357527645,
      1.4261585217530938e-06,
      7.519914220582387e-09,
      9.985415899140904e-12,
      2.7629190902408046e-11,
      2.4964759069506576e-11,
      2.4477992164857884e-11,
      0.0,
      3.972109134850719e-09,
      5.118895050013755e-10,
      8.791301615802358e-10,
      2.196329602998936e-09,
      3.930366533716794e-11,
      2.0174733641102682e-05,
      2.959375285844038e-11,
      7.296756783057486e-07,
      2.5373438450361253e-11,
      4.295547282979441e-11,
      5.843025123575597e-07,
      2.3371584759897763e-11,
      7.172966900963026e-07,
      5.400173624416346e-07,
      1.1574180744274296e-09,
      9.914733145305103e-10,
      1.1504493497650831e-11,
      1.4850009269082658e-09,
      2.550803365262577e-10,
      0.0001155226844269754,
      2.1455153774791226e-10,
      4.072482351345248e-09,
      1.600074152376395e-11,
      1.1293071718166246e-11,
      1.185619520513129e-11,
      1.1076621823503944e-10,
      9.250221220217606e-10,
      7.828479674206893e-10,
      3.2547198584635416e-11,
      1.009316653577561e-10,
      5.163001837515426e-10,
      1.2546362742374351e-10,
      3.087858851050947e-11,
      1.0897885588101296e-06,
      1.0471069044242838e-09,
      7.302048611165041e-07,
      1.194837898230896e-05,
      2.5038043734969303e-11,
      6.640107412832114e-09,
      1.8899765994727635e-08,
      5.439587167548225e-09,
      0.3740768900540356,
      1.0606153891359842e-11,
      1.5119788711072885e-05,
      1.4146718882355137e-09,
      1.5596092743176467e-07,
      9.350722498126008e-10,
      8.891298950041877e-07,
      2.5587725983112603e-07,
      1.953774274550542e-06,
      1.4782319096036416e-11
    ],
    [
      1.568249949859082e-06,
      8.19663959317418e-09,
      2.391631840372195e-05,
      7.61252983809262e-09,
      1.4932182200078077e-06,
      2.857748926822114e-09,
      7.611779184320866e-09,
      0.006203021996156483,
      1.3673562969802225e-12,
      3.7400272222407575e-12,
      3.721350645181324e-12,
      3.662420287988719e-12,
      3.972109134850719e-09,
      0.0,
      4.738226184118006e-11,
      2.155292071616021e-06,
      1.4294836710177778e-10,
      5.908395369680752e-12,
      1.595986804312513e-09,
      4.193394729142241e-12,
      1.160044515667304e-08,
      3.739238743393899e-12,
      5.8195089933335115e-12,
      2.0047337709029058e-08,
      3.3619581950112383e-12,
      1.1539039712736582e-08,
      8.374850929693122e-08,
      9.43300000115196e-11,
      8.882726978987175e-11,
      1.6325498066716186e-12,
      1.079691582177598e-10,
      2.9993802174835e-11,
      1.0793032014428705e-08,
      2.6987173484082918e-11,
      0.4588912638427765,
      2.20007126464632e-12,
      1.59116565690569e-12,
      1.706761157459367e-12,
      1.4397192783855641e-11,
      2.5158470450150475e-06,
      2.00622484468714e-06,
      4.65573075901516e-12,
      1.3842078863120054e-11,
      5.609676530767019e-11,
      1.5397992960429028e-11,
      4.201796923836509e-12,
      8.696704405951378e-09,
      7.919421357729484e-11,
      1.0078621914295544e-08,
      1.0772061441138964e-09,
      3.5947341179834578e-12,
      0.006874194572777105,
      7.167340102783697e-05,
      0.043238162954289276,
      3.0290252120787162e-09,
      1.5046094266000947e-12,
      1.3534916663648504e-09,
      9.825632513942682e-11,
      4.197633171525773e-07,
      9.28136018512561e-11,
      8.79125509870802e-09,
      1.6613965324494948e-07,
      7.79495319812786e-09,
      2.1784407862256267e-12
    ],
    [
      1.3666210182393694e-11,
      3.5690497839527425e-10,
      1.3347005155773533e-10,
      1.7402048703617774e-10,
      1.2590068369948549e-11,
      6.623685241901527e-10,
      1.3577446425203305e-10,
      5.933816725608256e-11,
      9.336507712432476e-10,
      3.999068117098341e-09,
      3.925967530798292e-09,
      2.7825708832547535e-09,
      5.118895050013755e-10,
      4.738226184118006e-11,
      0.0,
      1.7954042049760617e-11,
      2.1318777280501846e-06,
      5.227919767188454e-09,
      9.729985549281128e-10,
      3.92039366565077e-09,
      1.0456792942150314e-10,
      3.846266555364685e-09,
      6.780262406725732e-09,
      1.1151969926626344e-10,
      2.830116926886726e-09,
      1.0451324480583325e-10,
      1.780949484801094e-10,
      9.854518091474786e-06,
      2.5686598298978158e-05,
      1.180676580101568e-09,
      2.718699320354109e-06,
      1.1066742346239472e-07,
      7.441930213146297e-10,
      8.537112525218672e-08,
      4.9094124067225425e-11,
      1.7614986301838277e-09,
      1.1942569541525176e-09,
      1.157065448903836e-09,
      2.5945141579126452e-08,
      1.870339515851667e-11,
      1.6640178266595668e-11,
      5.221203994622453e-09,
      2.7215521905940475e-08,
      0.7113385103174376,
      3.420822386371753e-08,
      4.0545995336439744e-09,
      1.2254758923043996e-10,
      9.106873593388205e-06,
      1.131446835977119e-10,
      1.9172189144273635e-09,
      3.6675181751003775e-09,
      5.836376021538962e-11,
      9.714521069986884e-11,
      5.168017152163858e-11,
      5.223925657703999e-10,
      1.004535431530442e-09,
      1.261863257630778e-09,
      2.503044762709535e-06,
      1.6877063682214782e-10,
      6.395422921997779e-05,
      1.1656926742114842e-10,
      1.5181466918130586e-10,
      1.5815831647788058e-10,
      1.5779283625572134e-09
    ],
    [
      0.18582916794661003,
      1.7285913573480428e-09,
      1.9754747657985625e-07,
      1.5878154768818607e-09,
      0.18535028561358824,
      6.511884688429501e-10,
      1.523570516807836e-09,
      5.967392037993773e-07,
      5.615763343262184e-13,
      1.58045209886793e-12,
      1.4354739982927356e-12,
      1.5895913841184353e-12,
      8.791301615802358e-10,
      2.155292071616021e-06,
      1.7954042049760617e-11,
      0.0,
      4.7781168612238465e-11,
      2.3430238883354783e-12,
      3.8054029052273463e-10,
      1.7716073588934552e-12,
      2.351031353267935e-09,
      1.5338954880897331e-12,
      2.4219978496024553e-12,
      3.9446936569647556e-09,
      1.3147475055956365e-12,
      2.294526103929987e-09,
      1.420123260852539e-08,
      3.503974891796678e-11,
      3.1817693535173454e-11,
      6.640601910755122e-13,
      4.035887769240519e-11,
      1.1671120399883281e-11,
      2.359252178814768e-09,
      1.1224159265258307e-11,
      1.6338425795150419e-06,
      8.910053497916072e-13,
      6.362965810093856e-13,
      7.145909655411235e-13,
      5.5641636802375954e-12,
      0.18645521034409618,
      0.19074934390957868,
      1.930496867744639e-12,
      5.682871686730136e-12,
      2.140438190655038e-11,
      6.308041625844166e-12,
      1.751946486656773e-12,
      1.8130147014908942e-09,
      2.871904610184158e-11,
      2.0168343927470055e-09,
      2.6390455239191665e-10,
      1.433079630332565e-12,
      6.423837194512768e-07,
      3.070679244490489e-07,
      1.0008974263989673e-06,
      6.888799039104325e-10,
      6.13920095739751e-13,
      3.4788569935502763e-10,
      3.4799915981094104e-11,
      4.772832400402689e-08,
      3.479520232320009e-11,
      1.7566416714477218e-09,
      2.4558248073413795e-08,
      1.5673912934051457e-09,
      9.215780632019899e-13
    ],
    [
      3.549359333329811e-11,
      1.4738800750363047e-09,
      4.525487124471844e-10,
      7.217633973666768e-10,
      3.248937612302538e-11,
      2.7833435514450733e-09,
      5.520795518536317e-10,
      1.8473415756666383e-10,
      7.800590660542922e-11,
      2.902773467364157e-10,
      2.8470737641315074e-10,
      2.1340431193003783e-10,
      2.196329602998936e-09,
      1.4294836710177778e-10,
      2.1318777280501846e-06,
      4.7781168612238465e-11,
      0.0,
      3.78937157408977e-10,
      3.774276247308195e-09,
      2.903759225870486e-10,
      4.185134174249033e-10,
      2.730436666292293e-10,
      4.845675450761328e-10,
      4.3091515577369617e-10,
      2.2282416406081345e-10,
      4.1925662033551174e-10,
      6.844118350287721e-10,
      0.0019016540167781455,
      0.00016421716170532706,
      9.715411986720258e-11,
      0.32843617528831176,
      9.27432864555684e-09,
      3.202534287188414e-09,
      6.368181332112701e-09,
      1.432306509826674e-10,
      1.3941537538055126e-10,
      9.518197721132698e-11,
      9.462641530662753e-11,
      1.6807606724718967e-09,
      5.13230720909065e-11,
      4.465511918434064e-11,
      3.4947134650268993e-10,
      1.672224309711279e-09,
      2.4435913249666976e-06,
      2.203677427242605e-09,
      2.9631766872157993e-10,
      4.61768865864837e-10,
      0.0023218149700524747,
      4.4748462821470703e-10,
      6.977271866693763e-09,
      2.7198952799062964e-10,
      1.802584415254666e-10,
      3.1506669520802304e-10,
      1.6063797413520648e-10,
      2.1106292786123812e-09,
      8.377786318356262e-11,
      4.685971750223818e-09,
      0.34570181320986315,
      5.776586618165144e-10,
      7.230749426407093e-05,
      4.608613695440906e-10,
      5.454541951931826e-10,
      6.656900827025042e-10,
      1.2361762146612103e-10
    ],
    [
      1.779031271243938e-12,
      3.522876377192391e-11,
      1.5641592938418648e-11,
      1.589595707664852e-11,
      1.6521269909254196e-12,
      4.839861636462427e-11,
      1.1811408534821983e-11,
      6.668745271860453e-12,
      2.987644199318947e-05,
      0.0020367567148332363,
      0.0018348984109192114,
      0.0003021080716604558,
      3.930366533716794e-11,
      5.908395369680752e-12,
      5.227919767188454e-09,
      2.3430238883354783e-12,
      3.78937157408977e-10,
      0.0,
      6.247408264681137e-11,
      0.04836515099141164,
      9.60408445744485e-12,
      0.0020311926058478274,
      0.0011175534890031193,
      1.0776618062104877e-11,
      0.0004207295418523149,
      1.0262188335972345e-11,
      1.8230606161748492e-11,
      8.940407097456064e-10,
      1.2639371388043067e-09,
      6.893892323524801e-05,
      4.480112847241105e-10,
      9.345501560527419e-08,
      6.121390252048818e-11,
      1.1515339450797394e-07,
      6.203464990150766e-12,
      0.00014182415061825772,
      6.784646735902321e-05,
      3.899717134723796e-05,
      1.8655430175531452e-06,
      2.3470123297497654e-12,
      2.1733014833631305e-12,
      0.0014885273083584403,
      5.042800787910586e-07,
      4.08278288204698e-09,
      3.764338929075112e-07,
      0.1780695748899834,
      1.119951892089183e-11,
      1.0080324421717213e-09,
      1.1842030012489253e-11,
      9.390512325808074e-11,
      0.002056998099155835,
      6.9517995817441514e-12,
      1.1359942803662833e-11,
      5.994830858932185e-12,
      4.0135010984905e-11,
      3.260964523459659e-05,
      7.72407224839474e-11,
      4.3499623203436506e-10,
      1.9850228148362298e-11,
      2.1084435331346924e-09,
      1.1397981195588677e-11,
      1.6102307742530224e-11,
      1.5150763312593646e-11,
      8.386063155800908e-05
    ],
    [
      2.586409322808352e-10,
      8.781822077930982e-07,
      1.2609006581349973e-08,
      2.6093898558771013e-07,
      2.3405865191903085e-10,
      5.118664048977035e-05,
      1.6542621007769509e-07,
      2.886454818861739e-09,
      1.5724979678650207e-11,
      4.473489129196462e-11,
      4.0806748239407217e-11,
      3.778248905117024e-11,
      2.0174733641102682e-05,
      1.595986804312513e-09,
      9.729985549281128e-10,
      3.8054029052273463e-10,
      3.774276247308195e-09,
      6.247408264681137e-11,
      0.0,
      4.605690233374143e-11,
      8.131807308350372e-08,
      4.058383529831215e-11,
      6.749974893254622e-11,
      6.685900528426796e-08,
      3.8299240756408804e-11,
      8.082374927811694e-08,
      6.882078776513538e-08,
      2.1344740206699175e-09,
      1.87157150333628e-09,
      1.8289751695310142e-11,
      2.6448507597844732e-09,
      4.5239324594887073e-10,
      6.596070363461294e-06,
      3.6779311840476494e-10,
      1.6593760815928507e-09,
      2.4729376969874816e-11,
      1.8301887936390507e-11,
      1.7949340642257052e-11,
      1.8125481953925175e-10,
      4.0199110419967353e-10,
      3.3665438858911674e-10,
      5.259691459352561e-11,
      1.6878217158606951e-10,
      9.862766005027872e-10,
      2.0462701075828716e-10,
      4.862196670271798e-11,
      1.216645166958581e-07,
      2.0207865713390485e-09,
      8.565763134671323e-08,
      0.3611852168278735,
      3.9940728522995146e-11,
      2.605507360365826e-09,
      6.528439265793858e-09,
      2.131896380847526e-09,
      2.4533656300975792e-05,
      1.658379323512945e-11,
      0.3557303817378038,
      2.513161554683654e-09,
      3.1844451640304497e-08,
      1.7850918918386161e-09,
      1.0127405610782386e-07,
      4.318224648202598e-08,
      2.1661800002911682e-07,
      2.345895198046081e-11
    ],
    [
      1.3393586113141252e-12,
      2.411311265608924e-11,
      1.137724621890475e-11,
      1.1670942052683558e-11,
      1.2264309465905612e-12,
      3.5673578828962116e-11,
      8.865541006969818e-12,
      4.952428703750621e-12,
      1.5985941745139824e-06,
      0.04183133315841721,
      0.038882214369697285,
      1.54151007921174e-05,
      2.959375285844038e-11,
      4.193394729142241e-12,
      3.92039366565077e-09,
      1.7716073588934552e-12,
      2.903759225870486e-10,
      0.04836515099141164,
      4.605690233374143e-11,
      0.0,
      7.100038669917018e-12,
      0.04104749799229795,
      0.03228212335985714,
      7.990824089392976e-12,
      2.3897086892368218e-05,
      7.52812950924012e-12,
      1.3520876637710013e-11,
      6.408572156021971e-10,
      9.323448750542356e-10,
      3.2156567500782866e-06,
      3.439893543504911e-10,
      8.891011793282508e-08,
      4.4912384779494674e-11,
      1.0695480319979234e-07,
      4.35729053726454e-12,
      6.296539397616596e-06,
      3.1479149021479534e-06,
      2.0982645417202955e-06,
      2.0247438534226165e-06,
      1.7281357983109474e-12,
      1.581900725666566e-12,
      0.036017618734596454,
      4.826839122015302e-07,
      2.879160841552769e-09,
      3.77490677050939e-07,
      0.10289326448135896,
      8.221073408736836e-12,
      7.556903082865903e-10,
      8.253378371124977e-12,
      7.11466879597791e-11,
      0.04142313186309071,
      5.070319122252551e-12,
      8.200185862417145e-12,
      4.475275005106683e-12,
      2.8939736281629384e-11,
      1.775232947609995e-06,
      5.750382916544376e-11,
      3.4694793440841343e-10,
      1.3370209414368204e-11,
      1.4782373475072933e-09,
      8.060033996300874e-12,
      1.1633227231123102e-11,
      1.0648303939513975e-11,
      3.932410458117659e-06
    ],
    [
      1.5905869781919703e-09,
      0.0014401167250226714,
      1.999151786624324e-07,
      0.012261138695602261,
      1.4503615912787865e-09,
      2.7809377080818546e-07,
      0.03749337092344661,
      2.5714089516387383e-08,
      2.44623370173581e-12,
      7.0944833217044775e-12,
      6.128630915031509e-12,
      6.081333523712093e-12,
      7.296756783057486e-07,
      1.160044515667304e-08,
      1.0456792942150314e-10,
      2.351031353267935e-09,
      4.185134174249033e-10,
      9.60408445744485e-12,
      8.131807308350372e-08,
      7.100038669917018e-12,
      0.0,
      6.0469389406944934e-12,
      1.0536800074933583e-11,
      0.0570663047447407,
      5.713335341658695e-12,
      0.12911330271458452,
      0.030779097415137565,
      2.296975376851231e-10,
      1.8896968731354328e-10,
      2.8831403392967675e-12,
      2.8782323510011427e-10,
      5.849875629424123e-11,
      0.0001440058558513586,
      4.8071021986283746e-11,
      1.1983057217731074e-08,
      3.899748958754387e-12,
      2.7045523313610286e-12,
      2.908070723826269e-12,
      2.6521691420374673e-11,
      2.530882929397356e-09,
      2.1785999193811406e-09,
      7.594926751583428e-12,
      2.350809187696707e-11,
      1.0304146958382783e-10,
      2.869546498104628e-11,
      7.675871218339854e-12,
      0.07159837162348927,
      2.0291584510812309e-10,
      0.12361596360633378,
      4.129715998482127e-08,
      6.311913504674465e-12,
      2.1485014015207128e-08,
      7.267849333980174e-08,
      1.694845883043394e-08,
      4.0670821613858593e-07,
      2.6000601450579426e-12,
      5.901678255959899e-08,
      2.6905247089203644e-10,
      3.388854708234413e-06,
      1.8881414077205518e-10,
      0.0966582434182402,
      8.536312472502459e-06,
      0.014517747882079447,
      3.588760360934915e-12
    ],
    [
      1.1610341648825273e-12,
