{
  "config": {
    "N": 64,
    "alpha": 1.68,
    "beta": 1.0,
    "gamma": 1.0,
    "dt": 0.02,
    "T": 200.0,
    "sample_every": 25,
    "seed": 102,
    "target_initial_load": 1.0,
    "noise_fraction": 0.02,
    "eps": 1e-12,
    "device": "cuda",
    "dtype": "float64",
    "model_variant": "full"
  },
  "device_used": "cuda",
  "dtype_used": "torch.float64",
  "runtime_seconds": 17.37260060000699,
  "final_constraint_report": {
    "symmetric": true,
    "zero_diagonal": true,
    "nonnegative": true,
    "symmetry_max_abs_error": 0.0,
    "diagonal_max_abs_error": 0.0,
    "minimum_entry": 0.0
  },
  "final_chi_hhi_star": 0.04208670964769704,
  "max_chi_hhi_star": 0.04208670964769704,
  "final_lambda2": 0.006983040606665623,
  "final_total_weight": 14.745933668388975,
  "final_load_cv": 0.18458919123346912,
  "W_final": [
    [
      0.0,
      0.001181259914830371,
      0.012892449002421636,
      0.0016173524686390267,
      0.06369320255457363,
      0.000525077321675072,
      0.0018542079002991793,
      0.023710843373327732,
      9.478302022347662e-07,
      2.9265940583158924e-06,
      2.7077164568900414e-06,
      1.8987205476823844e-06,
      0.0007112956251333453,
      0.03336790959435933,
      1.547655007462375e-05,
      0.05511720374081069,
      6.031635705742731e-05,
      1.8247391310998949e-06,
      0.0003722002893527315,
      2.5531222312498044e-06,
      0.00268331132021433,
      2.835358636606532e-06,
      3.740534448676214e-06,
      0.0033641094179270923,
      1.495594645152291e-06,
      0.0026419750979431666,
      0.005096710156931673,
      3.616612898159747e-05,
      3.04882545421094e-05,
      1.2642476723765833e-06,
      5.148517493845084e-05,
      9.625096960300769e-06,
      0.0009232442001306292,
      9.086440307218312e-06,
      0.03136836329079579,
      1.4296180437367198e-06,
      1.207172632222421e-06,
      1.2674809345213232e-06,
      4.919721902159591e-06,
      0.05244915340939359,
      0.0564429612783242,
      3.34769354945048e-06,
      6.0065167345729085e-06,
      1.9116613589736835e-05,
      6.328287000073818e-06,
      2.2364233225296696e-06,
      0.002188662488089308,
      3.100082736552996e-05,
      0.0023908289209665055,
      0.0002516096069977664,
      2.7457011633468845e-06,
      0.024096264878461948,
      0.016607130629961955,
      0.028274610950011932,
      0.0006206881182526808,
      1.0651574813065078e-06,
      0.0003417931321009938,
      4.7698401355966375e-05,
      0.008252379069664556,
      2.824136649668884e-05,
      0.0021748731411926825,
      0.006797441049662258,
      0.0016627270285637227,
      1.5973890353907861e-06
    ],
    [
      0.001181259914830371,
      0.0,
      0.00892972265565526,
      0.02697270667437199,
      0.0010819415918551984,
      0.024928075850749815,
      0.02500546595309001,
      0.005187792813063488,
      8.031042491475756e-06,
      2.271564094943862e-05,
      2.3086718643119038e-05,
      1.5516877362269104e-05,
      0.025292176391297824,
      0.0032540357498669218,
      0.00017089000314400533,
      0.0015810749315475553,
      0.001013982864531098,
      1.5641419608787097e-05,
      0.019635147620900625,
      1.989002384786947e-05,
      0.022524657895628217,
      2.3425103256295977e-05,
      3.018050447022509e-05,
      0.020970251352314378,
      1.2959715737404856e-05,
      0.023209855820933566,
      0.01691343473925441,
      0.00048367751370340903,
      0.00040088059511885193,
      1.0459283983287284e-05,
      0.0007820032759240942,
      8.824633769752649e-05,
      0.027763145804406204,
      8.725534149282674e-05,
      0.0036245065420942996,
      1.1469388448489319e-05,
      1.0101298667731572e-05,
      1.0639952067140893e-05,
      4.296073046551384e-05,
      0.0015616364896598681,
      0.0014893284646126021,
      2.6844694286947753e-05,
      5.479571992698801e-05,
      0.00021626712430475707,
      5.5118385642424525e-05,
      1.792623982669774e-05,
      0.025418663584513734,
      0.00042865325998533565,
      0.0243557146577272,
      0.014824298843746073,
      2.3094542945137003e-05,
      0.004694154512092968,
      0.00711258790415388,
      0.003990811020393854,
      0.026200951910090548,
      8.929558527075413e-06,
      0.018560408118050348,
      0.0007104927358736103,
      0.014009607688763652,
      0.00033522372421981877,
      0.02521888270353014,
      0.015305720392981321,
      0.02742754679026649,
      1.3210481073799402e-05
    ],
    [
      0.012892449002421636,
      0.00892972265565526,
      0.0,
      0.01099313690093109,
      0.012431508878466025,
      0.004298589908208012,
      0.012246658010853903,
      0.027203540714627848,
      2.6046979387017216e-06,
      7.704320361077384e-06,
      7.369040867849746e-06,
      4.9162710546364505e-06,
      0.005719708772692195,
      0.023110747368012028,
      4.6329568665416205e-05,
      0.015892985447831458,
      0.00023330306024529606,
      4.942321568044162e-06,
      0.0030625155776523,
      6.680573348783363e-06,
      0.015697287092125492,
      7.456670930640427e-06,
      9.947480121656365e-06,
      0.01885909587132361,
      4.1760672650761845e-06,
      0.015858495807268023,
      0.02297654376787866,
      0.00011949847490428724,
      0.00010217541190090271,
      3.4999725755798894e-06,
      0.0001853278124106277,
      2.7418154796323323e-05,
      0.007222920092804584,
      2.5125929684500415e-05,
      0.024234041551398102,
      3.891627455742165e-06,
      3.3143576239667535e-06,
      3.303826306981768e-06,
      1.352277363770203e-05,
      0.01601522616374989,
      0.014787378282627389,
      8.718910543340175e-06,
      1.6309849628567543e-05,
      5.5855573398827713e-05,
      1.6844733297993328e-05,
      5.876319673982462e-06,
      0.013538287401877241,
      0.00010395815926680733,
      0.015787471882230012,
      0.001950934853846645,
      7.346943766599192e-06,
      0.028537754545605087,
      0.02995737360026571,
      0.02532649314748599,
      0.004981975756834184,
      2.861345376410158e-06,
      0.002652482753536713,
      0.0001677288061068956,
      0.027326801905920493,
      8.675630349063931e-05,
      0.014432844661596675,
      0.025366394394531505,
      0.011612025273473423,
      4.247020603460088e-06
    ],
    [
      0.0016173524686390267,
      0.02697270667437199,
      0.01099313690093109,
      0.0,
      0.0014783997486725333,
      0.022251693335701303,
      0.02769955684966696,
      0.006686998030876952,
      6.363437617088039e-06,
      1.75363797255576e-05,
      1.5899593684104344e-05,
      1.1720774507571848e-05,
      0.023523957555651804,
      0.004337862943537226,
      0.0001296254291417129,
      0.0021522638853821714,
      0.0007766865721616773,
      1.0920517258562494e-05,
      0.016691775765476105,
      1.4897635362599474e-05,
      0.0256645728005479,
      1.6727486659365083e-05,
      2.3591482689053676e-05,
      0.02493098613071075,
      9.40559629411143e-06,
      0.025683460475501414,
      0.020458864670383804,
      0.00035205991730187584,
      0.00028256832331700443,
      7.824835337723335e-06,
      0.0006033096615699992,
      6.683636178817451e-05,
      0.026299183444768573,
      6.351303635525634e-05,
      0.0045464426696674165,
      8.993948413209506e-06,
      7.570189038789874e-06,
      8.251229907782944e-06,
      3.247115627349797e-05,
      0.002099262247685208,
      0.0019461102930905423,
      2.009593888248961e-05,
      3.790196885141732e-05,
      0.00015051003334714925,
      4.1599958488540726e-05,
      1.3476783052648117e-05,
      0.026965410723559978,
      0.00032610061760975805,
      0.025495577071629697,
      0.012134876509762112,
      1.6818897788883835e-05,
      0.006164787492247525,
      0.008927682431900797,
      0.005510831964733142,
      0.022995096045735883,
      7.085807921128778e-06,
      0.014491902846387255,
      0.0005573396748888328,
      0.015546614457389137,
      0.00022809058307116169,
      0.02612646791484538,
      0.017749491895231062,
      0.027761609831504424,
      1.0444533602268677e-05
    ],
    [
      0.06369320255457363,
      0.0010819415918551984,
      0.012431508878466025,
      0.0014783997486725333,
      0.0,
      0.00047498693779176573,
      0.0016900846590074967,
      0.022703194578971957,
      8.670179878159173e-07,
      2.698987588562796e-06,
      2.5931960965802276e-06,
      1.7803614437209105e-06,
      0.0006428683602217715,
      0.03273610216989079,
      1.4365267048127607e-05,
      0.05574981848088265,
      5.562144028260539e-05,
      1.7075569198451132e-06,
      0.0003404911972692571,
      2.355705373390979e-06,
      0.002493089551606808,
      2.6832364969189467e-06,
      3.486961690258059e-06,
      0.003162215148759873,
      1.4320085381104743e-06,
      0.002455115761728326,
      0.004796637135807157,
      3.366503328720904e-05,
      2.9227355092920345e-05,
      1.1735792964485428e-06,
      4.8845640788071067e-05,
      8.896102231086907e-06,
      0.0008514424463938023,
      8.587080940048867e-06,
      0.031269277130745766,
      1.3284840644030567e-06,
      1.1336584293115789e-06,
      1.1564738235235632e-06,
      4.5929327653918305e-06,
      0.05541424634227487,
      0.056393554595254525,
      3.0753050292057917e-06,
      5.7683843156709345e-06,
      1.8040938411497563e-05,
      5.9033311102870504e-06,
      2.0247420086780814e-06,
      0.002020814477820106,
      2.814174809477771e-05,
      0.0022138453260577536,
      0.00022908581004777974,
      2.5820376271505485e-06,
      0.023651381629594445,
      0.015787226708370943,
      0.02702246931984239,
      0.0005513794977372534,
      9.818298375837696e-07,
      0.00030342890462301626,
      4.287189471448911e-05,
      0.00785532466993523,
      2.7267083568690062e-05,
      0.002036125902710321,
      0.006297625357289134,
      0.0015430610048711446,
      1.4878995549086597e-06
    ],
    [
      0.000525077321675072,
      0.024928075850749815,
      0.004298589908208012,
      0.022251693335701303,
      0.00047498693779176573,
      0.0,
      0.01997579556607285,
      0.0024349079928469896,
      1.350900443140236e-05,
      3.7809110830711345e-05,
      3.4124362130728576e-05,
      2.413952703378411e-05,
      0.030336984378837636,
      0.0015152134788687117,
      0.0003371969341781518,
      0.0007198476213121037,
      0.002001223629392547,
      2.3296918777860564e-05,
      0.031245513128611416,
      3.1896058499496006e-05,
      0.015370438175678864,
      3.519818131187694e-05,
      5.156809430317115e-05,
      0.01365588809864377,
      2.044272070130784e-05,
      0.01570435408771553,
      0.009791871888357059,
      0.0009003636840992685,
      0.0007090685097564243,
      1.6237902290897668e-05,
      0.0015124251537539965,
      0.00015533749483760296,
      0.027790151857174757,
      0.00014512037788555094,
      0.0015712273691074288,
      1.9006532489273263e-05,
      1.621395817620371e-05,
      1.7331153368776487e-05,
      7.373922356725041e-05,
      0.0006964973786594175,
      0.0006591520669201558,
      4.276482727848148e-05,
      8.476007533354236e-05,
      0.0003720136511411864,
      9.58489843425287e-05,
      2.9320956692279413e-05,
      0.018489248663246395,
      0.0008934698293388976,
      0.015517856555443967,
      0.027778419670770757,
      3.58537978116514e-05,
      0.002186108002856595,
      0.003353615563041282,
      0.0019461981049940966,
      0.033075686733820636,
      1.4389185880820422e-05,
      0.029213685899365648,
      0.0014587926877957132,
      0.006747668235567068,
      0.000559659009234885,
      0.016901292783400884,
      0.007997543056021714,
      0.02076073148605098,
      2.1807859678410198e-05
    ],
    [
      0.0018542079002991793,
      0.02500546595309001,
      0.012246658010853903,
      0.02769955684966696,
      0.0016900846590074967,
      0.01997579556607285,
      0.0,
      0.007545876611311706,
      5.50282102298441e-06,
      1.63796194648551e-05,
      1.4757104751309472e-05,
      9.598582594819433e-06,
      0.022752749186875813,
      0.00490857667690907,
      0.0001208137813360514,
      0.002386647086960189,
      0.0007113068243569905,
      9.676900398288733e-06,
      0.015835915465177496,
      1.3496167792900709e-05,
      0.027679124767110895,
      1.4818586706706302e-05,
      2.055723146537078e-05,
      0.025271329101315857,
      8.722144239097944e-06,
      0.026213087663940454,
      0.021934475086660427,
      0.00032266762755461397,
      0.0002542111916384938,
      7.081262739204008e-06,
      0.0005178202851756741,
      6.167072158662893e-05,
      0.024484417278118082,
      5.351451052516991e-05,
      0.005073621624076903,
      8.161738447392033e-06,
      7.026325363077353e-06,
      6.8872818092844545e-06,
      3.0133656880781375e-05,
      0.002518556447891685,
      0.0022556095050778138,
      1.7849035957089114e-05,
      3.351616888289932e-05,
      0.0001252199242294399,
      3.8267254176130465e-05,
      1.2535352843598775e-05,
      0.026299717622858824,
      0.0003054651537256797,
      0.02702116281938262,
      0.011306842899974768,
      1.5283411645179236e-05,
      0.006976896898350748,
      0.010390822172307648,
      0.00655336733847538,
      0.02092763778759724,
      6.197649353575873e-06,
      0.01263058017950425,
      0.000508599767248764,
      0.01636628772792301,
      0.00020372579997760692,
      0.02682092566803309,
      0.019570279718452713,
      0.02724439175796311,
      8.546070678288759e-06
    ],
    [
      0.023710843373327732,
      0.005187792813063488,
      0.027203540714627848,
      0.006686998030876952,
      0.022703194578971957,
      0.0024349079928469896,
      0.007545876611311706,
      0.0,
      1.874412136448926e-06,
      5.648562435482865e-06,
      5.172187979919259e-06,
      3.580073098076323e-06,
      0.0030977418969003238,
      0.03225333258835032,
      3.3564641047317225e-05,
      0.026456876678639805,
      0.00015614410844150568,
      3.4233076637574442e-06,
      0.0016415659332853902,
      4.724752571792087e-06,
      0.010302027950235378,
      5.256899237393338e-06,
      7.227864377801316e-06,
      0.011806369652988225,
      2.9534417150307797e-06,
      0.00984907436125539,
      0.016080866689843976,
      8.407653376995085e-05,
      6.825152458698669e-05,
      2.4193524169795845e-06,
      0.0001262495743307982,
      1.924799073571125e-05,
      0.004119614485290973,
      1.7933683677059612e-05,
      0.032320773305756875,
      2.728535474498449e-06,
      2.337222092168521e-06,
      2.457089954970033e-06,
      9.844656665003717e-06,
      0.026320417012264837,
      0.02584044590753708,
      6.199822631825033e-06,
      1.1841392360342408e-05,
      3.920000761973761e-05,
      1.2424510023320957e-05,
      4.3670646752177755e-06,
      0.008326266589844629,
      7.461643121057696e-05,
      0.009250794096011818,
      0.0010874887429342447,
      5.241132933043565e-06,
      0.032833709217450026,
      0.030673458839450808,
      0.03398195046736637,
      0.002809463321255692,
      2.0833666577364082e-06,
      0.0014433509401139573,
      0.00011785494767664755,
      0.022409847310308484,
      6.089280957567062e-05,
      0.008650220508347715,
      0.019932267487481625,
      0.007020612316795967,
      3.047402094584017e-06
    ],
    [
      9.478302022347662e-07,
      8.031042491475756e-06,
      2.6046979387017216e-06,
      6.363437617088039e-06,
      8.670179878159173e-07,
      1.350900443140236e-05,
      5.50282102298441e-06,
      1.874412136448926e-06,
      0.0,
      0.01917458784750964,
      0.016859504877595397,
      0.03294293515333364,
      1.0858914435479618e-05,
      1.5856463065530436e-06,
      0.000760049044093468,
      1.1953047656421757e-06,
      0.00010554785668164321,
      0.02752130954923759,
      1.9571217135421696e-05,
      0.023169624479455957,
      4.639774771647798e-06,
      0.018119492855525315,
      0.01608789201322592,
      4.231830170881868e-06,
      0.03242150617246699,
      4.845975636899433e-06,
      3.654042633416447e-06,
      0.000185252270996593,
      0.00022851581206225134,
      0.04230781350849749,
      0.0001347925918491936,
      0.003174448469270128,
      8.65798993009217e-06,
      0.003732691475188062,
      1.626910446602939e-06,
      0.03850917275541475,
      0.04203612328729768,
      0.04663914034609099,
      0.008805083860217052,
      1.0923312273711215e-06,
      1.1051456729280208e-06,
      0.01681358240068029,
      0.00707436942306803,
      0.0005948221771509491,
      0.006623872440171517,
      0.025304137390080216,
      5.353222336442801e-06,
      0.00024016857401770232,
      5.380721182135355e-06,
      2.7904255121227796e-05,
      0.018652673158937937,
      1.963174703085501e-06,
      2.2804282090300984e-06,
      1.7371550457666084e-06,
      1.2174743734067104e-05,
      0.04921496941908601,
      2.312331048690368e-05,
      0.00014070957948796015,
      3.03661371329053e-06,
      0.0002823213023347818,
      5.2981915109248815e-06,
      3.086126355943848e-06,
      6.001140666165905e-06,
      0.03961758585645487
    ],
    [
      2.9265940583158924e-06,
      2.271564094943862e-05,
      7.704320361077384e-06,
      1.75363797255576e-05,
      2.698987588562796e-06,
      3.7809110830711345e-05,
      1.63796194648551e-05,
      5.648562435482865e-06,
      0.01917458784750964,
      0.0,
      0.02941103787681288,
      0.02573897402862691,
      3.1798136436774316e-05,
      4.598473126679364e-06,
      0.0029412774197052237,
      3.5667381398533506e-06,
      0.0004011828813068462,
      0.026705780081931373,
      5.8834463951887995e-05,
      0.02960859640392605,
      1.4256524526981364e-05,
      0.02849853009399521,
      0.031057100131605085,
      1.1582054848205644e-05,
      0.02638081662782408,
      1.3800927263978966e-05,
      1.0819649620798595e-05,
      0.0007012796106285657,
      0.0008829034680810229,
      0.023885845165601997,
      0.0004920325492260095,
      0.012823269482054402,
      2.5828292455223817e-05,
      0.012856245190782774,
      4.7988045629725445e-06,
      0.02565301090664762,
      0.02253253907821348,
      0.020662190306951524,
      0.024988909852396022,
      3.605888874899928e-06,
      3.409739336438239e-06,
      0.027931576384145257,
      0.020637983637632903,
      0.002180197425765938,
      0.02068735919760614,
      0.03148423565428887,
      1.4396964108786868e-05,
      0.0008570296551623242,
      1.6137478439602926e-05,
      8.38325004044562e-05,
      0.031254635163925716,
      6.104846293869796e-06,
      6.9220923241084286e-06,
      5.108220885319975e-06,
      3.343255230864903e-05,
      0.020024296643791344,
      7.145694344750701e-05,
      0.0005003853054233106,
      8.675818348346442e-06,
      0.0011730112021027207,
      1.5810259189931873e-05,
      8.699974744135007e-06,
      1.756095037910537e-05,
      0.022869360074987428
    ],
    [
      2.7077164568900414e-06,
      2.3086718643119038e-05,
      7.369040867849746e-06,
      1.5899593684104344e-05,
      2.5931960965802276e-06,
      3.4124362130728576e-05,
      1.4757104751309472e-05,
      5.172187979919259e-06,
      0.016859504877595397,
      0.02941103787681288,
      0.0,
      0.023867841150954205,
      2.8670004416361724e-05,
      4.566209057390401e-06,
      0.0028696984486373403,
      3.2330664345938637e-06,
      0.00039206525180196576,
      0.031373498051168895,
      5.354964925763754e-05,
      0.029145583854990137,
      1.2289595937386095e-05,
      0.032594191560507926,
      0.026485710251588714,
      1.0656984563394306e-05,
      0.02936129864080008,
      1.2982739722406798e-05,
      9.916023740463642e-06,
      0.000718592433991409,
      0.0009793646230082586,
      0.022780351542488454,
      0.0004492528997074176,
      0.012472892521193999,
      2.2849816095836635e-05,
      0.013129477029300533,
      5.135612829398172e-06,
      0.023927118304656523,
      0.022827858815208754,
      0.01901399635137722,
      0.02536421520017145,
      3.448472485257877e-06,
      3.200767625063912e-06,
      0.029368792637738176,
      0.02184281720097318,
      0.0023908615345494644,
      0.01975661226752617,
      0.028668606029486794,
      1.3490106249171988e-05,
      0.0007824002536799282,
      1.5713349722738233e-05,
      7.468279616212032e-05,
      0.03259010617147967,
      5.655498166407563e-06,
      6.587613650826516e-06,
      4.708341368797946e-06,
      3.0553138215339636e-05,
      0.01865188431707684,
      6.45245340123652e-05,
      0.0004603353940576309,
      8.856655006090316e-06,
      0.0013519897288025644,
      1.5397664443516092e-05,
      8.070184932479116e-06,
      1.619612125806012e-05,
      0.021229433800058723
    ],
    [
      1.8987205476823844e-06,
      1.5516877362269104e-05,
      4.9162710546364505e-06,
      1.1720774507571848e-05,
      1.7803614437209105e-06,
      2.413952703378411e-05,
      9.598582594819433e-06,
      3.580073098076323e-06,
      0.03294293515333364,
      0.02573897402862691,
      0.023867841150954205,
      0.0,
      1.9326376071571607e-05,
      3.0857311932518863e-06,
      0.0015437658389256788,
      2.4582590022389962e-06,
      0.00020694202097408502,
      0.031378641989363826,
      3.411991793942713e-05,
      0.028819398499543986,
      8.377785423202752e-06,
      0.02686403254436404,
      0.023723639114524683,
      7.612762197030832e-06,
      0.030711579000967038,
      8.75442407208887e-06,
      6.800077537510645e-06,
      0.00038375282892585955,
      0.0004858060169444088,
      0.032721747856339356,
      0.0002861830439728243,
      0.006466966367107644,
      1.600345415651607e-05,
      0.008333255206287544,
      3.278075034116666e-06,
      0.03296961110230097,
      0.03166394858566757,
      0.036167709074781916,
      0.015243087846566453,
      2.1455819579299197e-06,
      2.2061401894342555e-06,
      0.025639644874861246,
      0.014082425020987395,
      0.0013616327665334105,
      0.012585107053190428,
      0.02876893856158223,
      9.901808171085618e-06,
      0.000452148787695504,
      9.984485751844462e-06,
      5.004441861017228e-05,
      0.0256556840974386,
      3.842705647415653e-06,
      4.376932335679124e-06,
      3.2610324131896764e-06,
      2.1364802862600852e-05,
      0.033494788397739554,
      4.3707182719442224e-05,
      0.00027281189590512957,
      6.078034622095786e-06,
      0.0006336589061482877,
      9.888105194732081e-06,
      5.7471113563771165e-06,
      1.1040909066350585e-05,
      0.035791457459132134
    ],
    [
      0.0007112956251333453,
      0.025292176391297824,
      0.005719708772692195,
      0.023523957555651804,
      0.0006428683602217715,
      0.030336984378837636,
      0.022752749186875813,
      0.0030977418969003238,
      1.0858914435479618e-05,
      3.1798136436774316e-05,
      2.8670004416361724e-05,
      1.9326376071571607e-05,
      0.0,
      0.0020102951884111053,
      0.00026637196249362007,
      0.0009540583081316304,
      0.0016206869864343746,
      1.9184885976426658e-05,
      0.028542251988600293,
      2.6834540935366637e-05,
      0.019085934588627326,
      2.946087281533003e-05,
      4.210897007655251e-05,
      0.015931793409574804,
      1.6564218283127358e-05,
      0.018777328487419316,
      0.01250872696607888,
      0.0007312548623438601,
      0.0005725524563913126,
      1.3670086003163089e-05,
      0.0011820175007916927,
      0.00012742930135746936,
      0.02938023781107191,
      0.00011152148180354765,
      0.002089248094006388,
      1.619262771322028e-05,
      1.344070803994418e-05,
      1.3597350439221899e-05,
      5.979577289145871e-05,
      0.0009641375561803219,
      0.0008786971807006333,
      3.5369642017723916e-05,
      6.777702426714308e-05,
      0.0002820198059874722,
      7.849921909250998e-05,
      2.4386560944788344e-05,
      0.020893152921957373,
      0.0006702871185048598,
      0.018437011825084084,
      0.02424719554000994,
      2.9491131336982295e-05,
      0.002977545665870359,
      0.004523209611138107,
      0.0025696639366561327,
      0.0304646525173138,
      1.1817107349697737e-05,
      0.026313639117480088,
      0.0011564814163830524,
      0.008043610211804298,
      0.0004536154211595259,
      0.020016644720552423,
      0.009887376999521195,
      0.02251290771566532,
      1.6764110952965403e-05
    ],
    [
      0.03336790959435933,
      0.0032540357498669218,
      0.023110747368012028,
      0.004337862943537226,
      0.03273610216989079,
      0.0015152134788687117,
      0.00490857667690907,
      0.03225333258835032,
      1.5856463065530436e-06,
      4.598473126679364e-06,
      4.566209057390401e-06,
      3.0857311932518863e-06,
      0.0020102951884111053,
      0.0,
      2.7232198363585296e-05,
      0.03491942687926467,
      0.0001230532088670676,
      3.0783747228771103e-06,
      0.0010412930686232971,
      4.060510557946273e-06,
      0.006686804261548077,
      4.638507398281814e-06,
      6.098677150711212e-06,
      0.008212730895605343,
      2.542519011788607e-06,
      0.006716334798209401,
      0.011907254339480576,
      6.707390726829836e-05,
      5.73836140245173e-05,
      2.0691437036407394e-06,
      9.859512829415996e-05,
      1.619197306425978e-05,
      0.002599472871489493,
      1.5127484547432432e-05,
      0.03798905692783501,
      2.375155338938381e-06,
      2.019951715034588e-06,
      2.0876070964067715e-06,
      8.326597882461328e-06,
      0.03602048289667561,
      0.034788570459595956,
      5.407294207585777e-06,
      9.970747349971531e-06,
      3.387867038505755e-05,
      1.0339730738225552e-05,
      3.5428783626856965e-06,
      0.0055797989838189555,
      5.6977813369876145e-05,
      0.006106199299058055,
      0.0006937214792389592,
      4.523208750714955e-06,
      0.033206759776072584,
      0.027704925590959138,
      0.03659401387780352,
      0.0017355666930849885,
      1.7877716239405784e-06,
      0.0009017889005370016,
      9.189777654155017e-05,
      0.016927855849555546,
      5.015339080909881e-05,
      0.005691022205492071,
      0.01460022956595842,
      0.0045988031706211425,
      2.635504779039292e-06
    ],
    [
      1.547655007462375e-05,
      0.00017089000314400533,
      4.6329568665416205e-05,
      0.0001296254291417129,
      1.4365267048127607e-05,
      0.0003371969341781518,
      0.0001208137813360514,
      3.3564641047317225e-05,
      0.000760049044093468,
      0.0029412774197052237,
      0.0028696984486373403,
      0.0015437658389256788,
      0.00026637196249362007,
      2.7232198363585296e-05,
      0.0,
      1.8958456007772436e-05,
      0.015853043436234792,
      0.0017554200719056094,
      0.0005617193714071514,
      0.0023558085473576024,
      9.705408287270906e-05,
      0.0028499296297917046,
      0.0040074847992610215,
      8.376259423303847e-05,
      0.0014177177136169197,
      9.694178817759511e-05,
      6.972874542087449e-05,
      0.025827010542231545,
      0.028251732759780445,
      0.0010239940396146057,
      0.018481492290787077,
      0.018269944734890558,
      0.00019975812116875948,
      0.01567137066980527,
      2.9268935708026458e-05,
      0.001282331877512068,
      0.001038828925317033,
      0.0009782052281024347,
      0.00714780555141946,
      1.9037694961919325e-05,
      1.8036311141611578e-05,
      0.00351470200323183,
      0.008524342841691854,
      0.03756742132117825,
      0.00972945183084403,
      0.002155343893091524,
      0.00011464743830709197,
      0.026750548067164513,
      0.00010666889631694675,
      0.0009933076007097425,
      0.0027753012472376466,
      3.4560776639189626e-05,
      4.128139773608342e-05,
      3.011451853249752e-05,
      0.00029760067475909926,
      0.0008322997916413031,
      0.0007222754863908812,
      0.019292272259802724,
      5.6849061670781706e-05,
      0.030991161598734718,
      0.00011202155144351262,
      5.7916216900605216e-05,
      0.00012422439655290608,
      0.001290708721888361
    ],
    [
      0.05511720374081069,
      0.0015810749315475553,
      0.015892985447831458,
      0.0021522638853821714,
      0.05574981848088265,
      0.0007198476213121037,
      0.002386647086960189,
      0.026456876678639805,
      1.1953047656421757e-06,
      3.5667381398533506e-06,
      3.2330664345938637e-06,
      2.4582590022389962e-06,
      0.0009540583081316304,
      0.03491942687926467,
      1.8958456007772436e-05,
      0.0,
      7.571254084682982e-05,
      2.2406892993930007e-06,
      0.0005022038478145174,
      3.1487273021471205e-06,
      0.0034879110455498102,
      3.4926559423188445e-06,
      4.658772665331518e-06,
      0.00437265650441189,
      1.8249473866723591e-06,
      0.0034233629787107102,
      0.0064044841223902405,
      4.5804478100609365e-05,
      3.7781933866188694e-05,
      1.5447950680349989e-06,
      6.779739483783238e-05,
      1.1568947869153449e-05,
      0.001264186890903889,
      1.1551982029799293e-05,
      0.033061063328556024,
      1.7655124984530333e-06,
      1.4825924073307137e-06,
      1.6042680372796274e-06,
      5.907101632323642e-06,
      0.047674663234184164,
      0.05175605952854869,
      4.1155372471799885e-06,
      7.514841725769944e-06,
      2.3754146261681497e-05,
      7.775857945254405e-06,
      2.7113564552553268e-06,
      0.002884416628101987,
      3.796951855051841e-05,
      0.0031123633219032423,
      0.000336771220420493,
      3.3098295568357023e-06,
      0.027079518057777214,
      0.019232601662906985,
      0.03014555104663241,
      0.0008349124796920551,
      1.3388773569393505e-06,
      0.00046532479480706286,
      5.985451977617324e-05,
      0.010294963523820675,
      3.456246932324675e-05,
      0.0028410935191152576,
      0.008371778960361639,
      0.002215237846398846,
      2.04640458014568e-06
    ],
    [
      6.031635705742731e-05,
      0.001013982864531098,
      0.00023330306024529606,
      0.0007766865721616773,
      5.562144028260539e-05,
      0.002001223629392547,
      0.0007113068243569905,
      0.00015614410844150568,
      0.00010554785668164321,
      0.0004011828813068462,
      0.00039206525180196576,
      0.00020694202097408502,
      0.0016206869864343746,
      0.0001230532088670676,
      0.015853043436234792,
      7.571254084682982e-05,
      0.0,
      0.00022626411966919166,
      0.003062542748002789,
      0.00031910415050730325,
      0.0005654353684539958,
      0.0003804382783289005,
      0.0005603394400397908,
      0.00047255910864219637,
      0.00019434792965835482,
      0.0005661041755964296,
      0.00039300635711136934,
      0.035930140254879686,
      0.031617710366401465,
      0.00014298418802899247,
      0.0397581863173228,
      0.0036045480783507694,
      0.0012278192644149552,
      0.0028194610654489246,
      0.00012786977685278232,
      0.0001742074932675616,
      0.00014031686838983747,
      0.0001346055004304877,
      0.001008015082631543,
      7.838587282105712e-05,
      7.263116098045914e-05,
      0.00045138011889956275,
      0.0011978575391803261,
      0.01703597433863175,
      0.0014420179091126568,
      0.0002848004991210987,
      0.0006266354389500121,
      0.034914678654868005,
      0.0006137819505647154,
      0.005094630990651108,
      0.000385357946084501,
      0.00015958667577396473,
      0.00019945948351008486,
      0.00014004943803759662,
      0.0017023040372598393,
      0.00011600001802517174,
      0.0037693700430380117,
      0.04195867254229958,
      0.0002871276417541125,
      0.02669744869326818,
      0.000643380934914691,
      0.0003061404068564039,
      0.0007561360127382538,
      0.00017306778929509044
    ],
    [
      1.8247391310998949e-06,
      1.5641419608787097e-05,
      4.942321568044162e-06,
      1.0920517258562494e-05,
      1.7075569198451132e-06,
      2.3296918777860564e-05,
      9.676900398288733e-06,
      3.4233076637574442e-06,
      0.02752130954923759,
      0.026705780081931373,
      0.031373498051168895,
      0.031378641989363826,
      1.9184885976426658e-05,
      3.0783747228771103e-06,
      0.0017554200719056094,
      2.2406892993930007e-06,
      0.00022626411966919166,
      0.0,
      3.48717070151182e-05,
      0.03002534254122414,
      8.180977562713107e-06,
      0.029584368182419437,
      0.023819120748898852,
      7.417167515176796e-06,
      0.034124922753894046,
      8.738138320108748e-06,
      6.529195868756695e-06,
      0.00043449473593527393,
      0.0005522985350906915,
      0.03129207369957955,
      0.0002820013196536916,
      0.007506674265525183,
      1.5291706069508548e-05,
      0.008810334016580667,
      3.353564939036139e-06,
      0.03125948882323968,
      0.03147406719612287,
      0.02915234406996812,
      0.018102030949277606,
      2.1637428253217797e-06,
      2.133500563537798e-06,
      0.02695648168892952,
      0.01615633321890598,
      0.0015168225913178668,
      0.01405821047434961,
      0.03049819513284941,
      9.636670375779069e-06,
      0.0004880069677593396,
      1.0259637813575473e-05,
      4.945700593543488e-05,
      0.02888946387936045,
      3.735550987112767e-06,
      4.387957495672217e-06,
      3.168119553580765e-06,
      2.150764198893596e-05,
      0.028260714741393324,
      4.3496353620501674e-05,
      0.0002796264328147522,
      6.103184281205299e-06,
      0.0007635721301168379,
      1.0071821788838011e-05,
      5.610583511886432e-06,
      1.096938371447991e-05,
      0.03035921672014836
    ],
    [
      0.0003722002893527315,
      0.019635147620900625,
      0.0030625155776523,
      0.016691775765476105,
      0.0003404911972692571,
      0.031245513128611416,
      0.015835915465177496,
      0.0016415659332853902,
      1.9571217135421696e-05,
      5.8834463951887995e-05,
      5.354964925763754e-05,
      3.411991793942713e-05,
      0.028542251988600293,
      0.0010412930686232971,
      0.0005617193714071514,
      0.0005022038478145174,
      0.003062542748002789,
      3.48717070151182e-05,
      0.0,
      4.773993453208771e-05,
      0.011736484026127883,
      5.384690360590912e-05,
      7.557996848973542e-05,
      0.0095711625538307,
      3.104783413025513e-05,
      0.011693581136250285,
      0.007071625084263258,
      0.0014855711487670115,
      0.0011924949211279282,
      2.4866500956108646e-05,
      0.0023150227207599464,
      0.00025627912829180626,
      0.023682397680856712,
      0.00021706783878791875,
      0.0011075153953039767,
      2.862986783116785e-05,
      2.4923605165976655e-05,
      2.3555930913247283e-05,
      0.00011159388348642424,
      0.0005103968513674129,
      0.00045823670572961363,
      6.529935613313077e-05,
      0.00012915689885510814,
      0.0005974900831955194,
      0.00014583466369447426,
      4.390181892656328e-05,
      0.013708256684974409,
      0.001424037258189532,
      0.012251913274281583,
      0.034886976965817926,
      5.376242357078555e-05,
      0.0015912846213585858,
      0.002372619542653721,
      0.0013371403320416124,
      0.02925602467694697,
      2.1145619614804633e-05,
      0.03342990477026301,
      0.002258099763282017,
      0.004560673671684105,
      0.0009571941389078041,
      0.01320403707263271,
      0.005612911178635458,
      0.015936591383290333,
      3.0436725358479828e-05
    ],
    [
      2.5531222312498044e-06,
      1.989002384786947e-05,
      6.680573348783363e-06,
      1.4897635362599474e-05,
      2.355705373390979e-06,
      3.1896058499496006e-05,
      1.3496167792900709e-05,
      4.724752571792087e-06,
      0.023169624479455957,
      0.02960859640392605,
      0.029145583854990137,
      0.028819398499543986,
      2.6834540935366637e-05,
      4.060510557946273e-06,
      0.0023558085473576024,
      3.1487273021471205e-06,
      0.00031910415050730325,
      0.03002534254122414,
      4.773993453208771e-05,
      0.0,
      1.1238341309248203e-05,
      0.029695329876530174,
      0.027166703614735256,
      1.021976875310047e-05,
      0.02915732761795586,
      1.1910970211311638e-05,
      8.998429963202655e-06,
      0.0005714382765657981,
      0.0007460184903780062,
      0.026901005989509945,
      0.00039817378863762145,
      0.009851054139757585,
      2.084382371322283e-05,
      0.011255266646321557,
      4.3775652036183445e-06,
      0.02892729294836015,
      0.026935568637468776,
      0.02507505204833083,
      0.021381677326113624,
      2.96093237641351e-06,
      2.8860691465637617e-06,
      0.02901679508701926,
      0.01890988063896092,
      0.001927119822441069,
      0.017768026816298806,
      0.030830719554207003,
      1.3143899580654831e-05,
      0.0006708408571695686,
      1.3286204931857021e-05,
      6.955201023626667e-05,
      0.02900979166037784,
      5.063436644610867e-06,
      5.886425219387575e-06,
      4.3955814779625085e-06,
      2.8807826966099647e-05,
      0.023838141785656554,
      6.012283510275866e-05,
      0.00041025063430315267,
      7.638873951820703e-06,
      0.0009772939074292816,
      1.3233714532425964e-05,
      7.532371183709626e-06,
      1.4324709416594322e-05,
      0.02687646081372324
    ],
    [
      0.00268331132021433,
      0.022524657895628217,
      0.015697287092125492,
      0.0256645728005479,
      0.002493089551606808,
      0.015370438175678864,
      0.027679124767110895,
      0.010302027950235378,
      4.639774771647798e-06,
      1.4256524526981364e-05,
      1.2289595937386095e-05,
      8.377785423202752e-06,
      0.019085934588627326,
      0.006686804261548077,
      9.705408287270906e-05,
      0.0034879110455498102,
      0.0005654353684539958,
      8.180977562713107e-06,
      0.011736484026127883,
      1.1238341309248203e-05,
      0.0,
      1.2259258292277065e-05,
      1.804243931898421e-05,
      0.026644178522751086,
      7.065146828626321e-06,
      0.027311449194786938,
      0.025418550544610105,
      0.0002614772462090459,
      0.0001959970003011613,
      5.976100254762428e-06,
      0.0004164946384728035,
      5.1366152550421144e-05,
      0.02209290377662129,
      4.3864794018266785e-05,
      0.006816092954395231,
      6.885020769640269e-06,
      5.614942397136037e-06,
      5.817334023265413e-06,
      2.504022936722693e-05,
      0.003580397174699847,
      0.0033726086656406832,
      1.441430329063945e-05,
      2.7627233987534807e-05,
      0.00010042590639073134,
      3.143293813059484e-05,
      1.058084536755639e-05,
      0.025723894725918954,
      0.00023407715645364427,
      0.027201990063362727,
      0.008138743519401201,
      1.2980548245496892e-05,
      0.009598936132768885,
      0.013668726456475974,
      0.008492485353000737,
      0.017128313680283006,
      5.0527311581553396e-06,
      0.009894972817378132,
      0.00039953742445443665,
      0.019486119525366108,
      0.00016409769084475335,
      0.027146053016131027,
      0.02222030636270717,
      0.02588312868745076,
      7.100036081468081e-06
    ],
    [
      2.835358636606532e-06,
      2.3425103256295977e-05,
      7.456670930640427e-06,
      1.6727486659365083e-05,
      2.6832364969189467e-06,
      3.519818131187694e-05,
      1.4818586706706302e-05,
      5.256899237393338e-06,
      0.018119492855525315,
      0.02849853009399521,
      0.032594191560507926,
      0.02686403254436404,
      2.946087281533003e-05,
      4.638507398281814e-06,
      0.0028499296297917046,
      3.4926559423188445e-06,
      0.0003804382783289005,
      0.029584368182419437,
      5.384690360590912e-05,
      0.029695329876530174,
      1.2259258292277065e-05,
      0.0,
