{
  "config": {
    "N": 64,
    "alpha": 1.66,
    "beta": 1.0,
    "gamma": 1.0,
    "dt": 0.02,
    "T": 200.0,
    "sample_every": 25,
    "seed": 101,
    "target_initial_load": 1.0,
    "noise_fraction": 0.02,
    "eps": 1e-12,
    "device": "cuda",
    "dtype": "float64",
    "model_variant": "full"
  },
  "device_used": "cuda",
  "dtype_used": "torch.float64",
  "runtime_seconds": 22.361556900083087,
  "final_constraint_report": {
    "symmetric": true,
    "zero_diagonal": true,
    "nonnegative": true,
    "symmetry_max_abs_error": 0.0,
    "diagonal_max_abs_error": 0.0,
    "minimum_entry": 0.0
  },
  "final_chi_hhi_star": 0.0004408570679946042,
  "max_chi_hhi_star": 0.0004408570679946042,
  "final_lambda2": 0.5292771744961211,
  "final_total_weight": 20.358216188994223,
  "final_load_cv": 0.0243790466594855,
  "W_final": [
    [
      0.0,
      0.009001554360001036,
      0.008518354555950807,
      0.008648788157544222,
      0.007924426416778966,
      0.010597367441229081,
      0.0076218142868937295,
      0.009349672580949387,
      0.009263736786365162,
      0.011576222111955477,
      0.00989042045248861,
      0.006988998867768651,
      0.012376864142366684,
      0.0124252186930066,
      0.005483125743572212,
      0.009912608356096546,
      0.010412737530032528,
      0.008311021405269006,
      0.013038697599182601,
      0.013787292373642497,
      0.007420938417304774,
      0.013950027768702841,
      0.0142989753085146,
      0.008075401549577603,
      0.009136229706437491,
      0.007463872265355384,
      0.005853210807739468,
      0.013338855885604493,
      0.011162461419624169,
      0.00747121933341836,
      0.009426407953899147,
      0.006705096535456469,
      0.0064490174985510655,
      0.0057697202980647,
      0.011516602541818181,
      0.006914334084942995,
      0.007301666628713095,
      0.011948512604878215,
      0.010680670187969858,
      0.009598059543333799,
      0.007508438736190926,
      0.01063929670576337,
      0.014714998945679889,
      0.012718350600272006,
      0.009001172634623973,
      0.009256164273349306,
      0.009400141168400376,
      0.014456372859018471,
      0.009359390480207973,
      0.007368597319560057,
      0.010277843860351648,
      0.014055549573824782,
      0.006622330759283376,
      0.010124073261186438,
      0.007267237148720219,
      0.0065165375563846625,
      0.008648874901922707,
      0.013174310591608993,
      0.012804617657048824,
      0.011197195303791726,
      0.00988943641239932,
      0.007863041436111638,
      0.012412856190508016,
      0.008333381242316626
    ],
    [
      0.009001554360001036,
      0.0,
      0.011051083591567416,
      0.010962907950378192,
      0.010609816365296685,
      0.010384556943810654,
      0.010903091321175472,
      0.010378932003865667,
      0.010666762026186228,
      0.010297119436227652,
      0.010075099712944499,
      0.011436235395657707,
      0.010054994658014228,
      0.00994302129874808,
      0.010217967016164418,
      0.010591506424112107,
      0.010845829389222274,
      0.010532060586708697,
      0.009424651628468884,
      0.00907612129003256,
      0.010720006067372154,
      0.00863746594479599,
      0.008591437100680744,
      0.010978832065811506,
      0.011412256349495978,
      0.010718069239461378,
      0.010434250378711464,
      0.009589081912684533,
      0.010078131935320575,
      0.010488774588091089,
      0.010881327222724856,
      0.011282350157125958,
      0.010435086977071597,
      0.01045636291755082,
      0.010171370547705843,
      0.010252734920232714,
      0.010596759681954752,
      0.009986730707077706,
      0.010585638499430441,
      0.010409005364171513,
      0.011155565512660497,
      0.010621619325329545,
      0.008410233166658,
      0.010254227277076122,
      0.010686784185418512,
      0.010705315132151599,
      0.010512539825895065,
      0.008763947782483373,
      0.010689466413565897,
      0.011099756806788529,
      0.010764255157126257,
      0.00907901592351555,
      0.01047863149157285,
      0.010735779305526234,
      0.010667095721590705,
      0.010174993114219613,
      0.01072276929692964,
      0.009382335287942073,
      0.009474832741778733,
      0.010114926830450021,
      0.010358398078249141,
      0.010875965063446968,
      0.010238181892609157,
      0.010954989496134108
    ],
    [
      0.008518354555950807,
      0.011051083591567416,
      0.0,
      0.010763703803342383,
      0.011218726120473388,
      0.010386818905084446,
      0.010803026571795996,
      0.010812264751545324,
      0.010506522324518685,
      0.00953794613763492,
      0.010714900316831427,
      0.011524316841481476,
      0.009427525388755529,
      0.009772956512497934,
      0.010803216223780485,
      0.011002714113901258,
      0.010114656945892026,
      0.010796142269369778,
      0.008738442003701554,
      0.008710126711330653,
      0.010960852926714332,
      0.008385150963759757,
      0.0078011936004744615,
      0.011369374980170986,
      0.010817798054874891,
      0.010888311151032492,
      0.010788289414700732,
      0.008863139443487357,
      0.009923374090464463,
      0.01116076048445741,
      0.010824214134635921,
      0.011014221868050175,
      0.011239264497490983,
      0.011030430427916871,
      0.00973764184454837,
      0.011136663506526003,
      0.011108341775668919,
      0.009800172195488682,
      0.01059170468459805,
      0.010431481197040368,
      0.011557760155000254,
      0.010428788813122482,
      0.007658556729324584,
      0.00973230201594197,
      0.011232040814283818,
      0.01068942758794916,
      0.010519905659069365,
      0.008126468390491458,
      0.01065378154682454,
      0.011396224081465347,
      0.010363648761170643,
      0.008309605192654617,
      0.01089626366907175,
      0.010625750895083486,
      0.011017879736434576,
      0.011056415592167029,
      0.01059471683431733,
      0.009083982616604466,
      0.008908887657085522,
      0.010037422450253963,
      0.010429582472440569,
      0.01092106046342095,
      0.00945692512727181,
      0.011225246594512425
    ],
    [
      0.008648788157544222,
      0.010962907950378192,
      0.010763703803342383,
      0.0,
      0.011113882157027384,
      0.010611194897176008,
      0.011586724010665994,
      0.01085291702506263,
      0.010892586482902486,
      0.009751442460365106,
      0.009940076510545199,
      0.010888927829265675,
      0.009634817751700196,
      0.009365647050444938,
      0.010864915053169106,
      0.010213472207691194,
      0.010802802424233213,
      0.01125796636530023,
      0.009334420389086016,
      0.008810536976480189,
      0.011259365685561731,
      0.008471394001098191,
      0.008145467492766482,
      0.010979281831493366,
      0.011321599871903329,
      0.010848630533446734,
      0.01081451868807511,
      0.008870658214512729,
      0.010071376299913093,
      0.010931168838078539,
      0.010612767887239222,
      0.011046118996934466,
      0.010722294580068951,
      0.010531484602787543,
      0.00990988113445021,
      0.011056493492686073,
      0.011326617672417496,
      0.009606186356476079,
      0.01023993422418157,
      0.01053797540632356,
      0.010860062054062605,
      0.010373862702740497,
      0.008229344087222364,
      0.009569582337251407,
      0.010669577261368905,
      0.011008725045618353,
      0.011057436052447621,
      0.008646535017055266,
      0.010268373325581727,
      0.01103179523717654,
      0.01064713018121174,
      0.008592995828998116,
      0.01107037899826069,
      0.01084982772414836,
      0.010670183132625315,
      0.010676990966908991,
      0.01082001490749924,
      0.009062484957475275,
      0.009112867562378422,
      0.010351079660161478,
      0.010648339764397068,
      0.0107471174012938,
      0.009602253514061443,
      0.01068847343248355
    ],
    [
      0.007924426416778966,
      0.010609816365296685,
      0.011218726120473388,
      0.011113882157027384,
      0.0,
      0.0101128592710894,
      0.01113013542569798,
      0.010301735555977229,
      0.010399263410191949,
      0.009257273062891818,
      0.010705315041842295,
      0.01181584306213964,
      0.00894617752000453,
      0.009193287605422098,
      0.01144115205099866,
      0.010802797306233253,
      0.010080715915707856,
      0.011124210859773831,
      0.008456061864225952,
      0.008256360001916261,
      0.011555840071042689,
      0.007821288680509153,
      0.007471896024792728,
      0.01141576240235148,
      0.010579576202776426,
      0.01119873923764607,
      0.011462358798030856,
      0.008403894810177278,
      0.00977118446149431,
      0.011415295835770308,
      0.010723576661733503,
      0.011348013358922077,
      0.011673765085396502,
      0.012026411753186347,
      0.009722186912575825,
      0.011466888539764516,
      0.011426568306016387,
      0.009467856203537196,
      0.009946868730855452,
      0.01025564660111829,
      0.011274290763332175,
      0.010037805987161629,
      0.007303161155505981,
      0.009103131044194981,
      0.011034970430341828,
      0.010668853480048143,
      0.010519437056825441,
      0.007628452150882743,
      0.010841302324709206,
      0.0115310104182709,
      0.010167923314115538,
      0.007782965422025386,
      0.011148593300109918,
      0.01006989080338384,
      0.011723955706825145,
      0.011752097847315908,
      0.011068436172396364,
      0.008552147655170433,
      0.008365847199245484,
      0.009879876980811062,
      0.010633075026544954,
      0.011100147286751893,
      0.009237867370668732,
      0.011162343941028077
    ],
    [
      0.010597367441229081,
      0.010384556943810654,
      0.010386818905084446,
      0.010611194897176008,
      0.0101128592710894,
      0.0,
      0.0094944267790786,
      0.011022480130596389,
      0.01052577359430822,
      0.01091596494066835,
      0.010560515815884802,
      0.009345221601132853,
      0.01137895831327842,
      0.011060411565388931,
      0.008144018975406555,
      0.010343379672586151,
      0.010945951116634161,
      0.009703014809889486,
      0.01106622353535776,
      0.010836930719797761,
      0.009395433153939719,
      0.010931079421645859,
      0.010510006487649529,
      0.010016769063664947,
      0.010904100114900185,
      0.009576905181061801,
      0.00861658603370159,
      0.01118533228934525,
      0.010725984512670931,
      0.010001409835205763,
      0.010444525114196284,
      0.00900913244848772,
      0.009438160069815266,
      0.00842950111202773,
      0.010870137929427535,
      0.009832783066983168,
      0.009987943986071834,
      0.010824201490010026,
      0.010699237785647797,
      0.010755240068634627,
      0.010339347321597988,
      0.010842669659685509,
      0.010472315309707448,
      0.011287328210488048,
      0.010756499497448323,
      0.010441018871332303,
      0.01083394590264365,
      0.01098209938445665,
      0.009913116872178874,
      0.009710937073063974,
      0.010644633222993638,
      0.010632003004114475,
      0.009312036136970313,
      0.011106451983152254,
      0.009189891921624144,
      0.008895719487934516,
      0.009620019994535125,
      0.010920634982974475,
      0.011232057393301235,
      0.011386402832730149,
      0.010206522738971628,
      0.00936904206644523,
      0.010468483601040086,
      0.009930441694896857
    ],
    [
      0.0076218142868937295,
      0.010903091321175472,
      0.010803026571795996,
      0.011586724010665994,
      0.01113013542569798,
      0.0094944267790786,
      0.0,
      0.010332388687192018,
      0.010942793692796418,
      0.008980082546015317,
      0.00989634307118244,
      0.011732034958827194,
      0.008909226200746466,
      0.00837970837525035,
      0.012166137219821837,
      0.010287549181157428,
      0.010127540666558068,
      0.012154097347037846,
      0.008533317349653796,
      0.007647494619571351,
      0.012336838713812928,
      0.007269025904771181,
      0.0072213271791023844,
      0.010944499956409295,
      0.010966208228180943,
      0.011264736519996007,
      0.01192190379823086,
      0.007842899359720169,
      0.00943151458748979,
      0.011128381872988853,
      0.010315470460959906,
      0.012164821200252342,
      0.011499666399609988,
      0.011405888983265134,
      0.009201348983984467,
      0.011639871302603303,
      0.011602955696065514,
      0.008972563655390401,
      0.009921969862320985,
      0.010131638422451074,
      0.011481522517596142,
      0.01028885252648892,
      0.0070100709658171825,
      0.008933358664633207,
      0.010441397898938606,
      0.010950229879257827,
      0.01119294077635409,
      0.007464109801811271,
      0.010412286088807557,
      0.011206005092293941,
      0.010560050524616553,
      0.007473592871335884,
      0.012076496534568474,
      0.009960594385125707,
      0.011916588437621422,
      0.011559484813223088,
      0.011511226257873677,
      0.007893807437235284,
      0.00788599095335305,
      0.009466295498910787,
      0.010510499012469393,
      0.011527180456827915,
      0.00903006034912468,
      0.010917985433642688
    ],
    [
      0.009349672580949387,
      0.010378932003865667,
      0.010812264751545324,
      0.01085291702506263,
      0.010301735555977229,
      0.011022480130596389,
      0.010332388687192018,
      0.0,
      0.011114901163536218,
      0.010983706137263528,
      0.010896558998925623,
      0.010039343410915353,
      0.01027184363650013,
      0.010136810628876393,
      0.009420827434288079,
      0.010161638664899294,
      0.010901425727754467,
      0.010435499390614668,
      0.009864768559452715,
      0.009642162194192802,
      0.00994626095680036,
      0.009280001598532872,
      0.00900139990167585,
      0.010305284638552275,
      0.010905569446915842,
      0.01067664856342627,
      0.01002534410339591,
      0.00947210092157422,
      0.011162438912304472,
      0.010894204113369842,
      0.010382987323708405,
      0.010141940719117037,
      0.01028480506854985,
      0.009411540521946848,
      0.010369105664892075,
      0.010948410844010938,
      0.010509055853510906,
      0.010006034570242829,
      0.01068940817302349,
      0.011799059835239531,
      0.010663995097630254,
      0.010566464378773673,
      0.009237444130540525,
      0.009871119698950456,
      0.01124641995080188,
      0.010873955676624364,
      0.011066972241669325,
      0.009526288777526933,
      0.010299047529743853,
      0.010239369489925133,
      0.010771625524976179,
      0.009367084034814692,
      0.010708718231473192,
      0.010969409261837582,
      0.009979326483967668,
      0.009602913474101117,
      0.010387784901871708,
      0.009808633588383157,
      0.010042452387005366,
      0.010547356687031127,
      0.010622011709276565,
      0.010422034903413006,
      0.00975631967929749,
      0.01068162740698634
    ],
    [
      0.009263736786365162,
      0.010666762026186228,
      0.010506522324518685,
      0.010892586482902486,
      0.010399263410191949,
      0.01052577359430822,
      0.010942793692796418,
      0.011114901163536218,
      0.0,
      0.010666014172535772,
      0.01055615415434936,
      0.009947270663143078,
      0.00993783877094485,
      0.010072897832762233,
      0.009686081314743744,
      0.010190669619133952,
      0.01080994942365791,
      0.010754520150479091,
      0.01007020586315752,
      0.00928467805384079,
      0.01033140635953657,
      0.009267581812483347,
      0.008995448362374469,
      0.010620775686004178,
      0.010654879365912466,
      0.011044986453764788,
      0.010325650285840227,
      0.009327258489561615,
      0.010293639261405555,
      0.010408150642704735,
      0.011121633759669944,
      0.010444322573445002,
      0.010075579980091114,
      0.009672948282896165,
      0.010215942145039621,
      0.010880482603112947,
      0.010445141779066632,
      0.010652147042254076,
      0.010864882649052445,
      0.01084547075555927,
      0.010542948603451051,
      0.010548286588573888,
      0.00911857012982944,
      0.009725317113870317,
      0.010667708104611175,
      0.01101100913244975,
      0.011032684916879278,
      0.009616843556241067,
      0.010584251774023577,
      0.010128307954551632,
      0.010786385222213571,
      0.009495194150794589,
      0.010882169777413103,
      0.011133522086144992,
      0.01011598632039108,
      0.009833353868082992,
      0.010554760777907537,
      0.009844475226324114,
      0.009746751498444626,
      0.01067756186724932,
      0.010919826726907878,
      0.010760927368203289,
      0.010031896146434129,
      0.01030288755671116
    ],
    [
      0.011576222111955477,
      0.010297119436227652,
      0.00953794613763492,
      0.009751442460365106,
      0.009257273062891818,
      0.01091596494066835,
      0.008980082546015317,
      0.010983706137263528,
      0.010666014172535772,
      0.0,
      0.010703654243511839,
      0.008585923920795492,
      0.011214620526367429,
      0.011768595405059317,
      0.007140202149818817,
      0.010339267707157295,
      0.011092400949223612,
      0.009455756805179103,
      0.011840549294235916,
      0.011725299871736507,
      0.008664707647125219,
      0.011462267490751422,
      0.011636411587490856,
      0.00930555321980872,
      0.010512437993282463,
      0.009172170354700613,
      0.007732109446200934,
      0.011260261981767297,
      0.011560020592466833,
      0.00902614263777911,
      0.010372506943218972,
      0.008571203781021934,
      0.008337645417361603,
      0.007530392003274644,
      0.011337772742244756,
      0.008779509090081045,
      0.008532413994947788,
      0.011164476968167653,
      0.010658863497204832,
      0.011132233025938817,
      0.009085480837109309,
      0.010865017787199182,
      0.011970826331460354,
      0.011154260144390164,
      0.010182944528526767,
      0.010328330355254737,
      0.009993939285317773,
      0.011847151534174148,
      0.010427991828693944,
      0.00875939462613816,
      0.010990358077908005,
      0.011925671732886986,
      0.008587039172746037,
      0.0108980733667722,
      0.00884889623543953,
      0.007891231324906505,
      0.009943602831713163,
      0.011664783329879367,
      0.011718562389627723,
      0.011118312443541823,
      0.010560976389532269,
      0.00921818361024039,
      0.011696141441690447,
      0.009584052063970304
    ],
    [
      0.00989042045248861,
      0.010075099712944499,
      0.010714900316831427,
      0.009940076510545199,
      0.010705315041842295,
      0.010560515815884802,
      0.00989634307118244,
      0.010896558998925623,
      0.01055615415434936,
      0.010703654243511839,
      0.0,
      0.009942693102792327,
      0.010128163603494778,
      0.01110721648086755,
      0.008875076404648801,
      0.01152870693832399,
      0.010560814482016888,
      0.01048856456708268,
      0.009722558827010872,
      0.010405171843409645,
      0.010110633962097904,
      0.009881926524473996,
      0.009546709713954512,
      0.010353295623823288,
      0.01022348539242012,
      0.010705912525709028,
      0.009491917528716254,
      0.010116139481615709,
      0.011363904464870934,
      0.010540608719360594,
      0.010585274412967869,
      0.009845810903910818,
      0.009994972696648424,
      0.009648056734266827,
      0.010737159489962253,
      0.010370972846125382,
      0.009956820140186805,
      0.010350371341791793,
      0.010808208401879143,
      0.011211314534846906,
      0.010065541936262488,
      0.010602360353878444,
      0.009269609614596372,
      0.010003604575819728,
      0.011002871136268463,
      0.010326607089852969,
      0.010227022481449105,
      0.009434370469235811,
      0.011375228564578512,
      0.010305690974721865,
      0.010488595600240833,
      0.009597917047168763,
      0.009905430814820612,
      0.010474785515258713,
      0.010396826093403306,
      0.01005063777957421,
      0.010517548723678572,
      0.010111864610969468,
      0.010189646634224678,
      0.010594788312370648,
      0.011244137365515857,
      0.010503891184793659,
      0.010477400779310048,
      0.010727951799966256
    ],
    [
      0.006988998867768651,
      0.011436235395657707,
      0.011524316841481476,
      0.010888927829265675,
      0.01181584306213964,
      0.009345221601132853,
      0.011732034958827194,
      0.010039343410915353,
      0.009947270663143078,
      0.008585923920795492,
      0.009942693102792327,
      0.0,
      0.00846235687909991,
      0.008162609465598422,
      0.012665346583931468,
      0.010385012205681294,
      0.009812254832685227,
      0.011197180626965344,
      0.007512798486316773,
      0.007205431290102756,
      0.011985817549682457,
      0.006634723970270569,
      0.006232573717973203,
      0.011686065854735592,
      0.010826919083150447,
      0.011137651981644191,
      0.012356877820073057,
      0.007622242793926194,
      0.009091498638393236,
      0.012074615280476257,
      0.009897743809483248,
      0.012132607173831923,
      0.012990878838309227,
      0.012902723048172263,
      0.008939431669517005,
      0.011787405825706566,
      0.011883970278497883,
      0.00835223906425661,
      0.009248510813774034,
      0.009751930470883484,
      0.012123209666566765,
      0.009944895154033427,
      0.006145504341166161,
      0.008248869891418596,
      0.010859089602998688,
      0.010446167624242162,
      0.010360929420724004,
      0.006550246210840021,
      0.010504497152451678,
      0.012957040729902624,
      0.0098914123101653,
      0.006723569237933185,
      0.011595895432715369,
      0.009481507577301516,
      0.01219557627721194,
      0.012501559929826139,
      0.011187748732508789,
      0.007432782216094223,
      0.007200149312783902,
      0.009100547486855364,
      0.009991079041264868,
      0.011607113484568428,
      0.008406242765710621,
      0.011691956752587626
    ],
    [
      0.012376864142366684,
      0.010054994658014228,
      0.009427525388755529,
      0.009634817751700196,
      0.00894617752000453,
      0.01137895831327842,
      0.008909226200746466,
      0.01027184363650013,
      0.00993783877094485,
      0.011214620526367429,
      0.010128163603494778,
      0.00846235687909991,
      0.0,
      0.011324835010759714,
      0.006776258602302193,
      0.010180788170484524,
      0.01095199023886436,
      0.009017687452332975,
      0.012393957249043571,
      0.012391276240594506,
      0.008491116505797232,
      0.01248699763614897,
      0.012695856905075789,
      0.009190789622933236,
      0.01026049712892761,
      0.008556852669796227,
      0.007249112548641166,
      0.012589012185574767,
      0.01114578826111713,
      0.008446600645012035,
      0.009923211604494638,
      0.007982593312433141,
      0.007973680142676257,
      0.006973246479421566,
      0.0117690457171437,
      0.008194090420575013,
      0.008780153138113447,
      0.011208950119725142,
      0.010905887894113881,
      0.010179060170933106,
      0.008795704879547192,
      0.011183312685690951,
      0.012774159558801713,
      0.01211908102978835,
      0.009848551275813891,
      0.0098289796247904,
      0.010657474142437052,
      0.012417360372285483,
      0.009648265744248853,
      0.008580275343661018,
      0.01084543605839229,
      0.012105652925711589,
      0.007896439378269816,
      0.010424125137214354,
      0.00836686818139505,
      0.007608473683485218,
      0.00936433861019742,
      0.011976109549992018,
      0.012011144081777678,
      0.011076513883112662,
      0.010225575185741827,
      0.008794394145955294,
      0.011347741262358796,
      0.009345923605666074
    ],
    [
      0.0124252186930066,
      0.00994302129874808,
      0.009772956512497934,
      0.009365647050444938,
      0.009193287605422098,
      0.011060411565388931,
      0.00837970837525035,
      0.010136810628876393,
      0.010072897832762233,
      0.011768595405059317,
      0.01110721648086755,
      0.008162609465598422,
      0.011324835010759714,
      0.0,
      0.006957439317100769,
      0.01078785484133255,
      0.010326099802716765,
      0.009001515214540201,
      0.011668132018224111,
      0.012272769265650463,
      0.008472898647902552,
      0.01257012489969977,
      0.011838835694605851,
      0.00920842037424236,
      0.010219997827164854,
      0.009148674389640335,
      0.007299412352550975,
      0.012141452993309099,
      0.011632933743893318,
      0.008735920223389442,
      0.010693369374773826,
      0.00820837848456876,
      0.007710395497804805,
      0.007490512424558858,
      0.011322364818006952,
      0.00835154152655743,
      0.00847939584826675,
      0.011766775796383752,
      0.011248185793092983,
      0.010478686979066024,
      0.008778384436335333,
      0.0103928038684628,
      0.011901541811597336,
      0.011802034373078796,
      0.009883341819861542,
      0.009580786327863001,
      0.009664311335680206,
      0.01204785946674166,
      0.010600552711594447,
      0.008771831505538466,
      0.010729413063833222,
      0.011979631104826246,
      0.007920297131603943,
      0.011048479319173085,
      0.008538977343880606,
      0.008012080954241878,
      0.009167536597831424,
      0.011960701356262399,
      0.012352688459392558,
      0.011363995306300107,
      0.01047006104715957,
      0.008652704680259053,
      0.011737883810722098,
      0.00929524093331176
    ],
    [
      0.005483125743572212,
      0.010217967016164418,
      0.010803216223780485,
      0.010864915053169106,
      0.01144115205099866,
      0.008144018975406555,
      0.012166137219821837,
      0.009420827434288079,
      0.009686081314743744,
      0.007140202149818817,
      0.008875076404648801,
      0.012665346583931468,
      0.006776258602302193,
      0.006957439317100769,
      0.0,
      0.009295772704135974,
      0.008417977217277162,
      0.011602516249203953,
      0.006205338587817663,
      0.005443801232755786,
      0.012733255493021277,
      0.005006894034679631,
      0.004619740932597427,
      0.01134107228529423,
      0.009685607479835375,
      0.01230472588918328,
      0.015190940687491918,
      0.005785070890489059,
      0.00800335011197061,
      0.012284631070492552,
      0.009809288042752457,
      0.013327173595459225,
      0.01364161075744057,
      0.015208059153223307,
      0.007257226229524496,
      0.01294136260097328,
      0.013365251578912019,
      0.0076845789265031945,
      0.008695672632736396,
      0.009444358483481715,
      0.012152693318213061,
      0.007990655683696305,
      0.00471592803021502,
      0.006634209928559089,
      0.009725272634081461,
      0.01017787093744521,
      0.00975374203986684,
      0.005070593252193705,
      0.010199275552240145,
      0.012401280043080899,
      0.008777820893063969,
      0.005192377596981824,
      0.013366825348687956,
      0.008907007433576235,
      0.012646105458852372,
      0.014608755493376306,
      0.010980394481103013,
      0.006031280179335505,
      0.005812042646186252,
      0.008051682824852732,
      0.009166730190535584,
      0.01191438391688548,
      0.006668172597327468,
      0.011040692508823708
    ],
    [
      0.009912608356096546,
      0.010591506424112107,
      0.011002714113901258,
      0.010213472207691194,
      0.010802797306233253,
      0.010343379672586151,
      0.010287549181157428,
      0.010161638664899294,
      0.010190669619133952,
      0.010339267707157295,
      0.01152870693832399,
      0.010385012205681294,
      0.010180788170484524,
      0.01078785484133255,
      0.009295772704135974,
      0.0,
      0.01037811875618786,
      0.01077108485891995,
      0.009551298361358596,
      0.010223603519455888,
      0.01062637898300821,
      0.009508356210699691,
      0.009162793502987638,
      0.010624508907378543,
      0.010370001352597689,
      0.010376665062562346,
      0.00964018100441599,
      0.010064239144395592,
      0.010821237669187068,
      0.010497005545985899,
      0.010551254720918272,
      0.010099383420238365,
      0.010058090783681873,
      0.009948784861375687,
      0.010568651237350811,
      0.009964349051083489,
      0.010009674777888156,
      0.010298631468156842,
      0.01058600283557961,
      0.010557983306756436,
      0.010038560938122108,
      0.010572697846648679,
      0.009058877283028935,
      0.010188942383044092,
      0.011169842605641075,
      0.010247266687656265,
      0.010373593716575742,
      0.009121670544437254,
      0.011564979932099368,
      0.010688394845525563,
      0.01039274404596195,
      0.009234274861961407,
      0.009875077515341026,
      0.01015696267633577,
      0.01111402415705403,
      0.010407091933735563,
      0.010943524209146483,
      0.010097546399387878,
      0.00984998482376996,
      0.010573889571064097,
      0.011069106000224514,
      0.010619649471018205,
      0.01070651075028829,
      0.011046696574177959
    ],
    [
      0.010412737530032528,
      0.010845829389222274,
      0.010114656945892026,
      0.010802802424233213,
      0.010080715915707856,
      0.010945951116634161,
      0.010127540666558068,
      0.010901425727754467,
      0.01080994942365791,
      0.011092400949223612,
      0.010560814482016888,
      0.009812254832685227,
      0.01095199023886436,
      0.010326099802716765,
      0.008417977217277162,
      0.01037811875618786,
      0.0,
      0.01028458781184707,
      0.010465134562807035,
      0.010606711962644098,
      0.009462249321859026,
      0.01009616668484504,
      0.010473108792015575,
      0.01005705040997212,
      0.011198201699993594,
      0.009720716735540806,
      0.008839166183254522,
      0.010451023485164888,
      0.010996415901809303,
      0.009866823957552161,
      0.010403038218084469,
      0.009708683089336388,
      0.009480493760739988,
      0.00877480022444463,
      0.011015348557903532,
      0.009723977226316367,
      0.009695038043792266,
      0.010211807629675121,
      0.010661275519560434,
      0.010975371344450658,
      0.009853077564806037,
      0.011233342045905806,
      0.010249086780602263,
      0.010619303735565777,
      0.01071116349811347,
      0.01079904017893716,
      0.010779943958188638,
      0.010378854872677106,
      0.010267085860135292,
      0.009915482135042534,
      0.010865510927649162,
      0.010497475511861042,
      0.009840603897967452,
      0.010620947337529114,
      0.00961212659664056,
      0.008996062767485715,
      0.010650653161356792,
      0.010595916002524445,
      0.010488328565005735,
      0.010905045385972534,
      0.010752061920423453,
      0.010287049669564974,
      0.01091220766440686,
      0.010317298080420511
    ],
    [
      0.008311021405269006,
      0.010532060586708697,
      0.010796142269369778,
      0.01125796636530023,
      0.011124210859773831,
      0.009703014809889486,
      0.012154097347037846,
      0.010435499390614668,
      0.010754520150479091,
      0.009455756805179103,
      0.01048856456708268,
      0.011197180626965344,
      0.009017687452332975,
      0.009001515214540201,
      0.011602516249203953,
      0.01077108485891995,
      0.01028458781184707,
      0.0,
      0.008905912509484665,
      0.008102495990896706,
      0.011670457243879415,
      0.007780329925039401,
      0.007710275577338155,
      0.010948681896272745,
      0.010710317696414161,
      0.011090297368603586,
      0.011327482869271613,
      0.008165087050658519,
      0.010020254298502378,
      0.011033498453111943,
      0.010678118246237945,
      0.011394888975336801,
      0.011099907120065075,
      0.011185679537187701,
      0.009702477997949854,
      0.01124219511390428,
      0.011092602261842438,
      0.009419693082354404,
      0.010100604652452216,
      0.010470982002131497,
      0.010955139258590008,
      0.010364578710235984,
      0.007520515774060921,
      0.008893403308489974,
      0.010507241664722495,
      0.011058595397280678,
      0.010961116951547927,
      0.007857641022972909,
      0.010850040258901822,
      0.010799837861652672,
      0.010361215570297927,
      0.007952106454865352,
      0.012121066598834194,
      0.01006961229485645,
      0.011605939062967132,
      0.011502689126072895,
      0.011659207023237262,
      0.008549174297148932,
      0.008341232190217318,
      0.009887250316761456,
      0.01074730273780016,
      0.011374763258259597,
      0.009255763044831401,
      0.011142368406136012
    ],
    [
      0.013038697599182601,
      0.009424651628468884,
      0.008738442003701554,
      0.009334420389086016,
      0.008456061864225952,
      0.01106622353535776,
      0.008533317349653796,
      0.009864768559452715,
      0.01007020586315752,
      0.011840549294235916,
      0.009722558827010872,
      0.007512798486316773,
      0.012393957249043571,
      0.011668132018224111,
      0.006205338587817663,
      0.009551298361358596,
      0.010465134562807035,
      0.008905912509484665,
      0.0,
      0.012286410688872316,
      0.008035753676607332,
      0.013067186097032866,
      0.013742011916154064,
      0.008559370293251838,
      0.009840575241100345,
      0.008125820546032652,
      0.006669163338696152,
      0.012510757385447518,
      0.010909067816457662,
      0.007779493264722446,
      0.010128939090970781,
      0.007340374061019956,
      0.007072416579839461,
      0.006217995387707233,
      0.0111898077111999,
      0.007577451457108432,
      0.008249814794737307,
      0.012084434388950712,
      0.01049838808740705,
      0.010059706702641691,
      0.008230244977619003,
      0.010685628548603866,
      0.014088601205624694,
      0.012307363097658041,
      0.009223877603555029,
      0.0096556775623965,
      0.010232968040538325,
      0.013890905320249568,
      0.009262806419602771,
      0.007635736331666573,
      0.01092449939777734,
      0.013311963512737958,
      0.007558029872564926,
      0.010719028503309773,
      0.007699837416915977,
      0.0070167925832030475,
      0.00891710874316522,
      0.012625590987539157,
      0.012925967031771297,
      0.011390863389284113,
      0.00977663831577792,
      0.008165332173079045,
      0.011570826459026082,
      0.008595234848772044
    ],
    [
      0.013787292373642497,
      0.00907612129003256,
      0.008710126711330653,
      0.008810536976480189,
      0.008256360001916261,
      0.010836930719797761,
      0.007647494619571351,
      0.009642162194192802,
      0.00928467805384079,
      0.011725299871736507,
      0.010405171843409645,
      0.007205431290102756,
      0.012391276240594506,
      0.012272769265650463,
      0.005443801232755786,
      0.010223603519455888,
      0.010606711962644098,
      0.008102495990896706,
      0.012286410688872316,
      0.0,
      0.007419132374677919,
      0.013975571628931283,
      0.014041830964520817,
      0.00822501207951052,
      0.009685985035077893,
      0.0078075957518051985,
      0.005994385403157481,
      0.013340819484810749,
      0.01127617018644821,
      0.007620716973032409,
      0.009419305944331319,
      0.007000979543257468,
      0.006627635160722759,
      0.005966485143066833,
      0.011618202830703306,
      0.007177793908342549,
      0.007338900418575329,
      0.011332988798555028,
      0.010857037908953749,
      0.009763263110304864,
      0.007631190123815723,
      0.010552233617826737,
      0.014136062851965144,
      0.012335790501864095,
      0.00952919246699854,
      0.009079075529256587,
      0.009206661827357071,
      0.013608760839861218,
      0.009525912459287916,
      0.0076178755772424505,
      0.01040068553770749,
      0.013816430189968448,
      0.006712246751998679,
      0.010304989875798963,
      0.007548313464804705,
      0.006517584952585822,
      0.008735787520280612,
      0.012695406342142432,
      0.013378914632282938,
      0.010965163745391701,
      0.010320277736406583,
      0.008059072760251954,
      0.012794069290663186,
      0.008412950231680982
    ],
    [
      0.007420938417304774,
      0.010720006067372154,
      0.010960852926714332,
      0.011259365685561731,
      0.011555840071042689,
      0.009395433153939719,
      0.012336838713812928,
      0.00994626095680036,
      0.01033140635953657,
      0.008664707647125219,
      0.010110633962097904,
      0.011985817549682457,
      0.008491116505797232,
      0.008472898647902552,
      0.012733255493021277,
      0.01062637898300821,
      0.009462249321859026,
      0.011670457243879415,
      0.008035753676607332,
      0.007419132374677919,
      0.0,
      0.006972718643538607,
      0.006706542047396246,
      0.011489489950938845,
      0.010313911834440984,
      0.011661886959969408,
      0.012526662365266271,
      0.007805790252488843,
      0.009397151132322742,
      0.011375225457934793,
      0.010434762506396205,
      0.011850931629804237,
      0.012112943750492834,
      0.012414907093908252,
      0.00900471550806517,
      0.011562710045258483,
      0.011796046691640725,
      0.009182490631295991,
      0.009739380220010328,
      0.009934721550061431,
      0.011692155815794763,
      0.009961193665642,
      0.006656469019436554,
      0.00855436440481995,
      0.010591951975607066,
      0.010734224672032774,
      0.010575993255498543,
      0.006951493691219955,
      0.010833143945100434,
      0.01187139372124047,
      0.009921021158791319,
      0.007107984498559654,
      0.01180750920033803,
      0.009702409929357277,
      0.012178136687988504,
      0.012196695583029708,
      0.011380378041706508,
      0.007897639038195122,
      0.00762144340876345,
      0.009112912160893228,
      0.010615773765170205,
      0.011506055218066047,
      0.00872394196805166,
      0.011204657546666554
    ],
    [
      0.013950027768702841,
      0.00863746594479599,
      0.008385150963759757,
      0.008471394001098191,
      0.007821288680509153,
      0.010931079421645859,
      0.007269025904771181,
      0.009280001598532872,
      0.009267581812483347,
      0.011462267490751422,
      0.009881926524473996,
      0.006634723970270569,
      0.01248699763614897,
      0.01257012489969977,
      0.005006894034679631,
      0.009508356210699691,
      0.01009616668484504,
      0.007780329925039401,
      0.013067186097032866,
      0.013975571628931283,
      0.006972718643538607,
      0.0,
      0.01491847068062125,
      0.00803388836515884,
      0.009074191809050234,
      0.007209053569410349,
      0.005449371590573119,
      0.014174114847269664,
      0.010857896695344113,
      0.007204044192687447,
      0.009485891523674796,
      0.0062400423348554605,
      0.006202680652348923,
      0.005416447350930701,
      0.011867417960009995,
      0.0068270905578923955,
      0.006840131374894218,
      0.011903639469538126,
      0.010325141792781422,
      0.009342535775645509,
      0.007266501211792779,
      0.011069634674259738,
      0.014708418735539465,
      0.012473199575591103,
      0.008677712159212422,
      0.008952686161902774,
      0.009699335585384952,
      0.014260907406788587,
      0.00895270020411917,
      0.007182777322042744,
      0.01013400217552278,
      0.014081247336120158,
      0.006408239367189677,
      0.01044873062452099,
      0.006871289769993952,
      0.0060689020920996865,
      0.008071131467531712,
      0.013730765355300661,
      0.013668055031491275,
      0.011254037813313458,
      0.009608103776534684,
      0.0072751673934334125,
      0.012038282040526347,
      0.00817565478641428
    ],
    [
      0.0142989753085146,
      0.008591437100680744,
