{
  "config": {
    "N": 64,
    "alpha": 1.76,
    "beta": 1.0,
    "gamma": 1.0,
    "dt": 0.02,
    "T": 200.0,
    "sample_every": 25,
    "seed": 103,
    "target_initial_load": 1.0,
    "noise_fraction": 0.02,
    "eps": 1e-12,
    "device": "cuda",
    "dtype": "float64",
    "model_variant": "full"
  },
  "device_used": "cuda",
  "dtype_used": "torch.float64",
  "runtime_seconds": 17.26790980005171,
  "final_constraint_report": {
    "symmetric": true,
    "zero_diagonal": true,
    "nonnegative": true,
    "symmetry_max_abs_error": 0.0,
    "diagonal_max_abs_error": 0.0,
    "minimum_entry": 0.0
  },
  "final_chi_hhi_star": 0.2703907150060004,
  "max_chi_hhi_star": 0.2703907150060004,
  "final_lambda2": 1.473098796756055e-06,
  "final_total_weight": 17.85895124170057,
  "final_load_cv": 0.2138874856850035,
  "W_final": [
    [
      0.0,
      1.708923147282428e-05,
      9.624241100515753e-11,
      0.00030479622258698424,
      5.665993321878231e-10,
      2.3410834751072383e-08,
      3.7207405110084313e-09,
      4.238076189954145e-05,
      1.1144155570292534e-07,
      3.8733145883116726e-10,
      0.07739834425658483,
      1.299187811989214e-10,
      1.323392102134947e-10,
      5.932477096141366e-10,
      1.3967851591356816e-10,
      9.391782860012198e-09,
      0.07416780439700452,
      0.09594093862899221,
      0.09161105119073815,
      0.00011808488203598565,
      0.0010638016753089106,
      8.776630231222733e-05,
      0.00013225754919671628,
      8.45306729235412e-11,
      0.08922356236084453,
      0.07542432113747442,
      1.0676245850139011e-10,
      4.023689768339095e-05,
      1.3254632435878625e-09,
      4.762038975620521e-09,
      2.1387040494079262e-08,
      1.2003750202045858e-09,
      0.07949230119972983,
      0.0009046751720511485,
      1.453811889956453e-05,
      0.00036659586923711273,
      6.543070762984439e-06,
      1.0936000199308429e-10,
      8.521151141859392e-06,
      1.454396826286668e-08,
      3.337911786777374e-08,
      1.3378813021824681e-08,
      1.84505097983891e-08,
      7.548847655079582e-11,
      3.5211729395567243e-06,
      0.06896456336259606,
      1.6604981213317265e-10,
      2.3516460305886997e-06,
      3.4203701138340507e-06,
      1.4573674881771533e-10,
      9.024906690178527e-11,
      1.1170158494953866e-09,
      2.4660796747414322e-05,
      2.49119918894298e-05,
      2.2098031834752696e-05,
      1.2701676161272633e-09,
      3.74794565124751e-10,
      5.764793527337823e-09,
      0.0005383950753494456,
      7.4840187640814e-05,
      1.0664089154520071e-10,
      8.607059502255737e-05,
      1.5279394933418867e-08,
      2.8078294612552054e-05
    ],
    [
      1.708923147282428e-05,
      0.0,
      5.840691814453371e-11,
      0.0012698897538366055,
      3.625767429063841e-10,
      1.1294420681360382e-08,
      2.2231012338563543e-09,
      0.06995599679884737,
      4.8821570737346655e-08,
      2.522056428037817e-10,
      1.5476046855469858e-05,
      8.460813985792403e-11,
      8.228414820275937e-11,
      4.0110319838008395e-10,
      9.3081115511912e-11,
      5.246920867983158e-09,
      9.75581583602317e-06,
      2.138877667221996e-05,
      1.6009665844854637e-05,
      2.542625885234457e-06,
      5.925251113284354e-06,
      1.8540909723577848e-06,
      2.5095840671388067e-06,
      5.11248720595948e-11,
      1.4250364572495886e-05,
      8.723734280912362e-06,
      6.753531761924515e-11,
      0.08658981774047367,
      8.216958593093985e-10,
      2.925833288419129e-09,
      1.0568536965218944e-08,
      7.668034863306956e-10,
      6.542935741279111e-05,
      5.058456164863808e-06,
      8.259713033217243e-07,
      0.0011593382199284277,
      4.5560826041235287e-07,
      6.766139203634309e-11,
      0.004364415275341848,
      8.369809867414077e-09,
      1.5284600386796853e-08,
      6.937625605859489e-09,
      9.52228255594434e-09,
      4.670680733915124e-11,
      0.0009286407982874741,
      1.1195645765240262e-05,
      1.037236688410426e-10,
      0.0006611852224296607,
      0.0007640820439011767,
      9.164305225777141e-11,
      5.443668136644398e-11,
      7.157132183768369e-10,
      0.1278657480028983,
      0.12011993863173549,
      1.0422765948141274e-06,
      7.482821304551001e-10,
      2.540824172113958e-10,
      3.533103671459928e-09,
      0.0007459983761463528,
      0.04791361170520027,
      6.681033448899182e-11,
      2.1113860635821274e-06,
      7.590214631455187e-09,
      1.1934224336348642e-06
    ],
    [
      9.624241100515753e-11,
      5.840691814453371e-11,
      0.0,
      9.638834510147818e-11,
      0.00018722147038713693,
      1.8239876226851128e-09,
      1.1349277027172173e-07,
      6.390354284557579e-11,
      1.5357049015087165e-09,
      0.0010032524259813269,
      1.0248619446230725e-10,
      0.058245097843463406,
      0.06635583025433447,
      0.0001498335512057416,
      0.053917403345132814,
      2.821243456735342e-08,
      1.1432216223948779e-10,
      9.201822145550945e-11,
      1.0355135988432792e-10,
      2.2638358810859227e-10,
      1.9956593309651496e-10,
      2.812840416047938e-10,
      2.2226703567509857e-10,
      0.06827272063627406,
      9.580157454375975e-11,
      1.2933058978091744e-10,
      0.07178680489232209,
      6.103380292168925e-11,
      1.6945455013600142e-07,
      6.45182524032118e-08,
      1.904672199864674e-09,
      2.0885924508974168e-07,
      1.0269462817656128e-10,
      2.1802850008129865e-10,
      4.578395156052585e-10,
      1.0153514794920167e-10,
      1.1181261929810966e-09,
      0.06980776648613317,
      5.57052049941445e-11,
      2.079634263643668e-08,
      1.5787431228168464e-09,
      4.075504182094045e-09,
      1.974228403791916e-09,
      0.07035163462473751,
      4.093641221790231e-11,
      1.2217258831473982e-10,
      0.05366374587413376,
      3.2885789568672294e-11,
      4.0866897955180934e-11,
      0.05974164286701531,
      0.06986573392975115,
      5.017901617367024e-07,
      5.7937325251855936e-11,
      5.914012804628015e-11,
      3.9255539946376385e-10,
      1.732605194379036e-07,
      0.0004930006191834322,
      4.0101859423353455e-08,
      1.0136590734206011e-10,
      7.02492767093259e-11,
      0.07296046533387394,
      2.4500850705139274e-10,
      3.3088457493789678e-09,
      3.8898569464282653e-10
    ],
    [
      0.00030479622258698424,
      0.0012698897538366055,
      9.638834510147818e-11,
      0.0,
      5.69462577869186e-10,
      1.9935207727120233e-08,
      3.678145434477638e-09,
      0.004478239025312791,
      9.306167855238021e-08,
      3.9944950088769197e-10,
      0.0002471024918960776,
      1.4206477675555444e-10,
      1.3165203020282523e-10,
      6.55216718309563e-10,
      1.541404378596648e-10,
      9.027538137785883e-09,
      0.00016954311720591278,
      0.0003798931593243756,
      0.0002974593429337423,
      1.7857399924485054e-05,
      6.179679837794202e-05,
      1.33823505790579e-05,
      1.8742103362874267e-05,
      8.453097054744981e-11,
      0.0002402422450058805,
      0.000155090275908968,
      1.1263066454902167e-10,
      0.0032141824498061727,
      1.3735433392109412e-09,
      4.740129328271455e-09,
      1.902795659126419e-08,
      1.2162420176511355e-09,
      0.001279199841637769,
      5.518338262711651e-05,
      3.998392382629565e-06,
      0.18797107766699736,
      1.9681624630226763e-06,
      1.1214582615151752e-10,
      0.00019295844099593735,
      1.4326847940697962e-08,
      2.8506562440660137e-08,
      1.1869529582086807e-08,
      1.6781869614688106e-08,
      7.764609786285187e-11,
      3.926659164923541e-05,
      0.00019876595170882657,
      1.6861636367267205e-10,
      2.4418724446593188e-05,
      3.4398933390087326e-05,
      1.494805389191576e-10,
      9.104151471580639e-11,
      1.1496470930310612e-09,
      0.0022232051565463083,
      0.0020885731441596883,
      5.2644438354791825e-06,
      1.1805239360978596e-09,
      4.0647037197752563e-10,
      6.036313329705656e-09,
      0.18287679182977154,
      0.00832894667945789,
      1.0988786985155916e-10,
      1.405349297024176e-05,
      1.3335985346750848e-08,
      6.527236048612109e-06
    ],
    [
      5.665993321878231e-10,
      3.625767429063841e-10,
      0.00018722147038713693,
      5.69462577869186e-10,
      0.0,
      1.3502589978307649e-08,
      1.4748682139801283e-06,
      3.7620966686255027e-10,
      1.1094150831284795e-08,
      0.08138096692016816,
      6.036859568694233e-10,
      0.0003717757728551034,
      0.00028783401844920727,
      0.29723842499930486,
      0.0005478796363792816,
      3.1251610018114915e-07,
      6.606599884038663e-10,
      5.513878244338489e-10,
      5.9885360241062e-10,
      1.3823623134822043e-09,
      1.2307146154929684e-09,
      1.6949995126844107e-09,
      1.3380487846184667e-09,
      0.00011744523166390752,
      5.65996829570466e-10,
      7.43757011505427e-10,
      0.0002143064596339254,
      3.6087812657897624e-10,
      2.0132799633071677e-06,
      8.289498094156279e-07,
      1.4513306636750499e-08,
      2.541675123756931e-06,
      5.98796299878016e-10,
      1.318172525714832e-09,
      2.8685435905055357e-09,
      5.828195704776726e-10,
      6.957154480909036e-09,
      0.00018645919265943133,
      3.3800840913005085e-10,
      2.1189349831565864e-07,
      1.1607570016713398e-08,
      3.396356103299004e-08,
      1.5858084221839175e-08,
      0.0001120692811536198,
      2.452672698557593e-10,
      7.269716160322651e-10,
      0.000577106065749696,
      1.9863907583896084e-10,
      2.4398268874700005e-10,
      0.00040889013337878726,
      0.00013403579907603756,
      5.410524613077423e-06,
      3.4680738868910466e-10,
      3.5297310361413767e-10,
      2.3372281925561666e-09,
      2.027118258207768e-06,
      0.12215653844323125,
      4.80118430370902e-07,
      6.269840142147149e-10,
      4.119357333049875e-10,
      0.0002093303865995454,
      1.437215142581889e-09,
      2.6594605454619283e-08,
      2.2443477892987253e-09
    ],
    [
      2.3410834751072383e-08,
      1.1294420681360382e-08,
      1.8239876226851128e-09,
      1.9935207727120233e-08,
      1.3502589978307649e-08,
      0.0,
      2.4721477405929655e-07,
      1.264160211669487e-08,
      0.1359424819917155,
      8.294172663291754e-09,
      2.742414877211517e-08,
      2.4750591416286014e-09,
      2.4281205664275347e-09,
      1.441891407505921e-08,
      2.773577903065086e-09,
      2.380400107929334e-06,
      2.907763195247554e-08,
      2.234454245512771e-08,
      2.4580899036477425e-08,
      7.076508134588203e-08,
      5.8984657318964346e-08,
      9.117405879799819e-08,
      7.155647689239696e-08,
      1.5401203402065734e-09,
      2.4885970152147816e-08,
      3.176546613823946e-08,
      1.9752269280383612e-09,
      1.190600689595284e-08,
      5.644075241508813e-08,
      4.723988910858668e-07,
      0.15405775003325092,
      4.922706276507605e-08,
      2.2681060083361077e-08,
      6.075659750077607e-08,
      2.0900714435644455e-07,
      1.9809717235816304e-08,
      1.1014391745908349e-06,
      2.01521984874293e-09,
      1.0294575138267398e-08,
      2.669880898065389e-05,
      0.15310373505628433,
      0.03458716892167682,
      0.10588159007852918,
      1.4130797360552434e-09,
      6.425703431879081e-09,
      2.98639376988597e-08,
      3.2450607135007285e-09,
      5.180063360558098e-09,
      6.544949676921362e-09,
      2.819410943214925e-09,
      1.6615185422758572e-09,
      4.0292397345130495e-08,
      1.0959313783717591e-08,
      1.0614003097614175e-08,
      1.6589674527334375e-07,
      5.353364094347949e-08,
      8.475225254197822e-09,
      7.816862296905308e-07,
      2.2317070140022993e-08,
      1.4776179335079433e-08,
      2.040656701449452e-09,
      8.07999539365219e-08,
      0.03743438784579054,
      1.4906052429230184e-07
    ],
    [
      3.7207405110084313e-09,
      2.2231012338563543e-09,
      1.1349277027172173e-07,
      3.678145434477638e-09,
      1.4748682139801283e-06,
      2.4721477405929655e-07,
      0.0,
      2.423107560380693e-09,
      1.6456147876841776e-07,
      7.08884886255157e-07,
      3.911116516966824e-09,
      1.6397342696464905e-07,
      1.4157497367225808e-07,
      1.8220279963920323e-06,
      1.8570513893765433e-07,
      0.0002181289841386262,
      4.328643766551622e-09,
      3.424110106587471e-09,
      3.96664052116043e-09,
      9.551669093020168e-09,
      8.106717135001077e-09,
      1.227697257784325e-08,
      9.978661681126871e-09,
      8.543789845539543e-08,
      3.6417010281219784e-09,
      5.074199298341243e-09,
      1.1880177525973045e-07,
      2.2838589487776153e-09,
      0.12241328301520593,
      0.0008588059039448418,
      2.712415182863627e-07,
      0.08573976752494432,
      4.1023893852801375e-09,
      9.061325464757438e-09,
      2.325746973338047e-08,
      3.726386534283085e-09,
      7.494992637781779e-08,
      1.1924812111163555e-07,
      2.1045376788052165e-09,
      6.0158614331943805e-05,
      2.0961676960732154e-07,
      8.446690457487975e-07,
      3.1620559782698057e-07,
      8.000363183964246e-08,
      1.4797496940322586e-09,
      4.96030963225894e-09,
      2.0114402262213063e-07,
      1.2195070418657198e-09,
      1.527897683698734e-09,
      1.8897349961381867e-07,
      9.59187800991294e-08,
      0.07335701805379018,
      2.230952794664243e-09,
      2.31595889906442e-09,
      1.7705918028849032e-08,
      0.12296399379516935,
      7.088280827759221e-07,
      0.0005154827196883452,
      4.08107075345594e-09,
      2.697194841967398e-09,
      1.245138754276642e-07,
      1.0160530977577071e-08,
      6.23240128748505e-07,
      1.7969653190838048e-08
    ],
    [
      4.238076189954145e-05,
      0.06995599679884737,
      6.390354284557579e-11,
      0.004478239025312791,
      3.7620966686255027e-10,
      1.264160211669487e-08,
      2.423107560380693e-09,
      0.0,
      5.542976791878392e-08,
      2.7286044082923003e-10,
      3.7159837808109314e-05,
      9.215285027006039e-11,
      8.727305624372588e-11,
      4.348547182300347e-10,
      9.853137441434676e-11,
      5.674368339585832e-09,
      2.3310296265226502e-05,
      5.340645387139149e-05,
      4.234946128874568e-05,
      4.760009036456656e-06,
      1.2257794888655276e-05,
      3.558215467974091e-06,
      4.8783000386868165e-06,
      5.602345998882373e-11,
      3.426621434568757e-05,
      2.159033411400971e-05,
      7.436596447158243e-11,
      0.12374566579688932,
      8.91500188739081e-10,
      3.0538747217811286e-09,
      1.208109170669052e-08,
      8.16936493121071e-10,
      0.00018051790253974562,
      1.1016296407400966e-05,
      1.4325251613994857e-06,
      0.0041495609666996405,
      7.417875079158603e-07,
      7.456649466104661e-11,
      0.0009513968413574204,
      9.1268268062091e-09,
      1.772891472727903e-08,
      7.537101679186178e-09,
      1.0341855866180164e-08,
      5.092624458773551e-11,
      0.00012543929281855508,
      2.7715509269756877e-05,
      1.1211737972025122e-10,
      8.115873189394299e-05,
      0.0001083356254119378,
      1.0134854359846907e-10,
      6.081444419102351e-11,
      7.955776736773691e-10,
      0.10554725786265517,
      0.10178675438187665,
      1.8005890182404955e-06,
      7.864691463874219e-10,
      2.6886284779197605e-10,
      3.833648800796782e-09,
      0.0029536072123738243,
      0.13728383378829148,
      7.168814825909262e-11,
      3.808859762722758e-06,
      8.601407049882051e-09,
      2.119219097824032e-06
    ],
    [
      1.1144155570292534e-07,
      4.8821570737346655e-08,
      1.5357049015087165e-09,
      9.306167855238021e-08,
      1.1094150831284795e-08,
      0.1359424819917155,
      1.6456147876841776e-07,
      5.542976791878392e-08,
      0.0,
      6.8287826648287135e-09,
      1.3599979253834657e-07,
      2.143994916534788e-09,
      2.006000145473858e-09,
      1.2033496622937343e-08,
      2.4346230265520482e-09,
      1.4758425425681491e-06,
      1.4086856187191693e-07,
      1.0218922334370394e-07,
      1.1376945187065323e-07,
      3.6439599650540094e-07,
      3.0894623009254206e-07,
      4.330496086094273e-07,
      3.541921937459315e-07,
      1.2842016871270421e-09,
      1.1421543492420327e-07,
      1.4752874535793262e-07,
      1.7251453255508081e-09,
      4.7837302653759514e-08,
      3.996847037949037e-08,
      3.0276014047934804e-07,
      0.09911128942165547,
      3.6376171232676224e-08,
      1.0995975329970516e-07,
      3.060297907790106e-07,
      1.0030832503093568e-06,
      8.910216047335446e-08,
      3.8891501530265925e-06,
      1.6690164657833706e-09,
      4.1118478546273814e-08,
      1.70525190775356e-05,
      0.20926873694567236,
      0.015214778840923095,
      0.05958028756602248,
      1.1913333465669954e-09,
      2.5761868706557768e-08,
      1.5066517959319622e-07,
      2.652248713150613e-09,
      1.8835163031659238e-08,
      2.4170649863305455e-08,
      2.337720941828976e-09,
      1.3802327172663602e-09,
      3.0735068515740334e-08,
      4.7911558954627655e-08,
      4.478122507114667e-08,
      7.816207957129752e-07,
      3.7173186653237134e-08,
      7.151247031055861e-09,
      5.021412889969043e-07,
      1.0649366713996654e-07,
      6.393398833139521e-08,
      1.660430205848191e-09,
      3.99195875831759e-07,
      0.01705200139713488,
      7.190135031141743e-07
    ],
    [
      3.8733145883116726e-10,
      2.522056428037817e-10,
      0.0010032524259813269,
      3.9944950088769197e-10,
      0.08138096692016816,
      8.294172663291754e-09,
      7.08884886255157e-07,
      2.7286044082923003e-10,
      6.8287826648287135e-09,
      0.0,
      4.2216142899681105e-10,
      0.0017317160510325223,
      0.0014241855678389056,
      0.07987164361332684,
      0.0023143184222122184,
      1.595880240772613e-07,
      4.657203849544909e-10,
      3.666023870162434e-10,
      4.2111781586564195e-10,
      9.610954245509072e-10,
      8.128843286045966e-10,
      1.175548103136488e-09,
      9.111004355516437e-10,
      0.0006672504371925965,
      3.946528146165625e-10,
      5.154261900122552e-10,
      0.0010993347015187946,
      2.600916328551113e-10,
      1.0051366798645988e-06,
      3.884465030438534e-07,
      8.851052376826437e-09,
      1.2699492620258011e-06,
      4.2282865582073003e-10,
      9.004926060240464e-10,
      1.972788465383331e-09,
      4.0596283208630683e-10,
      4.9084760786780975e-09,
      0.000989533378746759,
      2.427189788305698e-10,
      1.1255417750575583e-07,
      7.092886346207014e-09,
      2.009833873286712e-08,
      9.52866790881444e-09,
      0.0006574733031341175,
      1.7187908732580047e-10,
      5.057808448744536e-10,
      0.002453834581822829,
      1.452881631029146e-10,
      1.7820489376429947e-10,
      0.0018849596090296022,
      0.0007411193483612156,
      2.924632621006501e-06,
      2.5459430278428283e-10,
      2.5302623428562804e-10,
      1.6338966771704492e-09,
      1.0155728061406645e-06,
      0.18754908236514994,
      2.4252633037265195e-07,
      4.309886177246442e-10,
      2.8918433860314344e-10,
      0.0010955055554204526,
      9.951694672712928e-10,
      1.6225181989310692e-08,
      1.6306526538567285e-09
    ],
    [
      0.07739834425658483,
      1.5476046855469858e-05,
      1.0248619446230725e-10,
      0.0002471024918960776,
      6.036859568694233e-10,
      2.742414877211517e-08,
      3.911116516966824e-09,
      3.7159837808109314e-05,
      1.3599979253834657e-07,
      4.2216142899681105e-10,
      0.0,
      1.402899369648992e-10,
      1.364221955505485e-10,
      6.884277776079796e-10,
      1.569539295765196e-10,
      1.0093366107938503e-08,
      0.08940626025992501,
      0.07206841924245991,
      0.07719753360527387,
      0.00021475235523130958,
      0.001831218376830617,
      0.00014250080868505918,
      0.00021739487710294871,
      8.761988953477599e-11,
      0.0888158309917729,
      0.07920253233687648,
      1.1609367888203241e-10,
      2.8845750630754706e-05,
      1.4349764138165949e-09,
      5.3507792330572725e-09,
      2.3249667489428478e-08,
      1.3200636872720367e-09,
      0.052839294652930135,
      0.0014059338920100152,
      2.49110291395027e-05,
      0.00025494808186094414,
      1.0908180071547842e-05,
      1.1397818685976943e-10,
      8.344407930440443e-06,
      1.664489636894392e-08,
      3.5939430688249885e-08,
      1.45213838627878e-08,
      2.0115617298935275e-08,
      8.126917481680743e-11,
      3.0519317055758986e-06,
      0.09096768776377842,
      1.7771216055546494e-10,
      2.0196724125873587e-06,
      2.8149963686711835e-06,
      1.527662145540322e-10,
      9.517178296450081e-11,
      1.2855370285237391e-09,
      2.105747232210198e-05,
      1.873566829233643e-05,
      3.925207165337584e-05,
      1.2838941023445215e-09,
      4.4411235656634634e-10,
      6.5021833528371855e-09,
      0.0004306935551223761,
      6.307036756438907e-05,
      1.165382982408325e-10,
      0.00015581148902706052,
      1.6412832327463588e-08,
      4.545953531244775e-05
    ],
    [
      1.299187811989214e-10,
      8.460813985792403e-11,
      0.058245097843463406,
      1.4206477675555444e-10,
      0.0003717757728551034,
      2.4750591416286014e-09,
      1.6397342696464905e-07,
      9.215285027006039e-11,
      2.143994916534788e-09,
      0.0017317160510325223,
      1.402899369648992e-10,
      0.0,
      0.06982270089680992,
      0.0003128779827200664,
      0.07907139679769544,
      4.292259639758697e-08,
      1.6012722870883606e-10,
      1.2912117820033837e-10,
      1.4470532209360214e-10,
      3.2851307896530387e-10,
      2.766672748585819e-10,
      4.18896953471957e-10,
      3.0422100743619486e-10,
      0.04320930738366151,
      1.3140712631681392e-10,
      1.7544876033863857e-10,
      0.06604883640368062,
      8.742592597208222e-11,
      2.432120810880928e-07,
      9.362588548040607e-08,
      2.7923723620777397e-09,
      3.1424309610222655e-07,
      1.4078564253162483e-10,
      3.231390367259854e-10,
      6.58426261400014e-10,
      1.4717275626151616e-10,
      1.5286851237921793e-09,
      0.05851203108751121,
      8.087512127471421e-11,
      3.140486457881594e-08,
      2.2053188390480737e-09,
      5.841186831778164e-09,
      2.9749501952959918e-09,
      0.041985902855524934,
      5.870780341509279e-11,
      1.8110343042983322e-10,
      0.07342103966804801,
      4.9373098654101436e-11,
      6.124773339076037e-11,
      0.07520357595732105,
      0.04564358016807215,
      7.528876300444159e-07,
      8.675930305852344e-11,
      8.863064162487418e-11,
      5.165569710244274e-10,
      2.417176347370997e-07,
      0.0008964075715921206,
      6.309878197933428e-08,
      1.4894023586939034e-10,
      9.674308153837463e-11,
      0.06060098767170864,
      3.3530028221482435e-10,
      4.778629131344109e-09,
      5.254144193047899e-10
    ],
    [
      1.323392102134947e-10,
      8.228414820275937e-11,
      0.06635583025433447,
      1.3165203020282523e-10,
      0.00028783401844920727,
      2.4281205664275347e-09,
      1.4157497367225808e-07,
      8.727305624372588e-11,
      2.006000145473858e-09,
      0.0014241855678389056,
      1.364221955505485e-10,
      0.06982270089680992,
      0.0,
      0.0002301438109511771,
      0.06798810181330849,
      3.987306571716839e-08,
      1.5783359534107965e-10,
      1.3272073404084616e-10,
      1.44424126134868e-10,
      3.2060274270701454e-10,
      2.644941727949135e-10,
      4.041970510141923e-10,
      2.892057344920829e-10,
      0.0510320888186292,
      1.344510417931794e-10,
      1.813771663237027e-10,
      0.06945742762416297,
      9.049243605292771e-11,
      2.1721499459500143e-07,
      8.30243884406084e-08,
      2.6847742591473803e-09,
      2.850779950219216e-07,
      1.385991134139464e-10,
      3.055544707715069e-10,
      6.097434626002978e-10,
      1.4359213992559982e-10,
      1.4283698076524179e-09,
      0.06358217668247822,
      7.653922209056807e-11,
      2.8436920419439667e-08,
      2.0741811242683665e-09,
      5.576828248208529e-09,
      2.7091749452143672e-09,
      0.04987276407946225,
      5.869262783642139e-11,
      1.6368306305420653e-10,
      0.07205588011525073,
      4.934144623872134e-11,
      6.003396639030323e-11,
      0.07023235210122755,
      0.052442949604789624,
      6.493034650547582e-07,
      8.14896153620124e-11,
      8.394412788174865e-11,
      5.164323833386993e-10,
      2.1516681764204712e-07,
      0.0007111828179156912,
      5.4197806903239404e-08,
      1.3826703605862593e-10,
      9.453519743367749e-11,
      0.06323096307058093,
      3.355220809072778e-10,
      4.408560128004783e-09,
      5.091359467808135e-10
    ],
    [
      5.932477096141366e-10,
      4.0110319838008395e-10,
      0.0001498335512057416,
      6.55216718309563e-10,
      0.29723842499930486,
      1.441891407505921e-08,
      1.8220279963920323e-06,
      4.348547182300347e-10,
      1.2033496622937343e-08,
      0.07987164361332684,
      6.884277776079796e-10,
      0.0003128779827200664,
      0.0002301438109511771,
      0.0,
      0.0004709440268272504,
      3.5365802891978577e-07,
      7.320763946868507e-10,
      5.660579290989694e-10,
      6.563051809254308e-10,
      1.5282967224418372e-09,
      1.3231505859482858e-09,
      1.8168784240174841e-09,
      1.459185402766558e-09,
      9.131666008511845e-05,
      6.117064965684564e-10,
      7.834684323886289e-10,
      0.00017199608426477,
      3.883965390639036e-10,
      2.4975615373328096e-06,
      9.476542129630292e-07,
      1.5799856532584373e-08,
      3.0465757508004454e-06,
      6.381112957193637e-10,
      1.4501872580674804e-09,
      3.3454672627303216e-09,
      6.454706014053294e-10,
      8.171686305413622e-09,
      0.00015062368430108144,
      3.889340139684349e-10,
      2.401840073705959e-07,
      1.245477967337028e-08,
      3.700026015484321e-08,
      1.740800228796257e-08,
      8.949464144988483e-05,
      2.6976641605403716e-10,
      8.236345089973403e-10,
      0.0004904704482211429,
      2.2068819031477755e-10,
      2.7291377397580415e-10,
      0.00034283219797010613,
      0.00010716987477605813,
      6.6644698584671235e-06,
      4.112579085813375e-10,
      4.0198880286560956e-10,
      2.6023909974887893e-09,
      2.4210247034445857e-06,
      0.12089963052510948,
      5.796500392492441e-07,
      7.022768783621113e-10,
      4.5439418144663247e-10,
      0.000175532527378701,
      1.589537368619118e-09,
      3.003980447051297e-08,
      2.584391458863892e-09
    ],
    [
      1.3967851591356816e-10,
      9.3081115511912e-11,
      0.053917403345132814,
      1.541404378596648e-10,
      0.0005478796363792816,
      2.773577903065086e-09,
      1.8570513893765433e-07,
      9.853137441434676e-11,
      2.4346230265520482e-09,
      0.0023143184222122184,
      1.569539295765196e-10,
      0.07907139679769544,
      0.06798810181330849,
      0.0004709440268272504,
      0.0,
      4.780265167402312e-08,
      1.7682723845226575e-10,
      1.3681207966678534e-10,
      1.5347413456265992e-10,
      3.572185477649484e-10,
      3.089266016250901e-10,
      4.1930404189336937e-10,
      3.353108847038499e-10,
      0.034960788355910974,
      1.4244632456305802e-10,
      1.8230228320441472e-10,
      0.05974013849114937,
      8.952536774384473e-11,
      2.8852747514096196e-07,
      1.1065363732661477e-07,
      2.982438797078077e-09,
      3.609249467520555e-07,
      1.473690660360375e-10,
      3.338623805906409e-10,
      7.207484908703221e-10,
      1.5179019134381813e-10,
      1.6807408528392327e-09,
      0.04948250216187136,
      8.859718875470603e-11,
      3.5937478635433185e-08,
      2.3990276742324494e-09,
      6.4367058263165805e-09,
      3.2767585150343837e-09,
      0.035079556535123235,
      6.334070497012234e-11,
      1.9177652650865575e-10,
      0.08350617986951224,
      5.063812824199697e-11,
      6.240251791550401e-11,
      0.07133898566101257,
      0.03790001444644613,
      8.734568440625052e-07,
      9.235602919633671e-11,
      8.892957180479064e-11,
      5.837639203340503e-10,
      2.78766201897696e-07,
      0.0013048530062089259,
      7.090152412508764e-08,
      1.5971766168603078e-10,
      1.0460793534574944e-10,
      0.05634926701360534,
      3.718840021181041e-10,
      5.125206465666007e-09,
      5.809423576805713e-10
    ],
    [
      9.391782860012198e-09,
      5.246920867983158e-09,
      2.821243456735342e-08,
      9.027538137785883e-09,
      3.1251610018114915e-07,
      2.380400107929334e-06,
      0.0002181289841386262,
      5.674368339585832e-09,
      1.4758425425681491e-06,
      1.595880240772613e-07,
      1.0093366107938503e-08,
      4.292259639758697e-08,
      3.987306571716839e-08,
      3.5365802891978577e-07,
      4.780265167402312e-08,
      0.0,
      1.1650058146589838e-08,
      9.044147242335796e-09,
      9.99483883454627e-09,
      2.6107990496731558e-08,
      2.1680847724397335e-08,
      3.411006059187096e-08,
      2.5286370854363757e-08,
      2.3727258716812148e-08,
      9.38199761847604e-09,
      1.2518748714243132e-08,
      3.212282282487758e-08,
      5.427841134053942e-09,
      7.211131575961304e-06,
      0.011608191666308923,
      2.6048239518802097e-06,
      5.539221098572394e-06,
      9.6104627248387e-09,
      2.3632535074499884e-08,
      6.868640036386392e-08,
      9.194448016848455e-09,
      2.5824783124948767e-07,
      3.1808003919331187e-08,
      4.864591986385017e-09,
      0.3704792221446006,
      1.9335406032153757e-06,
      7.797971717980776e-06,
      3.1513600429743434e-06,
      2.1910323321309825e-08,
      3.4868877353633615e-09,
      1.2237038221618057e-08,
      5.3789279814741595e-08,
      2.8630570699036213e-09,
      3.498576644741626e-09,
      4.655873516927416e-08,
      2.563925676952215e-08,
      3.641939400596058e-06,
      5.3688772523621645e-09,
      5.264824442075847e-09,
      5.0804888495261e-08,
      6.704796861291652e-06,
      1.6576088114811913e-07,
      0.015862312127550796,
      9.578360743842315e-09,
      6.2510677473099476e-09,
      3.1779060495960385e-08,
      2.804386411135745e-08,
      5.75201935366375e-06,
      4.9995113938436456e-08
    ],
    [
      0.07416780439700452,
      9.75581583602317e-06,
      1.1432216223948779e-10,
      0.00016954311720591278,
      6.606599884038663e-10,
      2.907763195247554e-08,
      4.328643766551622e-09,
      2.3310296265226502e-05,
      1.4086856187191693e-07,
      4.657203849544909e-10,
      0.08940626025992501,
      1.6012722870883606e-10,
      1.5783359534107965e-10,
      7.320763946868507e-10,
      1.7682723845226575e-10,
      1.1650058146589838e-08,
      0.0,
      0.06693963402339219,
      0.07655840559836939,
      0.00027067802346946324,
      0.002100704544901705,
      0.0001979967067951735,
      0.00028608988007893627,
      1.00780549447622e-10,
      0.08554916055596379,
      0.09265659986471729,
      1.2671220169252323e-10,
      2.0806874669425816e-05,
      1.598339787790755e-09,
      5.709812296153097e-09,
      2.670105792539157e-08,
      1.4501594825588125e-09,
      0.04477461792163693,
      0.0017751825731736777,
      3.0396743474559466e-05,
      0.00019645975931638048,
      1.3440635984834713e-05,
      1.299057610622825e-10,
      5.196566930519038e-06,
      1.8178549705081768e-08,
      3.967198413318718e-08,
      1.5915648416182874e-08,
      2.2698200822722857e-08,
      9.345955380540338e-11,
      2.1776073755837945e-06,
      0.09326585725639724,
      2.020194309979913e-10,
      1.4812246912195e-06,
      2.1259232522451524e-06,
      1.7182219559340274e-10,
      1.0722823643697175e-10,
      1.3499838892898302e-09,
      1.368308460646612e-05,
      1.3221250701955588e-05,
      4.643026447848226e-05,
      1.4537586226295623e-09,
      4.661568358142014e-10,
      7.327685404779649e-09,
      0.00030277096812170276,
      4.0364419065827424e-05,
      1.306706195406191e-10,
      0.00019576375690010322,
      1.8340147531207195e-08,
      5.8747829770451824e-05
    ],
    [
      0.09594093862899221,
      2.138877667221996e-05,
      9.201822145550945e-11,
      0.0003798931593243756,
      5.513878244338489e-10,
      2.234454245512771e-08,
      3.424110106587471e-09,
      5.340645387139149e-05,
      1.0218922334370394e-07,
      3.666023870162434e-10,
      0.07206841924245991,
      1.2912117820033837e-10,
      1.3272073404084616e-10,
      5.660579290989694e-10,
      1.3681207966678534e-10,
      9.044147242335796e-09,
      0.06693963402339219,
      0.0,
      0.0918638648405026,
      0.0001022392058137731,
      0.0009321909254221312,
      7.807265056054614e-05,
      0.00011092265612560024,
      8.259412087759331e-11,
      0.08485821473995986,
      0.06963755928907006,
      1.0639773865638655e-10,
      5.06867872255517e-05,
      1.2388590170072713e-09,
      4.553937011379655e-09,
      2.083360897879449e-08,
      1.1855200249825687e-09,
      0.08949300634589602,
      0.0008342836124861871,
      1.215637917813109e-05,
      0.0004547511413182615,
      5.197724799047142e-06,
      1.0638433411620787e-10,
      1.0300700217225705e-05,
      1.46875513962513e-08,
      3.1554288164768904e-08,
      1.2759285581388961e-08,
      1.7574315972225638e-08,
      7.216695048909202e-11,
      4.27246468104149e-06,
      0.06462730385136399,
      1.6296590552363447e-10,
      2.9050213801106676e-06,
      4.205688166718307e-06,
      1.417647310004637e-10,
      8.50810933870246e-11,
      1.0635306674321427e-09,
      3.066114004895364e-05,
      3.090267791281734e-05,
      1.816934404875874e-05,
      1.1396528243801778e-09,
      3.651269402018604e-10,
      5.581216174190988e-09,
      0.0006411674142590886,
      9.376261369017038e-05,
      9.923744590137808e-11,
      7.395910937447466e-05,
      1.401191545156914e-08,
      2.259331688758209e-05
    ],
    [
      0.09161105119073815,
      1.6009665844854637e-05,
      1.0355135988432792e-10,
      0.0002974593429337423,
      5.9885360241062e-10,
      2.4580899036477425e-08,
      3.96664052116043e-09,
      4.234946128874568e-05,
      1.1376945187065323e-07,
      4.2111781586564195e-10,
      0.07719753360527387,
      1.4470532209360214e-10,
      1.44424126134868e-10,
      6.563051809254308e-10,
      1.5347413456265992e-10,
      9.99483883454627e-09,
      0.07655840559836939,
      0.0918638648405026,
      0.0,
      0.00012555490109786722,
      0.00109448337125912,
      9.40498786043792e-05,
      0.00013819918262374608,
      9.368579170607378e-11,
      0.08667108959166865,
      0.08164440874509693,
      1.1818113890736437e-10,
      3.882998944980149e-05,
      1.454363362223985e-09,
      4.991171870833223e-09,
      2.363623312393616e-08,
      1.3166580054766225e-09,
      0.07469052235159136,
      0.0009773819666549248,
      1.5531955701066765e-05,
      0.00036258588861485885,
      6.8772280134428736e-06,
      1.218271469507202e-10,
      8.25503923999066e-06,
      1.5883067911467487e-08,
      3.520003185093416e-08,
      1.411386866813614e-08,
      1.940236561345374e-08,
      8.300106299808144e-11,
      3.3644088914115916e-06,
      0.07333077516014297,
      1.8370067945281535e-10,
      2.315454989354918e-06,
      3.3658185630066565e-06,
      1.608920586643638e-10,
      1.0063790474878798e-10,
      1.2209092215820926e-09,
      2.4118668859618657e-05,
      2.468286519508646e-05,
      2.2693719939665224e-05,
      1.3077518339643796e-09,
      4.0463690708332094e-10,
      6.422866896969285e-09,
      0.0005195742228248308,
      7.335507277724519e-05,
      1.1534304652599757e-10,
      8.737606236507603e-05,
      1.6351607227818243e-08,
      2.9439348097334032e-05
    ],
    [
      0.00011808488203598565,
      2.542625885234457e-06,
      2.2638358810859227e-10,
      1.7857399924485054e-05,
      1.3823623134822043e-09,
      7.076508134588203e-08,
      9.551669093020168e-09,
      4.760009036456656e-06,
      3.6439599650540094e-07,
      9.610954245509072e-10,
      0.00021475235523130958,
      3.2851307896530387e-10,
      3.2060274270701454e-10,
      1.5282967224418372e-09,
      3.572185477649484e-10,
      2.6107990496731558e-08,
      0.00027067802346946324,
      0.0001022392058137731,
      0.00012555490109786722,
      0.0,
      0.022454242879679735,
      0.1486430508430259,
      0.15151557124345325,
      2.0069346656332437e-10,
      0.0001517793664654047,
      0.0002892210374926547,
      2.551784791667064e-10,
      4.283677782691542e-06,
      3.1762428008689564e-09,
      1.2849337381567559e-08,
      6.665883832905698e-08,
      3.1956289656116305e-09,
      6.37790005384484e-05,
      0.025383264266275817,
      0.001219246975650668,
      1.7839642139278372e-05,
      0.0006308059516206317,
      2.576772844481668e-10,
      1.534481030676277e-06,
      4.3960388472637935e-08,
      9.845073178863282e-08,
      4.2371907228206436e-08,
      5.785189997819452e-08,
      1.806485928736859e-10,
      7.177244346056792e-07,
      0.0002963784383438132,
      3.977068029486147e-10,
      5.130598888698898e-07,
      7.313393630368277e-07,
      3.48985781402107e-10,
      2.1114672562365702e-10,
      2.962770930323517e-09,
      3.1749549107532776e-06,
      2.9979194568913548e-06,
      0.0022252650632458675,
      3.0244979047603535e-09,
      9.613952417596465e-10,
      1.6360253495417613e-08,
      2.6842483791237504e-05,
      7.014493525077492e-06,
      2.4835890849838306e-10,
      0.14858922818591,
      4.5340346881190225e-08,
      0.0029478136616094743
    ],
    [
      0.0010638016753089106,
      5.925251113284354e-06,
      1.9956593309651496e-10,
      6.179679837794202e-05,
      1.2307146154929684e-09,
      5.8984657318964346e-08,
      8.106717135001077e-09,
      1.2257794888655276e-05,
      3.0894623009254206e-07,
      8.128843286045966e-10,
      0.001831218376830617,
      2.766672748585819e-10,
      2.644941727949135e-10,
      1.3231505859482858e-09,
      3.089266016250901e-10,
      2.1680847724397335e-08,
      0.002100704544901705,
      0.0009321909254221312,
      0.00109448337125912,
      0.022454242879679735,
      0.0,
      0.017149494146111343,
      0.022481561292497093,
      1.70413241957049e-10,
      0.0013299361239813004,
      0.0020780207692994643,
      2.205952062845087e-10,
      1.0000391330951487e-05,
      2.7772286605788405e-09,
      1.1305013160344614e-08,
      5.1817072366516976e-08,
      2.6348508905984667e-09,
      0.000582120336962065,
      0.1759295712560176,
      0.00034244047132345163,
      6.0773307751410756e-05,
      0.00014804929908279464,
      2.2063834140804821e-10,
      3.388674943684159e-06,
      3.583613350039159e-08,
      8.018529613877022e-08,
      3.210662915949181e-08,
      4.603891096994958e-08,
      1.5483661652537417e-10,
      1.44197691307941e-06,
      0.0022701609198796714,
      3.396621490552882e-10,
      9.628917171537181e-07,
      1.376740135447626e-06,
      2.9887305948884375e-10,
      1.829305279197165e-10,
      2.5496852923532705e-09,
      7.463998713178565e-06,
      6.847704748832188e-06,
      0.000633388874886313,
      2.621824592355205e-09,
      8.603372273646951e-10,
      1.3652569626349642e-08,
      0.00010178164305582062,
      1.9424992753668693e-05,
      2.1873040407349213e-10,
      0.016775205435837805,
      3.62161126610166e-08,
      0.0008389913885190908
    ],
    [
      8.776630231222733e-05,
      1.8540909723577848e-06,
      2.812840416047938e-10,
      1.33823505790579e-05,
      1.6949995126844107e-09,
