{
  "config": {
    "N": 64,
    "alpha": 1.8,
    "beta": 1.0,
    "gamma": 1.0,
    "dt": 0.02,
    "T": 200.0,
    "sample_every": 25,
    "seed": 101,
    "target_initial_load": 1.0,
    "noise_fraction": 0.02,
    "eps": 1e-12,
    "device": "cuda",
    "dtype": "float64",
    "model_variant": "full"
  },
  "device_used": "cuda",
  "dtype_used": "torch.float64",
  "runtime_seconds": 17.28833789995406,
  "final_constraint_report": {
    "symmetric": true,
    "zero_diagonal": true,
    "nonnegative": true,
    "symmetry_max_abs_error": 0.0,
    "diagonal_max_abs_error": 0.0,
    "minimum_entry": 0.0
  },
  "final_chi_hhi_star": 0.31522009679754087,
  "max_chi_hhi_star": 0.31522009679754087,
  "final_lambda2": 1.0412665177199511e-07,
  "final_total_weight": 21.175956338605527,
  "final_load_cv": 0.1486225313325167,
  "W_final": [
    [
      0.0,
      6.743200822902755e-11,
      5.821074026342794e-11,
      1.1031631125963657e-10,
      3.5860747460322907e-11,
      7.931214991970232e-10,
      2.0370836943897646e-11,
      6.695380956192936e-11,
      6.52433391195929e-11,
      1.2785584656696006e-08,
      1.2254096000102165e-10,
      9.147158500644025e-12,
      3.4663523738195343e-07,
      1.1106713038632771e-07,
      5.4238534845380764e-12,
      7.590925638709418e-11,
      2.7583285881504375e-10,
      3.26679967560175e-11,
      0.0006464416155621445,
      0.005634991401644659,
      1.218192262405377e-11,
      0.1594900551774025,
      0.08354783465255462,
      3.203895038731072e-11,
      6.832038111508726e-11,
      1.7492161967325183e-11,
      6.4281963359268635e-12,
      0.0008657097992824402,
      1.0829226618332211e-09,
      1.2216646505834021e-11,
      7.519951451470492e-11,
      9.751014168756867e-12,
      1.3490436446387778e-11,
      6.122265245276805e-12,
      9.605429688651772e-09,
      9.323772625596816e-12,
      1.0509684367236335e-11,
      3.129811665253362e-08,
      3.451788192308742e-10,
      7.599292497670865e-11,
      1.7034511190678067e-11,
      6.848011450310959e-10,
      0.081500726571153,
      1.1456420843727177e-06,
      6.389989054590403e-11,
      6.772140468952155e-11,
      7.13337257830094e-11,
      0.09790896365363301,
      7.697991939960637e-11,
      1.1830304377699079e-11,
      2.678381877843188e-10,
      0.14763670151330385,
      9.601396194628983e-12,
      2.685743408249479e-10,
      1.017914155437012e-11,
      9.214206915338607e-12,
      5.704383757350005e-11,
      0.0005996211919849096,
      0.0007352415603215299,
      1.3392273407215082e-09,
      1.0148201347280205e-10,
      2.057438814889303e-11,
      1.6857173739937694e-07,
      4.3225608370225395e-11
    ],
    [
      6.743200822902755e-11,
      0.0,
      1.3092362252534821e-06,
      2.0457342685991153e-05,
      1.7331294158708786e-07,
      3.378001662629536e-08,
      7.055539541760794e-08,
      2.5097153146562882e-05,
      4.951104636453116e-05,
      1.535311110598691e-09,
      1.277267943799186e-05,
      1.9745243579882766e-08,
      6.596173225124993e-10,
      9.567171516957214e-10,
      6.529961540612636e-09,
      3.0414510694805577e-05,
      9.795177199506369e-08,
      2.08068507239804e-07,
      1.3420230699623191e-10,
      9.950099216055878e-11,
      2.8655595167701104e-08,
      4.930287158886259e-11,
      3.998517665445979e-11,
      2.1191438053004188e-07,
      6.422402248222606e-05,
      5.488095424408081e-08,
      8.392749720548663e-09,
      1.0362548498915529e-10,
      1.8741527441349652e-08,
      2.861427776627436e-08,
      2.321165818313575e-05,
      1.9382920210840834e-08,
      2.1273367877481994e-08,
      7.874571424138548e-09,
      2.374416845849325e-09,
      1.8616856945801893e-08,
      2.085947845386779e-08,
      1.4514381529175818e-09,
      7.113199532018915e-08,
      1.9249238059596594e-05,
      5.136160818024708e-08,
      6.832063434802084e-08,
      3.920000998739086e-11,
      5.646195939443425e-10,
      0.2735618126917809,
      0.25571380353935547,
      6.298271023423925e-05,
      4.732988616102395e-11,
      0.21664170827040066,
      2.8572394973835582e-08,
      1.58071230464217e-07,
      5.3240552262128583e-11,
      1.8552825941238398e-08,
      1.3170692248027272e-07,
      2.198983068915172e-08,
      1.1959885834246835e-08,
      8.879523835117044e-07,
      1.3490333903077646e-10,
      1.092598519757716e-10,
      1.7048995092479574e-08,
      1.564673094430943e-05,
      6.733585812158953e-08,
      7.705108435424848e-10,
      3.689941263033581e-07
    ],
    [
      5.821074026342794e-11,
      1.3092362252534821e-06,
      0.0,
      0.3043296292773862,
      7.877952605711314e-05,
      1.1691781404904451e-08,
      4.892596319132567e-06,
      1.5039157109617746e-07,
      2.156812292716775e-07,
      1.0335702161138051e-09,
      1.0807372585141499e-07,
      5.512648772047014e-07,
      5.227933004730465e-10,
      7.645931250372996e-10,
      8.087040244787759e-08,
      1.7090397039269358e-07,
      2.092178261056164e-08,
      0.00018508714727560546,
      1.1165034233385449e-10,
      8.638562376067674e-11,
      1.0666378700545326e-06,
      4.362222410546293e-11,
      3.347770274350126e-11,
      0.0001841269744541245,
      2.4833983968355883e-07,
      2.945641502764816e-06,
      1.1166136767149087e-07,
      8.658686337332911e-11,
      6.981983375084267e-09,
      1.0584427179278862e-06,
      1.4042623627726805e-07,
      4.457960283647972e-07,
      4.2331195068438714e-07,
      1.0311890291120398e-07,
      1.5549178242745624e-09,
      5.386994802821236e-07,
      6.087520444507847e-07,
      1.0926342482823461e-09,
      1.798160091717761e-08,
      1.2815411136129982e-07,
      2.588078969701768e-06,
      1.9880901172686952e-08,
      3.294003605125433e-11,
      4.6116692367833384e-10,
      1.2836754961886282e-06,
      1.0248619754452085e-06,
      2.482764122520027e-07,
      4.0339449824126234e-11,
      8.187821074552773e-07,
      1.0076654158325278e-06,
      2.9355477323374988e-08,
      4.468520931518149e-11,
      4.55240801977394e-07,
      2.648184121072118e-08,
      7.023694142247111e-07,
      1.889908411343153e-07,
      0.4264356728203377,
      1.1658997482178332e-10,
      9.241385714232811e-11,
      6.689644802678526e-09,
      1.1641228356644486e-07,
      4.506775888419628e-06,
      5.932482159670214e-10,
      0.0005840013991196364
    ],
    [
      1.1031631125963657e-10,
      2.0457342685991153e-05,
      0.3043296292773862,
      0.0,
      2.0073329055711958e-05,
      3.192604064489962e-08,
      2.069139956528166e-06,
      1.8172561385489086e-06,
      2.9666313204572053e-06,
      2.1391404974238724e-09,
      1.0372359554214017e-06,
      2.725643411939721e-07,
      1.0245163764146287e-09,
      1.4266818948197426e-09,
      5.8008362664632735e-08,
      2.000591843145112e-06,
      7.163769555229317e-08,
      5.299864035426716e-05,
      2.2331040021957018e-10,
      1.6332150612089655e-10,
      5.165789148830706e-07,
      8.225241890091433e-11,
      6.502583293328575e-11,
      5.1018235917822114e-05,
      3.549905199349211e-06,
      1.2646564717600468e-06,
      7.729417097840817e-08,
      1.6241102318188496e-10,
      1.820072977189439e-08,
      5.016749229091679e-07,
      1.6379844361340096e-06,
      2.4587209065261107e-07,
      2.431249071490413e-07,
      6.94667731716982e-08,
      3.2636735703809656e-09,
      2.8061967235941695e-07,
      3.200183124911362e-07,
      2.1308705240356913e-09,
      5.383872776665913e-08,
      1.4684782632314111e-06,
      1.0882906610737426e-06,
      5.702796429008309e-08,
      6.563257990478935e-11,
      8.664183747652673e-10,
      1.96704009961342e-05,
      1.767560555329165e-05,
      3.55830875101157e-06,
      7.97578083180858e-11,
      1.4289891502008314e-05,
      4.737842460064211e-07,
      1.047471518101349e-07,
      8.613023146273417e-11,
      2.535175328806791e-07,
      9.156099110472312e-08,
      3.4207635594802343e-07,
      1.2038143629414603e-07,
      0.22572781651924312,
      2.1885659948261353e-10,
      1.7714199248862276e-10,
      1.7395438104059713e-08,
      1.2672437894051156e-06,
      1.8049606383566788e-06,
      1.1589763409126783e-09,
      0.00022367671461907623
    ],
    [
      3.5860747460322907e-11,
      1.7331294158708786e-07,
      7.877952605711314e-05,
      2.0073329055711958e-05,
      0.0,
      3.990852972666621e-09,
      0.00023513038935657257,
      2.2625786437205768e-08,
      3.238916415332411e-08,
      5.47216414246326e-10,
      1.8262749827322162e-08,
      2.26298180655849e-05,
      3.059541341547893e-10,
      4.316067399286903e-10,
      7.230771123802618e-07,
      2.6088642722193133e-08,
      5.8557158741359805e-09,
      0.20309977773102722,
      6.996572494134634e-11,
      5.374491954665447e-11,
      5.613008750118362e-05,
      2.699811318058566e-11,
      2.13344054277806e-11,
      0.20355673374496622,
      3.618985251899624e-08,
      0.00015705740091056527,
      1.0800099772048813e-06,
      5.357514773525112e-11,
      2.5521183850485847e-09,
      5.0486050992240376e-05,
      2.1949392716638313e-08,
      1.5212537162522378e-05,
      9.831543318998878e-06,
      9.709996293573805e-07,
      8.119834817040867e-10,
      2.197940402036382e-05,
      2.5472863567876655e-05,
      6.033006186651255e-10,
      5.071658765847576e-09,
      2.0238546299684566e-08,
      0.00013476927450007103,
      6.1705448565341064e-09,
      2.0926389989979866e-11,
      2.708948838254299e-10,
      1.76724245594787e-07,
      1.402543663547677e-07,
      3.703559701526805e-08,
      2.5185792403264168e-11,
      1.1687600993861161e-07,
      4.779000259673012e-05,
      7.625283873262215e-09,
      2.776296857195711e-11,
      1.5452553979942273e-05,
      6.8250859260729165e-09,
      3.249377513319119e-05,
      2.230299189806075e-06,
      0.00014377169097202138,
      7.119412897667154e-11,
      5.650290813112619e-11,
      2.516404837221676e-09,
      1.9317195792798373e-08,
      0.00021890619702071446,
      3.519947435600563e-10,
      0.1405661167112572
    ],
    [
      7.931214991970232e-10,
      3.378001662629536e-08,
      1.1691781404904451e-08,
      3.192604064489962e-08,
      3.990852972666621e-09,
      0.0,
      1.8238205393139212e-09,
      8.598522021631369e-08,
      6.499938842461166e-08,
      3.6852223875982224e-08,
      2.4616663832395635e-07,
      6.292796377210774e-10,
      1.0534037026538375e-08,
      1.755888661237855e-08,
      2.792595946493755e-10,
      7.871087560351401e-08,
      2.9444589127426026e-05,
      3.89237919983605e-09,
      1.6992678217799567e-09,
      1.2159502857315782e-09,
      8.889122193156034e-10,
      6.119211490441675e-10,
      4.713784409089302e-10,
      3.9807103677426185e-09,
      7.062532599893319e-08,
      1.5645426985506167e-09,
      3.5554471672024576e-10,
      1.281985503891194e-09,
      0.3495573124692484,
      9.708921759704791e-10,
      9.829695915265847e-08,
      6.427614498051339e-10,
      8.557595226354969e-10,
      3.294689462588575e-10,
      6.487496662721376e-08,
      6.957447347517728e-10,
      7.6913594759732e-10,
      3.007001844524336e-08,
      4.316682108349314e-05,
      1.0370941067346658e-07,
      1.5458002185509116e-09,
      0.00023936578452904425,
      4.671792472088521e-10,
      8.127554463979481e-09,
      3.3594223468006275e-08,
      3.616009242043395e-08,
      6.960392719556365e-08,
      5.681621318924298e-10,
      4.2876823473672584e-08,
      9.041302041669542e-10,
      2.1260885098517745e-05,
      6.144484581709725e-10,
      6.71147256010001e-10,
      2.3742316545203875e-05,
      7.068481316457353e-10,
      5.067271685248905e-10,
      9.368688560303797e-09,
      1.715982272072601e-09,
      1.3806183455434753e-09,
      0.34659626629283735,
      1.5756429365352197e-07,
      1.7574383109449118e-09,
      1.206634218909292e-08,
      5.876389800578952e-09
    ],
    [
      2.0370836943897646e-11,
      7.055539541760794e-08,
      4.892596319132567e-06,
      2.069139956528166e-06,
      0.00023513038935657257,
      1.8238205393139212e-09,
      0.0,
      9.5558894562725e-09,
      1.4202848037470558e-08,
      2.913741331680579e-10,
      7.2335916855331076e-09,
      0.0005204028694330013,
      1.7462770544344892e-10,
      2.2399800379088286e-10,
      1.4783058794960574e-06,
      1.040763404023632e-08,
      2.7089340367359555e-09,
      4.57033666981658e-05,
      4.1329436266246774e-11,
      2.9396570682022655e-11,
      0.0032840871118147777,
      1.487248097498626e-11,
      1.2224509820634082e-11,
      4.22175695747512e-05,
      1.5581729305879178e-08,
      0.1810337094293773,
      2.2606380526389576e-06,
      2.944891809227258e-11,
      1.210094131184915e-09,
      0.002281476790745805,
      8.957822437861529e-09,
      0.00024345009815347564,
      8.600883859617088e-05,
      1.877534311142664e-06,
      4.1746350409464966e-10,
      0.0004980479404199333,
      0.0006366091793598335,
      3.1983063058492783e-10,
      2.352154518813955e-09,
      8.473504221350916e-09,
      0.14554400449579935,
      2.9775224824476714e-09,
      1.1925111092183881e-11,
      1.5360624558158216e-10,
      6.748849855972272e-08,
      5.7934894128511026e-08,
      1.6315205608003383e-08,
      1.4589232231740388e-11,
      4.589934172894031e-08,
      0.0020442852069666073,
      3.5874272006147662e-09,
      1.578320455870662e-11,
      0.0002489383371975769,
      3.0887242190439896e-09,
      0.0009988714138631427,
      5.156413618629306e-06,
      7.866669571110757e-06,
      3.864643918835913e-11,
      3.131419137474608e-11,
      1.197246222307333e-09,
      8.084211142344245e-09,
      0.23465248613179185,
      1.9634233885218908e-10,
      2.4265185322200015e-05
    ],
    [
      6.695380956192936e-11,
      2.5097153146562882e-05,
      1.5039157109617746e-07,
      1.8172561385489086e-06,
      2.2625786437205768e-08,
      8.598522021631369e-08,
      9.5558894562725e-09,
      0.0,
      0.09083475281760371,
      2.017541103311486e-09,
      0.07280668324345826,
      2.7161461636920886e-09,
      7.054224672945431e-10,
      1.0650055699196946e-09,
      1.0724677938831438e-09,
      0.10240092393613827,
      2.503433184143972e-07,
      2.649664637349315e-08,
      1.3718980688123893e-10,
      1.01520098671005e-10,
      4.011238588376683e-09,
      5.030606786046696e-11,
      3.9653264362032226e-11,
      2.577518575493652e-08,
      0.08611430063952884,
      8.044313537873804e-09,
      1.4082291603815993e-09,
      9.967655851656273e-11,
      4.871259867461016e-08,
      4.494999685646356e-09,
      0.10441376274358229,
      2.805861800541093e-09,
      3.4365500301072233e-09,
      1.253458711419218e-09,
      3.165528472281145e-09,
      3.091249459496378e-09,
      3.250277251224529e-09,
      1.6865213768469664e-09,
      1.8490463930602733e-07,
      0.10940253814804013,
      7.254040310436417e-09,
      1.718168072842568e-07,
      4.0524206000803054e-11,
      5.581632613741375e-10,
      2.8313529499948405e-05,
      3.552284074712936e-05,
      0.08429891444889524,
      4.8643805274460846e-11,
      7.679361296548093e-05,
      4.027041390355356e-09,
      4.0139705077009316e-07,
      5.233380249225798e-11,
      3.004547255993719e-09,
      3.419310370524237e-07,
      3.167970026547221e-09,
      1.9311166608192966e-09,
      1.0248076297034734e-07,
      1.3799397004207341e-10,
      1.1251456326778731e-10,
      4.12357102505514e-08,
      0.07581190676524888,
      9.307186859907107e-09,
      7.858713044251425e-10,
      4.492453396727598e-08
    ],
    [
      6.52433391195929e-11,
      4.951104636453116e-05,
      2.156812292716775e-07,
      2.9666313204572053e-06,
      3.238916415332411e-08,
      6.499938842461166e-08,
      1.4202848037470558e-08,
      0.09083475281760371,
      0.0,
      1.811325412414437e-09,
      0.03685386809844753,
      3.769298961728812e-09,
      6.570813552107147e-10,
      1.0054821563552764e-09,
      1.5170969603809956e-09,
      0.08123290002493286,
      1.9896705186944333e-07,
      3.892773011526623e-08,
      1.3648676834375021e-10,
      9.616335950227609e-11,
      5.833695404787649e-09,
      4.9369065905258336e-11,
      3.903465536551963e-11,
      3.7774346607270665e-08,
      0.13405069526330599,
      1.1654776917199207e-08,
      1.9941501551844614e-09,
      9.616987212174022e-11,
      3.577264764982033e-08,
      6.041397443551376e-09,
      0.07799957834690914,
      4.0192364604235514e-09,
      4.684351440919208e-09,
      1.7708402773575724e-09,
      2.8399677067525e-09,
      4.28316224715886e-09,
      4.5076616462091126e-09,
      1.6707294431205538e-09,
      1.478442278297518e-07,
      0.0625682087006051,
      1.0097542085584669e-08,
      1.3443772354501912e-07,
      3.949449836707132e-11,
      5.32081423774165e-10,
      5.2872646656997594e-05,
      6.678943773378474e-05,
      0.13933083826258316,
      4.827642894099856e-11,
      0.00013455723318223857,
      5.583123445735944e-09,
      3.272437906645525e-07,
      5.213200460397016e-11,
      4.252464372853968e-09,
      2.79637707686306e-07,
      4.492013410188519e-09,
      2.7252950219938777e-09,
      1.5142608580041182e-07,
      1.3520557917226618e-10,
      1.0708415505436524e-10,
      3.2500789191214945e-08,
      0.04118655808768048,
      1.350338972633526e-08,
      7.696768871427317e-10,
      6.268845344944325e-08
    ],
    [
      1.2785584656696006e-08,
      1.535311110598691e-09,
      1.0335702161138051e-09,
      2.1391404974238724e-09,
      5.47216414246326e-10,
      3.6852223875982224e-08,
      2.913741331680579e-10,
      2.017541103311486e-09,
      1.811325412414437e-09,
      0.0,
      3.8383196465978205e-09,
      1.186142767064322e-10,
      1.4974123804789883e-06,
      6.8738397315596435e-06,
      6.18509108872987e-11,
      1.995207023457948e-09,
      1.138210835692462e-08,
      5.120389368005045e-10,
      3.6213308748592664e-08,
      2.1267486073663584e-08,
      1.5811770544175876e-10,
      9.071708214251878e-09,
      6.773383005343273e-09,
      5.053390233228299e-10,
      1.8951233525560454e-09,
      2.5832541910249626e-10,
      7.742092025243348e-11,
      2.4182241035019193e-08,
      5.4424011960574496e-08,
      1.6653853835781972e-10,
      2.161285746676812e-09,
      1.288499266730025e-10,
      1.705163438275923e-10,
      7.223148009582429e-11,
      0.44665940332001053,
      1.265014504781124e-10,
      1.3296115529973706e-10,
      0.3703827480552596,
      1.3900275957290948e-08,
      2.3143091206345834e-09,
      2.426354665097959e-10,
      2.987168559329226e-08,
      6.751059200988735e-09,
      7.702295796224064e-07,
      1.4514261815873376e-09,
      1.5438877966488534e-09,
      1.8319910961349495e-09,
      8.1099471634465e-09,
      1.7997216754986695e-09,
      1.569632928474989e-10,
      1.0627748453253466e-08,
      9.569448504118375e-09,
      1.2967929610660432e-10,
      1.08343837301668e-08,
      1.3464645967285851e-10,
      1.0571439657414754e-10,
      1.0038200857961804e-09,
      3.74990154700953e-08,
      2.6946178841892168e-08,
      6.626679870175223e-08,
      2.9920920605689636e-09,
      2.9259412416678406e-10,
      2.9913680130971972e-06,
      7.089741395360084e-10
    ],
    [
      1.2254096000102165e-10,
      1.277267943799186e-05,
      1.0807372585141499e-07,
      1.0372359554214017e-06,
      1.8262749827322162e-08,
      2.4616663832395635e-07,
      7.2335916855331076e-09,
      0.07280668324345826,
      0.03685386809844753,
      3.8383196465978205e-09,
      0.0,
      2.1661817210248667e-09,
      1.2587462647277521e-09,
      2.1319854189344636e-09,
      8.409651441653424e-10,
      0.08371803213884133,
      6.656873097168707e-07,
      2.043304612152111e-08,
      2.365899914102691e-10,
      1.897828308512399e-10,
      3.256065122030664e-09,
      9.246450503695347e-11,
      7.234782118999486e-11,
      1.9931476789610533e-08,
      0.03335260750899267,
      6.414828002275263e-09,
      1.1043869124245822e-09,
      1.8518671110570226e-10,
      1.4776477665143658e-07,
      3.4944450067304896e-09,
      0.08952241969988164,
      2.208246362094147e-09,
      2.725116656246653e-09,
      1.0557545765647097e-09,
      6.516487258250061e-09,
      2.3655896946813687e-09,
      2.494346902402827e-09,
      3.281133328345509e-09,
      5.338623836465036e-07,
      0.10993159755520637,
      5.469374410599108e-09,
      5.102089533498174e-07,
      7.047008901336073e-11,
      1.0117444226253605e-09,
      1.481062008769191e-05,
      1.8543706314386653e-05,
      0.031553478158671905,
      8.346388254926238e-11,
      4.773125727684444e-05,
      3.251424913910504e-09,
      1.010636746381055e-06,
      9.29007753126121e-11,
      2.2596616532795885e-09,
      8.669271789335394e-07,
      2.6464989252912883e-09,
      1.649782815645068e-09,
      7.646916368696745e-08,
      2.4906986415490133e-10,
      1.9963067433428925e-10,
      1.2346515488517214e-07,
      0.17263982892984575,
      7.425615847313015e-09,
      1.53093653529458e-09,
      3.4449841285729525e-08
    ],
    [
      9.147158500644025e-12,
      1.9745243579882766e-08,
      5.512648772047014e-07,
      2.725643411939721e-07,
      2.26298180655849e-05,
      6.292796377210774e-10,
      0.0005204028694330013,
      2.7161461636920886e-09,
      3.769298961728812e-09,
      1.186142767064322e-10,
      2.1661817210248667e-09,
      0.0,
      7.664623661538823e-11,
      9.871647211024897e-11,
      7.496078827060158e-06,
      3.0514992585529957e-09,
      8.540324101986612e-10,
      3.7214256391716377e-06,
      1.7579379971241528e-11,
      1.3462812461813418e-11,
      0.04267516512748736,
      6.669192298698959e-12,
      5.229357322571086e-12,
      3.8097308314996074e-06,
      4.419538784378198e-09,
      0.0009014941658331626,
      1.0609827317526987e-05,
      1.3825023750234849e-11,
      4.1969224925932394e-10,
      0.04979193667050676,
      2.517032943771583e-09,
      0.050614524938256814,
      0.019912319885891098,
      9.406859885788502e-06,
      1.6916633101029222e-10,
      0.11460018296756559,
      0.11429307803908509,
      1.3091973652602527e-10,
      7.310678817257728e-10,
      2.4106627477718266e-09,
      0.0016142220431823926,
      9.75179331367115e-10,
      5.1713491147721024e-12,
      6.664039409880671e-11,
      1.895274535342228e-08,
      1.510250547644795e-08,
      4.372146541469351e-09,
      6.313863842579417e-12,
      1.287530631428107e-08,
      0.052845299012005055,
      1.0832717802419309e-09,
      6.9727525651023466e-12,
      0.05093412818995293,
      9.51188093371905e-10,
      0.09024149648056168,
      2.5817651464034486e-05,
      7.804294673891873e-07,
      1.748727692558023e-11,
      1.3830166876938358e-11,
      4.1996571222055365e-10,
      2.2741254536800534e-09,
      0.0005499572012988323,
      8.386939251386052e-11,
      2.136337493032923e-06
    ],
    [
      3.4663523738195343e-07,
      6.596173225124993e-10,
      5.227933004730465e-10,
      1.0245163764146287e-09,
      3.059541341547893e-10,
      1.0534037026538375e-08,
      1.7462770544344892e-10,
      7.054224672945431e-10,
      6.570813552107147e-10,
      1.4974123804789883e-06,
      1.2587462647277521e-09,
      7.664623661538823e-11,
      0.0,
      0.0009742426556695435,
      4.266018246857453e-11,
      7.428925812562798e-10,
      3.2400776506020174e-09,
      2.741746174964314e-10,
      9.846458298962023e-07,
      5.814680113942971e-07,
      9.869730052989371e-11,
      2.520278231976432e-07,
      1.8411336737375849e-07,
      2.8023850564547366e-10,
      7.178989144323784e-10,
      1.4679199600554796e-10,
      5.162123875993497e-11,
      7.14581046702509e-07,
      1.4841391036353558e-08,
      9.877464754567513e-11,
      7.638341806364613e-10,
      7.982122306954265e-11,
      1.116416912776311e-10,
      4.788406401037788e-11,
      1.147226631731719e-06,
      7.708384758870294e-11,
      8.801143475029255e-11,
      5.418140698250211e-06,
      4.02734808178343e-09,
      7.807792287906269e-10,
      1.4475810011564245e-10,
      8.539341830283757e-09,
      1.7891437018969957e-07,
      0.6740591140848035,
      6.147811214868243e-10,
      6.377039905122536e-10,
      7.519111970889695e-10,
      2.0957659332617415e-07,
      7.116559361109631e-10,
      9.773082233844961e-11,
      3.1011461330034532e-09,
      2.474814247494715e-07,
      7.90946509401864e-11,
      3.0595943280436163e-09,
      8.226064831543945e-11,
      7.098877221422473e-11,
      4.960934934715275e-10,
      1.0030449869933146e-06,
      7.386322238957724e-07,
      1.884938518101162e-08,
      1.032206134560926e-09,
      1.69002161415755e-10,
      0.0012403378017609222,
      3.786175859547087e-10
    ],
    [
      1.1106713038632771e-07,
      9.567171516957214e-10,
      7.645931250372996e-10,
      1.4266818948197426e-09,
      4.316067399286903e-10,
      1.755888661237855e-08,
      2.2399800379088286e-10,
      1.0650055699196946e-09,
      1.0054821563552764e-09,
      6.8738397315596435e-06,
      2.1319854189344636e-09,
      9.871647211024897e-11,
      0.0009742426556695435,
      0.0,
      5.6673535667627135e-11,
      1.1932833581631256e-09,
      5.057034380361107e-09,
      3.787849100248396e-10,
      3.2141201863115906e-07,
      1.8678726039483195e-07,
      1.3215706923626645e-10,
      7.981709926864318e-08,
      5.582346058985814e-08,
      3.8867614527217787e-10,
      1.0784076726727175e-09,
      2.125023652576871e-10,
      6.783400962674926e-11,
      2.2775485320050976e-07,
      2.6946928507008567e-08,
      1.369289615880949e-10,
      1.251912728118478e-09,
      1.0878650055904367e-10,
      1.42706974886435e-10,
      6.66740374415743e-11,
      5.783218591593888e-06,
      1.0463762275392658e-10,
      1.140298372652361e-10,
      1.8316176774309345e-05,
      6.850371223451535e-09,
      1.2307372229725067e-09,
      1.9545623316962414e-10,
      1.3482233501754264e-08,
      5.4368096616386695e-08,
      0.0006090484368887788,
      9.06167050696883e-10,
      9.156472167961601e-10,
      1.0376956477912984e-09,
      6.578479051486085e-08,
      1.148528667766661e-09,
      1.3390395092401026e-10,
      5.00242910565185e-09,
      7.84658701091604e-08,
      1.0534964824820128e-10,
      5.2486506212847525e-09,
      1.1227432730136777e-10,
      9.771867315265669e-11,
      6.855909556739703e-10,
      3.417538735375664e-07,
      2.4701462941001847e-07,
      3.398500618017966e-08,
      1.6321496663991421e-09,
      2.2677723727668713e-10,
      0.681875185647272,
      5.249815651344625e-10
    ],
    [
      5.4238534845380764e-12,
      6.529961540612636e-09,
      8.087040244787759e-08,
      5.8008362664632735e-08,
      7.230771123802618e-07,
      2.792595946493755e-10,
      1.4783058794960574e-06,
      1.0724677938831438e-09,
      1.5170969603809956e-09,
      6.18509108872987e-11,
      8.409651441653424e-10,
      7.496078827060158e-06,
      4.266018246857453e-11,
      5.6673535667627135e-11,
      0.0,
      1.1378260093986066e-09,
      3.4617445173899817e-10,
      2.9238767482437293e-07,
      1.069189506022153e-11,
      7.621437725235497e-12,
      3.6298454471584055e-06,
      3.825877196767609e-12,
      2.978562774802689e-12,
      2.895078448596297e-07,
      1.6292964590478869e-09,
      1.8990570523333117e-06,
      0.2741051341570779,
      7.80856439982984e-12,
      1.933515224705409e-10,
      3.383408239149287e-06,
      1.0445674393693912e-09,
      2.0591520267165222e-05,
      0.0003411947590393437,
      0.2909626561372985,
      8.411240105563361e-11,
      7.562573988031596e-06,
      6.582617538930674e-06,
      7.770805993067025e-11,
      3.292617234389524e-10,
      9.933072275774558e-10,
      2.062403026126143e-06,
      3.8628615719986844e-10,
      3.0496292331896286e-12,
      3.786683358117722e-11,
      6.336562447520842e-09,
      5.49500608617003e-09,
      1.6801614174965193e-09,
      3.7345676475139294e-12,
      4.807635583748079e-09,
      3.6262742320392524e-06,
      4.4704857871913156e-10,
      4.090987408388135e-12,
      1.9437712711403963e-05,
      4.1694512672983416e-10,
      5.044181948801658e-06,
      0.21791875858197426,
      1.0808397190242623e-07,
      1.0415590688064875e-11,
      8.242078763895583e-12,
      1.9735092543028034e-10,
      8.903774020789014e-10,
      1.566658241596987e-06,
      4.561589149496599e-11,
      2.0980846654745883e-07
    ],
    [
      7.590925638709418e-11,
      3.0414510694805577e-05,
      1.7090397039269358e-07,
      2.000591843145112e-06,
      2.6088642722193133e-08,
      7.871087560351401e-08,
      1.040763404023632e-08,
      0.10240092393613827,
      0.08123290002493286,
      1.995207023457948e-09,
      0.08371803213884133,
      3.0514992585529957e-09,
      7.428925812562798e-10,
      1.1932833581631256e-09,
      1.1378260093986066e-09,
      0.0,
      2.3111849993247925e-07,
      3.0106035084244083e-08,
      1.422608537696972e-10,
      1.1509074912601163e-10,
      4.643251655667843e-09,
      5.538678753216586e-11,
      4.340851848218469e-11,
      2.9374109223509873e-08,
      0.07889594298840037,
      8.582810353419558e-09,
      1.4612164024208009e-09,
      1.1319039581940094e-10,
      4.632303652903949e-08,
      4.729094036936906e-09,
      0.11044382015702717,
      3.030474711004871e-09,
      3.641185140467817e-09,
      1.4164660009846786e-09,
      3.343653230038787e-09,
      3.072796459064463e-09,
      3.364603047958011e-09,
      1.8160491888889637e-09,
      1.759055072152264e-07,
      0.10198760249357222,
      7.504185529394939e-09,
      1.6503874280324245e-07,
      4.2891043579007786e-11,
      6.124816854279994e-10,
      3.3782926795597044e-05,
      4.047678994828309e-05,
      0.07622465489137217,
      5.0275586273745004e-11,
      9.495437942187638e-05,
      4.569412513870311e-09,
      3.7637344825982195e-07,
      5.5667497887461965e-11,
      3.0190970032441903e-09,
      3.098322865319776e-07,
      3.801105209434416e-09,
      2.233296824062781e-09,
      1.2006264850675072e-07,
      1.5168555160047646e-10,
      1.1853472856472607e-10,
      4.0087560464502115e-08,
      0.0869725774465812,
      1.0388760764910042e-08,
      9.088751691232302e-10,
      5.165240549113717e-08
    ],
    [
      2.7583285881504375e-10,
      9.795177199506369e-08,
      2.092178261056164e-08,
      7.163769555229317e-08,
      5.8557158741359805e-09,
      2.9444589127426026e-05,
      2.7089340367359555e-09,
      2.503433184143972e-07,
      1.9896705186944333e-07,
      1.138210835692462e-08,
      6.656873097168707e-07,
      8.540324101986612e-10,
      3.2400776506020174e-09,
      5.057034380361107e-09,
      3.4617445173899817e-10,
      2.3111849993247925e-07,
      0.0,
      6.313587760233487e-09,
      5.575235766033486e-10,
      4.1827945601193665e-10,
      1.1948410084466393e-09,
      2.028228803066797e-10,
      1.6778708254010348e-10,
      6.121271425751139e-09,
      2.1389843500590047e-07,
      2.194237483045662e-09,
      4.441209916926845e-10,
      4.180331780888384e-10,
      1.1390135078391732e-05,
      1.2808617672229292e-09,
      2.83712921517521e-07,
      8.839530972050421e-10,
      1.0782840644567588e-09,
      4.155983809957659e-10,
      2.0531082931789784e-08,
      8.963271781609031e-10,
      9.766126575139238e-10,
      8.722350775688705e-09,
      0.19700207962088506,
      3.0383433734786367e-07,
      2.028432983771795e-09,
      0.13543942108305204,
      1.6424431456531096e-10,
      2.498076416072478e-09,
      9.539092121077421e-08,
      1.0643450357103169e-07,
      2.05318681304081e-07,
      1.9393487586351504e-10,
      1.303229491887012e-07,
      1.2237874865253635e-09,
      0.21608201437747798,
      2.1582750826348482e-10,
      9.088053832531192e-10,
      0.21624038933036605,
      9.70750254957076e-10,
      6.324190671894492e-10,
      1.7940040587937404e-08,
      5.724021654868874e-10,
      4.4956521404549175e-10,
      9.730555793797155e-06,
      4.571288664194621e-07,
      2.667586531910884e-09,
      3.883221421961876e-09,
      9.687528006819805e-09
    ],
    [
      3.26679967560175e-11,
      2.08068507239804e-07,
      0.00018508714727560546,
      5.299864035426716e-05,
      0.20309977773102722,
      3.89237919983605e-09,
      4.57033666981658e-05,
      2.649664637349315e-08,
      3.892773011526623e-08,
      5.120389368005045e-10,
      2.043304612152111e-08,
      3.7214256391716377e-06,
      2.741746174964314e-10,
      3.787849100248396e-10,
      2.9238767482437293e-07,
      3.0106035084244083e-08,
      6.313587760233487e-09,
      0.0,
      6.440869947556153e-11,
      4.619354583575141e-11,
      8.687315497437154e-06,
      2.342845481972136e-11,
      1.912314791477787e-11,
      0.29230125394878875,
      4.275147697497513e-08,
      2.485813754535764e-05,
      4.1845229915723835e-07,
      4.566287347661076e-11,
      2.6037095474980923e-09,
      7.783308617000963e-06,
      2.532297117953881e-08,
      2.9002476340182696e-06,
      2.2279708509424877e-06,
      3.6705636064498254e-07,
      7.50854388576896e-10,
      3.7333397717937205e-06,
      4.225684948783719e-06,
      5.449223934300309e-10,
      5.373851641071099e-09,
      2.374109401381103e-08,
      2.0418347079454912e-05,
      6.546980812032137e-09,
      1.8733770650986713e-11,
      2.348707233774372e-10,
      2.0404243294657764e-07,
      1.7395916299445398e-07,
      4.493246378613114e-08,
      2.257321197428269e-11,
      1.388165981400212e-07,
      7.199906657956704e-06,
      8.294567513492749e-09,
      2.470898946819378e-11,
      3.115807485551983e-06,
      7.2691510377114865e-09,
      5.285516720217102e-06,
      7.781701826159635e-07,
      0.00031524892455634957,
      6.245234858678586e-11,
      4.936488644053673e-11,
      2.49708109246755e-09,
      2.2416129440101907e-08,
      3.9793556173192364e-05,
      3.1486070819962573e-10,
      0.24313314392023308
    ],
    [
      0.0006464416155621445,
      1.3420230699623191e-10,
      1.1165034233385449e-10,
      2.2331040021957018e-10,
      6.996572494134634e-11,
      1.6992678217799567e-09,
      4.1329436266246774e-11,
      1.3718980688123893e-10,
      1.3648676834375021e-10,
      3.6213308748592664e-08,
      2.365899914102691e-10,
      1.7579379971241528e-11,
      9.846458298962023e-07,
      3.2141201863115906e-07,
      1.069189506022153e-11,
      1.422608537696972e-10,
      5.575235766033486e-10,
      6.440869947556153e-11,
      0.0,
      0.09446831374270194,
      2.3696309308473995e-11,
      0.00031317822916544384,
      0.00013326382353744085,
      6.244915710653105e-11,
      1.4164833134021388e-10,
      3.4564990218192177e-11,
      1.281941827540857e-11,
      0.19405845934500454,
      2.2405251260091236e-09,
      2.3010744268332275e-11,
      1.5635297077227188e-10,
      1.904761975031232e-11,
      2.619692626652964e-11,
      1.1568074044954773e-11,
      2.6322915475215794e-08,
      1.832224641376659e-11,
      2.1200934668051017e-11,
      9.05162249560114e-08,
      6.879885707024081e-10,
      1.5473491941500687e-10,
      3.379884310962875e-11,
      1.4013374103585171e-09,
      0.00012653614658257852,
      2.8348796926937625e-06,
      1.2471763653255443e-10,
      1.3469703572347616e-10,
      1.491392797767317e-10,
      0.0001652233304839694,
      1.4583727312825746e-10,
      2.2122959636518443e-11,
      5.658748439606961e-10,
      0.0002701026336347509,
      1.953738802854437e-11,
      5.670980063761906e-10,
      1.9348862011615285e-11,
      1.747537415806485e-11,
      1.0948933777535855e-10,
      0.22865513593997747,
      0.2094519553500996,
      2.8895179866412254e-09,
      1.962546263550343e-10,
      3.8897599731117756e-11,
      4.7461691325653295e-07,
      8.240955465416527e-11
    ],
    [
      0.005634991401644659,
      9.950099216055878e-11,
      8.638562376067674e-11,
      1.6332150612089655e-10,
      5.374491954665447e-11,
      1.2159502857315782e-09,
      2.9396570682022655e-11,
      1.01520098671005e-10,
      9.616335950227609e-11,
      2.1267486073663584e-08,
      1.897828308512399e-10,
      1.3462812461813418e-11,
      5.814680113942971e-07,
      1.8678726039483195e-07,
      7.621437725235497e-12,
      1.1509074912601163e-10,
      4.1827945601193665e-10,
      4.619354583575141e-11,
      0.09446831374270194,
      0.0,
      1.7460017105405994e-11,
      0.0035660510630767766,
      0.001796835740240405,
      4.7116482276851567e-11,
      1.0591013203680309e-10,
      2.6233768378524708e-11,
      9.323500724409287e-12,
      0.11886480230372574,
      1.6589623245089593e-09,
      1.7862553089769705e-11,
      1.1078805545858237e-10,
      1.4506570990909954e-11,
      1.971720894354853e-11,
      8.959697527118404e-12,
      1.595585509969306e-08,
      1.3810660167123358e-11,
      1.511596533228834e-11,
      5.0224226917132626e-08,
      5.236024940823073e-10,
      1.1394961184950616e-10,
      2.4861863825749074e-11,
      1.020799720640473e-09,
      0.0017251164485499652,
      1.8673075639142112e-06,
      9.84937037218287e-11,
      9.742707178678401e-11,
      1.0293482809300687e-10,
      0.002083461875126394,
      1.147466613022286e-10,
      1.7504263225899665e-11,
      4.0314647942670757e-10,
      0.003162840837184583,
      1.38930336312705e-11,
      4.0596071006615203e-10,
      1.5100787455724312e-11,
      1.3105773082788302e-11,
      8.359356479910791e-11,
      0.09313074365413354,
      0.1069099949376312,
      2.0029345304812482e-09,
      1.556964394592412e-10,
      3.028960505252574e-11,
      2.894322996838062e-07,
      6.320987721896498e-11
    ],
    [
      1.218192262405377e-11,
      2.8655595167701104e-08,
      1.0666378700545326e-06,
      5.165789148830706e-07,
      5.613008750118362e-05,
      8.889122193156034e-10,
      0.0032840871118147777,
      4.011238588376683e-09,
      5.833695404787649e-09,
      1.5811770544175876e-10,
      3.256065122030664e-09,
      0.04267516512748736,
      9.869730052989371e-11,
      1.3215706923626645e-10,
      3.6298454471584055e-06,
      4.643251655667843e-09,
      1.1948410084466393e-09,
      8.687315497437154e-06,
      2.3696309308473995e-11,
      1.7460017105405994e-11,
      0.0,
      8.792809178134255e-12,
      7.03738073387055e-12,
      8.425683157241732e-06,
      6.3478216309519944e-09,
      0.004846951501425258,
      5.381686390609665e-06,
      1.784824176524197e-11,
      6.046384852618728e-10,
      0.12447530347111327,
      3.930715977434365e-09,
      0.009532593595613788,
      0.0024351944707309793,
      4.5897424469099085e-06,
      2.2658896524924103e-10,
      0.03632564127136733,
      0.04766463203521524,
      1.866840947236286e-10,
      1.0991068314581793e-09,
      3.638096626972157e-09,
      0.00741300225954908,
      1.3921097589167016e-09,
      7.0029669944869384e-12,
      8.795643447576476e-11,
      2.8281003935625233e-08,
      2.3587368522910853e-08,
      6.671103634015787e-09,
      8.397849455041615e-12,
      2.002571001733459e-08,
      0.127560064043968,
      1.5762656418538821e-09,
      9.247010922363471e-12,
      0.009741992595108719,
      1.4057254129697044e-09,
      0.08254476100686158,
      1.2921079484012761e-05,
      1.6324443903070682e-06,
      2.343043435503779e-11,
      1.8435588983789673e-11,
      5.854131350743936e-10,
      3.5664312416829997e-09,
      0.003296104412988225,
      1.1180361759385697e-10,
      4.523411912475744e-06
    ],
    [
      0.1594900551774025,
