{
  "config": {
    "N": 64,
    "alpha": 1.68,
    "beta": 1.0,
    "gamma": 1.0,
    "dt": 0.02,
    "T": 200.0,
    "sample_every": 25,
    "seed": 101,
    "target_initial_load": 1.0,
    "noise_fraction": 0.02,
    "eps": 1e-12,
    "device": "cuda",
    "dtype": "float64",
    "model_variant": "full"
  },
  "device_used": "cuda",
  "dtype_used": "torch.float64",
  "runtime_seconds": 19.15526430006139,
  "final_constraint_report": {
    "symmetric": true,
    "zero_diagonal": true,
    "nonnegative": true,
    "symmetry_max_abs_error": 0.0,
    "diagonal_max_abs_error": 0.0,
    "minimum_entry": 0.0
  },
  "final_chi_hhi_star": 0.0017049887901733549,
  "max_chi_hhi_star": 0.0017049887901733549,
  "final_lambda2": 0.4096748548619339,
  "final_total_weight": 19.809272689882153,
  "final_load_cv": 0.051508905604499076,
  "W_final": [
    [
      0.0,
      0.007170454345601505,
      0.006275265662570821,
      0.006551797553170621,
      0.005442855427788287,
      0.010468839282151185,
      0.004987854590470862,
      0.00794572259997713,
      0.007775438200250388,
      0.012520909354115633,
      0.008725852032600935,
      0.0041514710668991645,
      0.01407028287934026,
      0.013913642686412151,
      0.0026208024187328576,
      0.008476089806184162,
      0.009841663735811232,
      0.005791726275720642,
      0.015585364783119046,
      0.016855624142865476,
      0.0046175594262250035,
      0.01737536095142458,
      0.017975862730945986,
      0.005657436024877245,
      0.007675509387734403,
      0.004849233329407611,
      0.0029869415758409642,
      0.016151952059992446,
      0.011230789208086385,
      0.004666243350182959,
      0.008116997236677042,
      0.0038895077682116284,
      0.0035677644261003167,
      0.002898987586190123,
      0.012298166030642751,
      0.004136990562492255,
      0.004488100035255306,
      0.013033329198262986,
      0.010203305835199402,
      0.00824038809176633,
      0.004861529030767107,
      0.010343071402503814,
      0.018501318358934118,
      0.014649264726808508,
      0.007118811130238158,
      0.007398480481244158,
      0.007906384153909065,
      0.018024025121639493,
      0.007562380109266687,
      0.004594269905450804,
      0.009627616686469545,
      0.017460505038042844,
      0.003839249739134435,
      0.009523082532440316,
      0.004429531398942685,
      0.003515379580556534,
      0.006297555011014074,
      0.01576056406662205,
      0.015458881390520042,
      0.011324671778075395,
      0.008647779215164254,
      0.0051520621950896725,
      0.014007930847251573,
      0.005931639602488617
    ],
    [
      0.007170454345601505,
      0.0,
      0.011862417250907281,
      0.01177983881329045,
      0.011299585284369728,
      0.010630639030453536,
      0.011527364112375428,
      0.011071697729621684,
      0.011401808722125617,
      0.009952583323447369,
      0.0106782735482826,
      0.011819213062586384,
      0.00927668824589239,
      0.009306904609852,
      0.009769315284069645,
      0.011290750586907336,
      0.011295543545505871,
      0.011238679552593656,
      0.008086846176787076,
      0.007424748566949676,
      0.011205876768506868,
      0.006644844687597513,
      0.00625993248740311,
      0.011730181565991567,
      0.012227041009391107,
      0.011304207344315368,
      0.010237175910643746,
      0.008001975272316582,
      0.01021057329945674,
      0.010970152813528958,
      0.01159854439737353,
      0.011580717076270224,
      0.010551916485735295,
      0.010201775353555907,
      0.009943305089068166,
      0.01061163775058835,
      0.01103212312064061,
      0.009602750222540098,
      0.010982928017456501,
      0.011084079860316025,
      0.011766986158400003,
      0.010949547755768393,
      0.006103881565972164,
      0.009305784458820788,
      0.011474283046795394,
      0.011487501535125738,
      0.011238096441946316,
      0.0066858495350292785,
      0.01146049431768609,
      0.011610931090716892,
      0.011252888315877006,
      0.007045695315011892,
      0.010753857422171595,
      0.01119984456296571,
      0.01109179224639316,
      0.010192019572839574,
      0.01149343987663776,
      0.008034481841661393,
      0.00796382349736804,
      0.010233726551072209,
      0.011004526503895693,
      0.011490048736399873,
      0.009524997179650435,
      0.011719379273949008
    ],
    [
      0.006275265662570821,
      0.011862417250907281,
      0.0,
      0.011623155765921203,
      0.01217875296291194,
      0.010293632759403122,
      0.01168846446087329,
      0.011414973755454612,
      0.011134183455795688,
      0.00879087395272388,
      0.011191393690697835,
      0.012351887811905377,
      0.008215231703091136,
      0.008659668521437491,
      0.0109466953374649,
      0.011609784893016952,
      0.01025900986651637,
      0.011701467734055662,
      0.007004169983983873,
      0.006604639651995864,
      0.011810329708272409,
      0.005931617340485727,
      0.005213472883708612,
      0.01234506222012153,
      0.011472757602126769,
      0.011785519201659095,
      0.011156945412945148,
      0.006888401919891638,
      0.009703780483165508,
      0.012042328689648054,
      0.01139941424647931,
      0.011749145077879747,
      0.011875804207738391,
      0.011358601795014484,
      0.009091300625927359,
      0.011938522991096514,
      0.011944980725163624,
      0.008969055100948482,
      0.010685786631094736,
      0.010986925394895306,
      0.012514238258769749,
      0.010421581496571554,
      0.0050968755580817204,
      0.008307416197852937,
      0.012067585623336125,
      0.011449358544983164,
      0.011148515491118458,
      0.005709679171236068,
      0.011397617400907608,
      0.012297227449983657,
      0.01056181943240858,
      0.005951018318398227,
      0.011619192891367322,
      0.010809205060017885,
      0.011843120969399028,
      0.011595575039981959,
      0.01147248201953316,
      0.007256982985253032,
      0.006974112592870583,
      0.009793223632888409,
      0.010922785602293282,
      0.011821008786775528,
      0.008319360772230498,
      0.012182315523594705
    ],
    [
      0.006551797553170621,
      0.01177983881329045,
      0.011623155765921203,
      0.0,
      0.011980924747270109,
      0.010642851738506588,
      0.012469484021225188,
      0.011520211151028968,
      0.0116049613020472,
      0.009146703735321556,
      0.010431888301622182,
      0.011526279393997188,
      0.008574196018949504,
      0.008464142691910075,
      0.010791201504409756,
      0.010804677079303151,
      0.011071100256378903,
      0.012161691971542939,
      0.007664645664172762,
      0.006858942555629834,
      0.012011196702304933,
      0.006173139881474763,
      0.005614325953719658,
      0.011851269598466975,
      0.012066684309335779,
      0.011645226956598144,
      0.010990742871628456,
      0.007072961725157546,
      0.009972253400947529,
      0.011671459658593673,
      0.011232439240651941,
      0.011639266117282112,
      0.011163598662670717,
      0.010646910703309398,
      0.00939931496060382,
      0.011724857865881535,
      0.012058197588000731,
      0.008955782505489195,
      0.010442318836220734,
      0.011155798467317873,
      0.01166368300473365,
      0.01049139019172117,
      0.005640547788568762,
      0.008358583009673109,
      0.011460895959129157,
      0.011825457217867968,
      0.01178282500806643,
      0.00625175712987809,
      0.010983736443849397,
      0.011766374227897225,
      0.010962310905133478,
      0.006334247884297831,
      0.011673901261493858,
      0.011148674794179404,
      0.011341990291858952,
      0.011018718026420543,
      0.011685452554032647,
      0.007424523980411815,
      0.00731596526084498,
      0.010232917388935945,
      0.011209278423440324,
      0.01154635887777341,
      0.008612996460293686,
      0.011536715780436711
    ],
    [
      0.005442855427788287,
      0.011299585284369728,
      0.01217875296291194,
      0.011980924747270109,
      0.0,
      0.009666453261094301,
      0.012242280286067095,
      0.010699548261088702,
      0.010863301076707002,
      0.008128874409685436,
      0.010954068501151493,
      0.013012217905560777,
      0.007379843385257298,
      0.007725972072226625,
      0.012192491984935184,
      0.011221222990533682,
      0.009922280809924591,
      0.01216920932088483,
      0.006353196424700199,
      0.0058421482855157275,
      0.012735821024881555,
      0.0051373565256790975,
      0.004610013573201299,
      0.012496865199268922,
      0.011055070999745304,
      0.012326198510300397,
      0.012374814991317196,
      0.006106308831862199,
      0.00919864503838371,
      0.012580335570474235,
      0.01109810723025717,
      0.012471907055619826,
      0.012774622826969898,
      0.012947385418946813,
      0.008660736665647411,
      0.012615127440582479,
      0.012577667984283213,
      0.008254102725212238,
      0.009735890843310582,
      0.010616941123375037,
      0.012413599052749516,
      0.009707095363713631,
      0.004487592554874088,
      0.00733843839804847,
      0.011769079949239251,
      0.01133610739742565,
      0.010987870427083822,
      0.004974004795780255,
      0.011499600658880027,
      0.012717520280735115,
      0.010071772808940078,
      0.0051809292016537665,
      0.012248092418209705,
      0.009950772264479832,
      0.012921955520535532,
      0.012806228646786592,
      0.012033345681552765,
      0.006409095600970872,
      0.006127992558962043,
      0.009275720356506287,
      0.010927177656275128,
      0.012214368356838807,
      0.007694765943888122,
      0.012192872624217086
    ],
    [
      0.010468839282151185,
      0.010630639030453536,
      0.010293632759403122,
      0.010642851738506588,
      0.009666453261094301,
      0.0,
      0.008861739721364325,
      0.011568427461992542,
      0.010985940265051092,
      0.011781781667678733,
      0.011178882947412129,
      0.008257998851191516,
      0.012109609128527207,
      0.011826110530008678,
      0.006261062983946897,
      0.010841797530494985,
      0.011784653959870602,
      0.009356653885965837,
      0.011392610442053577,
      0.010866745503986672,
      0.008517149660370614,
      0.010565274482048812,
      0.009820352257634264,
      0.00967756354859302,
      0.011386386263012352,
      0.008900727883391574,
      0.006911995342769867,
      0.011349351965136773,
      0.01161954295035289,
      0.009099863841455016,
      0.010978310446931542,
      0.00784857253131387,
      0.007971317356164742,
      0.0066930101417530825,
      0.011748028747238494,
      0.00871965446296388,
      0.008985788967365049,
      0.011656644273233605,
      0.011531620632556194,
      0.011311940478546037,
      0.009584765575138626,
      0.011716992293680154,
      0.009756990623173485,
      0.01193053190389381,
      0.010987004200409335,
      0.010708626725749541,
      0.011320789517497699,
      0.010554171380789507,
      0.010187882791421425,
      0.008818695420806794,
      0.011441617820683763,
      0.010343016897326718,
      0.008108385644795345,
      0.011956222095943403,
      0.008237037167123607,
      0.0073929631189157225,
      0.009472634692619874,
      0.01123531685409958,
      0.01144950171734642,
      0.012351543248632626,
      0.010772652505294206,
      0.008750441395560483,
      0.011159748883796632,
      0.0096730565801012
    ],
    [
      0.004987854590470862,
      0.011527364112375428,
      0.01168846446087329,
      0.012469484021225188,
      0.012242280286067095,
      0.008861739721364325,
      0.0,
      0.010598611502601791,
      0.011310152077289946,
      0.0076327840265226175,
      0.00995393210989538,
      0.013080829779448026,
      0.007074585347763693,
      0.006794303020918235,
      0.013311922802249038,
      0.010524354076665568,
      0.00976812533629302,
      0.01335943063994806,
      0.0061363100241139685,
      0.00516993739969307,
      0.01375058685913617,
      0.0045451786400656155,
      0.004225213142105993,
      0.011998133071439505,
      0.011336971128403364,
      0.012489817845529739,
      0.013181429945761613,
      0.005450528940048977,
      0.00864505405400656,
      0.012372787699306146,
      0.010540502258759432,
      0.013580406173494167,
      0.012804050884118684,
      0.012587843487886526,
      0.007946622287301827,
      0.012976755153076962,
      0.012923473830260948,
      0.007571203567855886,
      0.009498498282077663,
      0.010348950988276047,
      0.012735920094217673,
      0.009714398205518773,
      0.004086973129267918,
      0.006924099084379937,
      0.011044592461587241,
      0.011562463405971057,
      0.011568142139597996,
      0.004626036359140839,
      0.010930617449775037,
      0.012461027331345272,
      0.010252451091709155,
      0.0047367493471400625,
      0.013489857054665648,
      0.009645280236588496,
      0.01327923704384329,
      0.012833058874935641,
      0.012514713176566224,
      0.005672880711870431,
      0.005526616905386842,
      0.008656463435355899,
      0.01063768065673514,
      0.012774166234318865,
      0.0072458267163491834,
      0.011921308849604568
    ],
    [
      0.00794572259997713,
      0.011071697729621684,
      0.011414973755454612,
      0.011520211151028968,
      0.010699548261088702,
      0.011568427461992542,
      0.010598611502601791,
      0.0,
      0.01191605673418887,
      0.011043756774965606,
      0.011651167859941153,
      0.009959986633461678,
      0.009927972085658389,
      0.009921457445598997,
      0.008481277574860627,
      0.01086069278379373,
      0.01156485259010268,
      0.010890843572637227,
      0.00895892324207036,
      0.008384943795445372,
      0.010027872598661194,
      0.007635872547631779,
      0.007057174967265762,
      0.010756993336839073,
      0.01167918818988261,
      0.010931012951912043,
      0.009310142628063886,
      0.008396017004637787,
      0.011628580982884867,
      0.01102217433252964,
      0.01110899279397899,
      0.009977310719862421,
      0.009918889806640668,
      0.008687704464420586,
      0.010493828256091204,
      0.010909539486341676,
      0.010557353787226928,
      0.009999844976841104,
      0.011303884214560366,
      0.012665272974167294,
      0.01090504546054283,
      0.011118452504724485,
      0.007204058054181168,
      0.009405352254470655,
      0.012009598064806145,
      0.011624078132439274,
      0.011853944637931083,
      0.007780815683895159,
      0.010983730899992068,
      0.010332600225261585,
      0.011437079950276402,
      0.00777635947366897,
      0.010543072379881897,
      0.011650027138266902,
      0.00999339263769121,
      0.009153189692011217,
      0.01093694917432888,
      0.008890813647557446,
      0.00895482030211414,
      0.010973818321102025,
      0.011355420653089036,
      0.010695395602556716,
      0.009491367552070612,
      0.011188471099151248
    ],
    [
      0.007775438200250388,
      0.011401808722125617,
      0.011134183455795688,
      0.0116049613020472,
      0.010863301076707002,
      0.010985940265051092,
      0.011310152077289946,
      0.01191605673418887,
      0.0,
      0.010639849458956225,
      0.011262666037505429,
      0.009959539393026134,
      0.00951922540402482,
      0.009770295668757043,
      0.008847881455558416,
      0.010884893213658079,
      0.01142103582192418,
      0.011294994931971608,
      0.009040187245771885,
      0.007981630538458347,
      0.010509572596123153,
      0.007518885578054294,
      0.006949929044965431,
      0.011147446716938953,
      0.011412577423038809,
      0.011395506003514768,
      0.00971009920973409,
      0.008172855190866182,
      0.010665433897303922,
      0.010609594600699943,
      0.011913720808669738,
      0.01037886614709659,
      0.00982176502956447,
      0.009042309521502928,
      0.010267488424365635,
      0.01093353606055748,
      0.010582067101912994,
      0.010571085793280971,
      0.011452226886283444,
      0.011621034463268554,
      0.010859595447565647,
      0.011053829444541533,
      0.007013033068576764,
      0.009183125538175128,
      0.011398637997100124,
      0.011794068971694972,
      0.011824337868592083,
      0.007742737900831505,
      0.01131213766107878,
      0.0103003206737242,
      0.011423966447015953,
      0.007777390312225885,
      0.010823126282266445,
      0.011794378161715413,
      0.010219367489333293,
      0.009478362152367598,
      0.011169504989639525,
      0.00882427012601722,
      0.008595045415538459,
      0.011044675340354294,
      0.011666752079025908,
      0.01112337164869493,
      0.00966987065759272,
      0.010845023520276748
    ],
    [
      0.012520909354115633,
      0.009952583323447369,
      0.00879087395272388,
      0.009146703735321556,
      0.008128874409685436,
      0.011781781667678733,
      0.0076327840265226175,
      0.011043756774965606,
      0.010639849458956225,
      0.0,
      0.010979274876281813,
      0.006796025484636088,
      0.012493462152073044,
      0.013116240045229275,
      0.004780020704523618,
      0.010423063704756024,
      0.011769032515367532,
      0.008401853985490057,
      0.013072141441444486,
      0.012797960157576272,
      0.007100321453030874,
      0.012241991096173322,
      0.012144414289110847,
      0.008285655853406211,
      0.010486894790889323,
      0.007752659983246437,
      0.005444634679869712,
      0.012356314573076897,
      0.012583349064524095,
      0.007421271007603452,
      0.010490369237553445,
      0.006666848857411217,
      0.006249206598438679,
      0.0052417303301772016,
      0.012538976159365382,
      0.006987625226544074,
      0.0069312759382540974,
      0.012392237502894601,
      0.0113600929096957,
      0.011256018605985041,
      0.007656206907358216,
      0.011650951990109782,
      0.012452654441947575,
      0.012416672050429378,
      0.00981583062087903,
      0.010017078084681507,
      0.009983203803391195,
      0.012601477640631221,
      0.010170885409033232,
      0.007187678232264789,
      0.011603488878996078,
      0.012776295390883808,
      0.006678262964406221,
      0.011526760418724361,
      0.007138372517228637,
      0.005809953500562263,
      0.00909188251632067,
      0.012880319420600202,
      0.01289498428870345,
      0.012109742402743005,
      0.010781452694894063,
      0.007844680612925842,
      0.013035702691402758,
      0.008628341747708353
    ],
    [
      0.008725852032600935,
      0.0106782735482826,
      0.011191393690697835,
      0.010431888301622182,
      0.010954068501151493,
      0.011178882947412129,
      0.00995393210989538,
      0.011651167859941153,
      0.011262666037505429,
      0.010979274876281813,
      0.0,
      0.009638877193404413,
      0.010037003959797024,
      0.011142351490288816,
      0.007741190575970277,
      0.012363259435457418,
      0.011262736845651112,
      0.01078199788207311,
      0.009106515047502036,
      0.0093766424122712,
      0.009983601318725742,
      0.008454005492189318,
      0.00780037143462361,
      0.010659497834679931,
      0.010902453454948152,
      0.010753486652040324,
      0.00855190599835117,
      0.00927493572237319,
      0.012003199906192698,
      0.01043703288078553,
      0.01132075548805609,
      0.009448968725698028,
      0.009379644371333266,
      0.008628472115261833,
      0.011083245301211488,
      0.010076378349480723,
      0.009772238928840294,
      0.010562050991864155,
      0.01152363325245347,
      0.012004466041368183,
      0.010086703653970198,
      0.011258947699670781,
      0.007559668614025675,
      0.009792348009050036,
      0.01167718149680702,
      0.010953713086842487,
      0.010906263476837104,
      0.00802677684229238,
      0.012121938560685391,
      0.010190312079323636,
      0.01119295372243096,
      0.008288486692750554,
      0.009503699683337075,
      0.011173283460547087,
      0.010195297870674223,
      0.009307501357630083,
      0.010959271361422926,
      0.00946793681129869,
      0.009398933384170563,
      0.011158706405799601,
      0.01205740679442206,
      0.010588553687260567,
      0.010457384886701553,
      0.011106591418397226
    ],
    [
      0.0041514710668991645,
      0.011819213062586384,
      0.012351887811905377,
      0.011526279393997188,
      0.013012217905560777,
      0.008257998851191516,
      0.013080829779448026,
      0.009959986633461678,
      0.009959539393026134,
      0.006796025484636088,
      0.009638877193404413,
      0.0,
      0.006210241043175769,
      0.006131796599751809,
      0.01459758152951855,
      0.010296943986430015,
      0.009005650212624495,
      0.012234404465056118,
      0.00494954300554593,
      0.0044296490011431384,
      0.013546577911560526,
      0.0037522585381308433,
      0.003288935448542944,
      0.012782877562958258,
      0.010844984201813353,
      0.012437532140506203,
      0.014250739014183432,
      0.004824790087829044,
      0.00786064499588156,
      0.013626827759545155,
      0.009769488518294475,
      0.013877105202646994,
      0.014954745936362484,
      0.014900699812225126,
      0.007212548595896409,
      0.013400329884599655,
      0.013455856794319876,
      0.006570158514981946,
      0.008425702908677042,
      0.009628331832019032,
      0.013579317741803728,
      0.008903269627138962,
      0.0032250655302436195,
      0.005902661437655735,
      0.01124928178504335,
      0.010761253660808406,
      0.010376576916419083,
      0.0036720936482064833,
      0.010769841890356052,
      0.014665378376425866,
      0.009155413318390886,
      0.0038575088994842006,
      0.013243112731279169,
      0.008750334757269256,
      0.01384408222433418,
      0.014399749630444799,
      0.012034170234263558,
      0.004884524725707108,
      0.004609114286249883,
      0.007849463081425088,
      0.009749820066575696,
      0.012936588694211002,
      0.0062480265299262915,
      0.01271385499397385
    ],
    [
      0.01407028287934026,
      0.00927668824589239,
      0.008215231703091136,
      0.008574196018949504,
      0.007379843385257298,
      0.012109609128527207,
      0.007074585347763693,
      0.009927972085658389,
      0.00951922540402482,
      0.012493462152073044,
      0.010037003959797024,
      0.006210241043175769,
      0.0,
      0.01278386036107029,
      0.004144770290897328,
      0.009878528915688538,
      0.011357392716299113,
      0.007537705833692793,
      0.014182700054266037,
      0.014140379179505877,
      0.006476898703880206,
      0.014112146903122045,
      0.01414122637321825,
      0.0076990383087682706,
      0.00983309241669179,
      0.006753997461177702,
      0.0046839670353971425,
      0.014403597597269757,
      0.011979745230030212,
      0.006471936872360988,
      0.00966781407981225,
      0.005749073446336713,
      0.005513950653847304,
      0.004452919398279848,
      0.013042605559045248,
      0.006054240956930753,
      0.006616410037131726,
      0.012520847090413295,
      0.011370953367377245,
      0.009904992614022768,
      0.006925928093354048,
      0.01179840150708296,
      0.014195737538758477,
      0.013813788318082216,
      0.009045106692161527,
      0.009103460387211004,
      0.010222377888567754,
      0.013996812394131104,
      0.008996014481584873,
      0.006555265959470463,
      0.011178278642982818,
      0.013704707722921266,
      0.005688326273929852,
      0.010768960547089753,
      0.006274144022465981,
      0.005156398604960491,
      0.00809002998651557,
      0.013706006901776915,
      0.013746675566123584,
      0.011942357845133323,
      0.010072204850967282,
      0.006993756997463099,
      0.012848091570889746,
      0.007928848802708175
    ],
    [
      0.013913642686412151,
      0.009306904609852,
      0.008659668521437491,
      0.008464142691910075,
      0.007725972072226625,
      0.011826110530008678,
      0.006794303020918235,
      0.009921457445598997,
      0.009770295668757043,
      0.013116240045229275,
      0.011142351490288816,
      0.006131796599751809,
      0.01278386036107029,
      0.0,
      0.0043646297854209,
      0.01060742802961047,
      0.010782583926429883,
      0.0076606994166338385,
      0.013204628552483163,
      0.01384094944632496,
      0.006601608061115978,
      0.013956020740404034,
      0.012936386455126476,
      0.007857683073452087,
      0.009909074282678077,
      0.00736707537294553,
      0.004838866808402725,
      0.013726539705545918,
      0.012573248946621872,
      0.0068284227206370845,
      0.010545178662628094,
      0.006044223713976232,
      0.005469160220348128,
      0.004895131353386827,
      0.012551084864781965,
      0.006304100208827907,
      0.0065389755218715215,
      0.013150143083865756,
      0.011829108326936953,
      0.010324945633644673,
      0.007051836580038594,
      0.011016915773593068,
      0.012977763290166465,
      0.013360546845951319,
      0.00922101317475659,
      0.008999275146610197,
      0.009384604551085368,
      0.013335339685184548,
      0.010030739737620309,
      0.006841068964924599,
      0.011143364257677521,
      0.013341490629450706,
      0.005835058709915381,
      0.011506213970886177,
      0.006544957528866933,
      0.005555938897278669,
      0.008064870975173211,
      0.01355968158254832,
      0.013986718873527319,
      0.01230175948176413,
      0.010439074868569095,
      0.007031122508325501,
      0.01324835861851876,
      0.008031611302523747
    ],
    [
      0.0026208024187328576,
      0.009769315284069645,
      0.0109466953374649,
      0.010791201504409756,
      0.012192491984935184,
      0.006261062983946897,
      0.013311922802249038,
      0.008481277574860627,
      0.008847881455558416,
      0.004780020704523618,
      0.007741190575970277,
      0.01459758152951855,
      0.004144770290897328,
      0.0043646297854209,
      0.0,
      0.008356801565673356,
      0.006802631261789238,
      0.01220021314529468,
      0.0033423943470882213,
      0.002707999340073791,
      0.014358767070951206,
      0.0022629624520587575,
      0.0019327282226347868,
      0.011921672739274095,
      0.008834961670205093,
      0.013547874542834543,
      0.01872377536802718,
      0.0029760835975423824,
      0.0059799048466512945,
      0.013801643835476891,
      0.00876031484752755,
      0.015558105991678003,
      0.016253177700044225,
      0.018831772624672484,
      0.0049736484961935,
      0.014875196996464413,
      0.015203243305754616,
      0.005094989503012944,
      0.006954442385537433,
      0.008447198887316506,
      0.013405381150456265,
      0.006256583344391431,
      0.001959385623736629,
      0.003933352544064675,
      0.009349866425533095,
      0.009692311214238218,
      0.008891843031776939,
      0.002271922695662766,
      0.009633139545477743,
      0.013960752993849804,
      0.007172382900720744,
      0.0023860946582876506,
      0.01560062743915761,
      0.0072490315915890585,
      0.014403241498395685,
      0.017630054615297135,
      0.011204913446111698,
      0.0032350991123053555,
      0.0030222628522990538,
      0.006000723978574634,
      0.008058419386431552,
      0.013046393465689275,
      0.0041395092930623795,
      0.011473272930611551
    ],
    [
      0.008476089806184162,
      0.011290750586907336,
      0.011609784893016952,
      0.010804677079303151,
      0.011221222990533682,
      0.010841797530494985,
      0.010524354076665568,
      0.01086069278379373,
      0.010884893213658079,
      0.010423063704756024,
      0.012363259435457418,
      0.010296943986430015,
      0.009878528915688538,
      0.01060742802961047,
      0.008356801565673356,
      0.0,
      0.010999652768748374,
      0.011223157134735786,
      0.00871477229666597,
      0.008947265779730243,
      0.010702732430804666,
      0.007882785727970744,
      0.007240578561895624,
      0.01108910878649934,
      0.011082109151437442,
      0.01060154674298479,
      0.008935981329139394,
      0.008977481399110093,
      0.011298165766964121,
      0.01059011501426719,
      0.01128774253252333,
      0.009917248517981833,
      0.009683186052909847,
      0.009165944035320712,
      0.010750240917559403,
      0.009891305468814617,
      0.010018029248524343,
      0.010331072806799914,
      0.011203983569698366,
      0.011290950129007705,
      0.010236939485055618,
      0.011148382957674396,
      0.007129340991814631,
      0.009754520450665074,
      0.01191482325874316,
      0.010921181915375713,
      0.011080754126478224,
      0.007512906740319575,
      0.012390409826618827,
      0.010779341566636071,
      0.011034023215174351,
      0.007734343090769611,
      0.009688121154619948,
      0.010763736387995547,
      0.011122380091225716,
      0.009894045655267678,
      0.01153398011037653,
      0.00920062302815748,
      0.008838500048562127,
      0.011009093773758133,
      0.011864392324591315,
      0.01088636732094664,
      0.010473680996679134,
      0.01158400317545338
    ],
    [
      0.009841663735811232,
      0.011295543545505871,
      0.01025900986651637,
      0.011071100256378903,
      0.009922280809924591,
      0.011784653959870602,
      0.00976812533629302,
      0.01156485259010268,
      0.01142103582192418,
      0.011769032515367532,
      0.011262736845651112,
      0.009005650212624495,
      0.011357392716299113,
      0.010782583926429883,
      0.006802631261789238,
      0.010999652768748374,
      0.0,
      0.010206992837260337,
      0.010400047308920789,
      0.010209617526644947,
      0.008900707098787777,
      0.00931810446554533,
      0.009272097506927915,
      0.00999095206800926,
      0.01184105999420942,
      0.009335111270142752,
      0.007433892369992177,
      0.010204459395251012,
      0.011823934260488958,
      0.009302771796372835,
      0.011038287914732148,
      0.008798068882519548,
      0.008360515225593185,
      0.0073077113851520575,
      0.011728107861951439,
      0.008960939771801311,
      0.009047327394396263,
      0.010785699430673985,
      0.011470400191287144,
      0.011658920590662356,
      0.009448950787754132,
      0.012107145209342234,
      0.00905306433217857,
      0.010914398305086292,
      0.011134367284534421,
      0.011266931558588076,
      0.011400379241520738,
      0.009514554574550489,
      0.010724771337576747,
      0.009324800281595694,
      0.011690285341101534,
      0.009745336676597688,
      0.00891544298106577,
      0.011418835382566224,
      0.008944080261830526,
      0.00781515810904524,
      0.010757408494002082,
      0.010509372921059088,
      0.010292287669555244,
      0.011717740773974956,
      0.011457017725748864,
      0.009918604819875592,
      0.01136353206666603,
      0.010321948580209577
    ],
    [
      0.005791726275720642,
      0.011238679552593656,
      0.011701467734055662,
      0.012161691971542939,
      0.01216920932088483,
      0.009356653885965837,
      0.01335943063994806,
      0.010890843572637227,
      0.011294994931971608,
      0.008401853985490057,
      0.01078199788207311,
      0.012234404465056118,
      0.007537705833692793,
      0.0076606994166338385,
      0.01220021314529468,
      0.011223157134735786,
      0.010206992837260337,
      0.0,
      0.006786169233728355,
      0.005833038873932731,
      0.012805535836095134,
      0.005203101123908154,
      0.004841378661477079,
      0.011959269307543369,
      0.01123615379625411,
      0.012164941321544638,
      0.012107639600264435,
      0.006032444921984662,
      0.009517779898698005,
      0.012089606334343393,
      0.011108359589826984,
      0.012442336091557964,
      0.012036241176495509,
      0.011918614331275577,
      0.008742529593524362,
      0.012297833825998859,
      0.012142378124623597,
      0.008312998239049357,
      0.00996151308978016,
      0.01089476859973785,
      0.012005239653218596,
      0.010107042775158405,
      0.004706068954534377,
      0.007275767688912229,
      0.011221077184371661,
      0.011797567494477565,
      0.011509395034711286,
      0.005212454387780227,
      0.011534271597753344,
      0.011829512215245242,
      0.010342237375645467,
      0.005384471779103797,
      0.013239647173206462,
      0.01002430671604066,
      0.012717978874665704,
      0.012406863261052668,
      0.012694161271110904,
      0.006506114955527932,
      0.006207089587408951,
      0.009369281382964528,
      0.01110640331305431,
      0.012484279692420261,
      0.007813698615560222,
      0.012149494609543843
    ],
    [
      0.015585364783119046,
      0.008086846176787076,
      0.007004169983983873,
      0.007664645664172762,
      0.006353196424700199,
      0.011392610442053577,
      0.0061363100241139685,
      0.00895892324207036,
      0.009040187245771885,
      0.013072141441444486,
      0.009106515047502036,
      0.00494954300554593,
      0.014182700054266037,
      0.013204628552483163,
      0.0033423943470882213,
      0.00871477229666597,
      0.010400047308920789,
      0.006786169233728355,
      0.0,
      0.014636843264785692,
      0.005521759044136958,
      0.0156550931500684,
      0.01643369844059438,
      0.006550224353631001,
      0.008836577565176846,
      0.005809178772284284,
      0.0038145891674494998,
      0.014845000524989395,
      0.011395023963962294,
      0.005377230843207397,
      0.00928841917582581,
      0.004733088072935618,
      0.004364262010029383,
      0.003511900963141896,
      0.012231955345393012,
      0.005029577226033398,
      0.0055984505217232,
      0.013434104367191302,
      0.010525098951663705,
      0.009209559807971569,
      0.0058660926778165996,
      0.010857459666970225,
      0.016842602199392355,
      0.014203420876180078,
      0.00786683602405702,
      0.008318501933735678,
      0.009201301307726588,
      0.016656313165422886,
      0.00804701254142404,
      0.005266196721613907,
      0.010761572832105078,
      0.015947452853442616,
      0.004866167699761612,
      0.01060512247102041,
      0.005193475356725186,
      0.00422964719381789,
      0.0070695981016369695,
      0.014906522929212842,
      0.015326801618634853,
      0.011951792071058743,
      0.009093764701593246,
      0.005890419431058836,
      0.013155846672631477,
      0.0066742042022108865
    ],
    [
      0.016855624142865476,
      0.007424748566949676,
      0.006604639651995864,
      0.006858942555629834,
      0.0058421482855157275,
      0.010866745503986672,
      0.00516993739969307,
      0.008384943795445372,
      0.007981630538458347,
      0.012797960157576272,
      0.0093766424122712,
      0.0044296490011431384,
      0.014140379179505877,
      0.01384094944632496,
      0.002707999340073791,
      0.008947265779730243,
      0.010209617526644947,
      0.005833038873932731,
      0.014636843264785692,
      0.0,
      0.004777209130016016,
      0.01720478126479207,
      0.017373521685980987,
      0.005938733589235872,
      0.008319062562462488,
      0.005233241819280314,
      0.0031754877084477317,
      0.016086462287460395,
      0.011519593287514212,
      0.004922942276923635,
      0.008297822729304195,
      0.004202871311485639,
      0.0038006487738514024,
      0.003112639554877123,
      0.012538006653460223,
      0.004440684649463361,
      0.004667824096915795,
      0.012464159291564218,
      0.010557235980809262,
      0.008579313898943449,
      0.005104926510973082,
      0.010436263866689294,
      0.017474431940687596,
      0.014257403714004087,
      0.007727573186102676,
      0.007454588788184223,
      0.007935165697971128,
      0.016744328127832695,
      0.007897996227991807,
      0.004909858619913174,
      0.009924655039202736,
      0.016970530562169933,
      0.004030866264359626,
      0.009865226388276579,
      0.004756081575790467,
      0.0036506370556202063,
      0.006551274824761812,
      0.015144765793043701,
      0.01608591553140699,
      0.011252911335034126,
      0.00921891387407502,
      0.005451624660781574,
      0.014520074283903193,
      0.006174540531626809
    ],
    [
      0.0046175594262250035,
      0.011205876768506868,
      0.011810329708272409,
      0.012011196702304933,
      0.012735821024881555,
      0.008517149660370614,
      0.01375058685913617,
      0.010027872598661194,
      0.010509572596123153,
      0.007100321453030874,
      0.009983601318725742,
      0.013546577911560526,
      0.006476898703880206,
      0.006601608061115978,
      0.014358767070951206,
      0.010702732430804666,
      0.008900707098787777,
      0.012805535836095134,
      0.005521759044136958,
      0.004777209130016016,
      0.0,
      0.004140794382754574,
      0.003722040496497837,
      0.012593847383961052,
      0.010491324492005792,
      0.013002784061525123,
      0.01419204223465521,
      0.005166845556605633,
      0.00835447317454825,
      0.012757278789036344,
      0.010477483541891977,
      0.013425883673800931,
      0.013740080206344379,
      0.014065221694953922,
      0.007509896062327901,
      0.013042298115300135,
      0.013271228317265755,
      0.00746084055329096,
      0.009087149308108524,
      0.009971615985603251,
      0.013042662665771747,
      0.009148184720202911,
      0.003674265925006412,
      0.006360092908455003,
      0.011085141072687354,
      0.01118998739970934,
      0.010754326693719668,
      0.004093380696813527,
      0.011249112767922924,
      0.013332272469408286,
      0.009400988760154994,
      0.004279941981566963,
      0.013368228572025749,
      0.009166384732147485,
      0.013731057977038032,
      0.013844086793278605,
      0.012318019915734302,
      0.005413388239597378,
      0.0050942249391014195,
      0.008089585401132438,
      0.01054394672685906,
      0.012812340275964085,
      0.006728843266157169,
      0.012217807230683053
    ],
    [
      0.01737536095142458,
      0.006644844687597513,
      0.005931617340485727,
      0.006173139881474763,
      0.0051373565256790975,
      0.010565274482048812,
      0.0045451786400656155,
      0.007635872547631779,
      0.007518885578054294,
      0.012241991096173322,
      0.008454005492189318,
      0.0037522585381308433,
      0.014112146903122045,
      0.013956020740404034,
      0.0022629624520587575,
      0.007882785727970744,
      0.00931810446554533,
      0.005203101123908154,
      0.0156550931500684,
      0.01720478126479207,
      0.004140794382754574,
      0.0,
      0.019099775212295243,
      0.005388529915014382,
      0.007371916558794245,
      0.0044713363608843305,
      0.0026331648554050054,
      0.017267432334932994,
      0.010716367257739787,
      0.004291101652374355,
      0.007905780466594847,
      0.003443603551718688,
      0.0032546496256641907,
      0.0025737376542541613,
      0.012491409947354894,
      0.0038817257411220113,
      0.004013119458258606,
      0.01284326799532969,
      0.009635150942678541,
      0.007775402327498111,
      0.004494800669106828,
      0.010505912404416638,
      0.01883722045890875,
      0.014317764999179234,
      0.0066228778890227175,
      0.006908261156834828,
      0.007880346388266823,
      0.01802707153226325,
      0.006989711748826067,
      0.00426748407265568,
      0.009250548820120582,
      0.01770596640328043,
      0.0035284282443431418,
      0.009572002306634398,
      0.003989383216896404,
      0.003108043981446799,
      0.00565126885357553,
      0.01647514511293795,
      0.016576989502946064,
      0.01115961047451617,
      0.008148839666964069,
      0.004561991240942313,
      0.013484870252044177,
      0.00557707137803458
