{
  "config": {
    "N": 64,
    "alpha": 1.7,
    "beta": 1.0,
    "gamma": 1.0,
    "dt": 0.02,
    "T": 200.0,
    "sample_every": 25,
    "seed": 103,
    "target_initial_load": 1.0,
    "noise_fraction": 0.02,
    "eps": 1e-12,
    "device": "cuda",
    "dtype": "float64",
    "model_variant": "full"
  },
  "device_used": "cuda",
  "dtype_used": "torch.float64",
  "runtime_seconds": 18.46419959992636,
  "final_constraint_report": {
    "symmetric": true,
    "zero_diagonal": true,
    "nonnegative": true,
    "symmetry_max_abs_error": 0.0,
    "diagonal_max_abs_error": 0.0,
    "minimum_entry": 0.0
  },
  "final_chi_hhi_star": 0.03664724881629257,
  "max_chi_hhi_star": 0.03664724881629257,
  "final_lambda2": 0.011551742836062475,
  "final_total_weight": 15.761674317462326,
  "final_load_cv": 0.22659124716509416,
  "W_final": [
    [
      0.0,
      0.016829981458148763,
      6.2045570884626765e-06,
      0.021265353906028017,
      1.679709866922966e-05,
      0.0008610974197366766,
      6.581191137516105e-05,
      0.018881928006121346,
      0.002266042779891566,
      1.3246908920899555e-05,
      0.02227971776626736,
      7.861793575671711e-06,
      8.242941912822751e-06,
      1.651987950103607e-05,
      7.982504024723328e-06,
      0.00015592123226333479,
      0.023826556677257443,
      0.024662798678261443,
      0.023690369242574637,
      0.01845359554363267,
      0.020778523754886934,
      0.01806829531348693,
      0.019657681931964925,
      5.113276128186583e-06,
      0.02435402362776967,
      0.02349025002898482,
      6.849525095800493e-06,
      0.02035567070768056,
      4.5221251048074594e-05,
      8.389566944511888e-05,
      0.0007955789424960143,
      4.062309733069184e-05,
      0.02401546053513006,
      0.02048213804485646,
      0.012533154795460669,
      0.022493218210314393,
      0.007574165377802586,
      6.950128948212442e-06,
      0.014241508668773835,
      0.00019613028345350793,
      0.0011186435093156056,
      0.00040299772522179965,
      0.0006821187701827685,
      4.5550009336745824e-06,
      0.012624381501249749,
      0.021544143764705186,
      9.339967800466862e-06,
      0.01049517223657147,
      0.012519277382327783,
      8.669121015045945e-06,
      5.578291414902946e-06,
      3.277963952452018e-05,
      0.017985730782405337,
      0.018359918766661876,
      0.014755046917531461,
      4.379429445912829e-05,
      1.2809655434465178e-05,
      0.00010626569775195151,
      0.02169272376876894,
      0.020420582780688108,
      6.797176051432865e-06,
      0.018643670133262548,
      0.000490069634127818,
      0.015664752644609235
    ],
    [
      0.016829981458148763,
      0.0,
      2.7534468207450906e-06,
      0.024970435256143987,
      7.863812832306927e-06,
      0.0003206384712366081,
      2.8873441667859288e-05,
      0.02810056187010226,
      0.0008453287102276553,
      6.309043671736255e-06,
      0.017558214529609248,
      3.744186294916799e-06,
      3.747953839209239e-06,
      8.172047548117486e-06,
      3.890285207258801e-06,
      6.453134125200014e-05,
      0.014928175945407678,
      0.01762589116103067,
      0.015853995157921238,
      0.009339812616963001,
      0.012330236019045244,
      0.0075249826453814,
      0.009018202566150756,
      2.2613552790085717e-06,
      0.016762105925533625,
      0.013486656376998949,
      3.1684876825377565e-06,
      0.02670445656817147,
      2.054794688293061e-05,
      3.7917661731663913e-05,
      0.0003024251694384733,
      1.9018001223252626e-05,
      0.019900764121906906,
      0.010878336693144143,
      0.004853132330931485,
      0.022593647871014446,
      0.002548940677740676,
      3.1444473536083383e-06,
      0.03470498144157283,
      8.438521894836097e-05,
      0.00039997750431017764,
      0.0001580793274349662,
      0.00026946941626701304,
      2.060853412765001e-06,
      0.03335774340847253,
      0.015233302882916282,
      4.26669183181155e-06,
      0.031286330342589354,
      0.03082222677272917,
      3.986566178268262e-06,
      2.460406065301832e-06,
      1.5387294077378816e-05,
      0.029371279897670455,
      0.02735741072966939,
      0.005731113464314726,
      1.8908429466354883e-05,
      6.3520978154309805e-06,
      4.8015341422380846e-05,
      0.023256592700120413,
      0.02715949958895184,
      3.1140400616064427e-06,
      0.0086580581097513,
      0.00018471852848158036,
      0.006016944775921183
    ],
    [
      6.2045570884626765e-06,
      2.7534468207450906e-06,
      0.0,
      4.398211243398669e-06,
      0.023723674892044667,
      0.00010810340865804697,
      0.0022485139444826663,
      3.514798167795397e-06,
      6.163332700558193e-05,
      0.029707037248665722,
      6.38813635669463e-06,
      0.037804059469451354,
      0.04069113160695465,
      0.022046032583104107,
      0.03860822426038541,
      0.0006395529361226238,
      7.215167258821758e-06,
      5.816828375870616e-06,
      6.651391055558519e-06,
      1.1434853542329046e-05,
      8.936411779985407e-06,
      1.3740371701479182e-05,
      1.1209397842823041e-05,
      0.04329138945647654,
      6.252381933379861e-06,
      8.001356734455584e-06,
      0.042160179995076166,
      3.3703674423380252e-06,
      0.005010153631019893,
      0.0014026025558705243,
      0.00011363753894796858,
      0.005637603923238363,
      5.454113411874903e-06,
      9.778148764813197e-06,
      1.9328708693534967e-05,
      4.582281861599146e-06,
      3.294378642912574e-05,
      0.04033769179982382,
      2.314411544299006e-06,
      0.0004038191009531564,
      8.761436974394434e-05,
      0.00018885203086005853,
      0.00011605437822815135,
      0.045588021075029905,
      2.1003402519920094e-06,
      7.500499911053524e-06,
      0.037800703210087966,
      1.6568604010223407e-06,
      2.105725929911965e-06,
      0.037831634429738324,
      0.04312229046728251,
      0.008165208223797847,
      3.2192258465960435e-06,
      3.2546506945924394e-06,
      1.7229786401939062e-05,
      0.00521232728108754,
      0.028938298333747618,
      0.0009626082838031367,
      4.5006359310910964e-06,
      3.618481852394962e-06,
      0.04213281998850298,
      1.2174493028509925e-05,
      0.00016446934122519858,
      1.7038067295836328e-05
    ],
    [
      0.021265353906028017,
      0.024970435256143987,
      4.398211243398669e-06,
      0.0,
      1.1951917955274068e-05,
      0.0005340288418823083,
      4.6147435910281196e-05,
      0.026018495490296233,
      0.0014463598555351127,
      9.67068552682639e-06,
      0.021865130264640074,
      6.085035886514643e-06,
      5.804108955760836e-06,
      1.2917718370471062e-05,
      6.235327096119733e-06,
      0.0001068142949511719,
      0.020413366007510047,
      0.022011664561371064,
      0.02126755593787031,
      0.01407403857536704,
      0.017367942537272793,
      0.012575323876302094,
      0.014120190149672722,
      3.619095939713909e-06,
      0.02087251261560596,
      0.01844364375249435,
      5.114639502862278e-06,
      0.02285460045110942,
      3.3208518238639656e-05,
      5.929146650408898e-05,
      0.0005146687053214934,
      2.9166202779005496e-05,
      0.022872030063868436,
      0.016451979467786607,
      0.008528460517037756,
      0.024674465104927722,
      0.004789360648644459,
      5.044613706404854e-06,
      0.02315332334002242,
      0.00013840322409995127,
      0.0006998043235510686,
      0.0002577701697945427,
      0.0004500279593764945,
      3.3161520869164695e-06,
      0.020678133359008394,
      0.02178784203038379,
      6.713247618930547e-06,
      0.01764618550439566,
      0.019369833998858898,
      6.293794640773314e-06,
      3.982920181281109e-06,
      2.3902114767758416e-05,
      0.02520740580639755,
      0.023529620728864872,
      0.009578260152246654,
      2.8842880601270844e-05,
      9.834371293841724e-06,
      7.90979466443742e-05,
      0.02503475634452771,
      0.025476321143474243,
      4.957545721287946e-06,
      0.013541372131486196,
      0.0003088572919644688,
      0.010417491539312358
    ],
    [
      1.679709866922966e-05,
      7.863812832306927e-06,
      0.023723674892044667,
      1.1951917955274068e-05,
      0.0,
      0.00035903725502377677,
      0.008239331711459283,
      9.518720965588135e-06,
      0.0002009092883791874,
      0.032296893068891996,
      1.7302724133230177e-05,
      0.027106553445843864,
      0.026230504259162204,
      0.034635114068208406,
      0.028430802676350647,
      0.0026423165561774895,
      1.9171713119901536e-05,
      1.6029034730698937e-05,
      1.7688159289617728e-05,
      3.208909319469222e-05,
      2.5333646184459663e-05,
      3.804148133621149e-05,
      3.101140598760033e-05,
      0.020315044663461398,
      1.6986081975215068e-05,
      2.1156757003123068e-05,
      0.024762815400291183,
      9.167538427870725e-06,
      0.015490386362970572,
      0.005793898972151483,
      0.00038806288479263754,
      0.017741003773067827,
      1.4625942978259796e-05,
      2.717449887687098e-05,
      5.5579753779356015e-05,
      1.2098217498078208e-05,
      9.36659002157478e-05,
      0.02377154768626692,
      6.461092658754716e-06,
      0.0016464810019709856,
      0.0002898189103101465,
      0.0006940455192748958,
      0.0004170548501227632,
      0.01943217071271259,
      5.7898467404044825e-06,
      2.052091175302277e-05,
      0.028400344025072806,
      4.604390893849227e-06,
      5.784250321366271e-06,
      0.027662782513278014,
      0.021464810285437223,
      0.02274183057435371,
      8.864949150558776e-06,
      8.936332034428247e-06,
      4.710170363052131e-05,
      0.01594395598007968,
      0.03395117032723689,
      0.003997036866506415,
      1.2804044694235356e-05,
      9.760547854485907e-06,
      0.02392523533046309,
      3.281654928654395e-05,
      0.0005860923472568346,
      4.514086708701802e-05
    ],
    [
      0.0008610974197366766,
      0.0003206384712366081,
      0.00010810340865804697,
      0.0005340288418823083,
      0.00035903725502377677,
      0.0,
      0.002892531472582785,
      0.0004140588855729676,
      0.02970375962943935,
      0.0002574700326911198,
      0.0009676913282536424,
      0.00013732636635230546,
      0.00013877394338055558,
      0.0003592207647231251,
      0.00014523398601745482,
      0.010881776192461752,
      0.0010336127719376502,
      0.0008099371853997394,
      0.0008991245801100865,
      0.0018945387113231261,
      0.0014431899121157454,
      0.002313157020668089,
      0.0019137960734684776,
      8.57896692755086e-05,
      0.0009236717912252922,
      0.0011026543864957068,
      0.00011642643355299422,
      0.0003923799040079809,
      0.001498376628690284,
      0.004616833220492209,
      0.03825700417384957,
      0.0013149358962795338,
      0.0006964864258061186,
      0.00148249502622538,
      0.004093356760309561,
      0.0005253678198233687,
      0.009504426756314233,
      0.00011768447436971053,
      0.0002596190378887647,
      0.017697506298667374,
      0.037973371177907854,
      0.03258442590208461,
      0.03703588834808655,
      7.854243718924125e-05,
      0.00020134209684834764,
      0.0010296729470950982,
      0.00016712716327280672,
      0.00015997646865198697,
      0.00020593251071316255,
      0.00015366254646247482,
      9.451469752094337e-05,
      0.0009649738685972664,
      0.0003645720159234856,
      0.00035005516770867247,
      0.0035483397176789837,
      0.0014437622176688362,
      0.00026272789619360146,
      0.006482501565005073,
      0.0005789508856297237,
      0.0004515437919575482,
      0.00011950217073089945,
      0.002107944044683189,
      0.035111015129539125,
      0.003209638318183408
    ],
    [
      6.581191137516105e-05,
      2.8873441667859288e-05,
      0.0022485139444826663,
      4.6147435910281196e-05,
      0.008239331711459283,
      0.002892531472582785,
      0.0,
      3.6685965178217757e-05,
      0.0014033639909446377,
      0.005758658377670859,
      6.685091633685886e-05,
      0.0029005837890098128,
      0.0026196830007583325,
      0.008925553290734746,
      0.003044566660133311,
      0.023270246102642736,
      7.487357706230552e-05,
      5.940932585929165e-05,
      6.98892813839895e-05,
      0.00013156393718507007,
      9.925416620809927e-05,
      0.00016314630161579392,
      0.00013723077126838261,
      0.0016458339119490102,
      6.519325667858646e-05,
      8.600890793754498e-05,
      0.002317357961864011,
      3.4722567744427755e-05,
      0.032997233091102224,
      0.0388194954554322,
      0.0031510119060597416,
      0.029821809217092387,
      5.984022186997604e-05,
      0.00011105797918356282,
      0.0002642072342559216,
      4.6242889362292425e-05,
      0.0005669484679600025,
      0.0023142753196345035,
      2.41021755604357e-05,
      0.015355361502553304,
      0.0023738886209703704,
      0.0062926426143143765,
      0.0035225381575720673,
      0.0015439038466866506,
      2.093620854306082e-05,
      8.34440469297662e-05,
      0.0032111420618859492,
      1.6945110432282928e-05,
      2.1711038248338727e-05,
      0.0032385400184685737,
      0.0018635286708279888,
      0.02400312408779177,
      3.413573642169888e-05,
      3.5100219817247906e-05,
      0.00021015445787474983,
      0.03499986113470999,
      0.005644562659693086,
      0.03177660240959187,
      4.980770650921246e-05,
      3.8232675899844756e-05,
      0.0024072352426214444,
      0.0001375454056894501,
      0.005334685807370814,
      0.00021304062553615373
    ],
    [
      0.018881928006121346,
      0.02810056187010226,
      3.514798167795397e-06,
      0.026018495490296233,
      9.518720965588135e-06,
      0.0004140588855729676,
      3.6685965178217757e-05,
      0.0,
      0.0010822859636213777,
      7.963194972642259e-06,
      0.02002754982304131,
      4.757875632545154e-06,
      4.637833835716758e-06,
      1.0335489669439813e-05,
      4.804493886981143e-06,
      8.120565385174432e-05,
      0.017246339061332872,
      0.01959095124286773,
      0.01934682429232102,
      0.011470655521625038,
      0.014546518476670635,
      0.009734773285388802,
      0.011411643866128267,
      2.8911778432454085e-06,
      0.01874561549634969,
      0.016225946812629784,
      4.070586394691373e-06,
      0.026096792352491925,
      2.599705575163797e-05,
      4.611751464621954e-05,
      0.0003991631222655493,
      2.362794808442446e-05,
      0.021529132400142356,
      0.013676011828600579,
      0.006660497991908897,
      0.023793675334217307,
      0.003528542032078893,
      4.043089982569253e-06,
      0.02896376216278136,
      0.00010688766151555515,
      0.0005338569786566074,
      0.0001990286739127003,
      0.00033827060715886724,
      2.62165709472267e-06,
      0.025637013065169682,
      0.018266773020674,
      5.380705096487335e-06,
      0.023717428418644212,
      0.02511117803964739,
      5.143700377670612e-06,
      3.206951778095031e-06,
      1.994775485148266e-05,
      0.028259374362335013,
      0.027162180018847598,
      0.007566878542694598,
      2.3175455028238017e-05,
      7.841614233277003e-06,
      6.068307716885699e-05,
      0.02548969965778752,
      0.02781057408003717,
      3.89842510900906e-06,
      0.010543454878314306,
      0.0002424336230076869,
      0.008013955009461327
    ],
    [
      0.002266042779891566,
      0.0008453287102276553,
      6.163332700558193e-05,
      0.0014463598555351127,
      0.0002009092883791874,
      0.02970375962943935,
      0.0014033639909446377,
      0.0010822859636213777,
      0.0,
      0.0001439661609276114,
      0.0026209463123834584,
      8.060469777663543e-05,
      7.766475832146639e-05,
      0.0002043262578196694,
      8.639933828685533e-05,
      0.00534184293446308,
      0.002717973893100419,
      0.0020605062840586023,
      0.002297351355526565,
      0.005016063217860548,
      0.0039749748146659415,
      0.005618986023170409,
      0.0048621520787569105,
      4.841977609057373e-05,
      0.0023279432328780127,
      0.0027744206020607685,
      6.886802102082258e-05,
      0.0009425477721035299,
      0.0007484463578229513,
      0.0022208886080703548,
      0.027320512080722188,
      0.000683377332316119,
      0.0019090180301950636,
      0.003923761417179216,
      0.009875049082135481,
      0.0013730991531973715,
      0.01879171260171521,
      6.600584601891432e-05,
      0.0006431145430878327,
      0.00896054241752243,
      0.0316506815200755,
      0.019073615560087152,
      0.02611710495131531,
      4.481924575224189e-05,
      0.0005078195498111115,
      0.0028172895427508904,
      9.257768268040578e-05,
      0.00036899610331137884,
      0.00047807682865061516,
      8.634169339606153e-05,
      5.315218573298404e-05,
      0.0005136482177417674,
      0.0009608109398625444,
      0.0008918441512182669,
      0.008390467420406982,
      0.0007063790020200004,
      0.0001505886832198753,
      0.003215679083605339,
      0.0015898495701632711,
      0.0011547326611153752,
      6.585191426156811e-05,
      0.005312867512862727,
      0.020783751196229844,
      0.007763410832550798
    ],
    [
      1.3246908920899555e-05,
      6.309043671736255e-06,
      0.029707037248665722,
      9.67068552682639e-06,
      0.032296893068891996,
      0.0002574700326911198,
      0.005758658377670859,
      7.963194972642259e-06,
      0.0001439661609276114,
      0.0,
      1.39593531442236e-05,
      0.03146169351687608,
      0.03113557998816951,
      0.03301756586017226,
      0.0318299997406776,
      0.0017236727905835813,
      1.559197604221225e-05,
      1.2294387732534855e-05,
      1.4349657502320026e-05,
      2.5745132587069055e-05,
      1.9306930471128594e-05,
      3.0448813058099983e-05,
      2.436780266649347e-05,
      0.02660437906317882,
      1.3663749517357116e-05,
      1.6915376710387764e-05,
      0.029368701223642768,
      7.62095451466992e-06,
      0.011495241606233768,
      0.0037085093907539596,
      0.00027643385838624666,
      0.013108166775498921,
      1.1913919587743428e-05,
      2.141998494330781e-05,
      4.413649165428178e-05,
      9.720621786262903e-06,
      7.646220318265007e-05,
      0.02968434239397637,
      5.351213501645344e-06,
      0.001079838614272842,
      0.0002064704118496119,
      0.00048347479495305245,
      0.00029296672605592033,
      0.026722334954342397,
      4.679551677117378e-06,
      1.6471708230929275e-05,
      0.032825787962989426,
      3.884197044741793e-06,
      4.872628791996842e-06,
      0.03305978221238034,
      0.02761148093935106,
      0.017704814377509537,
      7.506297328424365e-06,
      7.388748333775214e-06,
      3.8012850429381594e-05,
      0.011849766276682777,
      0.03456025984818873,
      0.0026694172286119656,
      1.0152862358975868e-05,
      7.90360558610565e-06,
      0.029961303777779485,
      2.622302693859435e-05,
      0.00041985480739011526,
      3.786143215828129e-05
    ],
    [
      0.02227971776626736,
      0.017558214529609248,
      6.38813635669463e-06,
      0.021865130264640074,
      1.7302724133230177e-05,
      0.0009676913282536424,
      6.685091633685886e-05,
      0.02002754982304131,
      0.0026209463123834584,
      1.39593531442236e-05,
      0.0,
      8.208037702068833e-06,
      8.215570378015994e-06,
      1.853416873157969e-05,
      8.672685414082617e-06,
      0.00016172364267164286,
      0.022911832627490924,
      0.02189290218111005,
      0.021558183841695455,
      0.020749593552502336,
      0.024248116448607252,
      0.01736408425424387,
      0.019409615139788356,
      5.124419866799114e-06,
      0.023603280854917606,
      0.02015078754581406,
      7.201374366895453e-06,
      0.01690881500198266,
      4.73222342128135e-05,
      9.107625134516932e-05,
      0.0008298234305637669,
      4.3182301430381714e-05,
      0.02100824965148252,
      0.020095614862501495,
      0.014403391630057721,
      0.019038972720583285,
      0.008487728737521433,
      7.003510231751471e-06,
      0.015594057024599184,
      0.00021634655928596698,
      0.001152857909016617,
      0.0004207649723615542,
      0.0007140490864336996,
      4.74135931250894e-06,
      0.011658904078937679,
      0.022703715653159564,
      9.664672711415877e-06,
      0.009561222093944655,
      0.010949355864394777,
      8.785983351323817e-06,
      5.687604971779082e-06,
      3.646806611619582e-05,
      0.01803760986714909,
      0.015967714841156975,
      0.017449847292905444,
      4.278897799928054e-05,
      1.4675750932364462e-05,
      0.00011576482940491896,
      0.021737020834406602,
      0.021039752176623308,
      7.181939456287704e-06,
      0.020766515588392164,
      0.0005061232622205853,
      0.016310237099139688
    ],
    [
      7.861793575671711e-06,
      3.744186294916799e-06,
      0.037804059469451354,
      6.085035886514643e-06,
      0.027106553445843864,
      0.00013732636635230546,
      0.0029005837890098128,
      4.757875632545154e-06,
      8.060469777663543e-05,
      0.03146169351687608,
      8.208037702068833e-06,
      0.0,
      0.037758107365087154,
      0.026196803268201417,
      0.03969528641282614,
      0.0008950308361397421,
      9.486044947255596e-06,
      7.661689733137077e-06,
      8.724689003200962e-06,
      1.557470111851238e-05,
      1.1628590809070753e-05,
      1.9205682713597484e-05,
      1.4400348074074223e-05,
      0.03858582735160825,
      8.05003816198223e-06,
      1.018859390842244e-05,
      0.040043618447630075,
      4.531866167903241e-06,
      0.006310469195606311,
      0.0018423160736074434,
      0.00015596070216477702,
      0.007425273704445642,
      7.018568103294714e-06,
      1.3602866146183658e-05,
      2.608627919988061e-05,
      6.234719634902341e-06,
      4.22462379314243e-05,
      0.03913002819182901,
      3.1542139078369456e-06,
      0.0005646718009529463,
      0.00011461269900834903,
      0.0002529547205306297,
      0.00016368925773065353,
      0.037721293596817966,
      2.8275500555467047e-06,
      1.0436391644375625e-05,
      0.036256993463145835,
      2.335111611980642e-06,
      2.962546028839279e-06,
      0.0381016286554478,
      0.038028660286125116,
      0.010571333398624578,
      4.525266923163121e-06,
      4.578694000912327e-06,
      2.1277548824928564e-05,
      0.006375519936000367,
      0.031074932948598723,
      0.0013835754099299359,
      6.207497125017418e-06,
      4.677632199030733e-06,
      0.03809031034976927,
      1.5637784811253202e-05,
      0.00022210628212394876,
      2.1598353374511174e-05
    ],
    [
      8.242941912822751e-06,
      3.747953839209239e-06,
      0.04069113160695465,
      5.804108955760836e-06,
      0.026230504259162204,
      0.00013877394338055558,
      0.0026196830007583325,
      4.637833835716758e-06,
      7.766475832146639e-05,
      0.03113557998816951,
      8.215570378015994e-06,
      0.037758107365087154,
      0.0,
      0.023630568890001733,
      0.03738383096077656,
      0.0008617670248897691,
      9.624164843324246e-06,
      8.106061768332768e-06,
      8.962860897244924e-06,
      1.564512635016686e-05,
      1.1442658189824114e-05,
      1.9075275430875708e-05,
      1.4090879476493153e-05,
      0.040455806231042675,
      8.47789808925522e-06,
      1.0841478302162794e-05,
      0.04025263332031336,
      4.828271403574507e-06,
      0.005938416828345378,
      0.00170198767448055,
      0.0001544619162300686,
      0.007119198474026448,
      7.111938940463286e-06,
      1.3239504653194684e-05,
      2.4866442064494638e-05,
      6.26119464363668e-06,
      4.063815780975644e-05,
      0.03954379886980807,
      3.0724814509463976e-06,
      0.0005285778325334745,
      0.00011102229037864764,
      0.0002489123368910278,
      0.00015354786175226923,
      0.039842291919901754,
      2.909597846045863e-06,
      9.708710506267313e-06,
      0.03931291489902217,
      2.401980169775921e-06,
      2.9888604261113646e-06,
      0.03724328890026873,
      0.03885811131741538,
      0.009654873861347828,
      4.3748058878100946e-06,
      4.463520764726442e-06,
      2.189697715892699e-05,
      0.005976957365280058,
      0.030035423221746432,
      0.0012340153325620209,
      5.9313359508036975e-06,
      4.704746317084185e-06,
      0.037472657016035464,
      1.6106989883588765e-05,
      0.00021113908070494696,
      2.1543415209489322e-05
    ],
    [
      1.651987950103607e-05,
      8.172047548117486e-06,
      0.022046032583104107,
      1.2917718370471062e-05,
      0.034635114068208406,
      0.0003592207647231251,
      0.008925553290734746,
      1.0335489669439813e-05,
      0.0002043262578196694,
      0.03301756586017226,
      1.853416873157969e-05,
      0.026196803268201417,
      0.023630568890001733,
      0.0,
      0.02766303129295579,
      0.0027284085424736453,
      1.9954650291168403e-05,
      1.5456949138352473e-05,
      1.82086598651116e-05,
      3.33212002578695e-05,
      2.558258605414721e-05,
      3.829782953042853e-05,
      3.176413449475727e-05,
      0.01854765809966278,
      1.72437358978163e-05,
      2.0933439163011903e-05,
      0.022959438249911982,
      9.268270353978315e-06,
      0.01676168498857997,
      0.005895024471771823,
      0.0003957881812696052,
      0.018367919907414546,
      1.4640634994697703e-05,
      2.8080259465848843e-05,
      6.087394006644793e-05,
      1.2586001161292456e-05,
      0.00010328010654772954,
      0.022411883837150145,
      6.984061672456954e-06,
      0.0017218125184058032,
      0.00029146462724626595,
      0.0007068896932828391,
      0.0004288222658232205,
      0.01853939750165163,
      5.982225576976373e-06,
      2.18384315166401e-05,
      0.026899886733729846,
      4.805487335103186e-06,
      6.0780147652633664e-06,
      0.026251881441793568,
      0.020272368403965367,
      0.025075737899496502,
      9.875162109952233e-06,
      9.560277933804614e-06,
      4.925408517127198e-05,
      0.016431010057485828,
      0.034908502255547216,
      0.0043693946244374,
      1.3471889278170631e-05,
      1.0113738752432567e-05,
      0.023776775723921045,
      3.4088817395741367e-05,
      0.0006194947069053066,
      4.8817821224175255e-05
    ],
    [
      7.982504024723328e-06,
      3.890285207258801e-06,
      0.03860822426038541,
      6.235327096119733e-06,
      0.028430802676350647,
      0.00014523398601745482,
      0.003044566660133311,
      4.804493886981143e-06,
      8.639933828685533e-05,
      0.0318299997406776,
      8.672685414082617e-06,
      0.03969528641282614,
      0.03738383096077656,
      0.02766303129295579,
      0.0,
      0.0009347068257275756,
      9.892993519178185e-06,
      7.666720340675083e-06,
      8.738913591717148e-06,
      1.5993872176002445e-05,
      1.2262665226577357e-05,
      1.8154831655696535e-05,
      1.4989274039454669e-05,
      0.0353367963495291,
      8.241226007482875e-06,
      9.997944936587093e-06,
      0.03878559980590604,
      4.382716303183345e-06,
      0.0069034957586943295,
      0.002030935834141902,
      0.00015719292899097915,
      0.007830278318271156,
      6.938365374661814e-06,
      1.3272676388856828e-05,
      2.6966188330832455e-05,
      6.072862223515479e-06,
      4.385692409681319e-05,
      0.03595198642627217,
      3.263426312357332e-06,
      0.0006075488792615881,
      0.00011767515036930077,
      0.0002629036395009326,
      0.0001701375087103525,
      0.03683981061293428,
      2.881162437798079e-06,
      1.0437066640048435e-05,
      0.03770473642781055,
      2.261788400221407e-06,
      2.8506014774864536e-06,
      0.03539725869493454,
      0.035853097008188124,
      0.011176409693569714,
      4.549481526726563e-06,
      4.338745536573227e-06,
      2.2708122350640236e-05,
      0.006769744966233156,
      0.03423057885943886,
      0.0014537330496726892,
      6.286718483998443e-06,
      4.776838869180182e-06,
      0.038579204834062485,
      1.637946894520467e-05,
      0.0002247111842514651,
      2.2552218069917684e-05
    ],
    [
      0.00015592123226333479,
      6.453134125200014e-05,
      0.0006395529361226238,
      0.0001068142949511719,
      0.0026423165561774895,
      0.010881776192461752,
      0.023270246102642736,
      8.120565385174432e-05,
      0.00534184293446308,
      0.0017236727905835813,
      0.00016172364267164286,
      0.0008950308361397421,
      0.0008617670248897691,
      0.0027284085424736453,
      0.0009347068257275756,
      0.0,
      0.0001887237685901728,
      0.00014740035005729509,
      0.00016521767812883287,
      0.00033306158717174374,
      0.0002472856907889901,
      0.0004179478577003987,
      0.00032207026007457677,
      0.0005121316176338965,
      0.00015754696274206792,
      0.00019855043599655256,
      0.0007217561199767184,
      7.802941659624929e-05,
      0.013362147689233217,
      0.031125026669318392,
      0.011661925857473552,
      0.012107952504859932,
      0.00013186862516994356,
      0.0002695370798309981,
      0.0007028805222950121,
      0.00010761669144322354,
      0.0015825335435934534,
      0.000709006076517804,
      5.2822099223966456e-05,
      0.036706927374120756,
      0.008741364497366235,
      0.019719703830772935,
      0.013118277997124575,
      0.0004726206829690153,
      4.682140641016497e-05,
      0.00019267927890232093,
      0.0010305890404987317,
      3.7778343169650076e-05,
      4.717920262620133e-05,
      0.0009482711841632564,
      0.0005624916733746538,
      0.00868270585709063,
      7.771718824906768e-05,
      7.549772950138015e-05,
      0.0005488879103451098,
      0.012811009273029573,
      0.001777719293666917,
      0.03834889000756114,
      0.00011015737855366084,
      8.370795777452584e-05,
      0.0007085832396689745,
      0.00035094588077427065,
      0.01733515526696407,
      0.0005406941134064426
    ],
    [
      0.023826556677257443,
      0.014928175945407678,
      7.215167258821758e-06,
      0.020413366007510047,
      1.9171713119901536e-05,
      0.0010336127719376502,
      7.487357706230552e-05,
      0.017246339061332872,
      0.002717973893100419,
      1.559197604221225e-05,
      0.022911832627490924,
      9.486044947255596e-06,
      9.624164843324246e-06,
      1.9954650291168403e-05,
      9.892993519178185e-06,
      0.0001887237685901728,
      0.0,
      0.023189215384582545,
      0.023491895696578998,
      0.020879397297267645,
      0.022675580699959973,
      0.01972130595037835,
      0.020815411575043893,
      5.968134834105216e-06,
      0.024160271458645792,
      0.022892517336910105,
      7.958571071053168e-06,
      0.017006595153985758,
      5.3352931962429626e-05,
      9.832648816990526e-05,
      0.0009606903757871629,
      4.8018053840212934e-05,
      0.021722453560491572,
      0.021676266269806746,
      0.01474178491111988,
      0.02070892945499675,
      0.008919561835079727,
      8.082321319464296e-06,
      0.012561504097359143,
      0.00023862217320320337,
      0.001281477908840433,
      0.0004651849226669767,
      0.0008123388539677827,
      5.520977962490464e-06,
      0.010435597991052876,
      0.022675108315516307,
      1.1124088590991585e-05,
      0.00869788215205644,
      0.01035031401722455,
      1.0005763960764925e-05,
      6.4884973058293745e-06,
      3.876576809930748e-05,
      0.016162875188180874,
      0.01570125682471001,
      0.016865278439798344,
      4.9041857418957496e-05,
      1.5596281722652406e-05,
      0.00013196382397298164,
      0.02012416013168169,
      0.018454311163365194,
      8.153713212900747e-06,
      0.02069735308678744,
      0.0005704242641832971,
      0.017710993113278114
    ],
    [
      0.024662798678261443,
      0.01762589116103067,
      5.816828375870616e-06,
      0.022011664561371064,
      1.6029034730698937e-05,
      0.0008099371853997394,
      5.940932585929165e-05,
      0.01959095124286773,
      0.0020605062840586023,
      1.2294387732534855e-05,
      0.02189290218111005,
      7.661689733137077e-06,
      8.106061768332768e-06,
      1.5456949138352473e-05,
      7.666720340675083e-06,
      0.00014740035005729509,
      0.023189215384582545,
      0.0,
      0.023919356155933557,
      0.018216349448821865,
      0.020205575824243545,
      0.018569574355752134,
      0.01846629108158533,
      4.899000944003628e-06,
      0.024185993808593223,
      0.02346910310135875,
      6.6934427790403565e-06,
      0.021228210728585536,
      4.145391991465355e-05,
      7.871099818552826e-05,
      0.0007635511437843155,
      3.934876878532692e-05,
      0.023757903402462706,
      0.02172822963683293,
      0.011794658120179977,
      0.02319918173066229,
      0.006736701155602,
      6.629571047941521e-06,
      0.014702233318477177,
      0.00019463050072506915,
      0.0010429470046847181,
      0.0003781120712473249,
      0.0006398326683072674,
      4.269872526851681e-06,
      0.013464162095892901,
      0.02207711399737794,
      8.988364303521644e-06,
      0.01148037605200329,
      0.013601141981935058,
      8.268880400118344e-06,
      5.15655805135048e-06,
      3.060866786782308e-05,
      0.018424617452572848,
      0.018726404840163382,
      0.013636990165553222,
      3.853809942030265e-05,
      1.2236863921622526e-05,
      0.00010095457451959228,
      0.021448419490505247,
      0.021023810651010607,
      6.202222543790256e-06,
      0.018307536627336966,
      0.00044220095991077415,
      0.014027541940878506
    ],
    [
      0.023690369242574637,
      0.015853995157921238,
      6.651391055558519e-06,
      0.02126755593787031,
      1.7688159289617728e-05,
      0.0008991245801100865,
      6.98892813839895e-05,
      0.01934682429232102,
      0.002297351355526565,
      1.4349657502320026e-05,
      0.021558183841695455,
      8.724689003200962e-06,
      8.962860897244924e-06,
      1.82086598651116e-05,
      8.738913591717148e-06,
      0.00016521767812883287,
      0.023491895696578998,
      0.023919356155933557,
      0.0,
      0.018767525377096996,
      0.020010376399749612,
      0.018497924494889822,
      0.019463932530032233,
      5.6464704913007796e-06,
      0.023236369653602516,
      0.024496424591733602,
      7.554496010472749e-06,
      0.019849084922903493,
      4.9431207165670904e-05,
      8.75819873311859e-05,
      0.0008746674808944099,
      4.4390259352685995e-05,
      0.023210696134089378,
      0.02130920015450566,
      0.012971616688862956,
      0.022990929027946524,
      0.007673867362599589,
      7.714276334299699e-06,
      0.01397654710523069,
      0.00021317873776912358,
      0.0011730438208361017,
      0.00042289709220372007,
      0.0007134081795712414,
      4.990102660275893e-06,
      0.012146880611802966,
      0.022156382237445992,
      1.0295041383697678e-05,
      0.010458088565142697,
      0.012459394066211058,
      9.535714593057956e-06,
      6.197812418157524e-06,
      3.569396995348883e-05,
      0.01787005248876555,
      0.018534640775494358,
      0.014517726538968698,
      4.491946676226326e-05,
      1.3778923115550463e-05,
      0.00011791712149584733,
      0.02129420994111001,
      0.020433357884490563,
      7.325007231362001e-06,
      0.017796294991123857,
      0.0005216966126697016,
      0.01579614006578669
    ],
    [
      0.01845359554363267,
      0.009339812616963001,
      1.1434853542329046e-05,
      0.01407403857536704,
      3.208909319469222e-05,
      0.0018945387113231261,
      0.00013156393718507007,
      0.011470655521625038,
      0.005016063217860548,
      2.5745132587069055e-05,
      0.020749593552502336,
      1.557470111851238e-05,
      1.564512635016686e-05,
      3.33212002578695e-05,
      1.5993872176002445e-05,
      0.00033306158717174374,
      0.020879397297267645,
      0.018216349448821865,
      0.018767525377096996,
      0.0,
      0.024257556158851105,
      0.024112666430073433,
      0.024040381953512466,
      9.512174357996685e-06,
      0.019345684491182312,
      0.020555426244671573,
      1.2826957321214204e-05,
      0.011048300289766309,
      8.461588930273309e-05,
      0.0001758091543303438,
      0.0018126581727624558,
      8.446820251002496e-05,
      0.016442845227898916,
      0.023555742977030378,
      0.022832002312027352,
      0.013567752395357189,
      0.015467944667487703,
      1.2830694491722615e-05,
      0.007229390748211531,
      0.0004485583606755955,
      0.0023774549006793763,
      0.0009477994510376956,
      0.0015699144816608986,
      8.541008077971135e-06,
      0.005620617362140226,
      0.020874671733407388,
      1.752521638059969e-05,
      0.004633326963875886,
      0.005762390564034368,
      1.6263633936587957e-05,
      1.0225852446020706e-05,
      6.794554784683112e-05,
      0.010424829135046899,
      0.009938021579310325,
      0.02336881695723786,
      8.143679105187228e-05,
      2.573579930565492e-05,
      0.00023346181009004563,
      0.015542148420005841,
      0.012222529341464545,
      1.2402810593670646e-05,
      0.025014184406427116,
      0.001076027834114141,
      0.022916953451839677
    ],
    [
      0.020778523754886934,
      0.012330236019045244,
      8.936411779985407e-06,
      0.017367942537272793,
      2.5333646184459663e-05,
      0.0014431899121157454,
      9.925416620809927e-05,
      0.014546518476670635,
      0.0039749748146659415,
      1.9306930471128594e-05,
      0.024248116448607252,
      1.1628590809070753e-05,
      1.1442658189824114e-05,
      2.558258605414721e-05,
      1.2262665226577357e-05,
      0.0002472856907889901,
      0.022675580699959973,
      0.020205575824243545,
      0.020010376399749612,
      0.024257556158851105,
      0.0,
      0.02159964033812296,
      0.023070324585845264,
      7.160198971160549e-06,
      0.02163026575251224,
      0.020639005845565248,
      9.830346599430003e-06,
      0.01276929056153533,
      6.568906685348546e-05,
      0.00013766072168595775,
      0.0012849562490242887,
      6.18270797288842e-05,
      0.018943423724828753,
      0.02263033985920066,
      0.01943342988131217,
      0.015645091672950633,
      0.012308236319586384,
      9.739663532557628e-06,
      0.009876050794135836,
      0.00032918600917617477,
      0.0017746407799014475,
      0.0006515972905361711,
      0.001138181078620664,
      6.489712775973505e-06,
      0.007504423069654291,
      0.02243193014893276,
      1.3269683114903204e-05,
      0.0059273209798180355,
      0.007222781555821534,
      1.2348142398247724e-05,
      7.853851448556245e-06,
      5.189638240448525e-05,
      0.012940102968839809,
      0.011968257617702146,
      0.021400099346615534,
      6.267467111912355e-05,
      2.042041699286907e-05,
      0.00017362461526971947,
      0.01868455730965895,
      0.015492195042632642,
      9.683778294861676e-06,
      0.02380513154256638,
      0.0007809680308854285,
      0.020451276972150687
    ],
    [
      0.01806829531348693,
      0.0075249826453814,
      1.3740371701479182e-05,
      0.012575323876302094,
      3.804148133621149e-05,
      0.002313157020668089,
      0.00016314630161579392,
      0.009734773285388802,
      0.005618986023170409,
      3.0448813058099983e-05,
      0.01736408425424387,
      1.9205682713597484e-05,
      1.9075275430875708e-05,
      3.829782953042853e-05,
      1.8154831655696535e-05,
      0.0004179478577003987,
      0.01972130595037835,
      0.018569574355752134,
      0.018497924494889822,
      0.024112666430073433,
      0.02159964033812296,
      0.0,
      0.0238353818229338,
      1.2155724708048575e-05,
      0.018500745725837143,
      0.02110354110952461,
      1.5950863407956267e-05,
      0.010290607283853646,
