{
  "config": {
    "N": 64,
    "alpha": 1.66,
    "beta": 1.0,
    "gamma": 1.0,
    "dt": 0.02,
    "T": 200.0,
    "sample_every": 25,
    "seed": 102,
    "target_initial_load": 1.0,
    "noise_fraction": 0.02,
    "eps": 1e-12,
    "device": "cuda",
    "dtype": "float64",
    "model_variant": "full"
  },
  "device_used": "cuda",
  "dtype_used": "torch.float64",
  "runtime_seconds": 17.871152100036852,
  "final_constraint_report": {
    "symmetric": true,
    "zero_diagonal": true,
    "nonnegative": true,
    "symmetry_max_abs_error": 0.0,
    "diagonal_max_abs_error": 0.0,
    "minimum_entry": 0.0
  },
  "final_chi_hhi_star": 0.016639327323644204,
  "max_chi_hhi_star": 0.016639327323644204,
  "final_lambda2": 0.06423123165289865,
  "final_total_weight": 15.272512242056493,
  "final_load_cv": 0.07799675125864597,
  "W_final": [
    [
      0.0,
      0.006828966324267022,
      0.017576122289689553,
      0.008214927421236307,
      0.03604234208312619,
      0.00430521103977762,
      0.00870897507525809,
      0.02224407928984266,
      3.176573816124834e-05,
      9.800453725462929e-05,
      9.050170060716001e-05,
      6.516492853713725e-05,
      0.005211508337238705,
      0.025150027576113617,
      0.0003863054756067908,
      0.032539759772030837,
      0.001105911672721248,
      6.292012074854606e-05,
      0.003406554509018986,
      8.687217065337548e-05,
      0.010248235064910427,
      9.525445364787872e-05,
      0.00012211200615853314,
      0.011297487291041491,
      5.167624161308371e-05,
      0.010234905666480217,
      0.013017925533707887,
      0.0007762785405089546,
      0.000678585809404434,
      4.345516396767938e-05,
      0.0010003039238235011,
      0.00026544568846452964,
      0.006067512438688168,
      0.0002544003740564105,
      0.024294975425988696,
      4.932362818811711e-05,
      4.1457607067475234e-05,
      4.307079180272516e-05,
      0.000152634033785808,
      0.031221388490222594,
      0.03299901534269119,
      0.00011086203794600796,
      0.00018145533918121576,
      0.0004662554231135348,
      0.00018903600748628664,
      7.649391554740502e-05,
      0.009503285049590617,
      0.0006795983648660044,
      0.009580133899799543,
      0.0026011999119216504,
      9.236429065503895e-05,
      0.02172059320082832,
      0.019275879275065688,
      0.02372981104765916,
      0.004829753821515664,
      3.605731643354915e-05,
      0.0032389511910689986,
      0.0009448287416279644,
      0.015214853947196797,
      0.0006447340232453104,
      0.009236083476231774,
      0.014687454633878197,
      0.008228333342790477,
      5.465870697722321e-05
    ],
    [
      0.006828966324267022,
      0.0,
      0.013162444212109133,
      0.016839798952927837,
      0.00648534412515135,
      0.016319970280846956,
      0.016023440914630784,
      0.011844819701976103,
      0.00026199605973563724,
      0.0007036178241048273,
      0.0007154061056588009,
      0.0005065144867709491,
      0.015736642200916924,
      0.010269650453874398,
      0.0028505660012238553,
      0.00789186886903914,
      0.007285120925314371,
      0.0005116166030216242,
      0.014341324187177951,
      0.000632787673387046,
      0.015687943027259742,
      0.0007291741709910722,
      0.0008934293120892654,
      0.015688779899677437,
      0.0004281337531832641,
      0.016104365293326487,
      0.014810606163287,
      0.005428975869679638,
      0.005000988606869886,
      0.00034697044818702655,
      0.006682381326439305,
      0.001903249496049934,
      0.01680044340405998,
      0.0019482598687919923,
      0.010926045146068201,
      0.0003797308177148194,
      0.00033487308100098426,
      0.0003494352237970264,
      0.0011635281016381654,
      0.007729775173854632,
      0.007767898450534708,
      0.0008143042022268513,
      0.0014181904622482967,
      0.0034639643924796303,
      0.0013913497440204742,
      0.0005763602716066243,
      0.01667324435711118,
      0.004966843294630279,
      0.016609636521088707,
      0.012877777755673238,
      0.0007210055934827,
      0.011240600257165289,
      0.012625038812684014,
      0.0106308196853089,
      0.016616262982424232,
      0.00029341710309247404,
      0.014402475494118095,
      0.006280209131994384,
      0.01576374030230904,
      0.004547125009742743,
      0.016773371628050922,
      0.01530412086497547,
      0.017255690282773333,
      0.0004329353706006357
    ],
    [
      0.017576122289689553,
      0.013162444212109133,
      0.0,
      0.014312965474903117,
      0.01748524920743135,
      0.009653191307398922,
      0.014873876729865811,
      0.019687317259861416,
      9.262724370081737e-05,
      0.0002694630146141184,
      0.00025749220181138396,
      0.00017776985207940273,
      0.011169957966157452,
      0.01967132837924747,
      0.0010806919289941229,
      0.019367682995537306,
      0.003100360135464241,
      0.00017944862692261733,
      0.008289180714418235,
      0.00023824177373791967,
      0.01624833608609575,
      0.00026182077319255334,
      0.0003369423129506644,
      0.017864446853119446,
      0.00015230191656315944,
      0.016576277911074303,
      0.018345663325313802,
      0.002141048266898101,
      0.001960963011996286,
      0.00012733172036021763,
      0.002760308825431902,
      0.0007465712854089358,
      0.012272647457219453,
      0.000699006183081079,
      0.01999877657691959,
      0.00014187058034580036,
      0.0001204870885745912,
      0.00011886502834775055,
      0.00043006369108657084,
      0.01914306023336265,
      0.018410926394479082,
      0.0003006423084127361,
      0.0005017565983153312,
      0.0012603378464700105,
      0.0005102187348784634,
      0.0002110081067449778,
      0.015466993828950271,
      0.001920515029236127,
      0.01689657469768967,
      0.00657908691676079,
      0.0002584087722444758,
      0.021059441237669677,
      0.02009429063897819,
      0.01969309203900993,
      0.010401809873103605,
      0.00010269237621717047,
      0.007726224498377725,
      0.002574643155815887,
      0.01896294263579649,
      0.001751508192220413,
      0.016161142458809733,
      0.01867300913258211,
      0.014779360919230367,
      0.00015343517415725036
    ],
    [
      0.008214927421236307,
      0.016839798952927837,
      0.014312965474903117,
      0.0,
      0.007783092826736096,
      0.016384022068570862,
      0.017579989802300255,
      0.013367311989748302,
      0.00021501116567441408,
      0.0005683818451978444,
      0.0005153907447917048,
      0.0003981740062216144,
      0.016035980070674413,
      0.011968105762800663,
      0.0023830320293065643,
      0.009432154440640968,
      0.006323646779604801,
      0.00037199779432251986,
      0.014057188340332717,
      0.000494938539507627,
      0.01716471801372252,
      0.0005447302161389441,
      0.0007333531256391051,
      0.01762513957831806,
      0.00032307206844176965,
      0.01711213188293647,
      0.016501552963974583,
      0.004420118611841206,
      0.003924247848562026,
      0.00026934917830912707,
      0.005823288326449742,
      0.0015518521214086026,
      0.01696137201041564,
      0.001521552400092085,
      0.011905855565180201,
      0.00030936840825645086,
      0.0002604101275927484,
      0.00028108708293385755,
      0.0009299627846719676,
      0.009085473341479279,
      0.008862841267031366,
      0.0006390997497041508,
      0.0010401752575494936,
      0.002654711955068077,
      0.001116496452167475,
      0.00045199916291543984,
      0.017336082235353704,
      0.0042386378634704305,
      0.01675374376898078,
      0.012447621251560344,
      0.0005490868719338908,
      0.012933615706951306,
      0.013912958181244746,
      0.01291651244301669,
      0.016162399679795145,
      0.00024130890046267215,
      0.01296540889951965,
      0.005573966854420261,
      0.015573995917338244,
      0.0034281072009989563,
      0.016911564174335987,
      0.016042384810707973,
      0.01748056117622911,
      0.00035572199397287935
    ],
    [
      0.03604234208312619,
      0.00648534412515135,
      0.01748524920743135,
      0.007783092826736096,
      0.0,
      0.004025539680502728,
      0.008224794993304236,
      0.02170580280773789,
      2.885685222359595e-05,
      8.980591563133324e-05,
      8.612007977201084e-05,
      6.0696144784207406e-05,
      0.004871374659889834,
      0.025073715622325927,
      0.00035759636523061426,
      0.03301600750979672,
      0.001025993339728943,
      5.8488366662647035e-05,
      0.0032151269521820554,
      7.963432912989409e-05,
      0.009879514576835089,
      8.956801052137004e-05,
      0.00011313419916477246,
      0.011027202122260086,
      4.914715741340186e-05,
      0.009866225218255078,
      0.012695085809674655,
      0.0007235608027462537,
      0.0006507881438017963,
      4.0063855121805504e-05,
      0.0009533651921058139,
      0.0002442272678935307,
      0.005801214912541528,
      0.00023929074477795412,
      0.02474077611691913,
      4.552460139489589e-05,
      3.8667679026036714e-05,
      3.903020279316065e-05,
      0.0001416760674263534,
      0.03315589072442793,
      0.032958926000885305,
      0.0001012016731203206,
      0.00017330470265728538,
      0.00043901379418873667,
      0.0001753911770384405,
      6.8799286310095e-05,
      0.009098110834190083,
      0.000617429276224967,
      0.009201096732847034,
      0.002435290906581933,
      8.630253947667679e-05,
      0.021833478421215115,
      0.01875430645142701,
      0.022993134199141594,
      0.004431657981831719,
      3.300820321650782e-05,
      0.002958086796045027,
      0.0008522283326443458,
      0.014989809439209106,
      0.0006221912973544269,
      0.0089835671595701,
      0.014023974167698475,
      0.007929508677319716,
      5.056968328975589e-05
    ],
    [
      0.00430521103977762,
      0.016319970280846956,
      0.009653191307398922,
      0.016384022068570862,
      0.004025539680502728,
      0.0,
      0.015597408509932874,
      0.008468838558221649,
      0.0004036709925549386,
      0.0010448028196751807,
      0.0009436062461039204,
      0.0007129611748788564,
      0.01697874050546801,
      0.007183218363601563,
      0.004318426050608785,
      0.005175076175875715,
      0.010228381305778505,
      0.0006881503442261672,
      0.016852313629743664,
      0.0009100921048252032,
      0.013985117696926055,
      0.0009776306774832901,
      0.001349339697575127,
      0.0140015201933617,
      0.000612553990209943,
      0.01425321269594044,
      0.012321783823875145,
      0.007339085419895903,
      0.006480071168997098,
      0.0004910261920699839,
      0.00926457294341436,
      0.002757284843615516,
      0.01677099545375081,
      0.002689888675779443,
      0.007100162759780076,
      0.0005719649127043084,
      0.000490069695604735,
      0.0005193907947153246,
      0.0017314208720874303,
      0.004981662050988668,
      0.004928036419074563,
      0.0011513900853775151,
      0.0018831076083392607,
      0.004543175995413427,
      0.0020650888125454143,
      0.0008477828640428643,
      0.015166458926141364,
      0.007558619096575895,
      0.013638569689579536,
      0.016377847122371714,
      0.0009998621426136809,
      0.007966423194416641,
      0.009085313607796325,
      0.007883207374071154,
      0.018135112280542872,
      0.0004323961069240193,
      0.01604963000764542,
      0.009262522859840286,
      0.01122724324134854,
      0.005621837297436066,
      0.014237441977107839,
      0.011730586817005976,
      0.015590977030603264,
      0.0006491907035149196
    ],
    [
      0.00870897507525809,
      0.016023440914630784,
      0.014873876729865811,
      0.017579989802300255,
      0.008224794993304236,
      0.015597408509932874,
      0.0,
      0.013942822829339667,
      0.00018783593875366182,
      0.0005379654733653104,
      0.00048470393616385695,
      0.0003298536798080335,
      0.016339783050003727,
      0.01247429796765706,
      0.0022889043376500477,
      0.009626881478226502,
      0.006056348397040851,
      0.00033354759699950334,
      0.01437686021123837,
      0.00045407351812591076,
      0.018199539431175398,
      0.0004889507587400272,
      0.000648127828908424,
      0.017383350280919436,
      0.0003030140136689995,
      0.01720463855399169,
      0.016914591222875672,
      0.004207065684656273,
      0.0036565413154434415,
      0.0002463866938229259,
      0.005191124636631985,
      0.0014638911451531841,
      0.0164007829289576,
      0.0013085940001656153,
      0.012228349872396922,
      0.00028387084832029593,
      0.000244321967636185,
      0.00023712137547208408,
      0.0008773489818055532,
      0.010116035202313262,
      0.009501455851234224,
      0.0005755181843996643,
      0.0009359769132513532,
      0.0022730329868322027,
      0.001045944886319281,
      0.0004256400708400955,
      0.016882442465265653,
      0.004126504632785429,
      0.01753127134871866,
      0.01259448521888279,
      0.0005054967361215202,
      0.013515022573579777,
      0.015105434835168977,
      0.01427479623423733,
      0.015545489451662434,
      0.0002132633878434118,
      0.01206143578683776,
      0.005302947266459711,
      0.015423728025538371,
      0.0031653793826061007,
      0.01722601668382567,
      0.01683162085420135,
      0.01729901560226087,
      0.0002943060321242273
    ],
    [
      0.02224407928984266,
      0.011844819701976103,
      0.019687317259861416,
      0.013367311989748302,
      0.02170580280773789,
      0.008468838558221649,
      0.013942822829339667,
      0.0,
      6.670594755149885e-05,
      0.00019882839986553886,
      0.00018183029493522732,
      0.00012988061633052882,
      0.009332406203770904,
      0.021888931415296384,
      0.0008183876766655464,
      0.022561534779158406,
      0.002343080194168748,
      0.00012473428964558395,
      0.006721844948332813,
      0.00016936234668279458,
      0.0158059295569797,
      0.00018572095079834092,
      0.0002469494441680705,
      0.016049253355916285,
      0.00010800151279787698,
      0.015193905287925212,
      0.017459245350146577,
      0.0016293497458474177,
      0.0014019324541143046,
      8.816238915004915e-05,
      0.0020864817908150305,
      0.0005376815967162739,
      0.0108887801092926,
      0.000510742937845103,
      0.021632088791961653,
      9.969533129660014e-05,
      8.510323108725716e-05,
      8.853747704680304e-05,
      0.0003171594412131821,
      0.022057675234025114,
      0.022516823789334072,
      0.0002153761948205075,
      0.00036984350510772086,
      0.0009269763803685748,
      0.000382653239973557,
      0.00015753618773916512,
      0.014274813032215401,
      0.0014879266830229302,
      0.01463538704439219,
      0.005425543399199581,
      0.0001854533308158486,
      0.021401861571234238,
      0.02077902111561774,
      0.022352099701714572,
      0.00910688914409894,
      7.484915083739963e-05,
      0.006300212049834523,
      0.0020028359031805487,
      0.01927664392229246,
      0.0013061023014108355,
      0.014497815640696389,
      0.019100055390850475,
      0.013673067717110462,
      0.00011037332157288497
    ],
    [
      3.176573816124834e-05,
      0.00026199605973563724,
      9.262724370081737e-05,
      0.00021501116567441408,
      2.885685222359595e-05,
      0.0004036709925549386,
      0.00018783593875366182,
      6.670594755149885e-05,
      0.0,
      0.01841089539951203,
      0.01656930475850035,
      0.02490090708161537,
      0.00033699072942028845,
      5.592579630041755e-05,
      0.005189353238326821,
      4.0822723410286504e-05,
      0.0017529702560406496,
      0.022445008214354172,
      0.0005400536566277343,
      0.020349874774232505,
      0.0001612344723325249,
      0.01732604659346768,
      0.016864157606536413,
      0.00014848619084994273,
      0.024911224528746206,
      0.00016813655961899434,
      0.00012905390143047355,
      0.0025625244764954547,
      0.002840723527488504,
      0.029804017859798585,
      0.002091132975450508,
      0.008182622655902135,
      0.0002789987138260721,
      0.00869693057454161,
      5.7322148306867625e-05,
      0.028066569794437012,
      0.029573223702902943,
      0.03180424638845617,
      0.012228521010813133,
      3.7376708408063976e-05,
      3.762293663880904e-05,
      0.01668260450408601,
      0.011084651945988434,
      0.004552161211605286,
      0.010996067261974576,
      0.021650272605722973,
      0.000183680483759308,
      0.0030796175934483566,
      0.0001844913147786918,
      0.0006999338337530395,
      0.017784516974015122,
      6.95802041874944e-05,
      8.114292423014413e-05,
      6.157595304310139e-05,
      0.0003719894342505172,
      0.0330608599070005,
      0.000609772250066147,
      0.0021856167541896127,
      0.00010751628890693737,
      0.0031083514049602226,
      0.00018161391625231413,
      0.00010985390071099932,
      0.00020345178869197127,
      0.02825407106824431
    ],
    [
      9.800453725462929e-05,
      0.0007036178241048273,
      0.0002694630146141184,
      0.0005683818451978444,
      8.980591563133324e-05,
      0.0010448028196751807,
      0.0005379654733653104,
      0.00019882839986553886,
      0.01841089539951203,
      0.0,
      0.020190035729795563,
      0.019819878982188253,
      0.0009228145294629625,
      0.00016094865535473243,
      0.01061230679689079,
      0.00012147951527896181,
      0.004551408610489921,
      0.019610607687454384,
      0.001459987106428505,
      0.02066639249723243,
      0.00047955952426237636,
      0.0195507936930103,
      0.021027150932051302,
      0.0003946694524481912,
      0.020419895414295394,
      0.0004631364380117712,
      0.0003726046389484593,
      0.006147002992578197,
      0.006735321017626604,
      0.020488696461864034,
      0.005080079634547804,
      0.015373960760351314,
      0.0007872176188817189,
      0.014104570860086613,
      0.0001676610528347946,
      0.020896949668444863,
      0.019331807659510813,
      0.01844196190052799,
      0.018604864855652003,
      0.000123057792025539,
      0.00011583039949952723,
      0.019039703342160944,
      0.016551628198323946,
      0.009036425455757655,
      0.01726938236699361,
      0.02226449443974075,
      0.00047604306488993674,
      0.006893088631553617,
      0.0005336974499511652,
      0.0018188850730301179,
      0.021360826554988294,
      0.00021402054951825223,
      0.00024280574833111313,
      0.0001793962849289914,
      0.0009510601341221463,
      0.018599036062646953,
      0.0016636081741175021,
      0.005178152816988407,
      0.00030081921786646057,
      0.007673434886491158,
      0.0005222104104578395,
      0.0003030447200139852,
      0.0005715818695702132,
      0.018809793352184207
    ],
    [
      9.050170060716001e-05,
      0.0007154061056588009,
      0.00025749220181138396,
      0.0005153907447917048,
      8.612007977201084e-05,
      0.0009436062461039204,
      0.00048470393616385695,
      0.00018183029493522732,
      0.01656930475850035,
      0.020190035729795563,
      0.0,
      0.018699336611953082,
      0.000832480437169941,
      0.0001595910797804487,
      0.010232554665081096,
      0.00010991629971393382,
      0.004427308303035386,
      0.023240269224647035,
      0.0013293838741753824,
      0.020507174209251258,
      0.0004133006493648062,
      0.0222644996232215,
      0.018071182053732364,
      0.0003630489223677376,
      0.02308934539057538,
      0.00043563275831670325,
      0.0003413119243509739,
      0.006262427601785841,
      0.007456338614673366,
      0.020001508910441123,
      0.004594035082606041,
      0.014792207769215998,
      0.0006966389110751132,
      0.014338679867652844,
      0.00017918251277116419,
      0.01986759385530224,
      0.02011919166216366,
      0.017468558046690216,
      0.01881535128162549,
      0.00011747617725958784,
      0.00010853389270357903,
      0.020015635177264568,
      0.017449155465132486,
      0.009893597430751692,
      0.016344400236304873,
      0.020503118901642376,
      0.0004460561060278032,
      0.006218313201578367,
      0.0005196255572639765,
      0.0016205772362637258,
      0.022282538202801516,
      0.00019800847639968352,
      0.00023082619002573647,
      0.00016513056834199018,
      0.0008696665511954819,
      0.017848704649716628,
      0.0015020366091752838,
      0.004726266097424009,
      0.00030687765850541404,
      0.00885818685070168,
      0.0005085838731240044,
      0.00028092811137317983,
      0.0005271982861718038,
      0.017863201936293698
    ],
    [
      6.516492853713725e-05,
      0.0005065144867709491,
      0.00017776985207940273,
      0.0003981740062216144,
      6.0696144784207406e-05,
      0.0007129611748788564,
      0.0003298536798080335,
      0.00012988061633052882,
      0.02490090708161537,
      0.019819878982188253,
      0.018699336611953082,
      0.0,
      0.0005958844364998357,
      0.0001111115435681514,
      0.007793641009198787,
      8.5902277966454e-05,
      0.002937387543779385,
      0.0226481324925648,
      0.0009180555180297825,
      0.021190031366536837,
      0.00029390727114320933,
      0.020731455617303024,
      0.019170069231632912,
      0.000270076519808003,
      0.02203430102290565,
      0.00030653079178379213,
      0.0002432647479284872,
      0.004360916174278214,
      0.004874236720469392,
      0.023716097475432473,
      0.003749111531474005,
      0.01127363538624759,
      0.0005150917762802307,
      0.013481516872986722,
      0.00011787546368599325,
      0.02358251386899246,
      0.02291176108550879,
      0.026493170960383568,
      0.015141132563062076,
      7.511826768199668e-05,
      7.686470800348712e-05,
      0.02014618073358815,
      0.015644463679915968,
      0.007896910413784566,
      0.014608689301327029,
      0.020965027624906568,
      0.00034231050353882085,
      0.004722979134884558,
      0.0003450203459915089,
      0.0012021614106709792,
      0.019750095263459732,
      0.0001388400607478272,
      0.00015852583185618346,
      0.00011792596213705936,
      0.0006472098390164499,
      0.024953575824532063,
      0.0011142460155120768,
      0.0035752318582964,
      0.00021840484499615186,
      0.005526991780489673,
      0.0003414633826977547,
      0.00020755255842744416,
      0.00037645972862325206,
      0.025393266032249524
    ],
    [
      0.005211508337238705,
      0.015736642200916924,
      0.011169957966157452,
      0.016035980070674413,
      0.004871374659889834,
      0.01697874050546801,
      0.016339783050003727,
      0.009332406203770904,
      0.00033699072942028845,
      0.0009228145294629625,
      0.000832480437169941,
      0.0005958844364998357,
      0.0,
      0.008341798912476531,
      0.003799904683826103,
      0.006091129155659583,
      0.009383196388666583,
      0.0005921146045877699,
      0.016652346414957348,
      0.0008023840883591042,
      0.015762218793546924,
      0.0008593180016966314,
      0.0011614478738785473,
      0.014516321213924743,
      0.0005176062869084352,
      0.015416473784072777,
      0.013907346942373866,
      0.006750498820339121,
      0.005908490412625908,
      0.00043022332683315015,
      0.008169136563877003,
      0.00245381524624476,
      0.017294505328223925,
      0.0022320834667331753,
      0.008257795828295928,
      0.0005077984050774723,
      0.00042277165023529454,
      0.00042385966939645586,
      0.0014916076161295441,
      0.006127735475735029,
      0.005839239131496649,
      0.0010022494524964734,
      0.0016057290354078671,
      0.0038341469318094374,
      0.0018084367037143414,
      0.0007380245523122856,
      0.015681693793581426,
      0.006379592787793322,
      0.014703305033568785,
      0.016022778978016558,
      0.0008631423328118415,
      0.009468063475614548,
      0.010664218344471711,
      0.009074426610479499,
      0.017081970904763724,
      0.00036906130761272155,
      0.01589167401515536,
      0.008310775715917339,
      0.011573156580905165,
      0.005129329716168611,
      0.015390144043969498,
      0.012666008384662645,
      0.01561991794508719,
      0.0005200559912751421
    ],
    [
      0.025150027576113617,
      0.010269650453874398,
      0.01967132837924747,
      0.011968105762800663,
      0.025073715622325927,
      0.007183218363601563,
      0.01247429796765706,
      0.021888931415296384,
      5.592579630041755e-05,
      0.00016094865535473243,
      0.0001595910797804487,
      0.0001111115435681514,
      0.008341798912476531,
      0.0,
      0.0006765819027400948,
      0.024567359425368654,
      0.0019969960390088044,
      0.00011134406011673324,
      0.0057206613824199535,
      0.0001446257199144078,
      0.013863473699811581,
      0.00016292809676091355,
      0.00020749008999328047,
      0.015060034265212517,
      9.224538928871408e-05,
      0.01413405628324751,
      0.017009705364989778,
      0.0013592525959088193,
      0.0012240596002589508,
      7.476653862624622e-05,
      0.001738261863111134,
      0.0004553267242976775,
      0.009489160033033312,
      0.00043307131744136935,
      0.02427371261372526,
      8.608475111711193e-05,
      7.293062775371244e-05,
      7.458607133719596e-05,
      0.00026781669168412007,
      0.02508204694194855,
      0.024818274674700554,
      0.0001869103892589918,
      0.0003113501672332986,
      0.0008184987922755522,
      0.0003186716063931482,
      0.00012694210914468437,
      0.013127838137459252,
      0.0011850266153406494,
      0.01319116345868574,
      0.00453174806553252,
      0.0001591131733262695,
      0.0221883162855678,
      0.02110156404372131,
      0.023826199483137078,
      0.007697310359150836,
      6.366715040365803e-05,
      0.005222937790970168,
      0.001661460989718386,
      0.01817132468603372,
      0.0011101027800464736,
      0.013067086927371125,
      0.017900061857490216,
      0.012379150475704842,
      9.470173309004726e-05
    ],
    [
      0.0003863054756067908,
      0.0028505660012238553,
      0.0010806919289941229,
      0.0023830320293065643,
      0.00035759636523061426,
      0.004318426050608785,
      0.0022889043376500477,
      0.0008183876766655464,
      0.005189353238326821,
      0.01061230679689079,
      0.010232554665081096,
      0.007793641009198787,
      0.003799904683826103,
      0.0006765819027400948,
      0.0,
      0.00047490269471123605,
      0.013275264706829446,
      0.008338418717260815,
      0.0055800612277991405,
      0.00962072327869203,
      0.0019534252976879593,
      0.010243417257082603,
      0.011994986912626189,
      0.0017449526098601358,
      0.007518654475312914,
      0.0019404278503726553,
      0.0015080016662773316,
      0.01654570088068247,
      0.016189596790331207,
      0.006198506224032293,
      0.013803485435336507,
      0.016841750046923256,
      0.0031860076531655458,
      0.015871530573349293,
      0.0007228730975875249,
      0.007266929233345754,
      0.006333585328628669,
      0.0061083539303639954,
      0.014780032806024473,
      0.0004780081115377011,
      0.0004524936673221248,
      0.011422324725263885,
      0.01458938602068534,
      0.01726354363400202,
      0.015572619219720783,
      0.009374555330908994,
      0.002212598578625915,
      0.01656259698188854,
      0.0020782358561179572,
      0.006900801593290756,
      0.010225716557297577,
      0.0008410265690949669,
      0.0009810526150980056,
      0.0007414678021726484,
      0.004078288073787008,
      0.0054742608840869025,
      0.006099911916110734,
      0.014804102159166008,
      0.0012769851596380665,
      0.016226073250353856,
      0.002162692465325604,
      0.0012951749428375535,
      0.0023046743956778447,
      0.007243959644852982
    ],
    [
      0.032539759772030837,
      0.00789186886903914,
      0.019367682995537306,
      0.009432154440640968,
      0.03301600750979672,
      0.005175076175875715,
      0.009626881478226502,
      0.022561534779158406,
      4.0822723410286504e-05,
      0.00012147951527896181,
      0.00010991629971393382,
      8.5902277966454e-05,
      0.006091129155659583,
      0.024567359425368654,
      0.00047490269471123605,
      0.0,
      0.0013501949026213773,
      7.866014700812977e-05,
      0.004066227607731857,
      0.00010901339355024142,
      0.011483350817644638,
      0.00011934965634667844,
      0.00015456013145344146,
      0.012681194949176088,
      6.421534702248709e-05,
      0.01141764376485069,
      0.014143122873093694,
      0.0009728940512415764,
      0.0008352557778715087,
      5.40924358307579e-05,
      0.0012906077580671364,
      0.0003222817190787103,
      0.007219077528546079,
      0.00032699245453216924,
      0.02378358088238611,
      6.204057724063895e-05,
      5.18705487480971e-05,
      5.5538925970841686e-05,
      0.00018596573834494395,
      0.028358577349545753,
      0.030607155553799784,
      0.00013856333821462872,
      0.00023018823758946835,
      0.0005806659109434083,
      0.00023539599637984534,
      9.438039572927926e-05,
      0.01080158204070917,
      0.0008245605459396413,
      0.010719191380921837,
      0.003119633014810767,
      0.0001132551437216198,
      0.0223639630741278,
      0.019936870188861745,
      0.023194266852803545,
      0.0056716041168766934,
      4.6181772746364e-05,
      0.0039233834534327765,
      0.0011626634284403446,
      0.016633709003829763,
      0.0007861842357485408,
      0.01037627236516076,
      0.01567897535380307,
      0.009451585110262667,
      7.13138140991878e-05
    ],
    [
      0.001105911672721248,
      0.007285120925314371,
      0.003100360135464241,
      0.006323646779604801,
      0.001025993339728943,
      0.010228381305778505,
      0.006056348397040851,
      0.002343080194168748,
      0.0017529702560406496,
      0.004551408610489921,
      0.004427308303035386,
      0.002937387543779385,
      0.009383196388666583,
      0.0019969960390088044,
      0.013275264706829446,
      0.0013501949026213773,
      0.0,
      0.0031225350092851352,
      0.011944424332151534,
      0.003959062953149676,
      0.005345361174852234,
      0.004318769849001806,
      0.0054466125838445985,
      0.0047583782575268,
      0.002868609356636052,
      0.005322018049356776,
      0.00431671437377368,
      0.016760241337672732,
      0.016219936787090806,
      0.0022652177862269606,
      0.0166250274559316,
      0.010245005495163436,
      0.008183775319589012,
      0.009120912603850137,
      0.002047329848078475,
      0.0026570963059275323,
      0.0022250259851298386,
      0.0021424253778106906,
      0.0070346402436691526,
      0.0014016686246356082,
      0.0013095375025179322,
      0.004684753617084205,
      0.006993922960816966,
      0.012908765061434494,
      0.00774273658562963,
      0.0036916941934357376,
      0.005505643772401427,
      0.01647839997355872,
      0.005594554646307286,
      0.014007167146002891,
      0.00446309323112944,
      0.002414937103728137,
      0.002790391340219874,
      0.002183585254730948,
      0.009375054860232634,
      0.0019005136581255711,
      0.01254727714781128,
      0.01758956233083721,
      0.0034661198690416383,
      0.01514596039691136,
      0.005729687856304495,
      0.0035800259121467476,
      0.006259445409288836,
      0.002594155080580178
    ],
    [
      6.292012074854606e-05,
      0.0005116166030216242,
      0.00017944862692261733,
      0.00037199779432251986,
      5.8488366662647035e-05,
      0.0006881503442261672,
      0.00033354759699950334,
      0.00012473428964558395,
      0.022445008214354172,
      0.019610607687454384,
      0.023240269224647035,
      0.0226481324925648,
      0.0005921146045877699,
      0.00011134406011673324,
      0.008338418717260815,
      7.866014700812977e-05,
      0.0031225350092851352,
      0.0,
      0.0009362998154040236,
      0.021466019158133766,
      0.00028795863274769685,
      0.02168920374821606,
      0.018230173786072855,
      0.0002640702142435888,
      0.024533207876030878,
      0.00030697039547366027,
      0.00023443550307430722,
      0.004764153875175918,
      0.005317279712826062,
      0.02368487147773698,
      0.0035720298990926233,
      0.011968553286112968,
      0.0004930374222498059,
      0.012940481047019106,
      0.00012112640906066351,
      0.023021094642040645,
      0.0238412573040645,
      0.022783002872293828,
      0.016645717831521772,
      7.610616291292454e-05,
      7.467971595226185e-05,
      0.02012432547884682,
      0.01652842605213079,
      0.008304531747524328,
      0.014984643493873132,
      0.021762453498924212,
      0.0003341745622115685,
      0.004903863971824217,
      0.000355618847385174,
      0.0011815120565370097,
      0.021160967338203187,
      0.00013555269282377794,
      0.00015959643181517484,
      0.00011507384304875385,
      0.0006520440671427863,
      0.022527634765708144,
      0.0011045701367824443,
      0.0035475258005892274,
      0.00022016826977902542,
      0.00637911122586798,
      0.0003488622868826313,
      0.00020341795828948838,
      0.0003750838117693298,
      0.022573105839166357
    ],
    [
      0.003406554509018986,
      0.014341324187177951,
      0.008289180714418235,
      0.014057188340332717,
      0.0032151269521820554,
      0.016852313629743664,
      0.01437686021123837,
      0.006721844948332813,
      0.0005400536566277343,
      0.001459987106428505,
      0.0013293838741753824,
      0.0009180555180297825,
      0.016652346414957348,
      0.0057206613824199535,
      0.0055800612277991405,
      0.004066227607731857,
      0.011944424332151534,
      0.0009362998154040236,
      0.0,
      0.0012295110141273967,
      0.01264774895958084,
      0.0013427213720778664,
      0.0017582554889562705,
      0.011641377202148856,
      0.0008497058003181585,
      0.012540755035610076,
      0.010728062793958463,
      0.009185728050328173,
      0.00828640026911858,
      0.0006907540841189708,
      0.0107372816227227,
      0.0037739919900626607,
      0.015569555899441227,
      0.0033554284192112136,
      0.00583561742459491,
      0.0007888550124456837,
      0.0006921162916412088,
      0.0006490061679857859,
      0.0022835317974680674,
      0.004126857361266951,
      0.003848141213667423,
      0.0015700466433051358,
      0.00247717246963189,
      0.005627022483700161,
      0.0026966800783766584,
      0.0011490481411167808,
      0.01309493239834679,
      0.009076662598625938,
      0.012775413121529086,
      0.017458360535849825,
      0.001347455264673184,
      0.0068525278196197555,
      0.007683659409642854,
      0.006330356352435009,
      0.016507052745837587,
      0.0005857781271351575,
      0.016423610928571315,
      0.01083602357641756,
      0.0091258787546692,
      0.007346551122752318,
      0.013084070239020272,
      0.009955633968125753,
      0.013773201153382689,
      0.0008289171582891023
    ],
    [
      8.687217065337548e-05,
      0.000632787673387046,
      0.00023824177373791967,
      0.000494938539507627,
      7.963432912989409e-05,
      0.0009100921048252032,
      0.00045407351812591076,
      0.00016936234668279458,
      0.020349874774232505,
      0.02066639249723243,
      0.020507174209251258,
      0.021190031366536837,
      0.0008023840883591042,
      0.0001446257199144078,
      0.00962072327869203,
      0.00010901339355024142,
      0.003959062953149676,
      0.021466019158133766,
      0.0012295110141273967,
      0.0,
      0.0003867401747059215,
      0.020762711309046007,
      0.01929254860124208,
      0.0003560748325226177,
      0.021561656243214558,
      0.0004090303700890944,
      0.00031655065966452566,
      0.005541010392016487,
      0.006336707599023767,
      0.021465240916986393,
      0.00451125019609164,
      0.013362405041579747,
      0.0006529527974426838,
      0.01411394003415673,
      0.00015566671740643276,
      0.022196661539740706,
      0.021570902519914947,
      0.020790592453556595,
      0.017450977312789755,
      0.00010271055003586342,
      9.964482764703584e-05,
      0.020370037911371743,
      0.016867872733291774,
      0.009082234297086494,
      0.016543865763265945,
      0.021617408295187164,
      0.0004451103630901864,
      0.005962646305001589,
      0.000449830185410389,
      0.0015785994319285372,
      0.020277200183047798,
      0.00018076232131326555,
      0.00021042104172970186,
      0.00015714744677488616,
      0.0008450931838882708,
      0.020326473039132816,
      0.001458091433041727,
      0.004665474220237653,
      0.00027030811156985055,
      0.00714031891365733,
      0.0004476092798200196,
      0.00026782347159434635,
      0.00047778539063496176,
      0.020798662933922116
    ],
    [
      0.010248235064910427,
      0.015687943027259742,
      0.01624833608609575,
      0.01716471801372252,
      0.009879514576835089,
      0.013985117696926055,
      0.018199539431175398,
      0.0158059295569797,
      0.0001612344723325249,
      0.00047955952426237636,
      0.0004133006493648062,
      0.00029390727114320933,
      0.015762218793546924,
      0.013863473699811581,
      0.0019534252976879593,
      0.011483350817644638,
      0.005345361174852234,
      0.00028795863274769685,
      0.01264774895958084,
      0.0003867401747059215,
      0.0,
      0.00041418430381208357,
      0.0005839643291678119,
      0.017620743201696036,
      0.0002503983999639474,
      0.017756130436091172,
      0.017996807764713813,
      0.003703258436901495,
      0.003039767355282677,
      0.00021189903408700854,
      0.0045978986461347,
      0.001272940078262904,
      0.016623636477721342,
      0.0011173543299101555,
      0.013379742594856445,
      0.0002441972675866553,
      0.000198954272870696,
      0.00020406948773842186,
      0.0007516719697748649,
      0.01167760174907284,
      0.011625768346538891,
      0.00047648251200060567,
      0.0007971489965954167,
      0.0019396496669073368,
      0.0008890623173532611,
      0.0003672575082760494,
      0.016807554618366107,
      0.0034284507827259184,
      0.01757114261530441,
      0.01094646458666411,
      0.00043953552040367004,
      0.015382409593382228,
      0.01669408303334663,
      0.015087938839001662,
      0.014768395183422491,
      0.00017705468675029831,
      0.01142793968765921,
      0.004578249629113165,
      0.016153079855721987,
      0.002737719980536226,
      0.017602296505592467,
      0.017062633279470843,
      0.017188486597946584,
      0.0002493875601745332
    ],
    [
      9.525445364787872e-05,
      0.0007291741709910722,
      0.00026182077319255334,
      0.0005447302161389441,
      8.956801052137004e-05,
      0.0009776306774832901,
      0.0004889507587400272,
      0.00018572095079834092,
      0.01732604659346768,
      0.0195507936930103,
      0.0222644996232215,
      0.020731455617303024,
      0.0008593180016966314,
      0.00016292809676091355,
      0.010243417257082603,
      0.00011934965634667844,
      0.004318769849001806,
      0.02168920374821606,
      0.0013427213720778664,
      0.020762711309046007,
      0.00041418430381208357,
      0.0,
      0.018791600827777723,
      0.00038238673753081503,
      0.020798228803341746,
      0.00044542589193592296,
      0.0003457138757099079,
      0.006118022013446637,
      0.007391778494094989,
      0.019536538528454165,
      0.004940500169635554,
      0.014531869099578293,
      0.0007266664169974006,
      0.01501227458560233,
      0.0001819302744299203,
      0.01998313239393117,
      0.02013785651124303,
      0.018878948137078112,
      0.01768918513534897,
