{
  "config": {
    "N": 64,
    "alpha": 1.74,
    "beta": 1.0,
    "gamma": 1.0,
    "dt": 0.02,
    "T": 200.0,
    "sample_every": 25,
    "seed": 102,
    "target_initial_load": 1.0,
    "noise_fraction": 0.02,
    "eps": 1e-12,
    "device": "cuda",
    "dtype": "float64",
    "model_variant": "full"
  },
  "device_used": "cuda",
  "dtype_used": "torch.float64",
  "runtime_seconds": 19.997478800010867,
  "final_constraint_report": {
    "symmetric": true,
    "zero_diagonal": true,
    "nonnegative": true,
    "symmetry_max_abs_error": 0.0,
    "diagonal_max_abs_error": 0.0,
    "minimum_entry": 0.0
  },
  "final_chi_hhi_star": 0.34219453099682823,
  "max_chi_hhi_star": 0.34219453099682823,
  "final_lambda2": 4.078765589504696e-07,
  "final_total_weight": 17.38522592039191,
  "final_load_cv": 0.21776880413741348,
  "W_final": [
    [
      0.0,
      3.827257653376006e-08,
      4.6981868280355875e-06,
      4.172305073629478e-08,
      0.19949067635789322,
      1.946499054196314e-08,
      4.5633725399213515e-08,
      1.5141509496200778e-05,
      1.813970109157172e-11,
      5.854089831164019e-11,
      5.463244600003114e-11,
      4.078059630226757e-11,
      2.7063683218918155e-08,
      6.158756530322471e-05,
      6.361808813416751e-10,
      0.17629402862196208,
      1.6059808502254211e-09,
      5.031631101994229e-11,
      1.249701415720564e-08,
      5.311884057492948e-11,
      7.254965971309486e-08,
      5.6386712847003887e-11,
      8.59727351273482e-11,
      1.0929261662048652e-07,
      3.4051792621529795e-11,
      7.087588913424388e-08,
      3.1809833751470627e-07,
      9.186563635631329e-10,
      9.053573579495552e-10,
      2.2283847427758508e-11,
      1.2759302907755968e-09,
      4.2811424050037804e-10,
      4.3561920135092204e-08,
      3.8961738936678176e-10,
      4.609750440514721e-05,
      2.6596085468921334e-11,
      2.1277947331793796e-11,
      2.3213169705149323e-11,
      1.8968683568774382e-10,
      0.16878998197871328,
      0.17742668974289783,
      7.075185405895902e-11,
      2.1087048209298366e-10,
      7.485048638471021e-10,
      2.3122742271240562e-10,
      4.944718932199867e-11,
      5.502858152508432e-08,
      7.839623425848551e-10,
      6.271597479165436e-08,
      9.075308561376558e-09,
      5.4046662072371016e-11,
      1.6531970414494287e-05,
      7.622824835328388e-06,
      2.5315456144505276e-05,
      2.2335368820130985e-08,
      1.9932145594478983e-11,
      1.1659752613956301e-08,
      1.174518494852545e-09,
      1.2624154159685725e-06,
      9.8918026073178e-10,
      5.4615763474197576e-08,
      6.803503914309846e-07,
      4.2189520455936536e-08,
      2.890816657233462e-11
    ],
    [
      3.827257653376006e-08,
      0.0,
      3.0590002465394872e-06,
      0.07430013626273807,
      3.4626800470810266e-08,
      0.00010987825808337205,
      0.04344503628734136,
      4.2899191502273033e-07,
      2.2172803057823733e-10,
      6.563097369427922e-10,
      6.72833008196338e-10,
      4.809754661752979e-10,
      0.00024088069751065027,
      2.0280665535143036e-07,
      1.03814071367941e-08,
      5.6112690005154574e-08,
      4.1694592348889654e-08,
      6.225560016933568e-10,
      2.6690833958190256e-05,
      5.975290984731932e-10,
      0.016750512193484782,
      6.728701924572301e-10,
      1.0023975896559687e-09,
      0.009676759285093456,
      4.2582408304226324e-10,
      0.01654246607368985,
      0.0035536640782728056,
      1.8410759979633617e-08,
      1.7754390815005354e-08,
      2.6599181676318247e-10,
      2.9495535289236826e-08,
      5.716649220668994e-09,
      0.09849572990950782,
      5.4404776917811205e-09,
      2.2723052052047613e-07,
      3.078853981556091e-10,
      2.5688250847122124e-10,
      2.8112294731054633e-10,
      2.397267482423127e-09,
      5.721496024023728e-08,
      5.1216580435382234e-08,
      8.196667929982195e-10,
      2.78654905022565e-09,
      1.2522109740523422e-08,
      2.918453656428415e-09,
      5.722246640461437e-10,
      0.03261745107607502,
      1.621807525782903e-08,
      0.019324012717538374,
      1.499479609297696e-05,
      6.565902878558615e-10,
      3.568712763464731e-07,
      1.169926385728383e-06,
      2.601108001330016e-07,
      0.00016087664796282517,
      2.410576765349637e-10,
      2.1579533739970303e-05,
      2.656754066242852e-08,
      3.53738804629543e-05,
      1.7458199998462262e-08,
      0.02617658630202283,
      8.630417373582108e-05,
      0.06689494041755036,
      3.449544844459463e-10
    ],
    [
      4.6981868280355875e-06,
      3.0590002465394872e-06,
      0.0,
      3.5144391738227175e-06,
      4.3277415615184184e-06,
      8.794812648513204e-07,
      4.076183974736886e-06,
      0.0035296607509070848,
      1.2302777489275006e-10,
      3.8043981534916807e-10,
      3.670490400417339e-10,
      2.606189369692001e-10,
      1.430916161612338e-06,
      0.000710173841017137,
      4.72553323550143e-09,
      7.760014558703191e-06,
      1.5582839598104112e-08,
      3.363826282506188e-10,
      4.6538894060137855e-07,
      3.4309900006678307e-10,
      6.9682388952117225e-06,
      3.6607877743178973e-10,
      5.644557584557178e-10,
      1.1733389375353193e-05,
      2.346726812481207e-10,
      6.950047500095968e-06,
      4.1300867108322306e-05,
      7.557069089698526e-09,
      7.545805379888964e-09,
      1.5225605651965934e-10,
      1.1478313404294845e-08,
      3.0164917478214304e-09,
      2.9202618865052986e-06,
      2.663943672546968e-09,
      0.0008555708423060807,
      1.7868275294929218e-10,
      1.441807295528817e-10,
      1.4933328251871556e-10,
      1.2876929634742023e-09,
      8.893143494834627e-06,
      6.7415411323387855e-06,
      4.549228163767788e-10,
      1.414517163716279e-09,
      5.4287442006300425e-09,
      1.5205240444074287e-09,
      3.207036170728052e-10,
      4.971044869005654e-06,
      6.538756119698937e-09,
      6.5678908221923224e-06,
      2.823918731485647e-07,
      3.5700805059025746e-10,
      0.0030019300455209367,
      0.3626181716676167,
      0.0014902057385496512,
      1.0846127933140213e-06,
      1.3214647605256075e-10,
      3.9044482255944235e-07,
      1.0311932122287222e-08,
      0.0002167705892412541,
      7.553915627715873e-09,
      5.412138015414256e-06,
      0.00011024753509024218,
      3.7651306586390756e-06,
      1.8969161299606788e-10
    ],
    [
      4.172305073629478e-08,
      0.07430013626273807,
      3.5144391738227175e-06,
      0.0,
      3.763460220039414e-08,
      3.390740405538725e-05,
      0.08383824888600061,
      4.704729388455417e-07,
      1.3471162092398093e-10,
      3.883882634460675e-10,
      3.5521496287190194e-10,
      2.7855599541155933e-10,
      8.007216203125155e-05,
      2.2353334606458973e-07,
      6.00533144945879e-09,
      6.116898186247912e-08,
      2.4224921953712566e-08,
      3.332511951833472e-10,
      9.416325236788453e-06,
      3.431003757222939e-10,
      0.04041229584595465,
      3.6833388519990334e-10,
      6.005773249381699e-10,
      0.02552870911889872,
      2.369509837124147e-10,
      0.039554732216431916,
      0.01025828602358527,
      1.0199826620278058e-08,
      9.531955979151746e-09,
      1.525823892489434e-10,
      1.7286581624922274e-08,
      3.3138147870466432e-09,
      0.018188416647997824,
      3.0319946274185316e-09,
      2.370745613558898e-07,
      1.8511445660659934e-10,
      1.4761483921573186e-10,
      1.671650736663379e-10,
      1.388404951571279e-09,
      6.16970341215171e-08,
      5.3549940568892355e-08,
      4.703537758111182e-10,
      1.4767564486632611e-09,
      6.646855541143421e-09,
      1.6873996638725487e-09,
      3.298000283561726e-10,
      0.06668505505534636,
      9.388787138069742e-09,
      0.04410385597138282,
      5.1237555863559804e-06,
      3.665530290638205e-10,
      3.9680807921129045e-07,
      1.2974492064212473e-06,
      3.003325984659488e-07,
      5.0287571214727084e-05,
      1.466738933147822e-10,
      7.196930439257288e-06,
      1.5831286319765836e-08,
      4.715466543569177e-05,
      9.053256604420406e-09,
      0.05575554848741647,
      0.0001255196363823322,
      0.10300448313380219,
      2.0911497247039313e-10
    ],
    [
      0.19949067635789322,
      3.4626800470810266e-08,
      4.3277415615184184e-06,
      3.763460220039414e-08,
      0.0,
      1.7449912030107617e-08,
      4.1019297676077026e-08,
      1.3986022044152927e-05,
      1.6516633170652892e-11,
      5.374065243082657e-11,
      5.208045975179051e-11,
      3.806205693507238e-11,
      2.4218782235729124e-08,
      5.881286866134198e-05,
      5.878230131409333e-10,
      0.17618113166160798,
      1.4743332209043198e-09,
      4.686781789335897e-11,
      1.1341014195295043e-08,
      4.878632884919154e-11,
      6.633836928127003e-08,
      5.3115643617620956e-11,
      7.977785724476137e-11,
      1.0093289222083592e-07,
      3.245334009184696e-11,
      6.482757032122709e-08,
      2.9294690192149235e-07,
      8.512707896438383e-10,
      8.63971747146318e-10,
      2.0590217801575007e-11,
      1.2050568746457248e-09,
      3.9389081757829047e-10,
      3.972700218047535e-08,
      3.6652494306451534e-10,
      4.421222264644897e-05,
      2.4600791913589517e-11,
      1.9889875520109557e-11,
      2.108256908997408e-11,
      1.7627881250883077e-10,
      0.1731898311335819,
      0.17647283151825252,
      6.469695374343055e-11,
      2.0158214821322826e-10,
      7.031612993982058e-10,
      2.147173428120581e-10,
      4.456180529415277e-11,
      5.0067735283448624e-08,
      7.084887331206057e-10,
      5.717689230053092e-08,
      8.203108210375674e-09,
      5.059136878517673e-11,
      1.5535342078324444e-05,
      6.946711736405364e-06,
      2.355844959407699e-05,
      1.9655996389498915e-08,
      1.8288037867176663e-11,
      1.0272524700808157e-08,
      1.0509812487991461e-09,
      1.16510427967642e-06,
      9.506830246764874e-10,
      5.036040349784954e-08,
      6.152829225837782e-07,
      3.861804019930529e-08,
      2.6802599292990654e-11
    ],
    [
      1.946499054196314e-08,
      0.00010987825808337205,
      8.794812648513204e-07,
      3.390740405538725e-05,
      1.7449912030107617e-08,
      0.0,
      2.1671566398628597e-05,
      1.8374171129035664e-07,
      4.66824698206915e-10,
      1.368562402760738e-09,
      1.2460433892181398e-09,
      9.369371382169751e-10,
      0.2247849036046359,
      9.612959303118437e-08,
      2.61503751352642e-08,
      2.873666857776913e-08,
      1.0687387800126499e-07,
      1.1612549262028257e-09,
      0.0020770191163545057,
      1.200233291597585e-09,
      1.0882458996245041e-05,
      1.2667143964022307e-09,
      2.146411665352342e-09,
      8.357553896755547e-06,
      8.410559330187463e-10,
      1.0992165309415508e-05,
      6.16277566743503e-06,
      4.41014000036929e-08,
      4.032369659287619e-08,
      5.169665474277887e-10,
      7.379239565812805e-08,
      1.267569199857184e-08,
      0.0017567937245313644,
      1.138648828593784e-08,
      9.891899886042331e-08,
      6.38770617185047e-10,
      5.161945065321288e-10,
      5.732135483705955e-10,
      5.16187852219833e-09,
      2.8610252866648285e-08,
      2.561887329682807e-08,
      1.6362326554033475e-09,
      5.410488334821175e-09,
      2.750800416253936e-08,
      6.372047845229927e-09,
      1.1722308877618069e-09,
      1.7262402957568814e-05,
      4.349222241927047e-08,
      1.128940992214055e-05,
      0.001511524146069693,
      1.2770154312479102e-09,
      1.5475194681758664e-07,
      4.2842613061596704e-07,
      1.2300167144100808e-07,
      0.2674913287223232,
      4.862323835010914e-10,
      0.0017335843738382386,
      7.05292163970325e-08,
      2.986735910762241e-06,
      3.7354801511858495e-08,
      1.3759468314043759e-05,
      4.319631120891592e-06,
      2.8141331488146974e-05,
      7.129292639578733e-10
    ],
    [
      4.5633725399213515e-08,
      0.04344503628734136,
      4.076183974736886e-06,
      0.08383824888600061,
      4.1019297676077026e-08,
      2.1671566398628597e-05,
      0.0,
      5.281869639064962e-07,
      1.0819006394437222e-10,
      3.368829034578793e-10,
      3.0617248670947177e-10,
      2.118567559747921e-10,
      5.376208784626936e-05,
      2.4750266845533924e-07,
      5.189500927170902e-09,
      6.499347101763018e-08,
      2.0523151890052635e-08,
      2.742473913791849e-10,
      6.612590910074481e-06,
      2.886542985390993e-10,
      0.06268825468597104,
      3.030241684432245e-10,
      4.859682151008792e-10,
      0.04101462453928251,
      2.0406650745618724e-10,
      0.05928007251805504,
      0.01840655194142377,
      8.660867046789615e-09,
      7.94722993461096e-09,
      1.2823911972621428e-10,
      1.3738516315104865e-08,
      2.8380059354975557e-09,
      0.00821880639786695,
      2.371452207109044e-09,
      2.597069741201184e-07,
      1.5600793896512453e-10,
      1.2724304221800276e-10,
      1.2958878713192866e-10,
      1.1963601592795223e-09,
      7.09016503427435e-08,
      5.937505523347879e-08,
      3.8795465620293945e-10,
      1.2125014821056537e-09,
      5.1278216644310235e-09,
      1.4411480946173237e-09,
      2.8488044261586e-10,
      0.0813179149063999,
      8.147529638921291e-09,
      0.06608447848546246,
      3.566518308835067e-06,
      3.093238786166206e-10,
      4.4572911865952763e-07,
      1.5260052155214124e-06,
      3.512380342290583e-07,
      3.236845574571311e-05,
      1.19145590268213e-10,
      4.739582663762405e-06,
      1.3374643130112356e-08,
      5.881216134708253e-05,
      7.495522315378829e-09,
      0.07623586017988376,
      0.000161662392783512,
      0.08606187520133625,
      1.5890892395459872e-10
    ],
    [
      1.5141509496200778e-05,
      4.2899191502273033e-07,
      0.0035296607509070848,
      4.704729388455417e-07,
      1.3986022044152927e-05,
      1.8374171129035664e-07,
      5.281869639064962e-07,
      0.0,
      5.3534710383808754e-11,
      1.6862745643082009e-10,
      1.5575355766630857e-10,
      1.1475124438341027e-10,
      2.5616822443540793e-07,
      0.057944486955473384,
      2.063670473230375e-09,
      2.3006466833625108e-05,
      6.247627874465751e-09,
      1.4087698068697786e-10,
      1.0444132484011164e-07,
      1.4670547928799057e-10,
      8.781752741081076e-07,
      1.560298708026717e-10,
      2.4792943237088196e-10,
      1.3296437684174777e-06,
      1.0035254361045915e-10,
      8.320440740168238e-07,
      4.546367581753331e-06,
      3.1988419340409525e-09,
      3.0345469632169994e-09,
      6.364000531900515e-11,
      4.693840274721229e-09,
      1.2787758560836186e-09,
      4.59298125285872e-07,
      1.1484223995907664e-09,
      0.06298076963782624,
      7.575160766074667e-11,
      6.147953912763588e-11,
      6.715497376663315e-11,
      5.66579569295349e-10,
      2.6658945886833792e-05,
      2.085467680595149e-05,
      1.9556012795905313e-10,
      6.206134546649209e-10,
      2.296326191474899e-09,
      6.777096811270509e-10,
      1.4409751163815298e-10,
      6.193489844814324e-07,
      2.8243954425365955e-09,
      7.552677425337628e-07,
      7.079119668373256e-08,
      1.5397172625428715e-10,
      0.22050811458672812,
      0.007168903181451378,
      0.132622940588015,
      2.1280688735765659e-07,
      5.818040394082193e-11,
      9.156552691255604e-08,
      4.351276839183265e-09,
      3.185860237412771e-05,
      3.1932171765431735e-09,
      6.520850516347957e-07,
      1.2218267544747379e-05,
      4.933363691402772e-07,
      8.22997659877653e-11
    ],
    [
      1.813970109157172e-11,
      2.2172803057823733e-10,
      1.2302777489275006e-10,
      1.3471162092398093e-10,
      1.6516633170652892e-11,
      4.66824698206915e-10,
      1.0819006394437222e-10,
      5.3534710383808754e-11,
      0.0,
      1.8381327744923336e-05,
      1.4376272397185641e-05,
      0.021836424753941083,
      3.750798271905995e-10,
      4.466256840126503e-11,
      3.5945822889264845e-08,
      2.4090398525801132e-11,
      2.914385557247029e-09,
      0.0006792763837249763,
      6.270169021117283e-10,
      5.2530843168597286e-05,
      9.222083498424631e-11,
      1.7582838221157288e-05,
      1.1427595500342501e-05,
      9.42339785063952e-11,
      0.015302165043512731,
      9.611765783268758e-11,
      1.253925265178598e-10,
      4.9195321654976475e-09,
      7.136543637659456e-09,
      0.08118836660099922,
      3.47710950109906e-09,
      3.4539974136188236e-07,
      3.6003073462118893e-10,
      4.2127953978652477e-07,
      4.4600113099018806e-11,
      0.04454936138948322,
      0.08122492426632477,
      0.13650752939479524,
      2.82891104469639e-06,
      2.2585060045155038e-11,
      2.1824978723096017e-11,
      1.4250077115353837e-05,
      1.2952648915195574e-06,
      2.596868407942071e-08,
      1.0896233422181627e-06,
      9.03655887630207e-05,
      1.0435074067770231e-10,
      6.417609550911866e-09,
      1.0595633319228814e-10,
      9.78971876328441e-10,
      1.795309687570524e-05,
      5.429020144141002e-11,
      8.876703752351604e-11,
      4.54567882704242e-11,
      4.0339404639640807e-10,
      0.15495599471417726,
      7.554585131130938e-10,
      3.614034711769946e-09,
      1.5050443308656747e-10,
      1.0450083286295327e-08,
      1.0229474646381752e-10,
      1.353446762330912e-10,
      1.2382191054500973e-10,
      0.06942289792063185
    ],
    [
      5.854089831164019e-11,
      6.563097369427922e-10,
      3.8043981534916807e-10,
      3.883882634460675e-10,
      5.374065243082657e-11,
      1.368562402760738e-09,
      3.368829034578793e-10,
      1.6862745643082009e-10,
      1.8381327744923336e-05,
      0.0,
      0.09863594708778642,
      0.00015586829408237372,
      1.1499915301109912e-09,
      1.3537648748054256e-10,
      1.7064530734675978e-07,
      7.513036187911618e-11,
      1.2011777176559422e-08,
      0.013681701799163119,
      1.976325597123451e-09,
      0.07068429074106437,
      2.963793586872768e-10,
      0.09556751349996308,
      0.11194539191662774,
      2.6973231463631307e-10,
      0.00022650468932116532,
      2.8631215000029823e-10,
      3.8827043112735427e-10,
      2.0446570250411983e-08,
      3.054809309121395e-08,
      3.932329693622042e-05,
      1.3811081998714343e-08,
      5.280396465925404e-06,
      1.1241438749121443e-09,
      5.7209793734469365e-06,
      1.3749989123717808e-10,
      6.898053684882331e-05,
      3.681498946958632e-05,
      2.4672483451173456e-05,
      0.00010614712967865757,
      7.791960131926966e-11,
      7.037817627741037e-11,
      0.09905288412967803,
      2.762529008750295e-05,
      1.1315327111261958e-07,
      2.1959412414344995e-05,
      0.0552762636388205,
      2.935597182172678e-10,
      2.523295337471119e-08,
      3.323993887822481e-10,
      3.089706880599965e-09,
      0.10637846300248827,
      1.7646407635743113e-10,
      2.8166643159353345e-10,
      1.3971182634751435e-10,
      1.1600347823668083e-09,
      2.0914143690742603e-05,
      2.449324800542955e-09,
      1.3976978768060986e-08,
      4.4961732192195824e-10,
      4.868467142669428e-08,
      3.193058240207921e-10,
      3.989651083390675e-10,
      3.790665799700426e-10,
      4.61074944838657e-05
    ],
    [
      5.463244600003114e-11,
      6.72833008196338e-10,
      3.670490400417339e-10,
      3.5521496287190194e-10,
      5.208045975179051e-11,
      1.2460433892181398e-09,
      3.0617248670947177e-10,
      1.5575355766630857e-10,
      1.4376272397185641e-05,
      0.09863594708778642,
      0.0,
      0.0001343871981395763,
      1.0459576802995428e-09,
      1.3559668618242395e-10,
      1.6859208598435009e-07,
      6.869308970328568e-11,
      1.1857116312976322e-08,
      0.01340117503953532,
      1.8146700423939894e-09,
      0.06675166768888204,
      2.5772612677054547e-10,
      0.11371605597730253,
      0.09616448836771128,
      2.5035746911834246e-10,
      0.00022335398316712278,
      2.716926086778904e-10,
      3.5894837862393305e-10,
      2.1170378314208402e-08,
      3.4235239794928194e-08,
      3.358690271054497e-05,
      1.27422095169628e-08,
      5.283435941642707e-06,
      1.0032153306774922e-09,
      5.950666517515829e-06,
      1.4842313572141546e-10,
      5.870077054902553e-05,
      3.2912774189284986e-05,
      2.0154467892730213e-05,
      0.00010839208419642719,
      7.516413402010915e-11,
      6.663767323403089e-11,
      0.10553850423540521,
      2.9350175133154122e-05,
      1.2534696861379756e-07,
      2.179836949837726e-05,
      0.04949879815670962,
      2.774712094482835e-10,
      2.3289016470133136e-08,
      3.264800465756869e-10,
      2.777115282382036e-09,
      0.11118521726910298,
      1.6489674182156255e-10,
      2.7039091235877444e-10,
      1.2990067718387582e-10,
      1.0694215690223815e-09,
      1.7199067607890734e-05,
      2.23122604809662e-09,
      1.2991582815629284e-08,
      4.6297129734928515e-10,
      5.667439083701769e-08,
      3.1368603705147605e-10,
      3.7331237978005307e-10,
      3.526602671255454e-10,
      3.8610655135131255e-05
    ],
    [
      4.078059630226757e-11,
      4.809754661752979e-10,
      2.606189369692001e-10,
      2.7855599541155933e-10,
      3.806205693507238e-11,
      9.369371382169751e-10,
      2.118567559747921e-10,
      1.1475124438341027e-10,
      0.021836424753941083,
      0.00015586829408237372,
      0.0001343871981395763,
      0.0,
      7.496665765595612e-10,
      9.753898621280862e-11,
      8.736919717384343e-08,
      5.55989626307113e-11,
      6.499795690903085e-09,
      0.00526133540463837,
      1.2282804924555027e-09,
      0.00040766881143633135,
      1.8692713933646267e-10,
      0.0001620086711544665,
      0.00010691829108900705,
      1.902880733826764e-10,
      0.12223462230747094,
      1.9491891683512284e-10,
      2.619301764089149e-10,
      1.16467088960343e-08,
      1.740046367889085e-08,
      0.04932340850985249,
      8.407548440050538e-09,
      1.2881459382624373e-06,
      7.472256509495429e-10,
      1.7201253251536227e-06,
      1.0084570331746095e-10,
      0.08799517441607999,
      0.04812941566854634,
      0.028279906513960795,
      1.537218697501183e-05,
      4.978480018801581e-11,
      4.889372730424167e-11,
      0.00013534275356761339,
      6.1645530292096e-06,
      7.009930468090611e-08,
      4.721056956030526e-06,
      0.000647049956688345,
      2.1667205122604547e-10,
      1.3832091787237542e-08,
      2.2070854937121918e-10,
      1.97436977430867e-09,
      0.00015605003152594044,
      1.1925985351662653e-10,
      1.912110909363662e-10,
      9.576611492767153e-11,
      7.950123976655217e-10,
      0.022982063807783722,
      1.6048430416273355e-09,
      7.97961750081178e-09,
      3.3810780768846647e-10,
      2.7030178041218964e-08,
      2.1431298086484594e-10,
      2.828988329340725e-10,
      2.557421724048949e-10,
      0.0627458512436243
    ],
    [
      2.7063683218918155e-08,
      0.00024088069751065027,
      1.430916161612338e-06,
      8.007216203125155e-05,
      2.4218782235729124e-08,
      0.2247849036046359,
      5.376208784626936e-05,
      2.5616822443540793e-07,
      3.750798271905995e-10,
      1.1499915301109912e-09,
      1.0459576802995428e-09,
      7.496665765595612e-10,
      0.0,
      1.3530119136153564e-07,
      2.0483635466265554e-08,
      3.928563158922888e-08,
      8.547483959467168e-08,
      9.556421761785472e-10,
      0.0008336775565022096,
      1.00899630195269e-09,
      2.8939785190125577e-05,
      1.0593294491111635e-09,
      1.7509728000649428e-09,
      2.097675612766102e-05,
      6.81066810316617e-10,
      2.8378758150336776e-05,
      1.5542017532869435e-05,
      3.5430180409206856e-08,
      3.2228421211395225e-08,
      4.349836955030399e-10,
      5.701051755823946e-08,
      1.036711395424525e-08,
      0.00268325632275111,
      8.728209110287044e-09,
      1.4011655552204876e-07,
      5.438863841513584e-10,
      4.2767830849170955e-10,
      4.495097608931076e-10,
      4.179948195178657e-09,
      4.0878523409661154e-08,
      3.5180745569197323e-08,
      1.3520323682092873e-09,
      4.319493656457243e-09,
      2.0680223378509354e-08,
      5.209559198308746e-09,
      9.742437043103967e-10,
      4.281077576253959e-05,
      3.2283549352408744e-08,
      2.917979248282143e-05,
      0.0005106926543943435,
      1.0495064426645474e-09,
      2.292508327757187e-07,
      6.608706505148024e-07,
      1.7467944566526894e-07,
      0.27911991362579813,
      3.9912925894364115e-10,
      0.0006425156837099364,
      5.525765322594828e-08,
      5.554635405400831e-06,
      2.998625637591765e-08,
      3.5531681487613475e-05,
      9.141892394663893e-06,
      6.827194048805363e-05,
      5.477515561823596e-10
    ],
    [
      6.158756530322471e-05,
      2.0280665535143036e-07,
      0.000710173841017137,
      2.2353334606458973e-07,
      5.881286866134198e-05,
      9.612959303118437e-08,
      2.4750266845533924e-07,
      0.057944486955473384,
      4.466256840126503e-11,
      1.3537648748054256e-10,
      1.3559668618242395e-10,
      9.753898621280862e-11,
      1.3530119136153564e-07,
      0.0,
      1.6492983448411826e-09,
      8.311998744287644e-05,
      4.838005202151179e-09,
      1.249293670674849e-10,
      5.774588309124873e-08,
      1.2433450273609159e-10,
      3.9623090294774007e-07,
      1.3576551754079376e-10,
      2.0629386872702065e-10,
      6.197742614288849e-07,
      8.519558600095267e-11,
      3.931072391621154e-07,
      2.0742754932388228e-06,
      2.5118897627626892e-09,
      2.5118516578844336e-09,
      5.3676302593248804e-11,
      3.6050502757371186e-09,
      1.0603657301210258e-09,
      2.2639612070430302e-07,
      9.54944304343842e-10,
      0.24816948694293586,
      6.503008976146833e-11,
      5.239995526694753e-11,
      5.626909711681576e-11,
      4.72523422580591e-10,
      9.593426957569484e-05,
      7.781032419560122e-05,
      1.6819463605763208e-10,
      5.152450540987778e-10,
      1.9547360291636113e-09,
      5.560847750979456e-10,
      1.1528543313725766e-10,
      2.942407412136697e-07,
      2.1234143303773295e-09,
      3.46827368706563e-07,
      4.033393508179312e-08,
      1.3103892805068699e-10,
      0.06410971053267128,
      0.002159098257027839,
      0.12680081487465855,
      1.0871993032390095e-07,
      4.923626585678561e-11,
      5.0350955273597645e-08,
      3.3376031611922412e-09,
      1.2850432720471523e-05,
      2.5895983900002973e-09,
      3.025313571584699e-07,
      5.115533889195574e-06,
      2.35067756605428e-07,
      7.019300820394316e-11
    ],
    [
      6.361808813416751e-10,
      1.03814071367941e-08,
      4.72553323550143e-09,
      6.00533144945879e-09,
      5.878230131409333e-10,
      2.61503751352642e-08,
      5.189500927170902e-09,
      2.063670473230375e-09,
      3.5945822889264845e-08,
      1.7064530734675978e-07,
      1.6859208598435009e-07,
      8.736919717384343e-08,
      2.0483635466265554e-08,
      1.6492983448411826e-09,
      0.0,
      8.206840699899366e-10,
      8.39887488790723e-05,
      1.3030479912529818e-07,
      4.1307345808047536e-08,
      1.3703193920876342e-07,
      4.200909535812742e-09,
      1.646004426995945e-07,
      2.8336952562300025e-07,
      4.055343846951717e-09,
      8.45429593960344e-08,
      4.188197243159113e-09,
      5.193166091192301e-09,
      0.0003055388240412292,
      0.000842124479872525,
      4.576216963044005e-08,
      0.00010571477965486457,
      4.602022253528707e-06,
      1.834591021417587e-08,
      3.555345846898333e-06,
      1.7256089570022597e-09,
      6.138168325572084e-08,
      4.636251350680437e-08,
      4.497074396894593e-08,
      1.0032271813588273e-06,
      8.454973942472791e-10,
      7.65060310998109e-10,
      2.2233972694872344e-07,
      1.1931624299564178e-06,
      0.5304972003316405,
      1.4551917408360441e-06,
      1.311530275290834e-07,
      4.877217849641483e-09,
      0.0002832453593153984,
      4.579991481664219e-09,
      8.411664184290359e-08,
      1.5759372288785827e-07,
      2.057240879794302e-09,
      3.464898346852241e-09,
      1.6952685924264833e-09,
      2.2013959689799536e-08,
      3.87494609843529e-08,
      5.5130716191400794e-08,
      9.895272140635347e-05,
      6.101317791288168e-09,
      0.0020665555628499987,
      4.718873067070061e-09,
      5.503831044836706e-09,
      5.606177060131691e-09,
      5.994419156282882e-08
    ],
    [
      0.17629402862196208,
      5.6112690005154574e-08,
      7.760014558703191e-06,
      6.116898186247912e-08,
      0.17618113166160798,
      2.873666857776913e-08,
      6.499347101763018e-08,
      2.3006466833625108e-05,
      2.4090398525801132e-11,
      7.513036187911618e-11,
      6.869308970328568e-11,
      5.55989626307113e-11,
      3.928563158922888e-08,
      8.311998744287644e-05,
      8.206840699899366e-10,
      0.0,
      2.1231896876761366e-09,
      6.506426720915548e-11,
      1.806349568672131e-08,
      6.89860988261136e-11,
      1.0535273374227696e-07,
      7.314276743582767e-11,
      1.1275474060819366e-10,
      1.599936999802757e-07,
      4.375577437798441e-11,
      1.0255448023849188e-07,
      4.6150608495476203e-07,
      1.2252293941974524e-09,
      1.1815057230262311e-09,
      2.8674383130706308e-11,
      1.7693568597528317e-09,
      5.418591692721034e-10,
      6.492642785627635e-08,
      5.215880630090813e-10,
      6.357232392851768e-05,
      3.45880970653288e-11,
      2.751978773987438e-11,
      3.094043853057254e-11,
      2.398312516912754e-10,
      0.17038100037757306,
      0.1772741406211176,
      9.159262614482815e-11,
      2.7780761865456906e-10,
      9.794779342624008e-10,
      2.991771735056953e-10,
      6.312879338158002e-11,
      8.047749943531985e-08,
      1.011076318187405e-09,
      9.105367858915463e-08,
      1.2964461439223559e-08,
      6.860744298668141e-11,
      2.508781995104143e-05,
      1.2155332943254646e-05,
      3.639243287122331e-05,
      3.243743822844172e-08,
      2.638425924804053e-11,
      1.6979876540976677e-08,
      1.552049991728548e-09,
      1.918482950478618e-06,
      1.2749217722752835e-09,
      7.930928720081266e-08,
      9.920725663061215e-07,
      6.201214388079945e-08,
      3.8998699239598286e-11
    ],
    [
      1.6059808502254211e-09,
      4.1694592348889654e-08,
      1.5582839598104112e-08,
      2.4224921953712566e-08,
      1.4743332209043198e-09,
      1.0687387800126499e-07,
      2.0523151890052635e-08,
      6.247627874465751e-09,
      2.914385557247029e-09,
      1.2011777176559422e-08,
      1.1857116312976322e-08,
      6.499795690903085e-09,
      8.547483959467168e-08,
      4.838005202151179e-09,
      8.39887488790723e-05,
      2.1231896876761366e-09,
      0.0,
      9.161698097949463e-09,
      1.5584671370148314e-07,
      9.843701474806283e-09,
      1.6353115110372232e-08,
      1.1332008347070699e-08,
      1.963615330531934e-08,
      1.524088853595359e-08,
      6.4573631891123695e-09,
      1.6340994567291544e-08,
      1.941040884361536e-08,
      0.03631817122603622,
      0.005024570378540157,
      3.6535234820853502e-09,
      0.22764739012056595,
      3.735788166696943e-07,
      7.678298423987371e-08,
      2.5694848705295073e-07,
      4.895161288483126e-09,
      4.7130900318429185e-09,
      3.5850918020356863e-09,
      3.568372380769369e-09,
      6.300874703298747e-08,
      2.2553738478330186e-09,
      1.9957571830483744e-09,
      1.4431038678136934e-08,
      7.106484068423133e-08,
      9.639864970690914e-05,
      9.086336294168033e-08,
      9.296272524157631e-09,
      1.7874751635142745e-08,
      0.04354495982868129,
      1.761738216283667e-08,
      2.978324793527123e-07,
      1.1334274463165888e-08,
      6.178670381306425e-09,
      1.0928454328650161e-08,
      5.1238242428088585e-09,
      8.650331882309224e-08,
      3.135818780606315e-09,
      1.991175795352284e-07,
      0.2435541259904214,
      2.0310998148018258e-08,
      0.0021973742274494323,
      1.8145239368375418e-08,
      1.9232561148701805e-08,
      2.2949638489803258e-08,
      4.555801053963333e-09
    ],
    [
      5.031631101994229e-11,
      6.225560016933568e-10,
      3.363826282506188e-10,
      3.332511951833472e-10,
      4.686781789335897e-11,
      1.1612549262028257e-09,
      2.742473913791849e-10,
      1.4087698068697786e-10,
      0.0006792763837249763,
      0.013681701799163119,
      0.01340117503953532,
      0.00526133540463837,
      9.556421761785472e-10,
      1.249293670674849e-10,
      1.3030479912529818e-07,
      6.506426720915548e-11,
      9.161698097949463e-09,
      0.0,
      1.6123784792142798e-09,
      0.044813193233156676,
      2.34373063695073e-10,
      0.01422673736983191,
      0.00871118053950524,
      2.3804745512210706e-10,
      0.007074609547440908,
      2.4980789361956927e-10,
      3.229076427016351e-10,
      1.7026618324391928e-08,
      2.5575246503158533e-08,
      0.00153993817466527,
      1.068684155239166e-08,
      2.3725610131080775e-06,
      9.168369109537475e-10,
      2.926697872402856e-06,
      1.3245253492736844e-10,
      0.00276825158778658,
      0.001518705917612509,
      0.0008920167289616683,
      4.435087617503917e-05,
      6.445632360522858e-11,
      6.070509180135816e-11,
      0.011282455808942046,
      1.3539715523587287e-05,
      1.0194329452089123e-07,
      9.785837921253425e-06,
      0.07205994730836555,
      2.707580127206589e-10,
      1.9288982231174756e-08,
      2.911943215823526e-10,
      2.5068403741948283e-09,
      0.014195547373856468,
      1.4884453504815301e-10,
      2.461135354332591e-10,
      1.1945046272674714e-10,
      1.027775676646972e-09,
      0.0007427259062070189,
      2.051516896291419e-09,
      1.0549212239369965e-08,
      4.3589920489633285e-10,
      4.217069737047694e-08,
      2.8028783565133297e-10,
      3.5459778058833633e-10,
      3.2625263372898285e-10,
      0.0018253871007482701
    ],
    [
      1.249701415720564e-08,
      2.6690833958190256e-05,
      4.6538894060137855e-07,
      9.416325236788453e-06,
      1.1341014195295043e-08,
      0.0020770191163545057,
      6.612590910074481e-06,
      1.0444132484011164e-07,
      6.270169021117283e-10,
      1.976325597123451e-09,
      1.8146700423939894e-09,
      1.2282804924555027e-09,
      0.0008336775565022096,
      5.774588309124873e-08,
      4.1307345808047536e-08,
      1.806349568672131e-08,
      1.5584671370148314e-07,
      1.6123784792142798e-09,
      0.0,
      1.6667850740812102e-09,
      3.4175463641016964e-06,
      1.7984054503721699e-09,
      2.9204037576765412e-09,
      2.5428768109703095e-06,
      1.18468905085873e-09,
      3.3883414605706057e-06,
      2.09802006454031e-06,
      6.932282716739686e-08,
      6.454480262062133e-08,
      7.340713006604664e-10,
      1.0772990823526422e-07,
      1.9509663248961385e-08,
      0.000168853565524201,
      1.587709422244748e-08,
      6.064190482492667e-08,
      8.922780105416606e-10,
      7.357419453806943e-10,
      7.223880821350457e-10,
      7.259253641274055e-09,
      1.887044667269638e-08,
      1.6070802599717298e-08,
      2.3190617556826313e-09,
      7.665717410608695e-09,
      4.191117503501099e-08,
      9.017026336465298e-09,
      1.6283315810071883e-09,
      5.066471120613949e-06,
      6.609749516810865e-08,
      3.627111701535861e-06,
      0.298456559295016,
      1.776997483922733e-09,
      9.554632860355968e-08,
      2.4245312189014666e-07,
      7.2719902702452e-08,
      0.0010669230835603186,
      6.624765300320035e-10,
      0.29222909997280216,
      1.0414691869966842e-07,
      1.2023784869632582e-06,
      6.073475492603296e-08,
      4.289296245735393e-06,
      1.635249949544168e-06,
      8.030545850418401e-06,
      9.227239428439319e-10
    ],
    [
      5.311884057492948e-11,
      5.975290984731932e-10,
      3.4309900006678307e-10,
      3.431003757222939e-10,
      4.878632884919154e-11,
      1.200233291597585e-09,
      2.886542985390993e-10,
      1.4670547928799057e-10,
      5.2530843168597286e-05,
      0.07068429074106437,
      0.06675166768888204,
      0.00040766881143633135,
      1.00899630195269e-09,
      1.2433450273609159e-10,
      1.3703193920876342e-07,
      6.89860988261136e-11,
      9.843701474806283e-09,
      0.044813193233156676,
      1.6667850740812102e-09,
      0.0,
      2.4296626976774115e-10,
      0.07023993282367764,
      0.05534072324112264,
      2.475166362099703e-10,
      0.0005972469971343529,
      2.5697110403416464e-10,
      3.3582554971297515e-10,
      1.711334581511066e-08,
      2.645317749661627e-08,
      0.00010612758030622009,
      1.1505322061445642e-08,
      3.166421863870259e-06,
      9.43271788187754e-10,
      3.8133813156826263e-06,
      1.3045757300432783e-10,
      0.00018600789755366805,
      0.00010406487229896707,
      6.959022385996709e-05,
      6.766801961992773e-05,
      6.655119767043824e-11,
      6.19598976934927e-11,
      0.06314871923457198,
      1.819364732479567e-05,
      1.0081239686164541e-07,
      1.3774163713235479e-05,
      0.11347113527263289,
      2.787024279861614e-10,
      2.0276263524848604e-08,
      2.845881964127308e-10,
      2.6631775606473943e-09,
      0.06982025369844977,
      1.5223042487608217e-10,
      2.4912303005362676e-10,
      1.2504450286463555e-10,
      1.039189380315105e-09,
      5.844985171611227e-05,
      2.1416067025129096e-09,
      1.1797640796413476e-08,
      4.11705693298694e-10,
      4.145781399370891e-08,
      2.779345476470847e-10,
      3.5923582142450405e-10,
      3.2153665800518594e-10,
      0.00012714249737135359
    ],
    [
      7.254965971309486e-08,
      0.016750512193484782,
      6.9682388952117225e-06,
      0.04041229584595465,
      6.633836928127003e-08,
      1.0882458996245041e-05,
      0.06268825468597104,
      8.781752741081076e-07,
      9.222083498424631e-11,
      2.963793586872768e-10,
      2.5772612677054547e-10,
      1.8692713933646267e-10,
      2.8939785190125577e-05,
      3.9623090294774007e-07,
      4.200909535812742e-09,
      1.0535273374227696e-07,
      1.6353115110372232e-08,
      2.34373063695073e-10,
      3.4175463641016964e-06,
      2.4296626976774115e-10,
      0.0,
      2.5339182720436944e-10,
      4.3109517752149177e-10,
      0.08374705500798117,
      1.6709994097079774e-10,
      0.09211328293292886,
      0.05039030344168629,
      7.059591943799968e-09,
      6.167249519656954e-09,
      1.0940792578335498e-10,
      1.109429134997916e-08,
      2.386768284276435e-09,
      0.0025817441765759513,
      1.9631149615189187e-09,
      4.134268821497137e-07,
      1.3304049285527072e-10,
      1.0279606042176728e-10,
      1.1065497878568343e-10,
      1.004606104029009e-09,
      1.121560836267876e-07,
      9.817690202163814e-08,
      3.1666725193795804e-10,
      1.0098732638058022e-09,
      4.143769571845636e-09,
      1.196024458845251e-09,
      2.4306931626937505e-10,
      0.07233799374277684,
      6.280996825525107e-09,
      0.09068057645956491,
      1.7932934550829679e-06,
      2.6555108814638133e-10,
      7.437145698579287e-07,
      2.5470383746543063e-06,
      5.456979204739402e-07,
      1.6989438507299956e-05,
      9.820005128855828e-11,
      2.5476635671311036e-06,
      1.0551489515386656e-08,
      0.00012054826687451158,
      6.079303134905376e-09,
      0.08220691168504772,
      0.0003048518003916821,
      0.04475231813659526,
      1.3346301165517963e-10
    ],
    [
      5.6386712847003887e-11,
      6.728701924572301e-10,
      3.6607877743178973e-10,
