0.000000000000000000e+00,4.418227073389517331e-05,2.685394308896022712e-03,6.167275780707481088e-05,1.126538794329334514e-01,1.953889597309906975e-05,7.248486057200806973e-05,1.063948075280914812e-02,2.787361703571412413e-08,8.537314792621342513e-08,7.958226601217835147e-08,5.304207916823016802e-08,2.628320752255337356e-05,2.645695992040466779e-02,6.004316862820853297e-07,9.452220143909806360e-02,2.205181125230458721e-06,5.078797787099782594e-08,1.443933375229138993e-05,7.236919272372133430e-08,1.146891913627062250e-04,8.255896513954164742e-08,1.136296961263583516e-07,1.559128810521300641e-04,4.149384641750377524e-08,1.121732226121886636e-04,3.038895592127169895e-04,1.235993938963862862e-06,1.048513600905651432e-06,3.559282183589965108e-08,1.828688487381121008e-06,3.895425923428082745e-07,3.390833126548460836e-05,3.605546374078245216e-07,2.292134771370921142e-02,3.985778425242493308e-08,3.402931452473949231e-08,3.647451446915407741e-08,1.659774280125850256e-07,8.821753087172723440e-02,9.729820896035726308e-02,9.948563552786145098e-08,2.119565381250799938e-07,7.269217868517829166e-07,2.274512650715693588e-07,6.287494793858261591e-08,8.825860143917828055e-05,1.065235531965475910e-06,1.002230464871038044e-04,1.034612203867378891e-05,7.973133355773714703e-08,1.157728270592182918e-02,4.798481193420027664e-03,1.645324276587765283e-02,2.293150437683024343e-05,3.091085022789344996e-08,1.360763778081635447e-05,1.688754253410777945e-06,8.407044677641316343e-04,9.926850562781802736e-07,8.855948791646164517e-05,5.170280300348502550e-04,6.390272913047825615e-05,4.506810235734382098e-08
4.418227073389517331e-05,0.000000000000000000e+00,1.338787747927152856e-03,4.202313780773721252e-02,4.027267183268426216e-05,2.109260904761286678e-02,3.652422246332980016e-02,3.382651158541232525e-04,2.313132180103469556e-07,6.497765688763687987e-07,6.653316085640962016e-07,4.247377789157688405e-07,2.909287470363047454e-02,1.588350415885659986e-04,6.649710010205555139e-06,6.111094613698896192e-05,3.887175829634737304e-05,4.266162853057581035e-07,1.096002420697501402e-02,5.526701263105834423e-07,2.802240682801994745e-02,6.688023050338088471e-07,8.994743111839065375e-07,2.292699015482178165e-02,3.522808200072175531e-07,2.869212346256217946e-02,1.397512737624297986e-02,1.680833440443108931e-05,1.395098371229629141e-05,2.884458367612441284e-07,2.869949100036151769e-05,3.530528833010108701e-06,4.331159681246452009e-02,3.417403178514261630e-06,1.837475896256082135e-04,3.132656971766170171e-07,2.789248096822216570e-07,2.999117297585267017e-07,1.423893542691724703e-06,6.055639748299409744e-05,5.684623430873016442e-05,7.824463217143832636e-07,1.901146755458059941e-06,8.251588232355492521e-06,1.948748129636968425e-06,4.939794930152361051e-07,3.527857721107689054e-02,1.496407335851473402e-05,3.063510482268125279e-02,6.793861443052373432e-03,6.575571182661082591e-07,2.903410265375046739e-04,6.748492404798727123e-04,2.217304291966777435e-04,2.619017583468923049e-02,2.538087286613128862e-07,9.497036951646754821e-03,2.594072987125030345e-05,5.632886723151555274e-03,1.188329657247060649e-05,3.351952580434396090e-02,8.918692257731113127e-03,4.180648060568650098e-02,3.651382819069872203e-07
2.685394308896022712e-03,1.338787747927152856e-03,0.000000000000000000e+00,1.910973812428140876e-03,2.512277318778835620e-03,3.843514520792274129e-04,2.337972236849180686e-03,3.408238347424312475e-02,8.445048259242022325e-08,2.478646065358729885e-07,2.388604710748794305e-07,1.514363009496862299e-07,5.915484001944704530e-04,1.736696875283832292e-02,1.993284915436416846e-06,3.931432658136857841e-03,9.573512231581547319e-06,1.516832758153585347e-07,2.380188934018387793e-04,2.088253181643185230e-07,3.784734792756564489e-03,2.394529740171371493e-07,3.333126952226295807e-07,5.455839066858883535e-03,1.277496292907554080e-07,3.781897624812502728e-03,1.066948919047131655e-02,4.545437087480836984e-06,3.906111761812058491e-06,1.086409714088259715e-07,7.358550402977208803e-06,1.226436882785520549e-06,9.024443684468030913e-04,1.101530973335782469e-06,1.986728685182252360e-02,1.196281289951327988e-07,1.030100261157981743e-07,1.048235643466505162e-07,5.034041567414907983e-07,4.228577430320010384e-03,3.530283093189928809e-03,2.857785575838438909e-07,6.352214853334665811e-07,2.356042109119573676e-06,6.682780689675554444e-07,1.821795775574483786e-07,2.825117273993692137e-03,3.973520497314653547e-06,3.640779590128209991e-03,1.430224627426384787e-04,2.352867732920748851e-07,3.328307405014266362e-02,5.406081331784266114e-02,2.506104209363084132e-02,4.799131625486267373e-04,9.154897839475374375e-08,2.019783141550110159e-04,6.632962619112756062e-06,2.868157450916721321e-02,3.387407231041891322e-06,3.094465070162086013e-03,1.794586862918437498e-02,2.085322532752197956e-03,1.321158381235365637e-07
6.167275780707481088e-05,4.202313780773721252e-02,1.910973812428140876e-03,0.000000000000000000e+00,5.604687017367619619e-05,1.334038343417808838e-02,4.439715599363835280e-02,4.723193185357011411e-04,1.799164839052086917e-07,4.922904055316417742e-07,4.496920754363925474e-07,3.149110059545314850e-07,2.002711883322409736e-02,2.235300952203019627e-04,4.925857860826767423e-06,8.528232980862485591e-05,2.892895809901724566e-05,2.923545603362009475e-07,6.460808351319377411e-03,4.062744518457079731e-07,3.759049874886272180e-02,4.687051015484880684e-07,6.899514056760161170e-07,3.296079566388609994e-02,2.509565629334615301e-07,3.758159850757401138e-02,2.100776411395191556e-02,1.192640393739958192e-05,9.592379513288148285e-06,2.118252255318743560e-07,2.154355158961744331e-05,2.620417272807235434e-06,3.345454228648017669e-02,2.438469308935828762e-06,2.446737730917791722e-04,2.411282607674670435e-07,2.051908681806919255e-07,2.283065462543653722e-07,1.055832660985692254e-06,8.359154427773375629e-05,7.609064854458280896e-05,5.748218396028025464e-07,1.289960780817306500e-06,5.608815131810814162e-06,1.442593925682138767e-06,3.644902035658364304e-07,4.235400104048465258e-02,1.109516921940303810e-05,3.798875593145645269e-02,3.780699027604549067e-03,4.699738448758813411e-07,4.112632985038620187e-04,9.463138582557008337e-04,3.265636898104899081e-04,1.676886250877098611e-02,1.977044219660961069e-07,5.192337127006852945e-03,1.979915007890610805e-05,7.852142250785299968e-03,7.891618851959824544e-06,4.020324583059566026e-02,1.301101714274428486e-02,4.509906694726594639e-02,2.833722226294421897e-07
1.126538794329334514e-01,4.027267183268426216e-05,2.512277318778835620e-03,5.604687017367619619e-05,0.000000000000000000e+00,1.764526204885044462e-05,6.564414214775241452e-05,9.984828597109021361e-03,2.557701286097851939e-08,7.898074555653431498e-08,7.645489326314416654e-08,4.989134028819651729e-08,2.369398732976915224e-05,2.554529999805014648e-02,5.590522817897263864e-07,9.510221588654095559e-02,2.039741910496595425e-06,4.767522180394246487e-08,1.320028271824004982e-05,6.698278459392640897e-08,1.056642810184657506e-04,7.837418072813028901e-08,1.062593890956798693e-07,1.450890486891539383e-04,3.985397306248560271e-08,1.033779676890002704e-04,2.820661516631263184e-04,1.154078563501125811e-06,1.008253163659908736e-06,3.314364113289973767e-08,1.740245056221130916e-06,3.611684798434537424e-07,3.115378909765499399e-05,3.418069010787063507e-07,2.231166069633565632e-02,3.715424576811241103e-08,3.205702427905920142e-08,3.338435457044303700e-08,1.554393870278392407e-07,9.210024378957194779e-02,9.706007922885040440e-02,9.167768028189617731e-08,2.041910326683981080e-07,6.881434769111713170e-07,2.128442390505940621e-07,5.710254423853800277e-08,8.090775813873727121e-05,9.700085902185133865e-07,9.206203972849153383e-05,9.420821743269751478e-06,7.521378355270127479e-08,1.106689894990836760e-02,4.443523772658451547e-03,1.551985907986436208e-02,2.032922211672970054e-05,2.858190037498369795e-08,1.207698373615430826e-05,1.522581399357989593e-06,7.829464072307213340e-04,9.613913039375747573e-07,8.227676796117210849e-05,4.713991237625991316e-04,5.893314082662898338e-05,4.211051762578282672e-08
1.953889597309906975e-05,2.109260904761286678e-02,3.843514520792274129e-04,1.334038343417808838e-02,1.764526204885044462e-05,0.000000000000000000e+00,1.040550432086563906e-02,1.289007593793563961e-04,4.213888048715584613e-07,1.172173020171869698e-06,1.065876744478317130e-06,7.158360424824820091e-07,5.349836199082075999e-02,6.618776538403568625e-05,1.447438373398993422e-05,2.723287279731455423e-05,8.602109879854201522e-05,6.884430094554901662e-07,5.432519390746303606e-02,9.603988699395229867e-07,6.109768365013998857e-03,1.089174862166675292e-06,1.666182510379934836e-06,4.559313304928365278e-03,6.019839216360452229e-07,6.199732621638185705e-03,2.512308248296402091e-03,3.477650089252902639e-05,2.737035041335219475e-05,4.850444601615598217e-07,6.200092119527318203e-05,6.768727669215188280e-06,3.387327619539685919e-02,6.184668794770093065e-06,7.039785039626804939e-05,5.623308847127834238e-07,4.849390997349404855e-07,5.291134527501540102e-07,2.651847305655102200e-06,2.635568418287150154e-05,2.473762128998925036e-05,1.351171961611578025e-06,3.192492714584868594e-06,1.566258127323356332e-05,3.679828191283177718e-06,8.754820072895865651e-07,8.852520588299191487e-03,3.466208070950045834e-05,6.339271687854182089e-03,4.382128046384570902e-02,1.106373927991904888e-06,1.117130787515811086e-04,2.268000513570024286e-04,9.259015406575018116e-05,6.227366545413896837e-02,4.429600422084630511e-07,4.943352630359370420e-02,5.946717964452529414e-05,1.085570058415565899e-03,2.196484223668098364e-05,7.488734669206401594e-03,1.616574371535677837e-03,1.185547145106379333e-02,6.529292828343098244e-07
7.248486057200806973e-05,3.652422246332980016e-02,2.337972236849180686e-03,4.439715599363835280e-02,6.564414214775241452e-05,1.040550432086563906e-02,0.000000000000000000e+00,5.673847319114804118e-04,1.554106341060798489e-07,4.592703891581202897e-07,4.168870177791539518e-07,2.575994257784007883e-07,1.681070511398870260e-02,2.653612559969515381e-04,4.578711004365319796e-06,9.735991964686060464e-05,2.636455183241337636e-05,2.587655556359620806e-07,5.241211892409370320e-03,3.676257702203776163e-07,4.304648777530136611e-02,4.147288870113811528e-07,6.004789282987104206e-07,3.644276090709854671e-02,2.324560695221962216e-07,4.076545911983124604e-02,2.504680038806637865e-02,1.089349290431515773e-05,8.602864573125345167e-06,1.914801050019820853e-07,1.841816586425025075e-05,2.413848989745830527e-06,2.807883506063106258e-02,2.051425408652938112e-06,2.872966476992989612e-04,2.185680569459491836e-07,1.902350033201498072e-07,1.903546465425419926e-07,9.785488486997034123e-07,1.032154597120091353e-04,9.065395947537960059e-05,5.099413450477643277e-07,1.139169229749462916e-06,4.654353640418197351e-06,1.325190417285965629e-06,3.386337408370398873e-07,4.248716079380557981e-02,1.035719968903171604e-05,4.254314565648380231e-02,3.009811595153034751e-03,4.265631185298663941e-07,4.944905335077247506e-04,1.185965617769511957e-03,4.092036221353017363e-04,1.329764223294911674e-02,1.727304783858298593e-07,3.922482367715524401e-03,1.799339423059985772e-05,9.344814282153283275e-03,7.028121213867025754e-06,4.305633552988751694e-02,1.597445940302093595e-02,4.396239317039975225e-02,2.316038963125227656e-07
1.063948075280914812e-02,3.382651158541232525e-04,3.408238347424312475e-02,4.723193185357011411e-04,9.984828597109021361e-03,1.289007593793563961e-04,5.673847319114804118e-04,0.000000000000000000e+00,5.759439983338789918e-08,1.721904030647616921e-07,1.588566866569498106e-07,1.045023351472594862e-07,1.730910037789510291e-04,4.882292835621487859e-02,1.364339899836023429e-06,1.405995383867357854e-02,6.014833390838977442e-06,9.956081427518037224e-08,8.460287615078792135e-05,1.399457936918209804e-07,9.259228602722023539e-04,1.599564555834718058e-07,2.294581593320586835e-07,1.244013941320239831e-03,8.561863703415397052e-08,8.786858803582547547e-04,2.639920531830717079e-03,3.015650310921822721e-06,2.462130686999555456e-06,7.116890868219459576e-08,4.715824319615099697e-06,8.148875515162835982e-07,2.459209003766286723e-04,7.442728873010452741e-07,5.197154545095464956e-02,7.948505984419897584e-08,6.884036890379006859e-08,7.387970245774765726e-08,3.471552005036963460e-07,1.507326781216057968e-02,1.323207555766036519e-02,1.925409258600075028e-07,4.368156635669572752e-07,1.562036213623151555e-06,4.668370568282820511e-07,1.282927823962772169e-07,6.685544146515728665e-04,2.689872631144578148e-06,8.071173750768425139e-04,5.662060658214673151e-05,1.590422041382401986e-07,6.277998064268898448e-02,5.210886980103999339e-02,6.094460385332814423e-02,1.523977669496600555e-04,6.317097666004408063e-08,7.492763330448106427e-05,4.386121967092161405e-06,9.167564217604869461e-03,2.244488943794918908e-06,7.105173896646932268e-04,4.984238752946060745e-03,5.067796664343578476e-04,8.983605412389427361e-08
2.787361703571412413e-08,2.313132180103469556e-07,8.445048259242022325e-08,1.799164839052086917e-07,2.557701286097851939e-08,4.213888048715584613e-07,1.554106341060798489e-07,5.759439983338789918e-08,0.000000000000000000e+00,9.327525553418253637e-03,7.735824474134280100e-03,3.636587816326532219e-02,3.282446283000437258e-07,4.709295182858401164e-08,3.056338548376082983e-05,3.491244230078158865e-08,3.598443653807780160e-06,2.338599044928671086e-02,6.512234743798423230e-07,1.501546784657723822e-02,1.322318289940271514e-07,8.906663694086649694e-03,6.301039832287625569e-03,1.222034496792969847e-07,3.379130215434026502e-02,1.379878195063123128e-07,1.101368862573287009e-07,5.961443504310071289e-06,7.449477666302569992e-06,5.614144752194806520e-02,4.480702717372280877e-06,2.758751769585846914e-04,2.529635463542458102e-07,3.408928193901058167e-04,4.859558331731476465e-08,4.691164565296241512e-02,5.597167124653538994e-02,6.661567873743436119e-02,1.738137678210948615e-03,3.182294806991888697e-08,3.223961694701484314e-08,7.556418106014727021e-03,1.051398127001757898e-03,2.276110796044956500e-05,8.843396956393456514e-04,1.792955015565666013e-02,1.516508143268082333e-07,7.820686730031711507e-06,1.535508299361035287e-07,1.001987071162753255e-06,9.158549667037626726e-03,6.006315981329342231e-08,7.253363266139270140e-08,5.242512151106336065e-08,3.727109881011477421e-07,7.194596599626358613e-02,7.938397291530479906e-07,4.666045048640828519e-06,9.736710222524482812e-08,9.483051847167122374e-06,1.503398304411430178e-07,9.612671633226816845e-08,1.695403324681335980e-07,5.142608815912477066e-02
8.537314792621342513e-08,6.497765688763687987e-07,2.478646065358729885e-07,4.922904055316417742e-07,7.898074555653431498e-08,1.172173020171869698e-06,4.592703891581202897e-07,1.721904030647616921e-07,9.327525553418253637e-03,0.000000000000000000e+00,4.256916647546928056e-02,2.290069601424970722e-02,9.550133571737116622e-07,1.354839791624278592e-07,1.371917101905593234e-04,1.033400887648462660e-07,1.405139180831000705e-05,3.010068241331426489e-02,1.947366646640651791e-06,3.976142389675113575e-02,4.033315662356834388e-07,4.115858979375575100e-02,4.491884500916688838e-02,3.319859002161431148e-07,2.418568998210942483e-02,3.901064509178417555e-07,3.236789511352992233e-07,2.347410277020657265e-05,3.020686097711845566e-05,1.519423424964670352e-02,1.686182690942295760e-05,3.237149677164825878e-03,7.495500102727547949e-07,3.504824461097524879e-03,1.421991728016447432e-07,1.900499384124598040e-02,1.432890931617114387e-02,1.145969080022969655e-02,2.108622918037590319e-02,1.042055016756956818e-07,9.867041614541024833e-08,4.084514590689660579e-02,1.182963597065332315e-02,9.384100828521464851e-05,1.010981632544750118e-02,4.020701470553791207e-02,4.049024545086083322e-07,2.912714293784322679e-05,4.571802070195471164e-07,2.999387768832463262e-06,4.528185001800172360e-02,1.853011606263002880e-07,2.184526343818205355e-07,1.529356593186032318e-07,1.017028328817977194e-06,1.028776655487003214e-02,2.441773907031586247e-06,1.709653545751483499e-05,2.760773774081051679e-07,4.184719283293216569e-05,4.453817061401166431e-07,2.689418613865055269e-07,4.925840975523519518e-07,1.582040884390004121e-02
7.958226601217835147e-08,6.653316085640962016e-07,2.388604710748794305e-07,4.496920754363925474e-07,7.645489326314416654e-08,1.065876744478317130e-06,4.168870177791539518e-07,1.588566866569498106e-07,7.735824474134280100e-03,4.256916647546928056e-02,0.000000000000000000e+00,2.051374726724098166e-02,8.675238788706068939e-07,1.355462451577108944e-07,1.352871684273751767e-04,9.437734368256364549e-08,1.384786481742697551e-05,3.407457680198258676e-02,1.785770383043546541e-06,3.866027782834109000e-02,3.503002878237915169e-07,4.758384836590931477e-02,3.852664493416502189e-02,3.077657275704993152e-07,2.556758471589452505e-02,3.697361027468974755e-07,2.988759584048597678e-07,2.426475539607710429e-05,3.379667996603248105e-05,1.373948263854027699e-02,1.553130300057046625e-05,3.220738398777174376e-03,6.680885422585965654e-07,3.630532134722825894e-03,1.533221377762979095e-07,1.699539112366436899e-02,1.363517761695715903e-02,9.928318073658270668e-03,2.167236982667935380e-02,1.004057801451324006e-07,9.331972698570377147e-08,4.327723013212358971e-02,1.259124837479624198e-02,1.037778277687191760e-04,9.946699852648130738e-03,3.604113428643537093e-02,3.822461663611752594e-07,2.683699787523328208e-05,4.485025739747251118e-07,2.692289522438045566e-06,4.738621122330134022e-02,1.729537384968532254e-07,2.094615021715978305e-07,1.420267108004053572e-07,9.364050183599866059e-07,8.985121801673875280e-03,2.221491034009513994e-06,1.586483254779612090e-05,2.839463687024922856e-07,4.863493056407607490e-05,4.370136767810398303e-07,2.513488689705379285e-07,4.577107384650700744e-07,1.398463126224347951e-02
5.304207916823016802e-08,4.247377789157688405e-07,1.514363009496862299e-07,3.149110059545314850e-07,4.989134028819651729e-08,7.158360424824820091e-07,2.575994257784007883e-07,1.045023351472594862e-07,3.636587816326532219e-02,2.290069601424970722e-02,2.051374726724098166e-02,0.000000000000000000e+00,5.553061440449811048e-07,8.705894243341848758e-08,6.282395898574322398e-05,6.820587152757646040e-08,6.789502857753178788e-06,3.883856173842285125e-02,1.079694594296183590e-06,3.109933848283609817e-02,2.268762862754838123e-07,2.386900509525306455e-02,1.775156765094298983e-02,2.088829827820397843e-07,4.019244973932451642e-02,2.368681710377663524e-07,1.947444514939301983e-07,1.194106722556711473e-05,1.536815325020422993e-05,4.065756736689817713e-02,9.166172777109884992e-06,8.274314839041715074e-04,4.443964558554252311e-07,1.116966290405454077e-03,9.301517467344792969e-08,4.280393757461337795e-02,3.940906288542943975e-02,4.206333732057607189e-02,5.714423538626803474e-03,5.937832868392068881e-08,6.113635751388053946e-08,2.127700660981778069e-02,3.610755216225382432e-03,5.197720701848242169e-05,2.832171028540369801e-03,3.277055668663821780e-02,2.665464573537154796e-07,1.425968226754055120e-05,2.707474022709768097e-07,1.710102052241998980e-06,2.293098386262563612e-02,1.116875253780184014e-07,1.322595446589819795e-07,9.349116755677432748e-08,6.217298431097416504e-07,3.776653259762345616e-02,1.427311614156115867e-06,8.715759354489907121e-06,1.851624091013859017e-07,2.075517514867118127e-05,2.666177291226244918e-07,1.700815057502793168e-07,2.964091109888373198e-07,4.591005746667216336e-02
2.628320752255337356e-05,2.909287470363047454e-02,5.915484001944704530e-04,2.002711883322409736e-02,2.369398732976915224e-05,5.349836199082075999e-02,1.681070511398870260e-02,1.730910037789510291e-04,3.282446283000437258e-07,9.550133571737116622e-07,8.675238788706068939e-07,5.553061440449811048e-07,0.000000000000000000e+00,8.992443862960202892e-05,1.099873096075803933e-05,3.601413393132525643e-05,6.675017144035920609e-05,5.492969119421471173e-07,3.805937569504418833e-02,7.828048524054374751e-07,1.088802042851626586e-02,8.831564847080823597e-07,1.317901278858691184e-06,7.799371187726403254e-03,4.726252666577248396e-07,1.071424434353498815e-02,4.589189823891117251e-03,2.710567204681064269e-05,2.122280548421229303e-05,3.956841597623852977e-07,4.647332390914881822e-05,5.369016835283071579e-06,4.468637932125030937e-02,4.597639009864016149e-06,9.623376023132209310e-05,4.642129455947938294e-07,3.895357350976189256e-07,4.022688771039068197e-07,2.082301715759523782e-06,3.642683152913136493e-05,3.286262948069699677e-05,1.082538217762622774e-06,2.471540434959898712e-06,1.142271679233738069e-05,2.917412411350408670e-06,7.054680735128603190e-07,1.434398183530246305e-02,2.496285445497145071e-05,1.089476392181363933e-02,2.835622047463865272e-02,8.816147076473414816e-07,1.594855151810742691e-04,3.352779391311172552e-04,1.268221440270237462e-04,5.632368075312921274e-02,3.525194220925404709e-07,3.363053378368476010e-02,4.520426343173598204e-05,1.718592962458723519e-03,1.710549659310234931e-05,1.273766962987155776e-02,2.768334448387057417e-03,1.829751226819993637e-02,4.863570885554577307e-07
2.645695992040466779e-02,1.588350415885659986e-04,1.736696875283832292e-02,2.235300952203019627e-04,2.554529999805014648e-02,6.618776538403568625e-05,2.653612559969515381e-04,4.882292835621487859e-02,4.709295182858401164e-08,1.354839791624278592e-07,1.355462451577108944e-07,8.705894243341848758e-08,8.992443862960202892e-05,0.000000000000000000e+00,1.068582023129929703e-06,3.180568060910569927e-02,4.563366161142474935e-06,8.653301002008247081e-08,4.584088527262640637e-05,1.162442086161803696e-07,4.195085524069804787e-04,1.364118236273887914e-07,1.871197109888920972e-07,5.866059427381052713e-04,7.124047194408433717e-08,4.168646691752051826e-04,1.255807324347868285e-03,2.320523941402792097e-06,1.997214548083098123e-06,5.883163964571594105e-08,3.548790551397017408e-06,6.622270171293622070e-07,1.199352851517625229e-04,6.065398534141229574e-07,6.831561389282984897e-02,6.687668068726657325e-08,5.750597746916906944e-08,6.067136944522176201e-08,2.837558969846605908e-07,3.451949908494336000e-02,3.073435049043765285e-02,1.623002075983475421e-07,3.554288715442887948e-07,1.303110338377470157e-06,3.754197620667106138e-07,1.005967616565369487e-07,3.177141528104945379e-04,1.981514410193887929e-06,3.718501618255244559e-04,3.160481135989313484e-05,1.326592991818263122e-07,5.188005010283764512e-02,3.007857510017075686e-02,6.236127774675904317e-02,7.648702119649718200e-05,5.239569969642354238e-08,4.037471245119205989e-05,3.296274213978077889e-06,4.206876429048860694e-03,1.783889672004048390e-06,3.299904798349451098e-04,2.272178092175711640e-03,2.406990625335351879e-04,7.509503319331703158e-08
6.004316862820853297e-07,6.649710010205555139e-06,1.993284915436416846e-06,4.925857860826767423e-06,5.590522817897263864e-07,1.447438373398993422e-05,4.578711004365319796e-06,1.364339899836023429e-06,3.056338548376082983e-05,1.371917101905593234e-04,1.352871684273751767e-04,6.282395898574322398e-05,1.099873096075803933e-05,1.068582023129929703e-06,0.000000000000000000e+00,7.306836460002971164e-07,1.621219406706555718e-02,7.261695839465417621e-05,2.627860278913456401e-05,1.029976842488862195e-04,3.700454476697413480e-06,1.327965629372914477e-04,2.061510019046470523e-04,3.230905183661850065e-06,5.693693737640494309e-05,3.693724706924791778e-06,2.802472455065630640e-06,3.345472226882686279e-02,4.498117315836600710e-02,4.043873426134914539e-05,1.978817569011914398e-02,2.225941817638061367e-03,7.912310558205607939e-06,1.752000129329291502e-03,1.155349688170914956e-06,5.088072533523824311e-05,4.102086789751145760e-05,3.910631245217113214e-05,4.762013751109967245e-04,7.318744838181502996e-07,6.942466379841193431e-07,1.721629017644254296e-04,6.476710772806832089e-04,9.408804401760115232e-02,7.722476349338701232e-04,9.204822772631670973e-05,4.354155561524096354e-06,3.361011132665863571e-02,4.077172537277413790e-06,5.259467776594181794e-05,1.281567799720020895e-04,1.398639997192907067e-06,1.739829483892034497e-06,1.201429894375019461e-06,1.247621277661419444e-05,3.325518144984808628e-05,3.547714408451727264e-05,1.948076469503468716e-02,2.425298740488994212e-06,5.819849532956186677e-02,4.260214356290911218e-06,2.401752443357464412e-06,4.714499152196264969e-06,5.170685138139531124e-05
9.452220143909806360e-02,6.111094613698896192e-05,3.931432658136857841e-03,8.528232980862485591e-05,9.510221588654095559e-02,2.723287279731455423e-05,9.735991964686060464e-05,1.405995383867357854e-02,3.491244230078158865e-08,1.033400887648462660e-07,9.437734368256364549e-08,6.820587152757646040e-08,3.601413393132525643e-05,3.180568060910569927e-02,7.306836460002971164e-07,0.000000000000000000e+00,2.751000642448116431e-06,6.194115499899023583e-08,1.970557367066120519e-05,8.864519594718395569e-08,1.570080982179149329e-04,1.010067547336871078e-07,1.405617479290801522e-07,2.150762267248193646e-04,5.028735631106909769e-08,1.530171137121785372e-04,4.146409105024470663e-04,1.555267598087743241e-06,1.290910406684766687e-06,4.319572707554794139e-08,2.392793888203380283e-06,4.650666911124144363e-07,4.768912468719266269e-05,4.552959370462973245e-07,2.791582356747209642e-02,4.888793839877032089e-08,4.150920356903380229e-08,4.585231900663513831e-08,1.979367524347124836e-07,8.257404435269510845e-02,8.995934470858313325e-02,1.214728937967485196e-07,2.633840945076944968e-07,8.973409678468593328e-07,2.775854408406082173e-07,7.570925848718508421e-08,1.217154654991056207e-04,1.296213227469942129e-06,1.371893956386922354e-04,1.395423946095135325e-05,9.545986810905561778e-08,1.529857390620852943e-02,6.700775876910326431e-03,2.062593203058037464e-02,3.143885751633149509e-05,3.859014145073506881e-08,1.870950883700952483e-05,2.105663747522212233e-06,1.190033145423967853e-03,1.206975353232042667e-06,1.212637798447208169e-04,7.066316284376547704e-04,8.859134427296683017e-05,5.734355272654286451e-08
2.205181125230458721e-06,3.887175829634737304e-05,9.573512231581547319e-06,2.892895809901724566e-05,2.039741910496595425e-06,8.602109879854201522e-05,2.636455183241337636e-05,6.014833390838977442e-06,3.598443653807780160e-06,1.405139180831000705e-05,1.384786481742697551e-05,6.789502857753178788e-06,6.675017144035920609e-05,4.563366161142474935e-06,1.621219406706555718e-02,2.751000642448116431e-06,0.000000000000000000e+00,7.423196476840948558e-06,1.441363369046026353e-04,1.076154942165108609e-05,2.097635011484196824e-05,1.330506564070296850e-05,2.080732412946929310e-05,1.768201456873136443e-05,6.318874993897214563e-06,2.098586845989650236e-05,1.525371736006415897e-05,6.785277652103764712e-02,5.121784028196958716e-02,4.688325484996464148e-06,8.781740793798084588e-02,2.675321714036610799e-04,4.818117903121246748e-05,1.879386787386834099e-04,4.771763377420547010e-06,5.673910659191412318e-06,4.606282389196912940e-06,4.505345945411254819e-06,4.402197048365821602e-05,2.841069657993375401e-06,2.635318355959102796e-06,1.626830819441664664e-05,5.693655432402707411e-05,1.787449343562043727e-02,7.121258738862106853e-05,9.487872024331230950e-06,2.323644779401754664e-05,6.791147057776815432e-02,2.283609297109733574e-05,2.708444917010219234e-04,1.341155441516311734e-05,6.116947550332626184e-06,7.991760306955201682e-06,5.287130499782077749e-06,7.129949212982829949e-05,3.907658957587404605e-06,1.862476596793386690e-04,9.275850272341333580e-02,1.175857985667224531e-05,3.800720276086738680e-02,2.385302804218307772e-05,1.222220549276495595e-05,2.809805914941278574e-05,5.706110734687806492e-06
5.078797787099782594e-08,4.266162853057581035e-07,1.516832758153585347e-07,2.923545603362009475e-07,4.767522180394246487e-08,6.884430094554901662e-07,2.587655556359620806e-07,9.956081427518037224e-08,2.338599044928671086e-02,3.010068241331426489e-02,3.407457680198258676e-02,3.883856173842285125e-02,5.492969119421471173e-07,8.653301002008247081e-08,7.261695839465417621e-05,6.194115499899023583e-08,7.423196476840948558e-06,0.000000000000000000e+00,1.099754187154061720e-06,3.821911367904743534e-02,2.207453196429318368e-07,3.336657437890323818e-02,2.336980630000061107e-02,2.027788834439012922e-07,4.308230468772533683e-02,2.355727655458243874e-07,1.863079092695487708e-07,1.353998652485868959e-05,1.751873563841439856e-05,3.214996149339680032e-02,9.037157923433563551e-06,1.129400165873379724e-03,4.231212379761539949e-07,1.402968563312819881e-03,9.480784410022461852e-08,3.548676868266267825e-02,3.217563249921358282e-02,2.693150092910477286e-02,8.824487042762080985e-03,5.966051965900523466e-08,5.890594356536639782e-08,2.878674081958008252e-02,5.217134134440024225e-03,5.859809029614294879e-05,3.954071924428896254e-03,3.964970246459170733e-02,2.584732193295737846e-07,1.542223479845820897e-05,2.772032402538723654e-07,1.684692665435396652e-06,3.261377086522788959e-02,1.081753244952438439e-07,1.321082589437802203e-07,9.049507843257085456e-08,6.236886092685054523e-07,2.486619258940215779e-02,1.415748211377881863e-06,8.937270231087397787e-06,1.852516940144530805e-07,2.511267281886228251e-05,2.705906876586223203e-07,1.654375749284556755e-07,2.934295300820875413e-07,3.266456215920917477e-02
1.443933375229138993e-05,1.096002420697501402e-02,2.380188934018387793e-04,6.460808351319377411e-03,1.320028271824004982e-05,5.432519390746303606e-02,5.241211892409370320e-03,8.460287615078792135e-05,6.512234743798423230e-07,1.947366646640651791e-06,1.785770383043546541e-06,1.079694594296183590e-06,3.805937569504418833e-02,4.584088527262640637e-05,2.627860278913456401e-05,1.970557367066120519e-05,1.441363369046026353e-04,1.099754187154061720e-06,0.000000000000000000e+00,1.534402188674731382e-06,2.954738035402899084e-03,1.778946359777887906e-06,2.607995287310383163e-06,2.061590404424928306e-03,9.755875764694651103e-07,2.936148219335014964e-03,1.206757667758898882e-03,6.281626996184423695e-05,5.034501424220449550e-05,7.924578495780734334e-07,1.040032644864982274e-04,1.197997334270256612e-05,1.969704530158612049e-02,9.917338528967777392e-06,4.976408371923461547e-05,9.037703707857211203e-07,7.952741611820290808e-07,7.672159423443097418e-07,4.289685952121872430e-06,2.001217253215490147e-05,1.786318275567079392e-05,2.203065254904521586e-06,5.202466168511780530e-06,2.742625462559991652e-05,5.989237822821356370e-06,1.399131772686608644e-06,4.189964458978783814e-03,6.052599429683276893e-05,3.152557640188545247e-03,7.992234401109288289e-02,1.771153447805185375e-06,7.961735967721735160e-05,1.487715826521551635e-04,6.314944216541746788e-05,4.386143760901217714e-02,6.944091931403466557e-07,7.691348278394243010e-02,1.008922894584079761e-04,5.488351220241898107e-04,4.104134574113812756e-05,3.690622610654168897e-03,7.976622461013673469e-04,5.809150726046845813e-03,9.722985731209842599e-07
7.236919272372133430e-08,5.526701263105834423e-07,2.088253181643185230e-07,4.062744518457079731e-07,6.698278459392640897e-08,9.603988699395229867e-07,3.676257702203776163e-07,1.399457936918209804e-07,1.501546784657723822e-02,3.976142389675113575e-02,3.866027782834109000e-02,3.109933848283609817e-02,7.828048524054374751e-07,1.162442086161803696e-07,1.029976842488862195e-04,8.864519594718395569e-08,1.076154942165108609e-05,3.821911367904743534e-02,1.534402188674731382e-06,0.000000000000000000e+00,3.088852389296153700e-07,3.996724288771460326e-02,3.359825614815966505e-02,2.845949366319841937e-07,3.226034894509202666e-02,3.270884562615318617e-07,2.615351347352506200e-07,1.836207242568611294e-05,2.444776807622143111e-05,2.211868679687931452e-02,1.312761293383797023e-05,1.924964994468619578e-03,5.875776069794737177e-07,2.328633489350644299e-03,1.260395774168346640e-07,2.698460822837015979e-02,2.196652886314247322e-02,1.809509976886536711e-02,1.403835778625850753e-02,8.314445583664053065e-08,8.115164769050892258e-08,3.800029643460411249e-02,8.202948691356449357e-03,7.816367500107267239e-05,6.628326249595690826e-03,4.190359969770162535e-02,3.591164781870124716e-07,2.187432597760040622e-05,3.656693659232744796e-07,2.415483750366317740e-06,3.903130294655415833e-02,1.493338621797513843e-07,1.804971961002859492e-07,1.278705871718848272e-07,8.511608755212279220e-07,1.619407831384810786e-02,1.994682345074638798e-06,1.348632913729266945e-05,2.361666886275427352e-07,3.330712343203530207e-05,3.621675062520203322e-07,2.262251500162917959e-07,3.903382044039877418e-07,2.353378391796117144e-02
1.146891913627062250e-04,2.802240682801994745e-02,3.784734792756564489e-03,3.759049874886272180e-02,1.056642810184657506e-04,6.109768365013998857e-03,4.304648777530136611e-02,9.259228602722023539e-04,1.322318289940271514e-07,4.033315662356834388e-07,3.503002878237915169e-07,2.268762862754838123e-07,1.088802042851626586e-02,4.195085524069804787e-04,3.700454476697413480e-06,1.570080982179149329e-04,2.097635011484196824e-05,2.207453196429318368e-07,2.954738035402899084e-03,3.088852389296153700e-07,0.000000000000000000e+00,3.461846320791067506e-07,5.317240158377882233e-07,4.346760168677532565e-02,1.900045819181799844e-07,4.513752453609475718e-02,3.528483727848865520e-02,8.865777260899069552e-06,6.665760867294677907e-06,1.630672670906602949e-07,1.485069445828886870e-05,2.026608899699949901e-06,2.020132285134413480e-02,1.695285641772780556e-06,4.512417066830179424e-04,1.860541972571468211e-07,1.534071069584081771e-07,1.622477896901719616e-07,8.202698414331522986e-07,1.624051586964678467e-04,1.491462787579017288e-04,4.155005394811675788e-07,9.471500971308430211e-07,3.755142781094209887e-06,1.097883346446388530e-06,2.884160135931119787e-07,4.127414150444890656e-02,7.971855941815509785e-06,4.504098410678527425e-02,1.631422055979666642e-03,3.655476891620876115e-07,8.106295775242676601e-04,1.918583818207162577e-03,6.262264251700606346e-04,8.301006837365699012e-03,1.421060079878116902e-07,2.291503194335818127e-03,1.417351312296023537e-05,1.433609595048167609e-02,5.691388109884806600e-06,4.425683550311781261e-02,2.304712101657773252e-02,3.875911755835375477e-02,1.941650060905829347e-07
8.255896513954164742e-08,6.688023050338088471e-07,2.394529740171371493e-07,4.687051015484880684e-07,7.837418072813028901e-08,1.089174862166675292e-06,4.147288870113811528e-07,1.599564555834718058e-07,8.906663694086649694e-03,4.115858979375575100e-02,4.758384836590931477e-02,2.386900509525306455e-02,8.831564847080823597e-07,1.364118236273887914e-07,1.327965629372914477e-04,1.010067547336871078e-07,1.330506564070296850e-05,3.336657437890323818e-02,1.778946359777887906e-06,3.996724288771460326e-02,3.461846320791067506e-07,0.000000000000000000e+00,3.930562842724622669e-02,3.196364019665995255e-07,2.475629122608337396e-02,3.727998900534120194e-07,2.985031685537105564e-07,2.335172593037003250e-05,3.294701469439035934e-05,1.464010806867972053e-02,1.638571167440759001e-05,3.051536744992071597e-03,6.872642497891260517e-07,3.613597389535557099e-03,1.534602607924138434e-07,1.833285733805613271e-02,1.480095865976452894e-02,1.163217842962975188e-02,1.991174164727706197e-02,9.731745637601539231e-08,9.315063675979003721e-08,4.506449268678883180e-02,1.232237066174101878e-02,1.076907052697613140e-04,9.634439684251054972e-03,3.652494495567204513e-02,4.055184609782838454e-07,2.678615408396568009e-05,4.382270389448419885e-07,2.791568151245483137e-06,4.364825607156269660e-02,1.718510556628188015e-07,2.075887546724745723e-07,1.442482459038476005e-07,9.650833279614889709e-07,1.038286102764492472e-02,2.301758398613009812e-06,1.616165943728537632e-05,2.861134824633743937e-07,4.457469588424321132e-05,4.325458007538866961e-07,2.604004273360667171e-07,4.609408387217369941e-07,1.650295799189383655e-02
1.136296961263583516e-07,8.994743111839065375e-07,3.333126952226295807e-07,6.899514056760161170e-07,1.062593890956798693e-07,1.666182510379934836e-06,6.004789282987104206e-07,2.294581593320586835e-07,6.301039832287625569e-03,4.491884500916688838e-02,3.852664493416502189e-02,1.775156765094298983e-02,1.317901278858691184e-06,1.871197109888920972e-07,2.061510019046470523e-04,1.405617479290801522e-07,2.080732412946929310e-05,2.336980630000061107e-02,2.607995287310383163e-06,3.359825614815966505e-02,5.317240158377882233e-07,3.930562842724622669e-02,0.000000000000000000e+00,4.673160613623555962e-07,1.701578715951664045e-02,5.459107025708168810e-07,4.337333062103367915e-07,3.473267327477423531e-05,4.437153960258993871e-05,1.011934624984213785e-02,2.550624431437047810e-05,5.892140537297260207e-03,1.038937956808763318e-06,6.516730613427250060e-03,1.921031471164594469e-07,1.311188239594083572e-02,9.579285813808721683e-03,8.269777225097254061e-03,3.029927871991492175e-02,1.322621042295325384e-07,1.309054823533959311e-07,4.188947233932006214e-02,1.890146067716310524e-02,1.471800385899459194e-04,1.623631737916316278e-02,3.114435572035376479e-02,5.769398115912854631e-07,4.294728019731007724e-05,5.963015812482243058e-07,4.172106065360601958e-06,4.160230018142947739e-02,2.394296654625418984e-07,2.871871877507306276e-07,2.065038552824770813e-07,1.457299428258610007e-06,6.921036485132322537e-03,3.307726452455540176e-06,2.527922146920710887e-05,3.792146258710115111e-07,5.960556090008962868e-05,5.876098787471829429e-07,3.663713104784942638e-07,6.736669304445390942e-07,1.208670774637468637e-02
1.559128810521300641e-04,2.292699015482178165e-02,5.455839066858883535e-03,3.296079566388609994e-02,1.450890486891539383e-04,4.559313304928365278e-03,3.644276090709854671e-02,1.244013941320239831e-03,1.222034496792969847e-07,3.319859002161431148e-07,3.077657275704993152e-07,2.088829827820397843e-07,7.799371187726403254e-03,5.866059427381052713e-04,3.230905183661850065e-06,2.150762267248193646e-04,1.768201456873136443e-05,2.027788834439012922e-07,2.061590404424928306e-03,2.845949366319841937e-07,4.346760168677532565e-02,3.196364019665995255e-07,4.673160613623555962e-07,0.000000000000000000e+00,1.712707826796583655e-07,4.499745971018932755e-02,4.142289797787206823e-02,7.562329517155076303e-06,6.128845126141130181e-06,1.443656468754965333e-07,1.294238014408890704e-05,1.741598840271228002e-06,1.510225918282861318e-02,1.590869409977832811e-06,6.602916227503609608e-04,1.666997051497827608e-07,1.406441168735143959e-07,1.484305021306388254e-07,7.120391194731409005e-07,2.190359612502753607e-04,1.954628187023291631e-04,3.887724954005560617e-07,8.860889820950876294e-07,3.608761301740677992e-06,9.587051999238397126e-07,2.497346469095775082e-07,4.143855791154821278e-02,6.930531763925170140e-06,4.298107904365452980e-02,1.114460626012968953e-03,3.158680543101262547e-07,1.106305261509586257e-03,2.526121453038423278e-03,8.527208841460225163e-04,6.110171738281914948e-03,1.285240404118779823e-07,1.625902173463102639e-03,1.220187308247019772e-05,1.986327358079772315e-02,5.004709111735644128e-06,4.036025155843672718e-02,3.044430796538118850e-02,3.284934969033428270e-02,1.888639174683500661e-07
4.149384641750377524e-08,3.522808200072175531e-07,1.277496292907554080e-07,2.509565629334615301e-07,3.985397306248560271e-08,6.019839216360452229e-07,2.324560695221962216e-07,8.561863703415397052e-08,3.379130215434026502e-02,2.418568998210942483e-02,2.556758471589452505e-02,4.019244973932451642e-02,4.726252666577248396e-07,7.124047194408433717e-08,5.693693737640494309e-05,5.028735631106909769e-08,6.318874993897214563e-06,4.308230468772533683e-02,9.755875764694651103e-07,3.226034894509202666e-02,1.900045819181799844e-07,2.475629122608337396e-02,1.701578715951664045e-02,1.712707826796583655e-07,0.000000000000000000e+00,2.011221128173646937e-07,1.629490624687729398e-07,1.042311979384309880e-05,1.436009700343537259e-05,4.263656430628789268e-02,7.071532107757960313e-06,7.808458467560251692e-04,3.644404961107129756e-07,9.063279974641705707e-04,7.896658374963652406e-08,4.480670130029745790e-02,4.359106746404534105e-02,3.539827032504341137e-02,6.055943142092564541e-03,5.172331417355154535e-08,4.894529106122932109e-08,2.069885007506865743e-02,3.293154461431147158e-03,4.265206350981861749e-05,2.595806040838174403e-03,3.520500917572655375e-02,2.119138487980917066e-07,1.259586358014547240e-05,2.344354830328184500e-07,1.472378347108633662e-06,2.590964935823443852e-02,9.302212993666997284e-08,1.101674824983589131e-07,7.766228456451472490e-08,5.185799486429212992e-07,3.471530673677239442e-02,1.151928109931463433e-06,7.290794448255587865e-06,1.490101352230921685e-07,1.942518961101923576e-05,2.289649782259388774e-07,1.378968557354823186e-07,2.478945235304008885e-07,3.914598256071585847e-02
