0.000000000000000000e+00,6.743200822902754740e-11,5.821074026342794374e-11,1.103163112596365718e-10,3.586074746032290667e-11,7.931214991970232191e-10,2.037083694389764620e-11,6.695380956192936209e-11,6.524333911959290134e-11,1.278558465669600581e-08,1.225409600010216546e-10,9.147158500644024644e-12,3.466352373819534333e-07,1.110671303863277101e-07,5.423853484538076405e-12,7.590925638709418263e-11,2.758328588150437543e-10,3.266799675601749731e-11,6.464416155621445373e-04,5.634991401644659156e-03,1.218192262405376935e-11,1.594900551774025010e-01,8.354783465255462283e-02,3.203895038731072138e-11,6.832038111508726382e-11,1.749216196732518319e-11,6.428196335926863549e-12,8.657097992824402434e-04,1.082922661833221123e-09,1.221664650583402130e-11,7.519951451470491607e-11,9.751014168756867307e-12,1.349043644638777819e-11,6.122265245276804769e-12,9.605429688651772171e-09,9.323772625596816329e-12,1.050968436723633542e-11,3.129811665253361951e-08,3.451788192308741875e-10,7.599292497670865154e-11,1.703451119067806685e-11,6.848011450310958760e-10,8.150072657115299546e-02,1.145642084372717654e-06,6.389989054590403120e-11,6.772140468952154710e-11,7.133372578300939964e-11,9.790896365363301046e-02,7.697991939960636610e-11,1.183030437769907892e-11,2.678381877843187980e-10,1.476367015133038529e-01,9.601396194628983088e-12,2.685743408249478784e-10,1.017914155437012066e-11,9.214206915338607202e-12,5.704383757350005056e-11,5.996211919849095753e-04,7.352415603215299274e-04,1.339227340721508161e-09,1.014820134728020531e-10,2.057438814889303007e-11,1.685717373993769424e-07,4.322560837022539506e-11
6.743200822902754740e-11,0.000000000000000000e+00,1.309236225253482134e-06,2.045734268599115342e-05,1.733129415870878623e-07,3.378001662629536102e-08,7.055539541760794468e-08,2.509715314656288230e-05,4.951104636453115913e-05,1.535311110598690919e-09,1.277267943799185987e-05,1.974524357988276635e-08,6.596173225124992756e-10,9.567171516957213953e-10,6.529961540612636322e-09,3.041451069480557743e-05,9.795177199506368655e-08,2.080685072398039942e-07,1.342023069962319142e-10,9.950099216055877768e-11,2.865559516770110374e-08,4.930287158886259188e-11,3.998517665445979108e-11,2.119143805300418811e-07,6.422402248222605571e-05,5.488095424408080773e-08,8.392749720548662685e-09,1.036254849891552935e-10,1.874152744134965196e-08,2.861427776627436069e-08,2.321165818313574854e-05,1.938292021084083386e-08,2.127336787748199417e-08,7.874571424138548127e-09,2.374416845849325130e-09,1.861685694580189339e-08,2.085947845386779019e-08,1.451438152917581758e-09,7.113199532018914754e-08,1.924923805959659364e-05,5.136160818024707697e-08,6.832063434802083989e-08,3.920000998739086294e-11,5.646195939443425023e-10,2.735618126917809256e-01,2.557138035393554665e-01,6.298271023423924672e-05,4.732988616102395253e-11,2.166417082704006625e-01,2.857239497383558193e-08,1.580712304642169894e-07,5.324055226212858324e-11,1.855282594123839777e-08,1.317069224802727213e-07,2.198983068915171917e-08,1.195988583424683499e-08,8.879523835117044310e-07,1.349033390307764591e-10,1.092598519757716063e-10,1.704899509247957440e-08,1.564673094430942883e-05,6.733585812158953079e-08,7.705108435424848066e-10,3.689941263033580828e-07
5.821074026342794374e-11,1.309236225253482134e-06,0.000000000000000000e+00,3.043296292773862155e-01,7.877952605711313920e-05,1.169178140490445100e-08,4.892596319132566855e-06,1.503915710961774610e-07,2.156812292716775007e-07,1.033570216113805111e-09,1.080737258514149933e-07,5.512648772047013775e-07,5.227933004730465271e-10,7.645931250372996489e-10,8.087040244787758916e-08,1.709039703926935832e-07,2.092178261056164110e-08,1.850871472756054599e-04,1.116503423338544902e-10,8.638562376067673738e-11,1.066637870054532646e-06,4.362222410546292840e-11,3.347770274350125934e-11,1.841269744541244933e-04,2.483398396835588283e-07,2.945641502764815907e-06,1.116613676714908657e-07,8.658686337332911253e-11,6.981983375084266705e-09,1.058442717927886215e-06,1.404262362772680548e-07,4.457960283647972109e-07,4.233119506843871395e-07,1.031189029112039784e-07,1.554917824274562367e-09,5.386994802821236387e-07,6.087520444507846857e-07,1.092634248282346110e-09,1.798160091717760845e-08,1.281541113612998155e-07,2.588078969701768163e-06,1.988090117268695220e-08,3.294003605125432691e-11,4.611669236783338394e-10,1.283675496188628240e-06,1.024861975445208509e-06,2.482764122520026828e-07,4.033944982412623356e-11,8.187821074552773474e-07,1.007665415832527839e-06,2.935547732337498799e-08,4.468520931518149134e-11,4.552408019773940038e-07,2.648184121072118139e-08,7.023694142247111182e-07,1.889908411343152919e-07,4.264356728203376745e-01,1.165899748217833165e-10,9.241385714232811242e-11,6.689644802678525750e-09,1.164122835664448575e-07,4.506775888419628149e-06,5.932482159670213923e-10,5.840013991196364371e-04
1.103163112596365718e-10,2.045734268599115342e-05,3.043296292773862155e-01,0.000000000000000000e+00,2.007332905571195808e-05,3.192604064489962224e-08,2.069139956528166028e-06,1.817256138548908559e-06,2.966631320457205310e-06,2.139140497423872408e-09,1.037235955421401730e-06,2.725643411939721042e-07,1.024516376414628750e-09,1.426681894819742604e-09,5.800836266463273536e-08,2.000591843145112108e-06,7.163769555229317036e-08,5.299864035426716001e-05,2.233104002195701828e-10,1.633215061208965450e-10,5.165789148830706145e-07,8.225241890091432941e-11,6.502583293328575014e-11,5.101823591782211437e-05,3.549905199349210935e-06,1.264656471760046799e-06,7.729417097840816607e-08,1.624110231818849585e-10,1.820072977189438989e-08,5.016749229091678752e-07,1.637984436134009617e-06,2.458720906526110680e-07,2.431249071490413052e-07,6.946677317169820371e-08,3.263673570380965622e-09,2.806196723594169465e-07,3.200183124911362198e-07,2.130870524035691315e-09,5.383872776665912798e-08,1.468478263231411125e-06,1.088290661073742611e-06,5.702796429008309018e-08,6.563257990478935329e-11,8.664183747652673297e-10,1.967040099613419921e-05,1.767560555329164947e-05,3.558308751011570013e-06,7.975780831808579603e-11,1.428989150200831369e-05,4.737842460064210870e-07,1.047471518101349050e-07,8.613023146273416791e-11,2.535175328806791114e-07,9.156099110472311916e-08,3.420763559480234309e-07,1.203814362941460258e-07,2.257278165192431185e-01,2.188565994826135286e-10,1.771419924886227559e-10,1.739543810405971339e-08,1.267243789405115574e-06,1.804960638356678820e-06,1.158976340912678306e-09,2.236767146190762261e-04
3.586074746032290667e-11,1.733129415870878623e-07,7.877952605711313920e-05,2.007332905571195808e-05,0.000000000000000000e+00,3.990852972666620938e-09,2.351303893565725707e-04,2.262578643720576833e-08,3.238916415332411291e-08,5.472164142463260204e-10,1.826274982732216190e-08,2.262981806558490117e-05,3.059541341547893089e-10,4.316067399286902860e-10,7.230771123802617762e-07,2.608864272219313322e-08,5.855715874135980534e-09,2.030997777310272201e-01,6.996572494134634107e-11,5.374491954665447256e-11,5.613008750118361908e-05,2.699811318058566085e-11,2.133440542778060151e-11,2.035567337449662173e-01,3.618985251899623861e-08,1.570574009105652684e-04,1.080009977204881299e-06,5.357514773525112036e-11,2.552118385048584675e-09,5.048605099224037551e-05,2.194939271663831250e-08,1.521253716252237830e-05,9.831543318998877608e-06,9.709996293573804888e-07,8.119834817040866862e-10,2.197940402036381989e-05,2.547286356787665471e-05,6.033006186651255470e-10,5.071658765847575597e-09,2.023854629968456567e-08,1.347692745000710264e-04,6.170544856534106422e-09,2.092638998997986612e-11,2.708948838254299258e-10,1.767242455947869890e-07,1.402543663547676903e-07,3.703559701526804894e-08,2.518579240326416782e-11,1.168760099386116085e-07,4.779000259673011735e-05,7.625283873262215493e-09,2.776296857195711108e-11,1.545255397994227259e-05,6.825085926072916530e-09,3.249377513319118971e-05,2.230299189806075069e-06,1.437716909720213835e-04,7.119412897667154289e-11,5.650290813112619306e-11,2.516404837221675858e-09,1.931719579279837342e-08,2.189061970207144617e-04,3.519947435600562777e-10,1.405661167112572107e-01
7.931214991970232191e-10,3.378001662629536102e-08,1.169178140490445100e-08,3.192604064489962224e-08,3.990852972666620938e-09,0.000000000000000000e+00,1.823820539313921243e-09,8.598522021631368853e-08,6.499938842461166390e-08,3.685222387598222357e-08,2.461666383239563471e-07,6.292796377210773679e-10,1.053403702653837482e-08,1.755888661237855158e-08,2.792595946493754889e-10,7.871087560351401138e-08,2.944458912742602640e-05,3.892379199836049812e-09,1.699267821779956683e-09,1.215950285731578233e-09,8.889122193156034260e-10,6.119211490441675183e-10,4.713784409089302095e-10,3.980710367742618517e-09,7.062532599893319192e-08,1.564542698550616704e-09,3.555447167202457558e-10,1.281985503891193929e-09,3.495573124692484268e-01,9.708921759704791226e-10,9.829695915265846524e-08,6.427614498051339373e-10,8.557595226354968814e-10,3.294689462588574870e-10,6.487496662721376191e-08,6.957447347517728363e-10,7.691359475973199537e-10,3.007001844524336144e-08,4.316682108349314103e-05,1.037094106734665765e-07,1.545800218550911632e-09,2.393657845290442503e-04,4.671792472088521131e-10,8.127554463979480868e-09,3.359422346800627488e-08,3.616009242043395240e-08,6.960392719556364746e-08,5.681621318924298099e-10,4.287682347367258385e-08,9.041302041669542040e-10,2.126088509851774546e-05,6.144484581709725039e-10,6.711472560100010495e-10,2.374231654520387477e-05,7.068481316457353213e-10,5.067271685248905447e-10,9.368688560303797004e-09,1.715982272072600992e-09,1.380618345543475348e-09,3.465962662928373517e-01,1.575642936535219687e-07,1.757438310944911783e-09,1.206634218909292073e-08,5.876389800578952137e-09
2.037083694389764620e-11,7.055539541760794468e-08,4.892596319132566855e-06,2.069139956528166028e-06,2.351303893565725707e-04,1.823820539313921243e-09,0.000000000000000000e+00,9.555889456272500662e-09,1.420284803747055818e-08,2.913741331680578964e-10,7.233591685533107563e-09,5.204028694330012838e-04,1.746277054434489241e-10,2.239980037908828604e-10,1.478305879496057368e-06,1.040763404023632031e-08,2.708934036735955516e-09,4.570336669816580277e-05,4.132943626624677426e-11,2.939657068202265536e-11,3.284087111814777693e-03,1.487248097498625884e-11,1.222450982063408164e-11,4.221756957475120007e-05,1.558172930587917783e-08,1.810337094293772986e-01,2.260638052638957583e-06,2.944891809227258030e-11,1.210094131184915030e-09,2.281476790745804936e-03,8.957822437861528531e-09,2.434500981534756445e-04,8.600883859617087829e-05,1.877534311142663932e-06,4.174635040946496557e-10,4.980479404199332754e-04,6.366091793598335205e-04,3.198306305849278300e-10,2.352154518813954795e-09,8.473504221350915737e-09,1.455440044957993506e-01,2.977522482447671435e-09,1.192511109218388122e-11,1.536062455815821556e-10,6.748849855972271515e-08,5.793489412851102639e-08,1.631520560800338291e-08,1.458923223174038795e-11,4.589934172894030769e-08,2.044285206966607333e-03,3.587427200614766240e-09,1.578320455870662145e-11,2.489383371975769157e-04,3.088724219043989565e-09,9.988714138631426750e-04,5.156413618629306030e-06,7.866669571110757443e-06,3.864643918835912905e-11,3.131419137474608127e-11,1.197246222307332939e-09,8.084211142344245009e-09,2.346524861317918487e-01,1.963423388521890836e-10,2.426518532220001508e-05
6.695380956192936209e-11,2.509715314656288230e-05,1.503915710961774610e-07,1.817256138548908559e-06,2.262578643720576833e-08,8.598522021631368853e-08,9.555889456272500662e-09,0.000000000000000000e+00,9.083475281760371167e-02,2.017541103311486043e-09,7.280668324345826448e-02,2.716146163692088642e-09,7.054224672945431328e-10,1.065005569919694556e-09,1.072467793883143756e-09,1.024009239361382689e-01,2.503433184143971805e-07,2.649664637349315153e-08,1.371898068812389315e-10,1.015200986710050036e-10,4.011238588376683298e-09,5.030606786046695798e-11,3.965326436203222644e-11,2.577518575493652092e-08,8.611430063952883740e-02,8.044313537873804157e-09,1.408229160381599289e-09,9.967655851656272694e-11,4.871259867461015793e-08,4.494999685646355654e-09,1.044137627435822863e-01,2.805861800541092983e-09,3.436550030107223304e-09,1.253458711419217945e-09,3.165528472281144860e-09,3.091249459496377830e-09,3.250277251224528836e-09,1.686521376846966413e-09,1.849046393060273272e-07,1.094025381480401293e-01,7.254040310436416604e-09,1.718168072842567899e-07,4.052420600080305420e-11,5.581632613741374650e-10,2.831352949994840544e-05,3.552284074712936258e-05,8.429891444889524299e-02,4.864380527446084606e-11,7.679361296548092560e-05,4.027041390355356348e-09,4.013970507700931598e-07,5.233380249225798008e-11,3.004547255993719164e-09,3.419310370524237111e-07,3.167970026547220841e-09,1.931116660819296606e-09,1.024807629703473388e-07,1.379939700420734149e-10,1.125145632677873141e-10,4.123571025055139917e-08,7.581190676524887651e-02,9.307186859907106857e-09,7.858713044251424774e-10,4.492453396727597788e-08
6.524333911959290134e-11,4.951104636453115913e-05,2.156812292716775007e-07,2.966631320457205310e-06,3.238916415332411291e-08,6.499938842461166390e-08,1.420284803747055818e-08,9.083475281760371167e-02,0.000000000000000000e+00,1.811325412414437032e-09,3.685386809844753281e-02,3.769298961728812155e-09,6.570813552107146526e-10,1.005482156355276404e-09,1.517096960380995633e-09,8.123290002493285811e-02,1.989670518694433319e-07,3.892773011526623154e-08,1.364867683437502134e-10,9.616335950227608886e-11,5.833695404787648603e-09,4.936906590525833570e-11,3.903465536551962782e-11,3.777434660727066540e-08,1.340506952633059856e-01,1.165477691719920665e-08,1.994150155184461435e-09,9.616987212174022223e-11,3.577264764982033285e-08,6.041397443551376311e-09,7.799957834690914027e-02,4.019236460423551440e-09,4.684351440919208245e-09,1.770840277357572427e-09,2.839967706752500082e-09,4.283162247158860227e-09,4.507661646209112556e-09,1.670729443120553819e-09,1.478442278297517941e-07,6.256820870060510187e-02,1.009754208558466898e-08,1.344377235450191183e-07,3.949449836707131919e-11,5.320814237741649917e-10,5.287264665699759384e-05,6.678943773378473957e-05,1.393308382625831621e-01,4.827642894099855788e-11,1.345572331822385661e-04,5.583123445735944237e-09,3.272437906645525047e-07,5.213200460397016224e-11,4.252464372853967752e-09,2.796377076863059854e-07,4.492013410188519189e-09,2.725295021993877748e-09,1.514260858004118165e-07,1.352055791722661833e-10,1.070841550543652384e-10,3.250078919121494481e-08,4.118655808768047905e-02,1.350338972633526054e-08,7.696768871427317122e-10,6.268845344944325289e-08
1.278558465669600581e-08,1.535311110598690919e-09,1.033570216113805111e-09,2.139140497423872408e-09,5.472164142463260204e-10,3.685222387598222357e-08,2.913741331680578964e-10,2.017541103311486043e-09,1.811325412414437032e-09,0.000000000000000000e+00,3.838319646597820543e-09,1.186142767064322031e-10,1.497412380478988308e-06,6.873839731559643527e-06,6.185091088729869739e-11,1.995207023457948046e-09,1.138210835692461965e-08,5.120389368005045319e-10,3.621330874859266442e-08,2.126748607366358397e-08,1.581177054417587585e-10,9.071708214251878317e-09,6.773383005343272591e-09,5.053390233228299247e-10,1.895123352556045375e-09,2.583254191024962598e-10,7.742092025243347711e-11,2.418224103501919265e-08,5.442401196057449613e-08,1.665385383578197184e-10,2.161285746676812207e-09,1.288499266730024914e-10,1.705163438275923014e-10,7.223148009582429247e-11,4.466594033200105285e-01,1.265014504781124098e-10,1.329611552997370634e-10,3.703827480552596141e-01,1.390027595729094844e-08,2.314309120634583448e-09,2.426354665097959174e-10,2.987168559329225686e-08,6.751059200988734988e-09,7.702295796224063647e-07,1.451426181587337638e-09,1.543887796648853372e-09,1.831991096134949513e-09,8.109947163446500821e-09,1.799721675498669536e-09,1.569632928474988895e-10,1.062774845325346612e-08,9.569448504118375326e-09,1.296792961066043158e-10,1.083438373016679998e-08,1.346464596728585142e-10,1.057143965741475435e-10,1.003820085796180385e-09,3.749901547009529711e-08,2.694617884189216769e-08,6.626679870175222737e-08,2.992092060568963600e-09,2.925941241667840622e-10,2.991368013097197213e-06,7.089741395360083584e-10
1.225409600010216546e-10,1.277267943799185987e-05,1.080737258514149933e-07,1.037235955421401730e-06,1.826274982732216190e-08,2.461666383239563471e-07,7.233591685533107563e-09,7.280668324345826448e-02,3.685386809844753281e-02,3.838319646597820543e-09,0.000000000000000000e+00,2.166181721024866718e-09,1.258746264727752144e-09,2.131985418934463638e-09,8.409651441653424249e-10,8.371803213884132511e-02,6.656873097168707241e-07,2.043304612152111024e-08,2.365899914102690811e-10,1.897828308512398924e-10,3.256065122030663969e-09,9.246450503695347246e-11,7.234782118999485960e-11,1.993147678961053347e-08,3.335260750899266685e-02,6.414828002275263309e-09,1.104386912424582218e-09,1.851867111057022605e-10,1.477647766514365835e-07,3.494445006730489598e-09,8.952241969988164461e-02,2.208246362094147119e-09,2.725116656246652880e-09,1.055754576564709746e-09,6.516487258250061259e-09,2.365589694681368666e-09,2.494346902402826936e-09,3.281133328345508874e-09,5.338623836465036204e-07,1.099315975552063729e-01,5.469374410599108000e-09,5.102089533498173820e-07,7.047008901336073405e-11,1.011744422625360531e-09,1.481062008769190970e-05,1.854370631438665259e-05,3.155347815867190486e-02,8.346388254926238334e-11,4.773125727684444220e-05,3.251424913910503874e-09,1.010636746381054928e-06,9.290077531261210237e-11,2.259661653279588467e-09,8.669271789335393915e-07,2.646498925291288323e-09,1.649782815645068004e-09,7.646916368696745407e-08,2.490698641549013294e-10,1.996306743342892517e-10,1.234651548851721445e-07,1.726398289298457511e-01,7.425615847313015208e-09,1.530936535294579965e-09,3.444984128572952455e-08
9.147158500644024644e-12,1.974524357988276635e-08,5.512648772047013775e-07,2.725643411939721042e-07,2.262981806558490117e-05,6.292796377210773679e-10,5.204028694330012838e-04,2.716146163692088642e-09,3.769298961728812155e-09,1.186142767064322031e-10,2.166181721024866718e-09,0.000000000000000000e+00,7.664623661538822877e-11,9.871647211024897309e-11,7.496078827060157617e-06,3.051499258552995657e-09,8.540324101986611550e-10,3.721425639171637676e-06,1.757937997124152773e-11,1.346281246181341815e-11,4.267516512748736196e-02,6.669192298698959093e-12,5.229357322571085828e-12,3.809730831499607407e-06,4.419538784378198084e-09,9.014941658331626032e-04,1.060982731752698698e-05,1.382502375023484875e-11,4.196922492593239393e-10,4.979193667050676314e-02,2.517032943771583159e-09,5.061452493825681354e-02,1.991231988589109783e-02,9.406859885788501860e-06,1.691663310102922246e-10,1.146001829675655920e-01,1.142930780390850887e-01,1.309197365260252719e-10,7.310678817257727674e-10,2.410662747771826556e-09,1.614222043182392567e-03,9.751793313671149515e-10,5.171349114772102438e-12,6.664039409880670805e-11,1.895274535342227956e-08,1.510250547644795030e-08,4.372146541469350635e-09,6.313863842579417371e-12,1.287530631428106931e-08,5.284529901200505503e-02,1.083271780241930882e-09,6.972752565102346573e-12,5.093412818995293051e-02,9.511880933719050608e-10,9.024149648056167816e-02,2.581765146403448553e-05,7.804294673891873200e-07,1.748727692558022845e-11,1.383016687693835806e-11,4.199657122205536528e-10,2.274125453680053424e-09,5.499572012988323188e-04,8.386939251386052124e-11,2.136337493032923048e-06
3.466352373819534333e-07,6.596173225124992756e-10,5.227933004730465271e-10,1.024516376414628750e-09,3.059541341547893089e-10,1.053403702653837482e-08,1.746277054434489241e-10,7.054224672945431328e-10,6.570813552107146526e-10,1.497412380478988308e-06,1.258746264727752144e-09,7.664623661538822877e-11,0.000000000000000000e+00,9.742426556695434536e-04,4.266018246857453279e-11,7.428925812562797502e-10,3.240077650602017416e-09,2.741746174964313763e-10,9.846458298962023394e-07,5.814680113942970822e-07,9.869730052989370775e-11,2.520278231976431790e-07,1.841133673737584861e-07,2.802385056454736563e-10,7.178989144323784251e-10,1.467919960055479584e-10,5.162123875993496701e-11,7.145810467025089759e-07,1.484139103635355816e-08,9.877464754567512614e-11,7.638341806364613493e-10,7.982122306954265449e-11,1.116416912776311030e-10,4.788406401037787958e-11,1.147226631731719091e-06,7.708384758870294071e-11,8.801143475029254834e-11,5.418140698250210873e-06,4.027348081783430231e-09,7.807792287906269433e-10,1.447581001156424488e-10,8.539341830283756541e-09,1.789143701896995686e-07,6.740591140848034568e-01,6.147811214868243183e-10,6.377039905122535873e-10,7.519111970889694568e-10,2.095765933261741541e-07,7.116559361109631073e-10,9.773082233844961133e-11,3.101146133003453218e-09,2.474814247494715010e-07,7.909465094018640007e-11,3.059594328043616350e-09,8.226064831543945366e-11,7.098877221422472843e-11,4.960934934715275450e-10,1.003044986993314579e-06,7.386322238957723955e-07,1.884938518101162164e-08,1.032206134560926062e-09,1.690021614157549974e-10,1.240337801760922187e-03,3.786175859547086781e-10
1.110671303863277101e-07,9.567171516957213953e-10,7.645931250372996489e-10,1.426681894819742604e-09,4.316067399286902860e-10,1.755888661237855158e-08,2.239980037908828604e-10,1.065005569919694556e-09,1.005482156355276404e-09,6.873839731559643527e-06,2.131985418934463638e-09,9.871647211024897309e-11,9.742426556695434536e-04,0.000000000000000000e+00,5.667353566762713522e-11,1.193283358163125627e-09,5.057034380361107278e-09,3.787849100248395748e-10,3.214120186311590622e-07,1.867872603948319482e-07,1.321570692362664548e-10,7.981709926864317731e-08,5.582346058985813793e-08,3.886761452721778739e-10,1.078407672672717508e-09,2.125023652576871089e-10,6.783400962674926430e-11,2.277548532005097581e-07,2.694692850700856739e-08,1.369289615880948878e-10,1.251912728118478056e-09,1.087865005590436732e-10,1.427069748864350128e-10,6.667403744157430299e-11,5.783218591593887997e-06,1.046376227539265805e-10,1.140298372652361054e-10,1.831617677430934479e-05,6.850371223451535026e-09,1.230737222972506675e-09,1.954562331696241440e-10,1.348223350175426434e-08,5.436809661638669465e-08,6.090484368887787896e-04,9.061670506968829934e-10,9.156472167961600809e-10,1.037695647791298417e-09,6.578479051486084648e-08,1.148528667766660977e-09,1.339039509240102619e-10,5.002429105651849865e-09,7.846587010916040582e-08,1.053496482482012753e-10,5.248650621284752460e-09,1.122743273013677730e-10,9.771867315265668872e-11,6.855909556739703453e-10,3.417538735375664094e-07,2.470146294100184704e-07,3.398500618017966221e-08,1.632149666399142144e-09,2.267772372766871253e-10,6.818751856472720085e-01,5.249815651344624718e-10
5.423853484538076405e-12,6.529961540612636322e-09,8.087040244787758916e-08,5.800836266463273536e-08,7.230771123802617762e-07,2.792595946493754889e-10,1.478305879496057368e-06,1.072467793883143756e-09,1.517096960380995633e-09,6.185091088729869739e-11,8.409651441653424249e-10,7.496078827060157617e-06,4.266018246857453279e-11,5.667353566762713522e-11,0.000000000000000000e+00,1.137826009398606606e-09,3.461744517389981663e-10,2.923876748243729293e-07,1.069189506022152988e-11,7.621437725235496650e-12,3.629845447158405501e-06,3.825877196767608640e-12,2.978562774802688918e-12,2.895078448596297208e-07,1.629296459047886884e-09,1.899057052333311713e-06,2.741051341570778788e-01,7.808564399829840018e-12,1.933515224705409123e-10,3.383408239149287020e-06,1.044567439369391222e-09,2.059152026716522230e-05,3.411947590393437073e-04,2.909626561372984921e-01,8.411240105563361285e-11,7.562573988031596343e-06,6.582617538930674242e-06,7.770805993067024508e-11,3.292617234389523892e-10,9.933072275774558079e-10,2.062403026126142804e-06,3.862861571998684358e-10,3.049629233189628638e-12,3.786683358117722261e-11,6.336562447520842346e-09,5.495006086170029879e-09,1.680161417496519300e-09,3.734567647513929435e-12,4.807635583748079343e-09,3.626274232039252385e-06,4.470485787191315570e-10,4.090987408388135097e-12,1.943771271140396303e-05,4.169451267298341557e-10,5.044181948801658319e-06,2.179187585819742645e-01,1.080839719024262328e-07,1.041559068806487474e-11,8.242078763895582585e-12,1.973509254302803358e-10,8.903774020789014162e-10,1.566658241596986915e-06,4.561589149496598869e-11,2.098084665474588258e-07
7.590925638709418263e-11,3.041451069480557743e-05,1.709039703926935832e-07,2.000591843145112108e-06,2.608864272219313322e-08,7.871087560351401138e-08,1.040763404023632031e-08,1.024009239361382689e-01,8.123290002493285811e-02,1.995207023457948046e-09,8.371803213884132511e-02,3.051499258552995657e-09,7.428925812562797502e-10,1.193283358163125627e-09,1.137826009398606606e-09,0.000000000000000000e+00,2.311184999324792509e-07,3.010603508424408339e-08,1.422608537696971981e-10,1.150907491260116342e-10,4.643251655667842980e-09,5.538678753216586070e-11,4.340851848218469090e-11,2.937410922350987318e-08,7.889594298840037212e-02,8.582810353419557793e-09,1.461216402420800865e-09,1.131903958194009409e-10,4.632303652903948963e-08,4.729094036936906412e-09,1.104438201570271672e-01,3.030474711004870870e-09,3.641185140467817143e-09,1.416466000984678631e-09,3.343653230038787165e-09,3.072796459064463200e-09,3.364603047958011066e-09,1.816049188888963737e-09,1.759055072152264119e-07,1.019876024935722214e-01,7.504185529394938534e-09,1.650387428032424459e-07,4.289104357900778601e-11,6.124816854279993768e-10,3.378292679559704350e-05,4.047678994828309332e-05,7.622465489137217332e-02,5.027558627374500436e-11,9.495437942187637660e-05,4.569412513870311142e-09,3.763734482598219454e-07,5.566749788746196467e-11,3.019097003244190288e-09,3.098322865319776096e-07,3.801105209434415961e-09,2.233296824062781156e-09,1.200626485067507235e-07,1.516855516004764554e-10,1.185347285647260712e-10,4.008756046450211499e-08,8.697257744658119794e-02,1.038876076491004163e-08,9.088751691232301780e-10,5.165240549113717013e-08
2.758328588150437543e-10,9.795177199506368655e-08,2.092178261056164110e-08,7.163769555229317036e-08,5.855715874135980534e-09,2.944458912742602640e-05,2.708934036735955516e-09,2.503433184143971805e-07,1.989670518694433319e-07,1.138210835692461965e-08,6.656873097168707241e-07,8.540324101986611550e-10,3.240077650602017416e-09,5.057034380361107278e-09,3.461744517389981663e-10,2.311184999324792509e-07,0.000000000000000000e+00,6.313587760233486887e-09,5.575235766033486412e-10,4.182794560119366540e-10,1.194841008446639319e-09,2.028228803066797056e-10,1.677870825401034761e-10,6.121271425751138661e-09,2.138984350059004749e-07,2.194237483045662065e-09,4.441209916926844801e-10,4.180331780888383858e-10,1.139013507839173240e-05,1.280861767222929159e-09,2.837129215175209830e-07,8.839530972050421047e-10,1.078284064456758786e-09,4.155983809957658763e-10,2.053108293178978374e-08,8.963271781609030771e-10,9.766126575139238285e-10,8.722350775688704802e-09,1.970020796208850622e-01,3.038343373478636707e-07,2.028432983771794942e-09,1.354394210830520417e-01,1.642443145653109620e-10,2.498076416072478103e-09,9.539092121077421114e-08,1.064345035710316920e-07,2.053186813040810111e-07,1.939348758635150372e-10,1.303229491887012013e-07,1.223787486525363478e-09,2.160820143774779822e-01,2.158275082634848152e-10,9.088053832531192489e-10,2.162403893303660452e-01,9.707502549570759246e-10,6.324190671894492111e-10,1.794004058793740401e-08,5.724021654868874377e-10,4.495652140454917491e-10,9.730555793797155095e-06,4.571288664194620779e-07,2.667586531910883931e-09,3.883221421961876242e-09,9.687528006819805257e-09
3.266799675601749731e-11,2.080685072398039942e-07,1.850871472756054599e-04,5.299864035426716001e-05,2.030997777310272201e-01,3.892379199836049812e-09,4.570336669816580277e-05,2.649664637349315153e-08,3.892773011526623154e-08,5.120389368005045319e-10,2.043304612152111024e-08,3.721425639171637676e-06,2.741746174964313763e-10,3.787849100248395748e-10,2.923876748243729293e-07,3.010603508424408339e-08,6.313587760233486887e-09,0.000000000000000000e+00,6.440869947556153294e-11,4.619354583575140766e-11,8.687315497437154150e-06,2.342845481972135899e-11,1.912314791477787140e-11,2.923012539487887529e-01,4.275147697497513285e-08,2.485813754535763954e-05,4.184522991572383456e-07,4.566287347661075902e-11,2.603709547498092312e-09,7.783308617000962975e-06,2.532297117953880934e-08,2.900247634018269641e-06,2.227970850942487655e-06,3.670563606449825388e-07,7.508543885768959963e-10,3.733339771793720549e-06,4.225684948783719008e-06,5.449223934300308786e-10,5.373851641071098673e-09,2.374109401381102853e-08,2.041834707945491177e-05,6.546980812032137256e-09,1.873377065098671341e-11,2.348707233774372108e-10,2.040424329465776360e-07,1.739591629944539841e-07,4.493246378613113967e-08,2.257321197428268863e-11,1.388165981400212058e-07,7.199906657956703589e-06,8.294567513492748735e-09,2.470898946819378042e-11,3.115807485551982819e-06,7.269151037711486495e-09,5.285516720217102304e-06,7.781701826159634819e-07,3.152489245563495717e-04,6.245234858678586095e-11,4.936488644053673034e-11,2.497081092467549995e-09,2.241612944010190659e-08,3.979355617319236350e-05,3.148607081996257272e-10,2.431331439202330802e-01
6.464416155621445373e-04,1.342023069962319142e-10,1.116503423338544902e-10,2.233104002195701828e-10,6.996572494134634107e-11,1.699267821779956683e-09,4.132943626624677426e-11,1.371898068812389315e-10,1.364867683437502134e-10,3.621330874859266442e-08,2.365899914102690811e-10,1.757937997124152773e-11,9.846458298962023394e-07,3.214120186311590622e-07,1.069189506022152988e-11,1.422608537696971981e-10,5.575235766033486412e-10,6.440869947556153294e-11,0.000000000000000000e+00,9.446831374270193982e-02,2.369630930847399527e-11,3.131782291654438394e-04,1.332638235374408525e-04,6.244915710653105257e-11,1.416483313402138763e-10,3.456499021819217658e-11,1.281941827540856919e-11,1.940584593450045414e-01,2.240525126009123551e-09,2.301074426833227540e-11,1.563529707722718759e-10,1.904761975031232110e-11,2.619692626652963923e-11,1.156807404495477333e-11,2.632291547521579418e-08,1.832224641376659139e-11,2.120093466805101651e-11,9.051622495601140549e-08,6.879885707024081290e-10,1.547349194150068735e-10,3.379884310962874742e-11,1.401337410358517121e-09,1.265361465825785229e-04,2.834879692693762526e-06,1.247176365325544290e-10,1.346970357234761634e-10,1.491392797767317124e-10,1.652233304839693874e-04,1.458372731282574623e-10,2.212295963651844344e-11,5.658748439606960588e-10,2.701026336347508799e-04,1.953738802854437026e-11,5.670980063761905604e-10,1.934886201161528506e-11,1.747537415806485028e-11,1.094893377753585484e-10,2.286551359399774663e-01,2.094519553500996112e-01,2.889517986641225374e-09,1.962546263550343094e-10,3.889759973111775594e-11,4.746169132565329505e-07,8.240955465416527063e-11
5.634991401644659156e-03,9.950099216055877768e-11,8.638562376067673738e-11,1.633215061208965450e-10,5.374491954665447256e-11,1.215950285731578233e-09,2.939657068202265536e-11,1.015200986710050036e-10,9.616335950227608886e-11,2.126748607366358397e-08,1.897828308512398924e-10,1.346281246181341815e-11,5.814680113942970822e-07,1.867872603948319482e-07,7.621437725235496650e-12,1.150907491260116342e-10,4.182794560119366540e-10,4.619354583575140766e-11,9.446831374270193982e-02,0.000000000000000000e+00,1.746001710540599416e-11,3.566051063076776644e-03,1.796835740240405096e-03,4.711648227685156675e-11,1.059101320368030857e-10,2.623376837852470815e-11,9.323500724409286838e-12,1.188648023037257445e-01,1.658962324508959268e-09,1.786255308976970547e-11,1.107880554585823735e-10,1.450657099090995374e-11,1.971720894354853118e-11,8.959697527118404365e-12,1.595585509969305896e-08,1.381066016712335775e-11,1.511596533228833845e-11,5.022422691713262587e-08,5.236024940823073001e-10,1.139496118495061589e-10,2.486186382574907448e-11,1.020799720640472945e-09,1.725116448549965245e-03,1.867307563914211247e-06,9.849370372182870463e-11,9.742707178678400875e-11,1.029348280930068653e-10,2.083461875126394088e-03,1.147466613022286052e-10,1.750426322589966455e-11,4.031464794267075700e-10,3.162840837184583039e-03,1.389303363127049988e-11,4.059607100661520335e-10,1.510078745572431164e-11,1.310577308278830206e-11,8.359356479910790695e-11,9.313074365413354094e-02,1.069099949376312031e-01,2.002934530481248248e-09,1.556964394592411978e-10,3.028960505252574045e-11,2.894322996838061976e-07,6.320987721896497756e-11
1.218192262405376935e-11,2.865559516770110374e-08,1.066637870054532646e-06,5.165789148830706145e-07,5.613008750118361908e-05,8.889122193156034260e-10,3.284087111814777693e-03,4.011238588376683298e-09,5.833695404787648603e-09,1.581177054417587585e-10,3.256065122030663969e-09,4.267516512748736196e-02,9.869730052989370775e-11,1.321570692362664548e-10,3.629845447158405501e-06,4.643251655667842980e-09,1.194841008446639319e-09,8.687315497437154150e-06,2.369630930847399527e-11,1.746001710540599416e-11,0.000000000000000000e+00,8.792809178134255095e-12,7.037380733870550051e-12,8.425683157241732466e-06,6.347821630951994441e-09,4.846951501425257602e-03,5.381686390609665137e-06,1.784824176524196893e-11,6.046384852618728352e-10,1.244753034711132689e-01,3.930715977434365047e-09,9.532593595613788121e-03,2.435194470730979270e-03,4.589742446909908516e-06,2.265889652492410279e-10,3.632564127136733018e-02,4.766463203521523889e-02,1.866840947236286052e-10,1.099106831458179301e-09,3.638096626972156819e-09,7.413002259549080278e-03,1.392109758916701553e-09,7.002966994486938437e-12,8.795643447576476404e-11,2.828100393562523284e-08,2.358736852291085294e-08,6.671103634015786604e-09,8.397849455041614834e-12,2.002571001733458914e-08,1.275600640439679967e-01,1.576265641853882144e-09,9.247010922363471177e-12,9.741992595108718914e-03,1.405725412969704429e-09,8.254476100686157503e-02,1.292107948401276093e-05,1.632444390307068199e-06,2.343043435503778887e-11,1.843558898378967331e-11,5.854131350743935786e-10,3.566431241682999666e-09,3.296104412988225003e-03,1.118036175938569678e-10,4.523411912475744292e-06
1.594900551774025010e-01,4.930287158886259188e-11,4.362222410546292840e-11,8.225241890091432941e-11,2.699811318058566085e-11,6.119211490441675183e-10,1.487248097498625884e-11,5.030606786046695798e-11,4.936906590525833570e-11,9.071708214251878317e-09,9.246450503695347246e-11,6.669192298698959093e-12,2.520278231976431790e-07,7.981709926864317731e-08,3.825877196767608640e-12,5.538678753216586070e-11,2.028228803066797056e-10,2.342845481972135899e-11,3.131782291654438394e-04,3.566051063076776644e-03,8.792809178134255095e-12,0.000000000000000000e+00,1.123177890261107814e-01,2.429746089476912050e-11,5.136620575835380835e-11,1.291849132840554598e-11,4.612658690344879616e-12,4.428511634904347513e-04,7.928769368776350062e-10,9.029550678705951723e-12,5.715426570262407026e-11,6.972861985945453154e-12,9.964585349746874044e-12,4.425940940702564801e-12,7.003062998220169677e-09,7.042785417657752131e-12,7.575605702120665928e-12,2.229331999151209387e-08,2.527328143802245271e-10,5.611121624451319139e-11,1.263124539174937997e-11,5.329306034675727924e-10,1.093265341132015900e-01,8.344484516306731016e-07,4.688435265510217377e-11,4.984700016355625233e-11,5.555250010999942159e-11,1.243155392803109022e-01,5.606280112483917034e-11,8.831850077847481430e-12,1.994822358317964063e-10,1.609556214017659193e-01,7.117914335269431939e-12,2.081908304711267745e-10,7.382015150188629198e-12,6.616468085860452179e-12,4.072713655421730371e-11,2.899154657771341116e-04,3.707293952804759205e-04,1.004842255728226889e-09,7.474474692606646643e-11,1.461372308763991411e-11,1.187832987412662936e-07,3.232682427067310487e-11
8.354783465255462283e-02,3.998517665445979108e-11,3.347770274350125934e-11,6.502583293328575014e-11,2.133440542778060151e-11,4.713784409089302095e-10,1.222450982063408164e-11,3.965326436203222644e-11,3.903465536551962782e-11,6.773383005343272591e-09,7.234782118999485960e-11,5.229357322571085828e-12,1.841133673737584861e-07,5.582346058985813793e-08,2.978562774802688918e-12,4.340851848218469090e-11,1.677870825401034761e-10,1.912314791477787140e-11,1.332638235374408525e-04,1.796835740240405096e-03,7.037380733870550051e-12,1.123177890261107814e-01,0.000000000000000000e+00,1.867669186164906372e-11,4.178107607468942446e-11,1.024309256611318428e-11,3.688132662480370495e-12,1.880880429935583313e-04,6.295192639419986152e-10,6.738439599380689596e-12,4.537803600711465768e-11,5.650066102946340346e-12,7.678948225666761591e-12,3.417202391594295014e-12,5.148118557039073495e-09,5.356024917546907243e-12,6.035852734044476356e-12,1.618567431054223217e-08,2.024722579224717712e-10,4.448378899971636192e-11,9.933035573353946247e-12,4.117894824806285697e-10,2.124967732912428908e-01,6.124002503321706520e-07,3.716580848423991508e-11,3.913271924274472378e-11,4.253809937708370179e-11,1.773512228419837078e-01,4.407391316017181552e-11,6.693019731828879144e-12,1.586182443005885278e-10,1.226093544918651357e-01,5.611842953624990326e-12,1.596178905400437820e-10,5.785146584794887046e-12,5.072633773341174224e-12,3.277354564143279684e-11,1.171715777377708116e-04,1.582599844598446483e-04,7.603483594692551730e-10,5.911159131731305915e-11,1.171475846041893553e-11,8.815560764203647108e-08,2.499050315362130341e-11
3.203895038731072138e-11,2.119143805300418811e-07,1.841269744541244933e-04,5.101823591782211437e-05,2.035567337449662173e-01,3.980710367742618517e-09,4.221756957475120007e-05,2.577518575493652092e-08,3.777434660727066540e-08,5.053390233228299247e-10,1.993147678961053347e-08,3.809730831499607407e-06,2.802385056454736563e-10,3.886761452721778739e-10,2.895078448596297208e-07,2.937410922350987318e-08,6.121271425751138661e-09,2.923012539487887529e-01,6.244915710653105257e-11,4.711648227685156675e-11,8.425683157241732466e-06,2.429746089476912050e-11,1.867669186164906372e-11,0.000000000000000000e+00,4.146596261626464743e-08,2.457050425025709273e-05,4.226374458926183290e-07,4.906528294889748215e-11,2.498265287359399815e-09,7.721601501448788703e-06,2.502384371081134763e-08,2.855002808875973737e-06,2.262029617065037599e-06,3.806708139495315748e-07,7.754047574663210075e-10,3.626079282719657315e-06,4.147356065414817089e-06,5.632193133969997569e-10,5.257696639651518811e-09,2.294064416603493089e-08,2.062816880981210973e-05,6.654729192019610005e-09,1.827197089558888718e-11,2.408902645778007331e-10,2.043091556363994243e-07,1.663925551760866621e-07,4.404552546926311533e-08,2.214582968686200240e-11,1.374209681613073794e-07,7.474419985458348092e-06,7.990591536566189690e-09,2.498882171114446941e-11,2.946479799656406240e-06,7.347535961560835054e-09,5.048473985265664259e-06,7.792946755845673511e-07,3.072887129205730157e-04,6.582789896026026839e-11,5.047841286502300509e-11,2.447147216710090320e-09,2.160674744240943592e-08,3.881950300778082242e-05,3.185722750991395283e-10,2.461521185668520129e-01
6.832038111508726382e-11,6.422402248222605571e-05,2.483398396835588283e-07,3.549905199349210935e-06,3.618985251899623861e-08,7.062532599893319192e-08,1.558172930587917783e-08,8.611430063952883740e-02,1.340506952633059856e-01,1.895123352556045375e-09,3.335260750899266685e-02,4.419538784378198084e-09,7.178989144323784251e-10,1.078407672672717508e-09,1.629296459047886884e-09,7.889594298840037212e-02,2.138984350059004749e-07,4.275147697497513285e-08,1.416483313402138763e-10,1.059101320368030857e-10,6.347821630951994441e-09,5.136620575835380835e-11,4.178107607468942446e-11,4.146596261626464743e-08,0.000000000000000000e+00,1.205954125340741532e-08,2.067876285795103781e-09,1.063069101689175890e-10,3.822914760375287721e-08,6.522387094623799744e-09,7.231788606884420600e-02,4.556410201025202323e-09,5.057612682678140147e-09,1.912489791817959740e-09,3.040734068520552566e-09,4.437409431468205497e-09,4.935299111021136344e-09,1.639885032489375856e-09,1.518384045041227718e-07,5.817700245908707241e-02,1.132763153131205082e-08,1.417536623462596356e-07,4.038514563100047856e-11,6.128026398359008777e-10,6.616187190378686005e-05,8.090820406824100264e-05,1.432899315989552280e-01,4.905694887803495177e-11,1.589940902855045799e-04,6.400352573651194871e-09,3.507876627051121227e-07,5.523267268794839964e-11,4.372451388534964205e-09,2.887033229172984243e-07,4.998476392013576129e-09,2.929641125637255161e-09,1.700380243608377673e-07,1.367879159560325191e-10,1.159908054740954380e-10,3.405013793372525848e-08,3.739000894456399882e-02,1.413298568615618480e-08,8.487963148476810276e-10,7.047215968911077963e-08
