0.000000000000000000e+00,7.170454345601504596e-03,6.275265662570820614e-03,6.551797553170621118e-03,5.442855427788287348e-03,1.046883928215118498e-02,4.987854590470862208e-03,7.945722599977129291e-03,7.775438200250388288e-03,1.252090935411563286e-02,8.725852032600935060e-03,4.151471066899164487e-03,1.407028287934026026e-02,1.391364268641215145e-02,2.620802418732857617e-03,8.476089806184161982e-03,9.841663735811231883e-03,5.791726275720642143e-03,1.558536478311904616e-02,1.685562414286547600e-02,4.617559426225003455e-03,1.737536095142458090e-02,1.797586273094598647e-02,5.657436024877245291e-03,7.675509387734403242e-03,4.849233329407611100e-03,2.986941575840964223e-03,1.615195205999244571e-02,1.123078920808638463e-02,4.666243350182958625e-03,8.116997236677041608e-03,3.889507768211628372e-03,3.567764426100316667e-03,2.898987586190122923e-03,1.229816603064275149e-02,4.136990562492255143e-03,4.488100035255305695e-03,1.303332919826298564e-02,1.020330583519940201e-02,8.240388091766330178e-03,4.861529030767106595e-03,1.034307140250381382e-02,1.850131835893411777e-02,1.464926472680850786e-02,7.118811130238157994e-03,7.398480481244158052e-03,7.906384153909064988e-03,1.802402512163949269e-02,7.562380109266687335e-03,4.594269905450804395e-03,9.627616686469544702e-03,1.746050503804284434e-02,3.839249739134434954e-03,9.523082532440316217e-03,4.429531398942684883e-03,3.515379580556534170e-03,6.297555011014074021e-03,1.576056406662204937e-02,1.545888139052004236e-02,1.132467177807539548e-02,8.647779215164254005e-03,5.152062195089672503e-03,1.400793084725157275e-02,5.931639602488616991e-03
7.170454345601504596e-03,0.000000000000000000e+00,1.186241725090728116e-02,1.177983881329044968e-02,1.129958528436972830e-02,1.063063903045353628e-02,1.152736411237542842e-02,1.107169772962168439e-02,1.140180872212561737e-02,9.952583323447368804e-03,1.067827354828260016e-02,1.181921306258638428e-02,9.276688245892389731e-03,9.306904609852000021e-03,9.769315284069645181e-03,1.129075058690733567e-02,1.129554354550587128e-02,1.123867955259365628e-02,8.086846176787076262e-03,7.424748566949675686e-03,1.120587676850686755e-02,6.644844687597513226e-03,6.259932487403110229e-03,1.173018156599156710e-02,1.222704100939110694e-02,1.130420734431536803e-02,1.023717591064374557e-02,8.001975272316582191e-03,1.021057329945673949e-02,1.097015281352895812e-02,1.159854439737353048e-02,1.158071707627022356e-02,1.055191648573529546e-02,1.020177535355590651e-02,9.943305089068165542e-03,1.061163775058835031e-02,1.103212312064060993e-02,9.602750222540097635e-03,1.098292801745650096e-02,1.108407986031602517e-02,1.176698615840000330e-02,1.094954775576839276e-02,6.103881565972164337e-03,9.305784458820787891e-03,1.147428304679539400e-02,1.148750153512573778e-02,1.123809644194631585e-02,6.685849535029278479e-03,1.146049431768609086e-02,1.161093109071689201e-02,1.125288831587700593e-02,7.045695315011891828e-03,1.075385742217159490e-02,1.119984456296570924e-02,1.109179224639316071e-02,1.019201957283957446e-02,1.149343987663776004e-02,8.034481841661392926e-03,7.963823497368039198e-03,1.023372655107220898e-02,1.100452650389569312e-02,1.149004873639987261e-02,9.524997179650435478e-03,1.171937927394900783e-02
6.275265662570820614e-03,1.186241725090728116e-02,0.000000000000000000e+00,1.162315576592120279e-02,1.217875296291194044e-02,1.029363275940312246e-02,1.168846446087329002e-02,1.141497375545461219e-02,1.113418345579568827e-02,8.790873952723880086e-03,1.119139369069783486e-02,1.235188781190537689e-02,8.215231703091135582e-03,8.659668521437490982e-03,1.094669533746490085e-02,1.160978489301695178e-02,1.025900986651637030e-02,1.170146773405566186e-02,7.004169983983872874e-03,6.604639651995864238e-03,1.181032970827240909e-02,5.931617340485727426e-03,5.213472883708611741e-03,1.234506222012153077e-02,1.147275760212676868e-02,1.178551920165909518e-02,1.115694541294514827e-02,6.888401919891638282e-03,9.703780483165507995e-03,1.204232868964805366e-02,1.139941424647930926e-02,1.174914507787974682e-02,1.187580420773839095e-02,1.135860179501448422e-02,9.091300625927358631e-03,1.193852299109651391e-02,1.194498072516362447e-02,8.969055100948482295e-03,1.068578663109473643e-02,1.098692539489530551e-02,1.251423825876974913e-02,1.042158149657155392e-02,5.096875558081720436e-03,8.307416197852936918e-03,1.206758562333612450e-02,1.144935854498316426e-02,1.114851549111845787e-02,5.709679171236068350e-03,1.139761740090760797e-02,1.229722744998365709e-02,1.056181943240857950e-02,5.951018318398226814e-03,1.161919289136732238e-02,1.080920506001788531e-02,1.184312096939902845e-02,1.159557503998195904e-02,1.147248201953316067e-02,7.256982985253032301e-03,6.974112592870582682e-03,9.793223632888408553e-03,1.092278560229328205e-02,1.182100878677552758e-02,8.319360772230497900e-03,1.218231552359470490e-02
6.551797553170621118e-03,1.177983881329044968e-02,1.162315576592120279e-02,0.000000000000000000e+00,1.198092474727010907e-02,1.064285173850658753e-02,1.246948402122518770e-02,1.152021115102896780e-02,1.160496130204720019e-02,9.146703735321556200e-03,1.043188830162218236e-02,1.152627939399718769e-02,8.574196018949504366e-03,8.464142691910075261e-03,1.079120150440975555e-02,1.080467707930315123e-02,1.107110025637890287e-02,1.216169197154293863e-02,7.664645664172762239e-03,6.858942555629833626e-03,1.201119670230493298e-02,6.173139881474763203e-03,5.614325953719657807e-03,1.185126959846697497e-02,1.206668430933577861e-02,1.164522695659814429e-02,1.099074287162845644e-02,7.072961725157545995e-03,9.972253400947529017e-03,1.167145965859367300e-02,1.123243924065194140e-02,1.163926611728211165e-02,1.116359866267071718e-02,1.064691070330939758e-02,9.399314960603819338e-03,1.172485786588153486e-02,1.205819758800073110e-02,8.955782505489194578e-03,1.044231883622073406e-02,1.115579846731787339e-02,1.166368300473365031e-02,1.049139019172116993e-02,5.640547788568761600e-03,8.358583009673108827e-03,1.146089595912915676e-02,1.182545721786796775e-02,1.178282500806642971e-02,6.251757129878090201e-03,1.098373644384939736e-02,1.176637422789722498e-02,1.096231090513347800e-02,6.334247884297830589e-03,1.167390126149385823e-02,1.114867479417940357e-02,1.134199029185895165e-02,1.101871802642054310e-02,1.168545255403264684e-02,7.424523980411814814e-03,7.315965260844979959e-03,1.023291738893594531e-02,1.120927842344032407e-02,1.154635887777340914e-02,8.612996460293686346e-03,1.153671578043671125e-02
5.442855427788287348e-03,1.129958528436972830e-02,1.217875296291194044e-02,1.198092474727010907e-02,0.000000000000000000e+00,9.666453261094300892e-03,1.224228028606709484e-02,1.069954826108870244e-02,1.086330107670700242e-02,8.128874409685436092e-03,1.095406850115149267e-02,1.301221790556077694e-02,7.379843385257297932e-03,7.725972072226625076e-03,1.219249198493518350e-02,1.122122299053368230e-02,9.922280809924591272e-03,1.216920932088482940e-02,6.353196424700198811e-03,5.842148285515727513e-03,1.273582102488155475e-02,5.137356525679097514e-03,4.610013573201299404e-03,1.249686519926892191e-02,1.105507099974530408e-02,1.232619851030039744e-02,1.237481499131719634e-02,6.106308831862199311e-03,9.198645038383709491e-03,1.258033557047423534e-02,1.109810723025717039e-02,1.247190705561982554e-02,1.277462282696989818e-02,1.294738541894681350e-02,8.660736665647410931e-03,1.261512744058247877e-02,1.257766798428321293e-02,8.254102725212238492e-03,9.735890843310581605e-03,1.061694112337503715e-02,1.241359905274951568e-02,9.707095363713631048e-03,4.487592554874087966e-03,7.338438398048470132e-03,1.176907994923925144e-02,1.133610739742564946e-02,1.098787042708382171e-02,4.974004795780254812e-03,1.149960065888002737e-02,1.271752028073511523e-02,1.007177280894007779e-02,5.180929201653766518e-03,1.224809241820970507e-02,9.950772264479832221e-03,1.292195552053553194e-02,1.280622864678659240e-02,1.203334568155276472e-02,6.409095600970872095e-03,6.127992558962042959e-03,9.275720356506287484e-03,1.092717765627512772e-02,1.221436835683880652e-02,7.694765943888122288e-03,1.219287262421708644e-02
1.046883928215118498e-02,1.063063903045353628e-02,1.029363275940312246e-02,1.064285173850658753e-02,9.666453261094300892e-03,0.000000000000000000e+00,8.861739721364324598e-03,1.156842746199254236e-02,1.098594026505109178e-02,1.178178166767873333e-02,1.117888294741212901e-02,8.257998851191515610e-03,1.210960912852720658e-02,1.182611053000867836e-02,6.261062983946896580e-03,1.084179753049498499e-02,1.178465395987060224e-02,9.356653885965836651e-03,1.139261044205357697e-02,1.086674550398667241e-02,8.517149660370613995e-03,1.056527448204881182e-02,9.820352257634263823e-03,9.677563548593020107e-03,1.138638626301235156e-02,8.900727883391574072e-03,6.911995342769866948e-03,1.134935196513677316e-02,1.161954295035289020e-02,9.099863841455016478e-03,1.097831044693154193e-02,7.848572531313869477e-03,7.971317356164742129e-03,6.693010141753082468e-03,1.174802874723849394e-02,8.719654462963879332e-03,8.985788967365048938e-03,1.165664427323360487e-02,1.153162063255619429e-02,1.131194047854603736e-02,9.584765575138626259e-03,1.171699229368015384e-02,9.756990623173485144e-03,1.193053190389380992e-02,1.098700420040933483e-02,1.070862672574954093e-02,1.132078951749769871e-02,1.055417138078950691e-02,1.018788279142142546e-02,8.818695420806793583e-03,1.144161782068376342e-02,1.034301689732671815e-02,8.108385644795344793e-03,1.195622209594340325e-02,8.237037167123607492e-03,7.392963118915722547e-03,9.472634692619873523e-03,1.123531685409957966e-02,1.144950171734641919e-02,1.235154324863262619e-02,1.077265250529420640e-02,8.750441395560483102e-03,1.115974888379663195e-02,9.673056580101200772e-03
4.987854590470862208e-03,1.152736411237542842e-02,1.168846446087329002e-02,1.246948402122518770e-02,1.224228028606709484e-02,8.861739721364324598e-03,0.000000000000000000e+00,1.059861150260179088e-02,1.131015207728994568e-02,7.632784026522617532e-03,9.953932109895379660e-03,1.308082977944802563e-02,7.074585347763693265e-03,6.794303020918234827e-03,1.331192280224903837e-02,1.052435407666556764e-02,9.768125336293020239e-03,1.335943063994806008e-02,6.136310024113968489e-03,5.169937399693069757e-03,1.375058685913617060e-02,4.545178640065615505e-03,4.225213142105993004e-03,1.199813307143950472e-02,1.133697112840336384e-02,1.248981784552973852e-02,1.318142994576161284e-02,5.450528940048976652e-03,8.645054054006560615e-03,1.237278769930614565e-02,1.054050225875943249e-02,1.358040617349416668e-02,1.280405088411868363e-02,1.258784348788652592e-02,7.946622287301826834e-03,1.297675515307696210e-02,1.292347383026094809e-02,7.571203567855885885e-03,9.498498282077662627e-03,1.034895098827604693e-02,1.273592009421767313e-02,9.714398205518772964e-03,4.086973129267918239e-03,6.924099084379936597e-03,1.104459246158724130e-02,1.156246340597105737e-02,1.156814213959799637e-02,4.626036359140838633e-03,1.093061744977503677e-02,1.246102733134527192e-02,1.025245109170915513e-02,4.736749347140062523e-03,1.348985705466564794e-02,9.645280236588496189e-03,1.327923704384328940e-02,1.283305887493564092e-02,1.251471317656622367e-02,5.672880711870430595e-03,5.526616905386841708e-03,8.656463435355898559e-03,1.063768065673514028e-02,1.277416623431886465e-02,7.245826716349183447e-03,1.192130884960456751e-02
7.945722599977129291e-03,1.107169772962168439e-02,1.141497375545461219e-02,1.152021115102896780e-02,1.069954826108870244e-02,1.156842746199254236e-02,1.059861150260179088e-02,0.000000000000000000e+00,1.191605673418887068e-02,1.104375677496560564e-02,1.165116785994115348e-02,9.959986633461677744e-03,9.927972085658388554e-03,9.921457445598996783e-03,8.481277574860626722e-03,1.086069278379372949e-02,1.156485259010268073e-02,1.089084357263722658e-02,8.958923242070360865e-03,8.384943795445371634e-03,1.002787259866119371e-02,7.635872547631778612e-03,7.057174967265761670e-03,1.075699333683907341e-02,1.167918818988260971e-02,1.093101295191204261e-02,9.310142628063886039e-03,8.396017004637787093e-03,1.162858098288486672e-02,1.102217433252964014e-02,1.110899279397899002e-02,9.977310719862421060e-03,9.918889806640667633e-03,8.687704464420586276e-03,1.049382825609120398e-02,1.090953948634167635e-02,1.055735378722692797e-02,9.999844976841103586e-03,1.130388421456036616e-02,1.266527297416729370e-02,1.090504546054282993e-02,1.111845250472448532e-02,7.204058054181168395e-03,9.405352254470655121e-03,1.200959806480614463e-02,1.162407813243927432e-02,1.185394463793108290e-02,7.780815683895159207e-03,1.098373089999206756e-02,1.033260022526158450e-02,1.143707995027640201e-02,7.776359473668970415e-03,1.054307237988189733e-02,1.165002713826690170e-02,9.993392637691210847e-03,9.153189692011216502e-03,1.093694917432888082e-02,8.890813647557446048e-03,8.954820302114139749e-03,1.097381832110202494e-02,1.135542065308903573e-02,1.069539560255671623e-02,9.491367552070612001e-03,1.118847109915124816e-02
7.775438200250388288e-03,1.140180872212561737e-02,1.113418345579568827e-02,1.160496130204720019e-02,1.086330107670700242e-02,1.098594026505109178e-02,1.131015207728994568e-02,1.191605673418887068e-02,0.000000000000000000e+00,1.063984945895622529e-02,1.126266603750542862e-02,9.959539393026134099e-03,9.519225404024819759e-03,9.770295668757042820e-03,8.847881455558415792e-03,1.088489321365807873e-02,1.142103582192417928e-02,1.129499493197160843e-02,9.040187245771885358e-03,7.981630538458347329e-03,1.050957259612315259e-02,7.518885578054293993e-03,6.949929044965431207e-03,1.114744671693895274e-02,1.141257742303880898e-02,1.139550600351476803e-02,9.710099209734089284e-03,8.172855190866181938e-03,1.066543389730392234e-02,1.060959460069994288e-02,1.191372080866973798e-02,1.037886614709659060e-02,9.821765029564470326e-03,9.042309521502927758e-03,1.026748842436563461e-02,1.093353606055747981e-02,1.058206710191299423e-02,1.057108579328097132e-02,1.145222688628344358e-02,1.162103446326855430e-02,1.085959544756564740e-02,1.105382944454153318e-02,7.013033068576764173e-03,9.183125538175128041e-03,1.139863799710012435e-02,1.179406897169497231e-02,1.182433786859208268e-02,7.742737900831505281e-03,1.131213766107878015e-02,1.030032067372419965e-02,1.142396644701595271e-02,7.777390312225885248e-03,1.082312628226644521e-02,1.179437816171541309e-02,1.021936748933329267e-02,9.478362152367598298e-03,1.116950498963952508e-02,8.824270126017219606e-03,8.595045415538458619e-03,1.104467534035429369e-02,1.166675207902590806e-02,1.112337164869492932e-02,9.669870657592720409e-03,1.084502352027674754e-02
1.252090935411563286e-02,9.952583323447368804e-03,8.790873952723880086e-03,9.146703735321556200e-03,8.128874409685436092e-03,1.178178166767873333e-02,7.632784026522617532e-03,1.104375677496560564e-02,1.063984945895622529e-02,0.000000000000000000e+00,1.097927487628181341e-02,6.796025484636088014e-03,1.249346215207304371e-02,1.311624004522927468e-02,4.780020704523617672e-03,1.042306370475602414e-02,1.176903251536753209e-02,8.401853985490056673e-03,1.307214144144448580e-02,1.279796015757627206e-02,7.100321453030873815e-03,1.224199109617332172e-02,1.214441428911084732e-02,8.285655853406211427e-03,1.048689479088932286e-02,7.752659983246436813e-03,5.444634679869712023e-03,1.235631457307689689e-02,1.258334906452409502e-02,7.421271007603451840e-03,1.049036923755344505e-02,6.666848857411217071e-03,6.249206598438679025e-03,5.241730330177201552e-03,1.253897615936538229e-02,6.987625226544074211e-03,6.931275938254097442e-03,1.239223750289460135e-02,1.136009290969569943e-02,1.125601860598504124e-02,7.656206907358215942e-03,1.165095199010978202e-02,1.245265444194757452e-02,1.241667205042937781e-02,9.815830620879029828e-03,1.001707808468150704e-02,9.983203803391195105e-03,1.260147764063122150e-02,1.017088540903323193e-02,7.187678232264789295e-03,1.160348887899607766e-02,1.277629539088380797e-02,6.678262964406220595e-03,1.152676041872436122e-02,7.138372517228637124e-03,5.809953500562263159e-03,9.091882516320669294e-03,1.288031942060020169e-02,1.289498428870345000e-02,1.210974240274300534e-02,1.078145269489406283e-02,7.844680612925841734e-03,1.303570269140275767e-02,8.628341747708353007e-03
8.725852032600935060e-03,1.067827354828260016e-02,1.119139369069783486e-02,1.043188830162218236e-02,1.095406850115149267e-02,1.117888294741212901e-02,9.953932109895379660e-03,1.165116785994115348e-02,1.126266603750542862e-02,1.097927487628181341e-02,0.000000000000000000e+00,9.638877193404412833e-03,1.003700395979702405e-02,1.114235149028881648e-02,7.741190575970276905e-03,1.236325943545741810e-02,1.126273684565111226e-02,1.078199788207311050e-02,9.106515047502036081e-03,9.376642412271200822e-03,9.983601318725741913e-03,8.454005492189317628e-03,7.800371434623610059e-03,1.065949783467993149e-02,1.090245345494815152e-02,1.075348665204032411e-02,8.551905998351169366e-03,9.274935722373190555e-03,1.200319990619269812e-02,1.043703288078553018e-02,1.132075548805609039e-02,9.448968725698028009e-03,9.379644371333265701e-03,8.628472115261832942e-03,1.108324530121148829e-02,1.007637834948072256e-02,9.772238928840293673e-03,1.056205099186415496e-02,1.152363325245346973e-02,1.200446604136818328e-02,1.008670365397019812e-02,1.125894769967078143e-02,7.559668614025675214e-03,9.792348009050036092e-03,1.167718149680701915e-02,1.095371308684248667e-02,1.090626347683710390e-02,8.026776842292379296e-03,1.212193856068539098e-02,1.019031207932363618e-02,1.119295372243096082e-02,8.288486692750554261e-03,9.503699683337075294e-03,1.117328346054708745e-02,1.019529787067422269e-02,9.307501357630082808e-03,1.095927136142292591e-02,9.467936811298689401e-03,9.398933384170563357e-03,1.115870640579960139e-02,1.205740679442206080e-02,1.058855368726056671e-02,1.045738488670155258e-02,1.110659141839722558e-02
4.151471066899164487e-03,1.181921306258638428e-02,1.235188781190537689e-02,1.152627939399718769e-02,1.301221790556077694e-02,8.257998851191515610e-03,1.308082977944802563e-02,9.959986633461677744e-03,9.959539393026134099e-03,6.796025484636088014e-03,9.638877193404412833e-03,0.000000000000000000e+00,6.210241043175769408e-03,6.131796599751809101e-03,1.459758152951855063e-02,1.029694398643001517e-02,9.005650212624494860e-03,1.223440446505611769e-02,4.949543005545929859e-03,4.429649001143138448e-03,1.354657791156052560e-02,3.752258538130843341e-03,3.288935448542943882e-03,1.278287756295825792e-02,1.084498420181335271e-02,1.243753214050620330e-02,1.425073901418343232e-02,4.824790087829044193e-03,7.860644995881559474e-03,1.362682775954515528e-02,9.769488518294474830e-03,1.387710520264699363e-02,1.495474593636248427e-02,1.490069981222512559e-02,7.212548595896408656e-03,1.340032988459965470e-02,1.345585679431987591e-02,6.570158514981946397e-03,8.425702908677041789e-03,9.628331832019032185e-03,1.357931774180372829e-02,8.903269627138962403e-03,3.225065530243619461e-03,5.902661437655734589e-03,1.124928178504334964e-02,1.076125366080840640e-02,1.037657691641908318e-02,3.672093648206483252e-03,1.076984189035605152e-02,1.466537837642586592e-02,9.155413318390885971e-03,3.857508899484200608e-03,1.324311273127916876e-02,8.750334757269256220e-03,1.384408222433418031e-02,1.439974963044479868e-02,1.203417023426355849e-02,4.884524725707107586e-03,4.609114286249883265e-03,7.849463081425088126e-03,9.749820066575695665e-03,1.293658869421100178e-02,6.248026529926291490e-03,1.271385499397384954e-02
1.407028287934026026e-02,9.276688245892389731e-03,8.215231703091135582e-03,8.574196018949504366e-03,7.379843385257297932e-03,1.210960912852720658e-02,7.074585347763693265e-03,9.927972085658388554e-03,9.519225404024819759e-03,1.249346215207304371e-02,1.003700395979702405e-02,6.210241043175769408e-03,0.000000000000000000e+00,1.278386036107028931e-02,4.144770290897327805e-03,9.878528915688538151e-03,1.135739271629911291e-02,7.537705833692793199e-03,1.418270005426603732e-02,1.414037917950587697e-02,6.476898703880205888e-03,1.411214690312204492e-02,1.414122637321824950e-02,7.699038308768270562e-03,9.833092416691790322e-03,6.753997461177702229e-03,4.683967035397142500e-03,1.440359759726975684e-02,1.197974523003021187e-02,6.471936872360988316e-03,9.667814079812250827e-03,5.749073446336712759e-03,5.513950653847303658e-03,4.452919398279847965e-03,1.304260555904524811e-02,6.054240956930753183e-03,6.616410037131726166e-03,1.252084709041329479e-02,1.137095336737724456e-02,9.904992614022768010e-03,6.925928093354048048e-03,1.179840150708296072e-02,1.419573753875847701e-02,1.381378831808221554e-02,9.045106692161526685e-03,9.103460387211003563e-03,1.022237788856775360e-02,1.399681239413110359e-02,8.996014481584872768e-03,6.555265959470463373e-03,1.117827864298281786e-02,1.370470772292126625e-02,5.688326273929852385e-03,1.076896054708975300e-02,6.274144022465981060e-03,5.156398604960490961e-03,8.090029986515569205e-03,1.370600690177691504e-02,1.374667556612358364e-02,1.194235784513332337e-02,1.007220485096728228e-02,6.993756997463099374e-03,1.284809157088974592e-02,7.928848802708174728e-03
1.391364268641215145e-02,9.306904609852000021e-03,8.659668521437490982e-03,8.464142691910075261e-03,7.725972072226625076e-03,1.182611053000867836e-02,6.794303020918234827e-03,9.921457445598996783e-03,9.770295668757042820e-03,1.311624004522927468e-02,1.114235149028881648e-02,6.131796599751809101e-03,1.278386036107028931e-02,0.000000000000000000e+00,4.364629785420900271e-03,1.060742802961047067e-02,1.078258392642988256e-02,7.660699416633838521e-03,1.320462855248316289e-02,1.384094944632495959e-02,6.601608061115977859e-03,1.395602074040403449e-02,1.293638645512647581e-02,7.857683073452087150e-03,9.909074282678077480e-03,7.367075372945530200e-03,4.838866808402724796e-03,1.372653970554591797e-02,1.257324894662187158e-02,6.828422720637084518e-03,1.054517866262809356e-02,6.044223713976231913e-03,5.469160220348127585e-03,4.895131353386827228e-03,1.255108486478196533e-02,6.304100208827907205e-03,6.538975521871521514e-03,1.315014308386575591e-02,1.182910832693695284e-02,1.032494563364467349e-02,7.051836580038594107e-03,1.101691577359306846e-02,1.297776329016646531e-02,1.336054684595131860e-02,9.221013174756589534e-03,8.999275146610197229e-03,9.384604551085367827e-03,1.333533968518454786e-02,1.003073973762030890e-02,6.841068964924599052e-03,1.114336425767752103e-02,1.334149062945070609e-02,5.835058709915381427e-03,1.150621397088617652e-02,6.544957528866932571e-03,5.555938897278668749e-03,8.064870975173211304e-03,1.355968158254832086e-02,1.398671887352731860e-02,1.230175948176412924e-02,1.043907486856909470e-02,7.031122508325501376e-03,1.324835861851876052e-02,8.031611302523746637e-03
2.620802418732857617e-03,9.769315284069645181e-03,1.094669533746490085e-02,1.079120150440975555e-02,1.219249198493518350e-02,6.261062983946896580e-03,1.331192280224903837e-02,8.481277574860626722e-03,8.847881455558415792e-03,4.780020704523617672e-03,7.741190575970276905e-03,1.459758152951855063e-02,4.144770290897327805e-03,4.364629785420900271e-03,0.000000000000000000e+00,8.356801565673355886e-03,6.802631261789237813e-03,1.220021314529468048e-02,3.342394347088221279e-03,2.707999340073791172e-03,1.435876707095120643e-02,2.262962452058757488e-03,1.932728222634786785e-03,1.192167273927409454e-02,8.834961670205093362e-03,1.354787454283454262e-02,1.872377536802717971e-02,2.976083597542382355e-03,5.979904846651294507e-03,1.380164383547689139e-02,8.760314847527549825e-03,1.555810599167800276e-02,1.625317770004422457e-02,1.883177262467248397e-02,4.973648496193500135e-03,1.487519699646441297e-02,1.520324330575461604e-02,5.094989503012944086e-03,6.954442385537432623e-03,8.447198887316506241e-03,1.340538115045626470e-02,6.256583344391430761e-03,1.959385623736628872e-03,3.933352544064674591e-03,9.349866425533094952e-03,9.692311214238217773e-03,8.891843031776938688e-03,2.271922695662766112e-03,9.633139545477743468e-03,1.396075299384980442e-02,7.172382900720744234e-03,2.386094658287650581e-03,1.560062743915761017e-02,7.249031591589058521e-03,1.440324149839568475e-02,1.763005461529713533e-02,1.120491344611169830e-02,3.235099112305355514e-03,3.022262852299053768e-03,6.000723978574633993e-03,8.058419386431552381e-03,1.304639346568927522e-02,4.139509293062379469e-03,1.147327293061155100e-02
8.476089806184161982e-03,1.129075058690733567e-02,1.160978489301695178e-02,1.080467707930315123e-02,1.122122299053368230e-02,1.084179753049498499e-02,1.052435407666556764e-02,1.086069278379372949e-02,1.088489321365807873e-02,1.042306370475602414e-02,1.236325943545741810e-02,1.029694398643001517e-02,9.878528915688538151e-03,1.060742802961047067e-02,8.356801565673355886e-03,0.000000000000000000e+00,1.099965276874837437e-02,1.122315713473578599e-02,8.714772296665970405e-03,8.947265779730243299e-03,1.070273243080466577e-02,7.882785727970744241e-03,7.240578561895623898e-03,1.108910878649933991e-02,1.108210915143744216e-02,1.060154674298478990e-02,8.935981329139393650e-03,8.977481399110092894e-03,1.129816576696412132e-02,1.059011501426719050e-02,1.128774253252332917e-02,9.917248517981832809e-03,9.683186052909846520e-03,9.165944035320712155e-03,1.075024091755940291e-02,9.891305468814616877e-03,1.001802924852434294e-02,1.033107280679991351e-02,1.120398356969836556e-02,1.129095012900770481e-02,1.023693948505561765e-02,1.114838295767439647e-02,7.129340991814630928e-03,9.754520450665073866e-03,1.191482325874316031e-02,1.092118191537571302e-02,1.108075412647822368e-02,7.512906740319575359e-03,1.239040982661882700e-02,1.077934156663607097e-02,1.103402321517435100e-02,7.734343090769610872e-03,9.688121154619947981e-03,1.076373638799554659e-02,1.112238009122571564e-02,9.894045655267677541e-03,1.153398011037653006e-02,9.200623028157479608e-03,8.838500048562127412e-03,1.100909377375813326e-02,1.186439232459131528e-02,1.088636732094664002e-02,1.047368099667913416e-02,1.158400317545337996e-02
9.841663735811231883e-03,1.129554354550587128e-02,1.025900986651637030e-02,1.107110025637890287e-02,9.922280809924591272e-03,1.178465395987060224e-02,9.768125336293020239e-03,1.156485259010268073e-02,1.142103582192417928e-02,1.176903251536753209e-02,1.126273684565111226e-02,9.005650212624494860e-03,1.135739271629911291e-02,1.078258392642988256e-02,6.802631261789237813e-03,1.099965276874837437e-02,0.000000000000000000e+00,1.020699283726033725e-02,1.040004730892078906e-02,1.020961752664494709e-02,8.900707098787777327e-03,9.318104465545330381e-03,9.272097506927914554e-03,9.990952068009260542e-03,1.184105999420942065e-02,9.335111270142752021e-03,7.433892369992176757e-03,1.020445939525101153e-02,1.182393426048895801e-02,9.302771796372835342e-03,1.103828791473214846e-02,8.798068882519547926e-03,8.360515225593185412e-03,7.307711385152057537e-03,1.172810786195143881e-02,8.960939771801311460e-03,9.047327394396263017e-03,1.078569943067398534e-02,1.147040019128714450e-02,1.165892059066235553e-02,9.448950787754132122e-03,1.210714520934223423e-02,9.053064332178570664e-03,1.091439830508629180e-02,1.113436728453442125e-02,1.126693155858807596e-02,1.140037924152073785e-02,9.514554574550488503e-03,1.072477133757674707e-02,9.324800281595694088e-03,1.169028534110153408e-02,9.745336676597687875e-03,8.915442981065769407e-03,1.141883538256622393e-02,8.944080261830526096e-03,7.815158109045240720e-03,1.075740849400208185e-02,1.050937292105908784e-02,1.029228766955524350e-02,1.171774077397495610e-02,1.145701772574886368e-02,9.918604819875592032e-03,1.136353206666602944e-02,1.032194858020957749e-02
5.791726275720642143e-03,1.123867955259365628e-02,1.170146773405566186e-02,1.216169197154293863e-02,1.216920932088482940e-02,9.356653885965836651e-03,1.335943063994806008e-02,1.089084357263722658e-02,1.129499493197160843e-02,8.401853985490056673e-03,1.078199788207311050e-02,1.223440446505611769e-02,7.537705833692793199e-03,7.660699416633838521e-03,1.220021314529468048e-02,1.122315713473578599e-02,1.020699283726033725e-02,0.000000000000000000e+00,6.786169233728355128e-03,5.833038873932731329e-03,1.280553583609513393e-02,5.203101123908153609e-03,4.841378661477079189e-03,1.195926930754336905e-02,1.123615379625410998e-02,1.216494132154463843e-02,1.210763960026443528e-02,6.032444921984661881e-03,9.517779898698005420e-03,1.208960633434339252e-02,1.110835958982698407e-02,1.244233609155796436e-02,1.203624117649550879e-02,1.191861433127557740e-02,8.742529593524362222e-03,1.229783382599885892e-02,1.214237812462359671e-02,8.312998239049356961e-03,9.961513089780160701e-03,1.089476859973785051e-02,1.200523965321859642e-02,1.010704277515840459e-02,4.706068954534376771e-03,7.275767688912229171e-03,1.122107718437166148e-02,1.179756749447756492e-02,1.150939503471128632e-02,5.212454387780227245e-03,1.153427159775334380e-02,1.182951221524524213e-02,1.034223737564546677e-02,5.384471779103797151e-03,1.323964717320646155e-02,1.002430671604065925e-02,1.271797887466570402e-02,1.240686326105266794e-02,1.269416127111090350e-02,6.506114955527932293e-03,6.207089587408951177e-03,9.369281382964528282e-03,1.110640331305431071e-02,1.248427969242026092e-02,7.813698615560221716e-03,1.214949460954384275e-02
1.558536478311904616e-02,8.086846176787076262e-03,7.004169983983872874e-03,7.664645664172762239e-03,6.353196424700198811e-03,1.139261044205357697e-02,6.136310024113968489e-03,8.958923242070360865e-03,9.040187245771885358e-03,1.307214144144448580e-02,9.106515047502036081e-03,4.949543005545929859e-03,1.418270005426603732e-02,1.320462855248316289e-02,3.342394347088221279e-03,8.714772296665970405e-03,1.040004730892078906e-02,6.786169233728355128e-03,0.000000000000000000e+00,1.463684326478569171e-02,5.521759044136958193e-03,1.565509315006840055e-02,1.643369844059438048e-02,6.550224353631000675e-03,8.836577565176846269e-03,5.809178772284284177e-03,3.814589167449499753e-03,1.484500052498939453e-02,1.139502396396229432e-02,5.377230843207397339e-03,9.288419175825809657e-03,4.733088072935618361e-03,4.364262010029383403e-03,3.511900963141896190e-03,1.223195534539301202e-02,5.029577226033398081e-03,5.598450521723199839e-03,1.343410436719130220e-02,1.052509895166370453e-02,9.209559807971568965e-03,5.866092677816599557e-03,1.085745966697022544e-02,1.684260219939235498e-02,1.420342087618007773e-02,7.866836024057020579e-03,8.318501933735678033e-03,9.201301307726587539e-03,1.665631316542288617e-02,8.047012541424040238e-03,5.266196721613907415e-03,1.076157283210507805e-02,1.594745285344261604e-02,4.866167699761611738e-03,1.060512247102040999e-02,5.193475356725186197e-03,4.229647193817890130e-03,7.069598101636969528e-03,1.490652292921284226e-02,1.532680161863485269e-02,1.195179207105874324e-02,9.093764701593246014e-03,5.890419431058836232e-03,1.315584667263147711e-02,6.674204202210886477e-03
1.685562414286547600e-02,7.424748566949675686e-03,6.604639651995864238e-03,6.858942555629833626e-03,5.842148285515727513e-03,1.086674550398667241e-02,5.169937399693069757e-03,8.384943795445371634e-03,7.981630538458347329e-03,1.279796015757627206e-02,9.376642412271200822e-03,4.429649001143138448e-03,1.414037917950587697e-02,1.384094944632495959e-02,2.707999340073791172e-03,8.947265779730243299e-03,1.020961752664494709e-02,5.833038873932731329e-03,1.463684326478569171e-02,0.000000000000000000e+00,4.777209130016016325e-03,1.720478126479206907e-02,1.737352168598098670e-02,5.938733589235871760e-03,8.319062562462488375e-03,5.233241819280314185e-03,3.175487708447731743e-03,1.608646228746039505e-02,1.151959328751421194e-02,4.922942276923634661e-03,8.297822729304194997e-03,4.202871311485638882e-03,3.800648773851402450e-03,3.112639554877122926e-03,1.253800665346022254e-02,4.440684649463360993e-03,4.667824096915794939e-03,1.246415929156421791e-02,1.055723598080926182e-02,8.579313898943449063e-03,5.104926510973081637e-03,1.043626386668929443e-02,1.747443194068759587e-02,1.425740371400408685e-02,7.727573186102676406e-03,7.454588788184222589e-03,7.935165697971128043e-03,1.674432812783269511e-02,7.897996227991806867e-03,4.909858619913174196e-03,9.924655039202735785e-03,1.697053056216993316e-02,4.030866264359626340e-03,9.865226388276578801e-03,4.756081575790467066e-03,3.650637055620206337e-03,6.551274824761811957e-03,1.514476579304370116e-02,1.608591553140699057e-02,1.125291133503412630e-02,9.218913874075019416e-03,5.451624660781573956e-03,1.452007428390319349e-02,6.174540531626808611e-03
4.617559426225003455e-03,1.120587676850686755e-02,1.181032970827240909e-02,1.201119670230493298e-02,1.273582102488155475e-02,8.517149660370613995e-03,1.375058685913617060e-02,1.002787259866119371e-02,1.050957259612315259e-02,7.100321453030873815e-03,9.983601318725741913e-03,1.354657791156052560e-02,6.476898703880205888e-03,6.601608061115977859e-03,1.435876707095120643e-02,1.070273243080466577e-02,8.900707098787777327e-03,1.280553583609513393e-02,5.521759044136958193e-03,4.777209130016016325e-03,0.000000000000000000e+00,4.140794382754574288e-03,3.722040496497837012e-03,1.259384738396105222e-02,1.049132449200579180e-02,1.300278406152512341e-02,1.419204223465521039e-02,5.166845556605632883e-03,8.354473174548250267e-03,1.275727878903634357e-02,1.047748354189197671e-02,1.342588367380093128e-02,1.374008020634437909e-02,1.406522169495392181e-02,7.509896062327900933e-03,1.304229811530013480e-02,1.327122831726575483e-02,7.460840553290959756e-03,9.087149308108524032e-03,9.971615985603251436e-03,1.304266266577174677e-02,9.148184720202911374e-03,3.674265925006412088e-03,6.360092908455003413e-03,1.108514107268735414e-02,1.118998739970934048e-02,1.075432669371966833e-02,4.093380696813526780e-03,1.124911276792292351e-02,1.333227246940828573e-02,9.400988760154993518e-03,4.279941981566962907e-03,1.336822857202574905e-02,9.166384732147484643e-03,1.373105797703803171e-02,1.384408679327860450e-02,1.231801991573430212e-02,5.413388239597378276e-03,5.094224939101419519e-03,8.089585401132437861e-03,1.054394672685905927e-02,1.281234027596408510e-02,6.728843266157169198e-03,1.221780723068305319e-02
1.737536095142458090e-02,6.644844687597513226e-03,5.931617340485727426e-03,6.173139881474763203e-03,5.137356525679097514e-03,1.056527448204881182e-02,4.545178640065615505e-03,7.635872547631778612e-03,7.518885578054293993e-03,1.224199109617332172e-02,8.454005492189317628e-03,3.752258538130843341e-03,1.411214690312204492e-02,1.395602074040403449e-02,2.262962452058757488e-03,7.882785727970744241e-03,9.318104465545330381e-03,5.203101123908153609e-03,1.565509315006840055e-02,1.720478126479206907e-02,4.140794382754574288e-03,0.000000000000000000e+00,1.909977521229524328e-02,5.388529915014382381e-03,7.371916558794245310e-03,4.471336360884330466e-03,2.633164855405005413e-03,1.726743233493299376e-02,1.071636725773978706e-02,4.291101652374355348e-03,7.905780466594847233e-03,3.443603551718688038e-03,3.254649625664190679e-03,2.573737654254161251e-03,1.249140994735489438e-02,3.881725741122011349e-03,4.013119458258606297e-03,1.284326799532969042e-02,9.635150942678541441e-03,7.775402327498110930e-03,4.494800669106828288e-03,1.050591240441663826e-02,1.883722045890874955e-02,1.431776499917923433e-02,6.622877889022717526e-03,6.908261156834827853e-03,7.880346388266823085e-03,1.802707153226324951e-02,6.989711748826067141e-03,4.267484072655680291e-03,9.250548820120581620e-03,1.770596640328042995e-02,3.528428244343141760e-03,9.572002306634398022e-03,3.989383216896403607e-03,3.108043981446798835e-03,5.651268853575529792e-03,1.647514511293795073e-02,1.657698950294606358e-02,1.115961047451616978e-02,8.148839666964068779e-03,4.561991240942312592e-03,1.348487025204417669e-02,5.577071378034579620e-03
1.797586273094598647e-02,6.259932487403110229e-03,5.213472883708611741e-03,5.614325953719657807e-03,4.610013573201299404e-03,9.820352257634263823e-03,4.225213142105993004e-03,7.057174967265761670e-03,6.949929044965431207e-03,1.214441428911084732e-02,7.800371434623610059e-03,3.288935448542943882e-03,1.414122637321824950e-02,1.293638645512647581e-02,1.932728222634786785e-03,7.240578561895623898e-03,9.272097506927914554e-03,4.841378661477079189e-03,1.643369844059438048e-02,1.737352168598098670e-02,3.722040496497837012e-03,1.909977521229524328e-02,0.000000000000000000e+00,4.710162865834119188e-03,7.031315754417569869e-03,4.004664501295800670e-03,2.322532297269813781e-03,1.684101302183673224e-02,1.043152743740704408e-02,3.592274661405440300e-03,7.375643687747123443e-03,3.115995285214004200e-03,2.784152980216463361e-03,2.188317451035216073e-03,1.213861361383656960e-02,3.300034422447132264e-03,3.583533693898244710e-03,1.240438313588513967e-02,9.274490021281372315e-03,7.239064567185111293e-03,3.986015861099605553e-03,9.737123966697283292e-03,2.087963290045045592e-02,1.479956474698891807e-02,6.089224235886528912e-03,6.285134477018143248e-03,7.030887333954215397e-03,1.938914309727545263e-02,6.388733005401605984e-03,3.627324790157838812e-03,8.774787551846172096e-03,1.907521615488789318e-02,3.105723208051196400e-03,8.720738581708445750e-03,3.502745574638087365e-03,2.636473094539584783e-03,5.210650976260229605e-03,1.616404902045607411e-02,1.694701707000531923e-02,1.026358263141639512e-02,7.581793014443244209e-03,4.132174745918033680e-03,1.376701076113525518e-02,4.914006193993659954e-03
5.657436024877245291e-03,1.173018156599156710e-02,1.234506222012153077e-02,1.185126959846697497e-02,1.249686519926892191e-02,9.677563548593020107e-03,1.199813307143950472e-02,1.075699333683907341e-02,1.114744671693895274e-02,8.285655853406211427e-03,1.065949783467993149e-02,1.278287756295825792e-02,7.699038308768270562e-03,7.857683073452087150e-03,1.192167273927409454e-02,1.108910878649933991e-02,9.990952068009260542e-03,1.195926930754336905e-02,6.550224353631000675e-03,5.938733589235871760e-03,1.259384738396105222e-02,5.388529915014382381e-03,4.710162865834119188e-03,0.000000000000000000e+00,1.104242170835707457e-02,1.237777429419047691e-02,1.227648682035126400e-02,6.485351311670095424e-03,9.151982587604662323e-03,1.217735026934555799e-02,1.116953516685098742e-02,1.236130160722556312e-02,1.232598035833055994e-02,1.251087905085136384e-02,9.063871001234468511e-03,1.199256878013492920e-02,1.202274482779863360e-02,8.609184085451557916e-03,9.836346826778558095e-03,1.068408375514767229e-02,1.258649170418447115e-02,1.041531012568106679e-02,4.574787037854439499e-03,7.452398026931004137e-03,1.144553163054672085e-02,1.141684729445326639e-02,1.150456924551291650e-02,5.097231384933131187e-03,1.162345253386109535e-02,1.272537117374012566e-02,1.005614652943775424e-02,5.434040597885468789e-03,1.243449454932059502e-02,1.029269538355311910e-02,1.211528969161077343e-02,1.237970885583401098e-02,1.195916707523320653e-02,6.858212947127666909e-03,6.334778997250693593e-03,9.218214036510014378e-03,1.085974019693201204e-02,1.244387259385871386e-02,7.898931627920758453e-03,1.255206185356292324e-02
7.675509387734403242e-03,1.222704100939110694e-02,1.147275760212676868e-02,1.206668430933577861e-02,1.105507099974530408e-02,1.138638626301235156e-02,1.133697112840336384e-02,1.167918818988260971e-02,1.141257742303880898e-02,1.048689479088932286e-02,1.090245345494815152e-02,1.084498420181335271e-02,9.833092416691790322e-03,9.909074282678077480e-03,8.834961670205093362e-03,1.108210915143744216e-02,1.184105999420942065e-02,1.123615379625410998e-02,8.836577565176846269e-03,8.319062562462488375e-03,1.049132449200579180e-02,7.371916558794245310e-03,7.031315754417569869e-03,1.104242170835707457e-02,0.000000000000000000e+00,1.071063726526791209e-02,9.282098715378417006e-03,8.547364965458674815e-03,1.079425260733504408e-02,1.050300481111677252e-02,1.138176643295089538e-02,1.093485517729482492e-02,9.782290976705460342e-03,9.059952302189247172e-03,1.039170857676681783e-02,1.036296695466518668e-02,1.068117529363224461e-02,9.697110669017468265e-03,1.109127824328454311e-02,1.147491835521854617e-02,1.119466237351247895e-02,1.102568464895079155e-02,6.755357595593211063e-03,1.005443377232461202e-02,1.140379408932101421e-02,1.132640713782021198e-02,1.138369370504880781e-02,7.404227308680316755e-03,1.096682437069979553e-02,1.090383950118783626e-02,1.188694612210803962e-02,7.780744209334509824e-03,1.019445109323923772e-02,1.160743844367288953e-02,1.049234306908953911e-02,9.427884283697837015e-03,1.124485983235977947e-02,8.390022269838027374e-03,8.800372349968195798e-03,1.084452264862731038e-02,1.116235167815955547e-02,1.056515648546702511e-02,1.009681886781363044e-02,1.101067327814412959e-02
