{
  "config": {
    "N": 64,
    "alpha": 1.8,
    "beta": 1.0,
    "gamma": 1.0,
    "dt": 0.02,
    "T": 200.0,
    "sample_every": 25,
    "seed": 123,
    "target_initial_load": 1.0,
    "noise_fraction": 0.02,
    "eps": 1e-18,
    "device": "cuda",
    "dtype": "float64",
    "model_variant": "full"
  },
  "device_used": "cuda",
  "dtype_used": "torch.float64",
  "runtime_seconds": 19.2879800000228,
  "final_constraint_report": {
    "symmetric": true,
    "zero_diagonal": true,
    "nonnegative": true,
    "symmetry_max_abs_error": 0.0,
    "diagonal_max_abs_error": 0.0,
    "minimum_entry": 0.0
  },
  "final_chi_hhi_star": 0.488693138136357,
  "max_chi_hhi_star": 0.488693138136357,
  "final_lambda2": 1.9421330585047767e-12,
  "final_total_weight": 22.790216844121296,
  "final_load_cv": 0.1823572023793276,
  "W_final": [
    [
      0.0,
      3.332893655449562e-16,
      2.2122904928891498e-16,
      2.9544345121692426e-06,
      1.7000524481982537e-14,
      4.1999419715607e-16,
      1.8888073505075123e-14,
      1.9129801922095737e-12,
      4.972596604114374e-15,
      6.2238608288938604e-12,
      2.899543607863714e-07,
      0.10248506472788133,
      4.139867388250377e-17,
      0.05119574147264586,
      5.078676737995322e-16,
      0.2665558687672655,
      7.435589548452739e-15,
      2.2147455318525116e-15,
      3.874001077974422e-17,
      1.5619988174581677e-14,
      1.5025597599309388e-14,
      3.92961485442409e-15,
      2.716558220423418e-16,
      1.2102817570227744e-15,
      6.319162013884108e-16,
      2.2424178723030954e-06,
      1.5963228673002398e-14,
      4.665774253577228e-16,
      1.892415953100311e-15,
      1.8539206063749103e-14,
      6.724520978546525e-15,
      3.6211435006038195e-17,
      1.2547554748965862e-15,
      3.064728648392544e-16,
      1.4834988008576768e-15,
      7.512503034229146e-11,
      1.8465863825126895e-14,
      7.247735308318515e-13,
      3.9982126801810364e-17,
      6.653237879976631e-07,
      5.977570788976387e-15,
      0.2662482836190889,
      2.0425647083230262e-15,
      2.7218100242105383e-15,
      2.3382181738520755e-15,
      1.292731177637933e-16,
      3.0401905212873963e-15,
      7.492537562939617e-15,
      2.2121379090724835e-15,
      4.912711792726794e-17,
      2.681466484278869e-16,
      3.566482937637672e-16,
      1.3228270771412738e-15,
      2.9048662133335466e-07,
      7.656401204584677e-12,
      8.280541106750886e-15,
      6.1148751993926865e-15,
      6.739595163748899e-13,
      1.1202463271497646e-15,
      5.84865249938613e-14,
      3.953246431228338e-17,
      3.099089118178946e-15,
      1.7410019245191207e-16,
      9.419034858410306e-16
    ],
    [
      3.332893655449562e-16,
      0.0,
      2.245893647838126e-12,
      4.04919275157763e-16,
      3.3528073600465225e-15,
      3.396223745697042e-08,
      3.1993246688579618e-15,
      2.1148264891905036e-15,
      6.039200083871013e-14,
      2.345240488206261e-15,
      1.897409048355687e-16,
      3.299787801759475e-16,
      1.9147336606056872e-13,
      6.292621948806232e-16,
      1.9149492154301282e-08,
      3.626287854118452e-16,
      3.3346070486075547e-14,
      3.9825454596925566e-14,
      1.9626807102850058e-13,
      4.576362137508476e-15,
      4.0296245897714955e-15,
      4.097692203012884e-14,
      6.016054072603915e-07,
      7.042871144638382e-14,
      1.8347059677224983e-05,
      3.555999471216579e-16,
      3.6310552925108925e-15,
      2.0916536488442987e-08,
      3.4472354463877894e-14,
      1.3414003911810707e-14,
      1.956535634344358e-14,
      1.7459894353885342e-13,
      7.643382714528275e-14,
      1.1403867458098728e-06,
      2.3669726091961715e-11,
      1.6956688342602193e-15,
      9.305011956880059e-15,
      1.5670266141697645e-15,
      1.7595343591944923e-13,
      2.738904644367331e-16,
      1.3781228348153572e-14,
      4.291601630640661e-16,
      3.678142969500316e-14,
      4.3266215591343894e-14,
      5.5242433571037625e-14,
      7.721191772435445e-13,
      6.106049466072365e-14,
      1.3756713860142321e-14,
      3.449575480155104e-14,
      2.443831606374228e-13,
      7.224711328768219e-07,
      0.48556893079543245,
      1.2148227202954144e-13,
      1.6738628388570937e-16,
      1.0955351516738498e-15,
      3.290759499108811e-14,
      4.754536440232809e-14,
      2.8247128264487797e-15,
      3.3034280324737987e-11,
      3.438709712366041e-15,
      1.799693748119718e-13,
      9.605516389173011e-14,
      1.64176400084473e-12,
      0.34336144810811886
    ],
    [
      2.2122904928891498e-16,
      2.245893647838126e-12,
      0.0,
      2.4709500628154844e-16,
      1.3980325386013509e-15,
      1.2425633470129842e-12,
      1.3245334895749434e-15,
      9.934620008823944e-16,
      2.0233582714592735e-14,
      1.140060913626071e-15,
      1.1610614832183697e-16,
      2.278691306403936e-16,
      1.2965624605909823e-08,
      3.9202612019529434e-16,
      1.0451836618294193e-12,
      2.400912104588015e-16,
      1.048199982768436e-14,
      1.1727541985709293e-14,
      1.3807103246261636e-08,
      1.6345404747736084e-15,
      1.6327664921841507e-15,
      1.1407966693726223e-14,
      8.629422519860916e-12,
      1.7561101736929567e-14,
      5.470392674424143e-12,
      2.4258310999124056e-16,
      1.6582681419802124e-15,
      8.816974321696777e-13,
      1.0337218946291655e-14,
      4.645224959802483e-15,
      5.241307115612003e-15,
      1.1729048310908755e-08,
      1.8842375774044602e-14,
      3.66781834746234e-12,
      5.172123958348741e-13,
      9.938925285472452e-16,
      3.47333819069904e-15,
      7.676751322195864e-16,
      1.349346885228678e-08,
      1.9979532251854093e-16,
      4.397577827222794e-15,
      2.673285230437573e-16,
      1.153786544447367e-14,
      1.1568122540037496e-14,
      1.8159368764172325e-14,
      1.545789177516044e-07,
      1.660381738158612e-14,
      4.370605686048955e-15,
      1.1318453516202042e-14,
      1.873999079999897e-08,
      3.3887816998318652e-12,
      2.2670178872492417e-12,
      3.3927967211958336e-14,
      1.176207179518473e-16,
      5.628205334532155e-16,
      1.07541421770272e-14,
      1.4942936072151066e-14,
      1.5674495622410167e-15,
      5.074807536194608e-13,
      1.4278456111189764e-15,
      1.31088757940381e-08,
      2.3987163554020138e-14,
      0.7964409421298685,
      3.904027859181006e-12
    ],
    [
      2.9544345121692426e-06,
      4.04919275157763e-16,
      2.4709500628154844e-16,
      0.0,
      1.8678995649046843e-14,
      4.681217755703352e-16,
      2.170939072433369e-14,
      1.9869109610714952e-12,
      5.7879607663536365e-15,
      7.143632062390778e-12,
      7.02097618502222e-05,
      6.04119721791528e-06,
      4.931364602301395e-17,
      5.20125285451854e-05,
      5.538414904856947e-16,
      2.7477248584769674e-06,
      8.447074205040734e-15,
      2.338226056792099e-15,
      4.533593501574687e-17,
      1.807890666854011e-14,
      1.6682208472964242e-14,
      4.701450137224355e-15,
      3.227748891033525e-16,
      1.4778742958030329e-15,
      7.399117458768196e-16,
      0.713432072006764,
      1.725650499861581e-14,
      5.703903472849548e-16,
      2.2696345665501244e-15,
      2.2644237420815596e-14,
      8.290056548627e-15,
      4.3454577557911374e-17,
      1.4638874805121966e-15,
      3.410915626422803e-16,
      1.597876854282105e-15,
      8.482502764575904e-11,
      2.1050368068852694e-14,
      7.624427656228719e-13,
      4.445539180772132e-17,
      0.00017234222624849316,
      6.9997377769051275e-15,
      2.761496027574953e-06,
      2.2323923856142465e-15,
      3.225628968892171e-15,
      2.5365915463191496e-15,
      1.4624750330099003e-16,
      3.4448705307870116e-15,
      8.889402531440914e-15,
      2.4177883688788674e-15,
      5.988707108941026e-17,
      3.1152107623963593e-16,
      4.2371907560326874e-16,
      1.4830317288084933e-15,
      6.858975430707222e-05,
      8.748835176475484e-12,
      9.333858703921567e-15,
      7.038303407310146e-15,
      6.313555350587451e-13,
      1.3278823059789574e-15,
      6.606292897925231e-14,
      4.5288111556175455e-17,
      3.745057353355025e-15,
      2.0351610394912746e-16,
      1.0983028404960363e-15
    ],
    [
      1.7000524481982537e-14,
      3.3528073600465225e-15,
      1.3980325386013509e-15,
      1.8678995649046843e-14,
      0.0,
      4.4759434254021945e-15,
      0.1472081103736782,
      3.0802510842156373e-13,
      5.957035113023862e-13,
      2.420189705729951e-13,
      8.469975803979723e-15,
      1.631325873841608e-14,
      2.3283223820929996e-16,
      2.969112242026855e-14,
      5.924417497884555e-15,
      2.02418064412347e-14,
      1.4939419884062769e-12,
      2.232713349804889e-13,
      2.218408696982172e-16,
      0.14427698208863748,
      0.14875104496024225,
      5.18574825644003e-13,
      2.0663696479849323e-15,
      9.786264364212611e-14,
      5.692394604035459e-15,
      1.6766279285351407e-14,
      0.1812146208743951,
      5.9182056987300605e-15,
      2.1492616905000192e-13,
      7.159218021128698e-08,
      2.2650804566261228e-12,
      2.0335310311380143e-16,
      9.522621494017276e-14,
      2.591543338233196e-15,
      3.353167364749533e-14,
      1.399220852103907e-13,
      1.024798017298789e-07,
      3.0704346515489277e-13,
      2.221582477522294e-16,
      1.2670579383379735e-14,
      2.961786597819608e-12,
      2.373715942614054e-14,
      1.995853947121016e-13,
      2.9930286793725434e-13,
      2.1777760874590952e-13,
      7.718309377645881e-16,
      2.795849943693266e-13,
      4.194632022999969e-12,
      2.336068797914411e-13,
      3.0050946057462253e-16,
      2.2310414110881096e-15,
      3.4431805409884056e-15,
      9.336302716694375e-14,
      7.964224437265398e-15,
      1.0075505565941212e-13,
      1.9608520775349742e-12,
      8.775779393339776e-13,
      1.3842743095826521e-12,
      2.5097174852902737e-14,
      0.14974768325784682,
      2.1927632850555671e-16,
      2.955995825565992e-13,
      1.1357384572375843e-15,
      9.618568720412962e-15
    ],
    [
      4.1999419715607e-16,
      3.396223745697042e-08,
      1.2425633470129842e-12,
      4.681217755703352e-16,
      4.4759434254021945e-15,
      0.0,
      4.292413073047327e-15,
      2.4259614055890478e-15,
      8.665268271872747e-14,
      2.6782197353303497e-15,
      2.228599098296869e-16,
      4.197945408168495e-16,
      8.98287778473354e-14,
      7.378007703920451e-16,
      0.3947365169469985,
      4.481076626492324e-16,
      4.626370445496463e-14,
      5.399708688491861e-14,
      9.417963187389787e-14,
      5.769047096105316e-15,
      5.479530716957414e-15,
      5.323281153427288e-14,
      3.7127022940658718e-09,
      8.790311869665247e-14,
      2.822365099722673e-08,
      4.4308153972848203e-16,
      5.1030971106817235e-15,
      0.3918233865455986,
      4.8366213971505416e-14,
      1.7612956621231744e-14,
      2.413745068826287e-14,
      7.987902191916963e-14,
      9.455437877348308e-14,
      7.010921098364861e-09,
      4.8950930456108446e-11,
      2.0967168380099963e-15,
      1.2470537493728776e-14,
      1.8459415709929293e-15,
      8.534551286871631e-14,
      3.5322237662620157e-16,
      1.8482639385068294e-14,
      5.374800450404909e-16,
      5.238945322680644e-14,
      5.5762136005801164e-14,
      8.094033165410812e-14,
      3.798077298219354e-13,
      7.753539312662285e-14,
      1.7849177951789467e-14,
      4.9093919624004176e-14,
      1.1660886981185797e-13,
      5.549535944146576e-09,
      3.1625027080976435e-08,
      1.6464427989506782e-13,
      2.0880717003486396e-16,
      1.2913622832693669e-15,
      4.6359845231177935e-14,
      6.465290267251306e-14,
      3.816586586843022e-15,
      6.297048108004897e-11,
      4.4225591764947754e-15,
      8.735124063207907e-14,
      1.1848692279802554e-13,
      8.528938676567578e-13,
      9.739794189045338e-07
    ],
    [
      1.8888073505075123e-14,
      3.1993246688579618e-15,
      1.3245334895749434e-15,
      2.170939072433369e-14,
      0.1472081103736782,
      4.292413073047327e-15,
      0.0,
      3.6883714242637126e-13,
      4.714059166417436e-13,
      2.9491294192278457e-13,
      1.0326024512435336e-14,
      1.841504792387965e-14,
      2.1863319918188146e-16,
      3.639477540838886e-14,
      5.5039425636612025e-15,
      2.2450178609386486e-14,
      1.3582907036101378e-12,
      1.904739978427424e-13,
      2.1117744079305595e-16,
      0.1150383118108389,
      0.11250124893270101,
      4.849088205234148e-13,
      2.0408455704214214e-15,
      8.696134459386393e-14,
      5.631674389514494e-15,
      2.0544795491705804e-14,
      0.13322556085939158,
      5.9127075036627524e-15,
      1.891761873359254e-13,
      7.531137479622897e-08,
      2.153934556112371e-12,
      1.9361099358949153e-16,
      8.134476467618387e-14,
      2.4114622710645835e-15,
      2.8899991475937805e-14,
      1.6018728398188713e-13,
      1.0754679573006851e-07,
      3.6043688500714203e-13,
      2.0327763712195814e-16,
      1.4881145079501318e-14,
      3.0282172941925825e-12,
      2.7119033466343243e-14,
      1.6508758817846562e-13,
      2.8439628296149086e-13,
      1.977805945726355e-13,
      6.955769965697811e-16,
      2.4885422062006907e-13,
      4.0574313658782395e-12,
      2.0022987026871867e-13,
      2.724962405627385e-16,
      2.048960856487394e-15,
      3.2382602797865708e-15,
      8.314173579706276e-14,
      9.091983621112785e-15,
      1.1908845408509157e-13,
      1.7216755128394904e-12,
      7.628803795985486e-13,
      1.4784448277349346e-12,
      2.3129277524626924e-14,
      0.2236143270769758,
      2.11396990904992e-16,
      2.6965031415888007e-13,
      1.0987026262921895e-15,
      9.378986364993601e-15
    ],
    [
      1.9129801922095737e-12,
      2.1148264891905036e-15,
      9.934620008823944e-16,
      1.9869109610714952e-12,
      3.0802510842156373e-13,
      2.4259614055890478e-15,
      3.6883714242637126e-13,
      0.0,
      4.979989856906234e-14,
      4.123207533840915e-09,
      8.949060560070841e-13,
      1.6510111164790226e-12,
      1.8513373441562085e-16,
      3.6320327462579684e-12,
      2.7886020498745767e-15,
      2.216406653813061e-12,
      9.073314275021232e-14,
      2.3290228663346223e-14,
      1.8009020735358948e-16,
      3.0242171588365835e-13,
      2.7727029253024126e-13,
      4.7813293230417953e-14,
      1.453186937777444e-15,
      1.2746355516189288e-14,
      3.579218799810561e-15,
      1.7752358222643982e-12,
      2.710467248934296e-13,
      3.0315595301736117e-15,
      2.0240717765054807e-14,
      3.435578873302094e-13,
      1.025464857114255e-13,
      1.6732191112065267e-16,
      1.3255155949671233e-14,
      1.5942721948014244e-15,
      9.585855050477182e-15,
      4.488850177621628e-10,
      3.4148604222292647e-13,
      0.40110674893708764,
      1.6850960142536319e-16,
      1.2161768185516267e-12,
      9.295470015023463e-14,
      3.1997284391652487e-12,
      2.0024753968113638e-14,
      3.3022853584956894e-14,
      2.469724622029456e-14,
      5.913066929483101e-16,
      3.4885800625058244e-14,
      1.1529731549160714e-13,
      2.2041261895226416e-14,
      2.17229509794875e-16,
      1.3923640922591241e-15,
      1.959961862002302e-15,
      1.2387853556941725e-14,
      7.676224656401261e-13,
      8.490439939414607e-10,
      1.0230445307589448e-13,
      7.004574485310794e-14,
      0.3810494327861065,
      7.903031661859279e-15,
      1.333763797579809e-12,
      1.714173792218445e-16,
      3.649046508530098e-14,
      8.389443855773237e-16,
      5.746226354004416e-15
    ],
    [
      4.972596604114374e-15,
      6.039200083871013e-14,
      2.0233582714592735e-14,
      5.7879607663536365e-15,
      5.957035113023862e-13,
      8.665268271872747e-14,
      4.714059166417436e-13,
      4.979989856906234e-14,
      0.0,
      4.8153568709424925e-14,
      2.4787691120839978e-15,
      4.811695898521811e-15,
      3.1611795700893976e-15,
      8.510755979219418e-15,
      1.197816121054737e-13,
      5.853171340665652e-15,
      7.467960603350833e-09,
      0.050633881893203427,
      2.951857003174363e-15,
      8.26973757753626e-13,
      7.798910532041329e-13,
      0.0015860773243307272,
      3.4457166358200953e-14,
      1.2062561482870502e-07,
      1.0070425298990422e-13,
      5.0144720789388725e-15,
      6.879325053022393e-13,
      1.3307435610917043e-13,
      0.13115929998760242,
      5.443308652726304e-12,
      2.614895257627349e-10,
      2.7187501545303085e-15,
      1.2054558734043113e-07,
      4.4007546632700285e-14,
      1.2563805419874252e-12,
      3.40784180357873e-14,
      2.5324156106923677e-12,
      4.6667175576036875e-14,
      2.926275901743211e-15,
      3.7237813692867984e-15,
      8.72908493230043e-11,
      6.750467893470919e-15,
      0.0747781434754958,
      0.0013638926533023153,
      0.00028121535352581227,
      1.0500367900933549e-14,
      0.00015194288507184005,
      7.717559608352384e-11,
      0.12451842129852012,
      4.155182192656772e-15,
      3.839569093719051e-14,
      6.185352643519089e-14,
      1.4895704885707435e-07,
      2.384892766144544e-15,
      2.1758957590997824e-14,
      5.234663144936735e-09,
      0.0015597262846913237,
      1.3481031842487547e-13,
      9.123628952991772e-13,
      3.5256382796763414e-13,
      2.9572608709525205e-15,
      2.593158125034683e-06,
      1.644910406575555e-14,
      1.785401274309228e-13
    ],
    [
      6.2238608288938604e-12,
      2.345240488206261e-15,
      1.140060913626071e-15,
      7.143632062390778e-12,
      2.420189705729951e-13,
      2.6782197353303497e-15,
      2.9491294192278457e-13,
      4.123207533840915e-09,
      4.8153568709424925e-14,
      0.0,
      3.2529937843717116e-12,
      5.385327713394346e-12,
      2.1880566241084232e-16,
      1.2458608262693016e-11,
      3.03133435926379e-15,
      7.45609071564085e-12,
      8.175462297610256e-14,
      2.0441804069212898e-14,
      2.1361459288425096e-16,
      2.40333314584498e-13,
      2.261769854459585e-13,
      4.711499144060609e-14,
      1.7875226158430515e-15,
      1.3031152136669112e-14,
      4.11431542209098e-15,
      6.3563766349729524e-12,
      2.1051957202639675e-13,
      3.644209724761194e-15,
      1.9694572554005405e-14,
      2.9476577732531623e-13,
      9.122600628223624e-14,
      2.0044630413475057e-16,
      1.2800918094771875e-14,
      1.738127799648698e-15,
      9.799975664948896e-15,
      0.3613774989524216,
      2.667397795747387e-13,
      1.6604295551199007e-09,
      1.9118413250016295e-16,
      4.128922627192961e-12,
      8.361031754423351e-14,
      1.1250584393132152e-11,
      1.8571802142089917e-14,
      3.2279448145140897e-14,
      2.2974066101186856e-14,
      6.682854065472387e-16,
      3.352033651233856e-14,
      1.0113876787691504e-13,
      1.9979220852042516e-14,
      2.639922188972962e-16,
      1.6333372039117137e-15,
      2.3251619310344528e-15,
      1.1903042369547765e-14,
      2.746935945379286e-12,
      0.4102038654699601,
      8.942421856856821e-14,
      6.53650845106892e-14,
      1.4031839288126468e-09,
      8.629830875776422e-15,
      1.143166475180028e-12,
      2.0443225168552958e-16,
      3.591216430873186e-14,
      9.826715243490132e-16,
      6.626048566402392e-15
    ],
    [
      2.899543607863714e-07,
      1.897409048355687e-16,
      1.1610614832183697e-16,
      7.02097618502222e-05,
      8.469975803979723e-15,
      2.228599098296869e-16,
      1.0326024512435336e-14,
      8.949060560070841e-13,
      2.4787691120839978e-15,
      3.2529937843717116e-12,
      0.0,
      6.606924667120613e-07,
      2.2676390954987126e-17,
      5.555047259575302e-06,
      2.551037347653663e-16,
      2.6209291018417456e-07,
      3.9992654880343724e-15,
      1.0890551371373045e-15,
      2.1549822362472308e-17,
      8.630607216704191e-15,
      7.731137251911476e-15,
      2.187735149420138e-15,
      1.561102456944906e-16,
      6.614342139245381e-16,
      3.5342142713706563e-16,
      8.771241134683732e-05,
      7.919006450289453e-15,
      2.5953255414840965e-16,
      1.0148812260766066e-15,
      1.084313811154714e-14,
      3.8949899447245264e-15,
      2.0204765551906847e-17,
      6.653087445520761e-16,
      1.6166750620747618e-16,
      7.25461206165651e-16,
      3.841475570703956e-11,
      9.926048454593281e-15,
      3.222622792385438e-13,
      2.0402804953708064e-17,
      0.3482378202129391,
      3.395196700304411e-15,
      2.5098610980914836e-07,
      9.88608898637387e-16,
      1.5298208614250233e-15,
      1.2041388528640225e-15,
      6.863789180890806e-17,
      1.5930389448681085e-15,
      4.1216652064487e-15,
      1.0932099269562422e-15,
      2.66244669064207e-17,
      1.4275165805900432e-16,
      1.9539195926080585e-16,
      6.780071579410351e-16,
      0.4536464006672012,
      3.864441037915433e-12,
      4.211157687232821e-15,
      3.1575851367087932e-15,
      2.645156483649832e-13,
      6.096057683021875e-16,
      3.034970309198071e-14,
      2.1311935216662427e-17,
      1.7311619916567778e-15,
      9.726074024603194e-17,
      5.371352554241036e-16
    ],
    [
      0.10248506472788133,
      3.299787801759475e-16,
      2.278691306403936e-16,
      6.04119721791528e-06,
      1.631325873841608e-14,
      4.197945408168495e-16,
      1.841504792387965e-14,
      1.6510111164790226e-12,
      4.811695898521811e-15,
      5.385327713394346e-12,
      6.606924667120613e-07,
      0.0,
      4.175463186264011e-17,
      0.3025549150443644,
      5.145868431255638e-16,
      0.08810204422435966,
      7.445793946886501e-15,
      2.1736913463818636e-15,
      3.9330654201198334e-17,
      1.517383072780481e-14,
      1.445707201599652e-14,
      3.78470586965888e-15,
      2.766550577056263e-16,
      1.1588821964542872e-15,
      6.434106201379764e-16,
      4.698044972937989e-06,
      1.5914176929117576e-14,
      4.545386827897293e-16,
      1.858109119914815e-15,
      1.8088267548746998e-14,
      6.4716532762463635e-15,
      3.6513857234394406e-17,
      1.1753074757806246e-15,
      3.138470223508219e-16,
      1.5184762937809666e-15,
      7.019013156057475e-11,
      1.7844660467408136e-14,
      6.133185714145227e-13,
      4.082585147489076e-17,
      1.4711710845196436e-06,
      5.771681225450942e-15,
      0.08718001779877654,
      1.9882299747162337e-15,
      2.6330923610995608e-15,
      2.321291990732511e-15,
      1.3065649912655425e-16,
      2.840329730084861e-15,
      7.106799224187794e-15,
      2.219130859832141e-15,
      4.909078582173064e-17,
      2.6753829715940326e-16,
      3.551958418830126e-16,
      1.325797528909244e-15,
      6.614335985709347e-07,
      6.712899610382294e-12,
      8.157843667425895e-15,
      5.907485837927913e-15,
      5.974557873465076e-13,
      1.1258900070969237e-15,
      5.374222577795575e-14,
      4.012220823811396e-17,
      2.9900764664942107e-15,
      1.780574156829386e-16,
      9.471888195527562e-16
    ],
    [
      4.139867388250377e-17,
      1.9147336606056872e-13,
      1.2965624605909823e-08,
      4.931364602301395e-17,
      2.3283223820929996e-16,
      8.98287778473354e-14,
      2.1863319918188146e-16,
      1.8513373441562085e-16,
      3.1611795700893976e-15,
      2.1880566241084232e-16,
      2.2676390954987126e-17,
      4.175463186264011e-17,
      0.0,
      7.30791127049772e-17,
      7.269020338137518e-14,
      4.4121778120447394e-17,
      1.696575651366756e-15,
      1.856226366468194e-15,
      0.13719034585468767,
      2.8013668792377633e-16,
      2.722913754100851e-16,
      1.8621356516682187e-15,
      9.24729183415898e-13,
      2.849135303398046e-15,
      4.137184906255601e-13,
      4.511068548709882e-17,
      2.636452234326849e-16,
      6.22414152392664e-14,
      1.6619291896559051e-15,
      7.848101703701356e-16,
      9.441051241523178e-16,
      0.14283438998574963,
      3.130686556564875e-15,
      2.9112092068745935e-13,
      3.690083236907255e-14,
      1.8844068327442937e-16,
      5.758160676267483e-16,
      1.430091825507099e-16,
      0.13872303019431298,
      3.529166532973492e-17,
      7.222680570196462e-16,
      5.144375460695584e-17,
      1.766419450667885e-15,
      1.8911223033796827e-15,
      2.5450959595781714e-15,
      0.11463453473147098,
      2.6841370870830026e-15,
      7.373096184149906e-16,
      1.6791013330027105e-15,
      0.12387710944721234,
      3.0564943673405705e-13,
      1.710531122582048e-13,
      4.740552398168337e-15,
      2.231679034581541e-17,
      1.1094575289182037e-16,
      1.716842595425813e-15,
      2.3782333025580146e-15,
      2.6785404331562717e-16,
      4.161343850807109e-14,
      2.4673134247025967e-16,
      0.14061997316580943,
      3.962577587572159e-15,
      1.5269565716991143e-08,
      2.764188271310404e-13
    ],
    [
      0.05119574147264586,
      6.292621948806232e-16,
      3.9202612019529434e-16,
      5.20125285451854e-05,
      2.969112242026855e-14,
      7.378007703920451e-16,
      3.639477540838886e-14,
      3.6320327462579684e-12,
      8.510755979219418e-15,
      1.2458608262693016e-11,
      5.555047259575302e-06,
      0.3025549150443644,
      7.30791127049772e-17,
      0.0,
      8.486413518648587e-16,
      0.04100158605413256,
      1.3344419287714035e-14,
      3.752259242968735e-15,
      7.096642342030508e-17,
      3.013217367964394e-14,
      2.7382872271086534e-14,
      7.719010443436082e-15,
      5.173405910381637e-16,
      2.320054922813994e-15,
      1.1917721708421426e-15,
      4.5021313918882555e-05,
      2.7125970163713342e-14,
      8.983930878551424e-16,
      3.487851399620012e-15,
      3.7815138146026826e-14,
      1.3405388084950765e-14,
      6.580711759147423e-17,
      2.3073477019072293e-15,
      5.446557472124554e-16,
      2.5022959152677425e-15,
      1.3078145390374868e-10,
      3.464366953865954e-14,
      1.360445783605121e-12,
      6.613294682207754e-17,
      1.2347225812616588e-05,
      1.2382374400134449e-14,
      0.04067039032674058,
      3.441114881515277e-15,
      5.3471636623826976e-15,
      4.3232967623642e-15,
      2.2029229769239818e-16,
      5.776906881138857e-15,
      1.4978925266036614e-14,
      3.80203264783291e-15,
      8.593985807467839e-17,
      4.660270537552544e-16,
      6.6735474720038345e-16,
      2.3745906316076497e-15,
      5.322825830916072e-06,
      1.4445942614723317e-11,
      1.45708546309647e-14,
      1.1050974701080914e-14,
      1.076657221705352e-12,
      2.0278261938601397e-15,
      1.1097412556916895e-13,
      6.87837101689433e-17,
      6.177593818454506e-15,
      3.071123109598944e-16,
      1.8558196237648043e-15
    ],
    [
      5.078676737995322e-16,
      1.9149492154301282e-08,
      1.0451836618294193e-12,
      5.538414904856947e-16,
      5.924417497884555e-15,
      0.3947365169469985,
      5.5039425636612025e-15,
      2.7886020498745767e-15,
      1.197816121054737e-13,
      3.03133435926379e-15,
      2.551037347653663e-16,
      5.145868431255638e-16,
      7.269020338137518e-14,
      8.486413518648587e-16,
      0.0,
      5.462323592018909e-16,
      6.230244924231514e-14,
      7.233208341560271e-14,
      7.313697510524429e-14,
      7.230198010421749e-15,
      6.918304215100171e-15,
      6.799579747840415e-14,
      1.8392725792846688e-09,
      1.1041185380884531e-13,
      1.5201296048057476e-08,
      5.204500999602794e-16,
      7.025189350011411e-15,
      0.4106805172547902,
      6.428575444582882e-14,
      2.1768968717064583e-14,
      3.038407704319789e-14,
      6.312933466609887e-14,
      1.1925281232000148e-13,
      3.828616838058581e-09,
      7.410087905853575e-11,
      2.611836828973673e-15,
      1.6200780264682872e-14,
      2.237343523249418e-15,
      7.14532028948229e-14,
      4.219287038734449e-16,
      2.3141270506369788e-14,
      6.21300574916241e-16,
      7.189766056829119e-14,
      6.991488562808151e-14,
      1.0326305858470523e-13,
      3.1377581326649533e-13,
      9.66348504483341e-14,
      2.2655053647141992e-14,
      6.957468670207159e-14,
      9.684544850587148e-14,
      2.9842741768695777e-09,
      1.7999440853780437e-08,
      2.1644670012633204e-13,
      2.606391365544264e-16,
      1.5024186773364621e-15,
      6.281218211250044e-14,
      8.598569301261252e-14,
      5.09740975996245e-15,
      8.91513342277907e-11,
      5.324571139585635e-15,
      7.092758727707023e-14,
      1.450810914136154e-13,
      6.974833885796216e-13,
      7.30741902341686e-07
    ],
    [
      0.2665558687672655,
      3.626287854118452e-16,
      2.400912104588015e-16,
      2.7477248584769674e-06,
      2.02418064412347e-14,
      4.481076626492324e-16,
      2.2450178609386486e-14,
      2.216406653813061e-12,
      5.853171340665652e-15,
      7.45609071564085e-12,
      2.6209291018417456e-07,
      0.08810204422435966,
      4.4121778120447394e-17,
      0.04100158605413256,
      5.462323592018909e-16,
      0.0,
      8.801400917269436e-15,
      2.4156814179732503e-15,
      4.089041195482388e-17,
      1.7766241956589594e-14,
      1.7335199399301705e-14,
      4.4161114071646616e-15,
      2.9063096830610035e-16,
      1.3809631888907713e-15,
      6.996305793369203e-16,
      2.0585353499521833e-06,
      1.9057636156867543e-14,
      5.056831816419815e-16,
      2.267100441798766e-15,
      2.2040678588184846e-14,
      7.718064698997147e-15,
      3.8659991958912383e-17,
      1.3706620886242458e-15,
      3.3577088587047914e-16,
      1.6646778324004036e-15,
      8.91693318490365e-11,
      2.1762651865875688e-14,
      8.67527594972927e-13,
      4.181999238887475e-17,
      5.992550486202834e-07,
      6.7613181334262094e-15,
      0.30311823209190264,
      2.3313636244479644e-15,
      3.012066194025934e-15,
      2.5509793208555627e-15,
      1.3561447765911591e-16,
      3.2200833958589305e-15,
      8.481168732787407e-15,
      2.569134846832877e-15,
      5.3801618047510796e-17,
      2.887212546018029e-16,
      3.865448256125596e-16,
      1.548931071382785e-15,
      2.5930209897700993e-07,
      9.235605751452074e-12,
      9.789728817148506e-15,
      6.953500478379713e-15,
      7.937033615206734e-13,
      1.283816392538612e-15,
      6.547567097123719e-14,
      4.2194095586726925e-17,
      3.541876823477387e-15,
      1.8738004150545228e-16,
      1.0114442018589308e-15
    ],
    [
      7.435589548452739e-15,
      3.3346070486075547e-14,
      1.048199982768436e-14,
      8.447074205040734e-15,
      1.4939419884062769e-12,
      4.626370445496463e-14,
      1.3582907036101378e-12,
      9.073314275021232e-14,
      7.467960603350833e-09,
      8.175462297610256e-14,
      3.9992654880343724e-15,
      7.445793946886501e-15,
      1.696575651366756e-15,
      1.3344419287714035e-14,
      6.230244924231514e-14,
      8.801400917269436e-15,
      0.0,
      2.4635774789013245e-09,
      1.6489919744225276e-15,
      2.3983737518166907e-12,
      2.0525674658881412e-12,
      8.23251862145225e-09,
      1.809883079836211e-14,
      6.25890584007619e-10,
      5.1978351084175135e-14,
      7.595469979847977e-15,
      1.7852448544693059e-12,
      6.784753789320763e-14,
      2.5388366248521684e-09,
      1.5807571501953247e-11,
      2.1141560644093184e-09,
      1.4693371908239976e-15,
      6.157736113119607e-10,
      2.208140109239862e-14,
      6.000154047645295e-13,
      5.34083911631475e-14,
      7.0512726903253946e-12,
      8.214742234400601e-14,
      1.5722305919435357e-15,
      5.770640121503222e-15,
      8.463002813974168e-10,
      9.970002102667527e-15,
      2.0182676875844036e-09,
      3.3117225513226984e-09,
      2.095999185674667e-09,
      5.7692814610079405e-15,
      2.4938159582079783e-09,
      7.99620486630735e-10,
      2.5861285400164247e-09,
      2.1177355698699133e-15,
      1.9424020684942115e-14,
      3.0913156383068796e-14,
      6.359522808063351e-10,
      3.601294158449677e-15,
      3.4857746789115535e-14,
      0.782753891592475,
      1.689398903361353e-08,
      2.53815374046033e-13,
      4.572790618001626e-13,
      1.0113104453856753e-12,
      1.6233380601886648e-15,
      2.3911982305358356e-09,
      9.151748379973592e-15,
      9.390915654532654e-14
    ],
    [
      2.2147455318525116e-15,
      3.9825454596925566e-14,
      1.1727541985709293e-14,
      2.338226056792099e-15,
      2.232713349804889e-13,
      5.399708688491861e-14,
      1.904739978427424e-13,
      2.3290228663346223e-14,
      0.050633881893203427,
      2.0441804069212898e-14,
      1.0890551371373045e-15,
      2.1736913463818636e-15,
      1.856226366468194e-15,
      3.752259242968735e-15,
      7.233208341560271e-14,
      2.4156814179732503e-15,
      2.4635774789013245e-09,
      0.0,
      1.768440086866665e-15,
      3.5930103673904896e-13,
      3.042731471665976e-13,
      3.663404638523261e-05,
      2.0781308515122778e-14,
      2.060557477076831e-07,
      6.184699317063799e-14,
      2.1056078287581e-15,
      2.6789865715360135e-13,
      7.95353014507231e-14,
      0.12424482892508727,
      2.1573958230065053e-12,
      9.531814896786059e-11,
      1.6323805801345886e-15,
      2.090816745062349e-07,
      2.6619731478905754e-14,
      7.002648963471697e-13,
      1.3858020612238122e-14,
      1.0483669436464883e-12,
      1.9327519598149616e-14,
      1.7903109972336383e-15,
      1.6678556855434505e-15,
      3.194548543931975e-11,
      2.7805611283915944e-15,
      0.21089207112223923,
      0.009579214874950786,
      0.0031783147227929455,
      6.569371715994752e-15,
      0.002371899623714142,
      2.7735001777207975e-11,
      0.12779084205341654,
      2.273451903788427e-15,
      2.2537495548915366e-14,
      3.6140854392644644e-14,
      2.491519929305755e-07,
      1.025116980923543e-15,
      8.95020326148958e-15,
      1.6621010201669266e-09,
      2.5573274108528e-05,
      5.6751347994692766e-14,
      5.185557053925596e-13,
      1.4214526025327943e-13,
      1.7586349278473994e-15,
      5.420324423814751e-06,
      1.0570250630887211e-14,
      1.115396665721478e-13
    ],
    [
      3.874001077974422e-17,
      1.9626807102850058e-13,
      1.3807103246261636e-08,
      4.533593501574687e-17,
      2.218408696982172e-16,
      9.417963187389787e-14,
      2.1117744079305595e-16,
      1.8009020735358948e-16,
      2.951857003174363e-15,
      2.1361459288425096e-16,
      2.1549822362472308e-17,
      3.9330654201198334e-17,
      0.13719034585468767,
      7.096642342030508e-17,
      7.313697510524429e-14,
      4.089041195482388e-17,
      1.6489919744225276e-15,
      1.768440086866665e-15,
      0.0,
      2.6839822414970966e-16,
      2.6133685852101946e-16,
      1.8029530322727876e-15,
      9.628211627936893e-13,
      2.743581794032806e-15,
      4.266439343658654e-13,
      4.298359223493366e-17,
      2.510242183666473e-16,
      6.366451719756945e-14,
      1.5765039825879526e-15,
      7.507279846946557e-16,
      8.964139224362736e-16,
      0.1429967311108402,
      3.0134634480825675e-15,
      3.0315445158910667e-13,
      3.761489339816119e-14,
      1.7061912054051764e-16,
      5.41544989728751e-16,
      1.350836279394152e-16,
      0.13734598960689456,
      3.4169086340865116e-17,
      6.963565573947905e-16,
      4.922500908813089e-17,
      1.6690669945962618e-15,
      1.8365832899423987e-15,
      2.584683702196938e-15,
      0.11790835614906461,
      2.629599068330112e-15,
      7.060981642481174e-16,
      1.590536855000438e-15,
      0.12503518584354248,
      3.1418668388875275e-13,
      1.7887383343461504e-13,
      4.539439031951642e-15,
      2.0573589636524552e-17,
      1.0467607545762743e-16,
      1.6210441421859827e-15,
      2.259024674091805e-15,
      2.510446189296299e-16,
      4.08359917116433e-14,
      2.3735079526458425e-16,
      0.1378931313222931,
      3.920658681314046e-15,
      1.6126589403231207e-08,
      2.9358298860467906e-13
    ],
    [
      1.5619988174581677e-14,
      4.576362137508476e-15,
      1.6345404747736084e-15,
      1.807890666854011e-14,
      0.14427698208863748,
      5.769047096105316e-15,
      0.1150383118108389,
      3.0242171588365835e-13,
      8.26973757753626e-13,
      2.40333314584498e-13,
      8.630607216704191e-15,
      1.517383072780481e-14,
      2.8013668792377633e-16,
      3.013217367964394e-14,
      7.230198010421749e-15,
      1.7766241956589594e-14,
      2.3983737518166907e-12,
      3.5930103673904896e-13,
      2.6839822414970966e-16,
      0.0,
      0.2081912247029733,
      9.101334120960043e-13,
      2.720494555193297e-15,
      1.5887426200249074e-13,
      7.321799423740838e-15,
      1.6009284554234028e-14,
      0.15974233473824082,
      8.151805488353105e-15,
      3.269837068001004e-13,
      1.807854135106746e-07,
      3.907575777796613e-12,
      2.470506752842738e-16,
      1.5121841701876612e-13,
      3.0521178408696383e-15,
      4.018959380771732e-14,
      1.275449914573213e-13,
      2.2815520704046192e-07,
      2.8504698225175233e-13,
      2.6170029193482395e-16,
      1.1962953692592814e-14,
      5.069597151728877e-12,
      2.1938863272577136e-14,
      2.889079035903142e-13,
      5.305447743008371e-13,
      3.478884538746625e-13,
      9.134575497314535e-16,
      4.66899940172928e-13,
      6.9735562346621585e-12,
      3.4566656436443543e-13,
      3.40048195341902e-16,
      2.6561395936753983e-15,
      4.238310925991775e-15,
      1.455973950759829e-13,
      7.387606741178524e-15,
      9.437698411120253e-14,
      3.0202736213921892e-12,
      1.365537621873097e-12,
      1.244911431677174e-12,
      3.275200168767781e-14,
      0.11017545204743595,
      2.6770755475643004e-16,
      4.957230377539982e-13,
      1.4541385065487135e-15,
      1.266747977392874e-14
    ],
    [
      1.5025597599309388e-14,
      4.0296245897714955e-15,
      1.6327664921841507e-15,
      1.6682208472964242e-14,
      0.14875104496024225,
      5.479530716957414e-15,
      0.11250124893270101,
      2.7727029253024126e-13,
      7.798910532041329e-13,
      2.261769854459585e-13,
      7.731137251911476e-15,
      1.445707201599652e-14,
      2.722913754100851e-16,
      2.7382872271086534e-14,
      6.918304215100171e-15,
      1.7335199399301705e-14,
      2.0525674658881412e-12,
      3.042731471665976e-13,
      2.6133685852101946e-16,
      0.2081912247029733,
      0.0,
      7.536267788533873e-13,
      2.584002336786814e-15,
      1.4211950014985254e-13,
      7.109180109597351e-15,
      1.6039026344495102e-14,
      0.16397253751126162,
      7.711507968155354e-15,
      2.9081649680850603e-13,
      1.2608888949240405e-07,
      3.228805782174316e-12,
      2.464650875381689e-16,
      1.3584054517554733e-13,
      3.029564077359084e-15,
      4.135771846386566e-14,
      1.205861831511539e-13,
      1.6616887428200596e-07,
      2.798636287690343e-13,
      2.536472363113113e-16,
      1.1362766423503125e-14,
      4.352864778028738e-12,
      2.2346206636774874e-14,
      2.7061517037673413e-13,
      4.4263230197852456e-13,
      3.306119482510268e-13,
      8.875714091658433e-16,
      4.1945653417187716e-13,
      5.974573935689396e-12,
      3.083061458286604e-13,
      3.3957101457110626e-16,
      2.7577448291288436e-15,
      4.137705977431723e-15,
      1.2560041404213848e-13,
      7.025678848899109e-15,
      9.29013123284103e-14,
      2.6471321852899506e-12,
      1.239060627060696e-12,
      1.1815458095315807e-12,
      3.1026250048182256e-14,
      0.10896895289733793,
      2.551574708669095e-16,
      4.3285577112546614e-13,
      1.335669819286069e-15,
      1.2101308215646707e-14
