0.000000000000000000e+00,4.933305215791870404e-26,7.003339080617395387e-19,1.459546185335778546e-26,6.556464928491957203e-27,5.712650721907335938e-28,2.259743758489534923e-28,8.050183780804501625e-27,4.641324024193163799e-31,1.364934511828484354e-29,3.144473754750302558e-28,6.074877719903199388e-10,2.265833218480147068e-30,1.957086314755013538e-28,2.330294230950291671e-27,4.725590316614071150e-26,8.036870750627745055e-31,3.609897185686400120e-26,4.008913415502978415e-30,1.564752749443428026e-29,5.409738762206416535e-28,2.620788749140489068e-25,4.678221827082654568e-31,7.666313653834325853e-28,1.611572318547984696e-26,1.359070607823117001e-27,9.369722911013924952e-26,8.830606675240596404e-29,2.990980509544087412e-26,7.223769492408187617e-31,4.297608115105710808e-31,2.287246649283513522e-30,1.817134199880103475e-26,7.328427327283347303e-25,2.991809570268798495e-30,2.024326346770656359e-27,3.316945982835419315e-27,7.685730905775277879e-31,6.072428589837501328e-25,1.798467031787738835e-26,9.426798673574951649e-29,7.583459407636674803e-25,7.791892821550957454e-27,7.413157800831837428e-27,2.585803904323222366e-27,1.168862490639187683e-30,1.801554980620578285e-31,6.978413788773725393e-25,1.695200639769341353e-30,4.969877684322505208e-27,9.798268607215158296e-26,1.880046080150658876e-28,4.615269259672820702e-27,1.659787997434414562e-24,6.317894091189326820e-29,2.210559783893191937e-27,4.237428155773869504e-30,4.009259837652317186e-30,2.722749579359475181e-28,6.766314828250148090e-27,1.532468935203901903e-27,1.185312896343018965e-26,3.891796542888696391e-26,1.351953739741042019e-29,6.197876655457161877e-28,7.028464169425468071e-31,4.143311656386502810e-30,7.650882104155063532e-27,2.107074512672578946e-31,1.033229280136392633e-30,1.027266206172239177e-27,1.637475916920036748e-30,3.208520367164380020e-31,7.151390377542402822e-28,2.207645575107140753e-30,4.191578160219135762e-31,2.731059859041963050e-25,1.520395780412964172e-26,2.975719020418232188e-26,4.412288125102076080e-31,8.264279053507579988e-31,1.762452487415538768e-30,4.717227175676875787e-28,4.730558374491061985e-28,5.446832632930321587e-31,5.763841936161962873e-27,5.209513664917447897e-25,1.655543667580711274e-29,7.766322846083680265e-31,2.708483404955913831e-31,2.776554642925281938e-28,2.075490701593617688e-27,2.147454732417745773e-25,1.914987327088105745e-24,4.064827654245530041e-29,6.972361634897443106e-28,2.449802136107301588e-28,9.278162633932756088e-29,5.185508799834692817e-28,8.113812466242362532e-28,1.935720518574557228e-28,7.540916602419174241e-28,5.902561812433122088e-27,3.815951115879904750e-30,3.881444011308082394e-31,1.114959804725680796e-30,4.902866878435767211e-28,2.324891187778818722e-25,3.736167496901913111e-30,1.553592379713827172e-26,2.396995063331991613e-23,6.740517643244365697e-19,7.283435119070181695e-31,6.435399746455137269e-27,7.235146625973861045e-28,3.287817568541246911e-28,6.338584742573514751e-29,1.388409260850639038e-28,4.712933916794939930e-28,1.696159006278760330e-29,1.839660102015237432e-29,1.797276615783106282e-29,1.107715668149191883e-26,2.564936114620458872e-31,1.008966932650859787e-27,2.528123609201856462e-28,4.966515497386718850e-27,6.714843312458600095e-23,6.593350987663426693e-31,2.234886986350591155e-27,9.478876564733252137e-27,5.110616594069871312e-30,2.251354811691357389e-31,8.779460283443028656e-29,1.483888957645881793e-26,9.606056340535679897e-27,1.792425392496616283e-26,1.297220418173368241e-30,6.411496992282163257e-27,2.638162323837637258e-28,4.692335723879368369e-28,2.860384240041240877e-24,3.744658003363692026e-29,4.307937167842316982e-26,1.868437827450916497e-28,9.724155314072815862e-27,5.390017882322481427e-29,1.269578302442076543e-24,3.808316139380276252e-29,9.313363398150726939e-27,3.753721929420649792e-29,4.003106051366884066e-30,2.022028918576989190e-28,1.525209526362224576e-26,4.163585724845988153e-19,7.944707505514506365e-27,1.825539838524732039e-31,8.125087567468439659e-25,3.685481901051909669e-24,6.154927643788132616e-29,1.677820790865213152e-28,5.667591458775810448e-29,4.063986235206399732e-29,1.120503157235859177e-26,3.276761611386011562e-19,4.742760685502997593e-19,4.356150939101989192e-26,1.940070383698054652e-27,3.040333528556191375e-26,4.834545012913527400e-30,9.835958915977572373e-28,1.902151583066597661e-30,1.410341682708879766e-29,1.177861269816516005e-23,5.608624622726616294e-27,1.241404961279363129e-23,2.158631048337779246e-26,3.183037381587592996e-19,3.818173197032065618e-30,1.057559318563459628e-28,1.633934872838183249e-30,4.483514055929753621e-26,4.830175062151306802e-30,3.076489825011369494e-31,3.616906371706834460e-31,4.106499076038951759e-30,3.156034781570143103e-25,4.932833048209174944e-27,3.264799811086071026e-24,2.822706532178818927e-25,2.699064346365254609e-31,1.969923046951505499e-30
4.933305215791870404e-26,0.000000000000000000e+00,9.830679317160350888e-30,4.872641023848018727e-20,3.263638239614673930e-29,3.354449221600780142e-26,2.021550634427110163e-26,1.946612538963477775e-25,5.819987646304385836e-29,1.113746950884391408e-25,2.055442622561473678e-26,4.821684470054462800e-25,6.914683587346746962e-26,8.472033752538955799e-27,1.348481014227945935e-20,7.411887077454978621e-22,4.041543279306359241e-29,8.055020760540969731e-25,7.793681766702493853e-26,6.177753750888318925e-26,3.672393777581855051e-26,7.620227738401507339e-23,6.365925813047918644e-29,4.554566313807136021e-26,2.094934409184811605e-23,1.002651052843111023e-25,2.160664066276239994e-22,4.394919070296674540e-24,3.176371960035232835e-10,1.698705778147884222e-28,7.793284979387648337e-29,7.354530281593590971e-26,4.564271569720148983e-24,5.766174287002646244e-23,1.063949826494407617e-25,4.895686631328915015e-29,1.410279150670665567e-22,1.340530438405920149e-28,4.780359653261507316e-22,6.158948428951366076e-24,5.362992130106636993e-24,1.577305658221696934e-27,3.698012401945761553e-19,2.063225228399941335e-28,2.623552717547000970e-28,9.429894507742619685e-28,1.878917771706293173e-29,3.613267556792041725e-23,1.235120697284859959e-26,1.803316539838923174e-23,2.625708036613280146e-22,3.238404530003655962e-28,2.716594564816749557e-22,3.567854259113864222e-24,3.654580009222466489e-26,3.910416370371284352e-25,3.413411950278607216e-28,2.562772517332119454e-23,1.762125782437835218e-26,1.524675060828807956e-23,1.066063787695443441e-25,2.700863621686821995e-29,2.554532313120244311e-22,1.275612075190535046e-25,3.638457667859184109e-26,3.453969950768743639e-29,3.103711403473861437e-23,1.612481457693948991e-24,2.109868365793941518e-29,7.669538201376641976e-28,8.201636203625604378e-29,1.864754200784692893e-26,4.023909142218747536e-29,8.272589252964974284e-23,2.904701541196789586e-26,7.839250434872558123e-29,3.112671736122430376e-23,2.980380992161805877e-24,6.635799544920856333e-25,8.028857009968313377e-29,1.217447791898290224e-28,1.517840663535114295e-26,3.085343935643649728e-26,5.420002800549318087e-26,2.710296974336993687e-29,1.339727509899590683e-25,3.095434373009143309e-22,9.833708793198323441e-28,2.099188098621009239e-28,2.711868340735766941e-29,1.746798923140447177e-26,4.633375869591031101e-29,3.717150410594124682e-23,4.255340627434597628e-24,4.746124655354006275e-27,6.966153986346280581e-23,2.170148120329923353e-26,7.246231233508590649e-26,3.508475579505694618e-26,9.274930012915498928e-26,2.431553202208549731e-26,1.210048048358517319e-22,2.056821634680295799e-19,1.414333179270663926e-23,6.607591603536061082e-29,2.870027817306655854e-28,5.114213746916926674e-28,4.733698393184051375e-23,3.198629268004483179e-28,1.886788796683007149e-23,4.372988828433218238e-25,8.001186666047791523e-30,1.011434093161949039e-28,1.208077945328910104e-24,1.047546585801344102e-22,2.333122895382817826e-26,3.124682797091465759e-26,5.501420354963338422e-24,3.166000257067342678e-26,1.042440827426797308e-27,5.669536808243975981e-26,9.938295322016492129e-28,3.695999500261391445e-21,2.715699968175088122e-29,8.171802373092116774e-29,2.589439317327257952e-26,1.502812455354703369e-25,5.600128392878092308e-25,3.171952829725433080e-29,1.921899616342165653e-20,1.760239737584657393e-20,4.503618266515237009e-28,2.327483006554588125e-29,8.545588617724168704e-28,9.669632769322322130e-20,2.409027669746285855e-29,5.853663972414414491e-24,8.676651093526910048e-28,2.812803832651734682e-19,1.169512837055989210e-26,2.952658924870578724e-26,1.525103546087051714e-25,1.857209427783498797e-25,1.120594879307178168e-16,3.526020807466963632e-28,7.718005100119739762e-25,4.190102582578765259e-26,1.165108571452704818e-24,4.474194951681553248e-27,2.238316680839046358e-20,4.264519730492970728e-27,2.509007750636288503e-23,3.249557568583849148e-27,2.771146244739367306e-24,5.186085138260481386e-30,6.204150182825843857e-25,2.055129002002166681e-29,1.339263776129453432e-27,1.675064734117827930e-25,4.105638653208021875e-26,2.221713623551793999e-26,2.820498247810498335e-26,4.943766555946325963e-27,3.657505028520745418e-21,4.770018710047515816e-30,7.021866569399103230e-30,2.393227918483849375e-22,3.404436632019358510e-25,7.492087738209565142e-22,4.990804074153405170e-26,1.086672592751541496e-25,2.721577696249229882e-26,8.483617713512597397e-28,3.427226158380909482e-24,1.040913779021158588e-19,1.905716440552030558e-24,3.210240428685020699e-24,3.813130790780967429e-30,2.308603990897047800e-23,9.287563804996836219e-28,1.244667892063116877e-26,3.319748370805088319e-16,3.639907747604449041e-23,3.762692500707578969e-29,5.123080163620364598e-29,3.451777809842587791e-28,3.221148699224159815e-23,1.621311157375028977e-25,1.403449711114142937e-24,6.729152411315519999e-23,2.607120636043260125e-29,3.001883520784481434e-26
7.003339080617395387e-19,9.830679317160350888e-30,0.000000000000000000e+00,3.315248768654020968e-30,8.783143384308575320e-31,1.499615883668414289e-31,5.737189695438987173e-32,1.403183376649721764e-30,1.178907503931916656e-34,2.694471665614103218e-33,8.037297543259349212e-32,7.614895083940624331e-20,5.737746263827305256e-34,4.416943327956134313e-32,5.099516366471258433e-31,9.077689813859451089e-30,1.951128504058513336e-34,5.910646888498563728e-30,8.419042373283090486e-34,2.781695139650494254e-33,1.405104578728278985e-31,4.843598337902548939e-29,1.112534457922129821e-34,1.717607981090866330e-31,3.685217987584091289e-30,3.567239786050348505e-31,2.141342547494848757e-29,1.841827826841008593e-32,5.999496826088766892e-30,1.571632641612876567e-34,1.082809938643620961e-34,5.109951585474123631e-34,4.656258182041382154e-30,1.117836612825641954e-28,6.372573243444206226e-34,2.446238542655519480e-31,7.942670241902765299e-31,1.863390182538674477e-34,1.118210883719588805e-28,4.052445062415336080e-30,1.701320411870534847e-32,1.159645454482496226e-28,1.759337374819241183e-30,1.012262543529022925e-30,3.475731083174013059e-31,2.419428328983035108e-34,4.675518594477526385e-35,1.288799441505070740e-28,4.188844253602683760e-34,9.753493179774434426e-31,2.363459412937739803e-29,2.891929118362420976e-32,1.000146139737302655e-30,2.826396225463093996e-28,1.490670523287457921e-32,5.350406704357037958e-31,9.065248630020340698e-34,8.343654031684271752e-34,6.423513637484617195e-32,1.391535552632074935e-30,3.746132586955280786e-31,1.740415537807208767e-30,7.877535674106672055e-30,2.601941135326033908e-33,1.623905642332165629e-31,1.893181361668947459e-34,8.946053459912646888e-34,1.637531251589730111e-30,5.290728703829395451e-35,2.270302674769964332e-34,1.260663330310577069e-31,3.916062208337315969e-34,8.571691892165050660e-35,1.576708459910799655e-31,5.248565023849817294e-34,1.037681125109332396e-34,5.042434423092928144e-29,3.336340588805245302e-30,5.050675989259773404e-30,1.172477572659757607e-34,2.091983289239795340e-34,4.025550143234470910e-34,1.240331146849336197e-31,1.144829300155664707e-31,1.350044039247506108e-34,9.702804896662172363e-31,1.053432732298378741e-28,3.922167203146537719e-33,1.952063208639612757e-34,6.938901387844413107e-35,6.580029329185292109e-32,2.503906160986965151e-31,3.871487684572845548e-29,2.760262112831549022e-28,9.346909807476062559e-33,1.546249357833192366e-31,6.508749222065650474e-32,2.113127912553851630e-32,1.355167963794493763e-31,2.146369450358333389e-31,4.212575598838063868e-32,1.537462400649794308e-31,1.165395080686956071e-30,9.164052605477152298e-34,9.812730366294849820e-35,2.455488171954482079e-34,7.501162813552764659e-32,4.148569698365461452e-29,8.475870328772633646e-34,3.611134459032950355e-30,3.200494219632440809e-27,3.965073886479937859e-01,1.850546148390197718e-34,1.395034315436185684e-30,1.678833591146296079e-31,8.575604669316390913e-32,1.544633619201724526e-32,2.533388344764214044e-32,1.168391203491595091e-31,4.329941613215887000e-33,3.187825150924820589e-33,4.116153051388280411e-33,2.504079005063309420e-30,6.526138706822021358e-35,1.324859723473067017e-31,6.071613894109437008e-32,8.604314575509260383e-31,8.136091211020341694e-27,1.570329031325109399e-34,4.619393450970948250e-31,2.077898211083282821e-30,1.265779183273792477e-33,5.579294941832414424e-35,1.364939041547632620e-32,3.607345023455964458e-30,1.404267849245228793e-30,4.307953441284071595e-30,2.763436604873282474e-34,1.281206502537068464e-30,6.164959609655244522e-32,1.109745309468733464e-31,3.660333994787543246e-28,7.148834702819584823e-33,8.613137665600317088e-30,3.098327593960159182e-32,2.433468641286391211e-30,1.147078161690314336e-32,1.978284602406251905e-28,8.956797574037317034e-33,1.943535962199207104e-30,8.716476647277898630e-33,7.537329775701360936e-34,3.301838221574281341e-32,3.698483423414970274e-30,3.967157235150970407e-01,2.055354299263318286e-30,4.661982486914006265e-35,1.256987390255819038e-28,4.877900829051660327e-28,1.468438863255079129e-32,3.941041750648528753e-32,1.178944475005997296e-32,1.025548973304637531e-32,2.446784619821732891e-30,5.878668498028821197e-15,1.116358752165043830e-14,8.535491104086239934e-30,4.467021066374467354e-31,6.402061416795462216e-30,1.060391687339213563e-33,2.186657710596544712e-31,4.002575890852333310e-34,3.710684476919697544e-33,1.401785008014925459e-27,1.081509901897126451e-30,1.595076255024284307e-27,4.494150014737376356e-30,6.023721005029029892e-15,9.151396230095952867e-34,1.661629802436266344e-32,3.662104715668941541e-34,9.800327121547184279e-30,1.171910185122657854e-33,7.345457222913698929e-35,8.869993108982885043e-35,9.086334607220997839e-34,5.762867752818286965e-29,8.379364320150032137e-31,4.782101336150111658e-28,5.310930383283137247e-29,6.993749873797491645e-35,4.072557958794522847e-34
1.459546185335778546e-26,4.872641023848018727e-20,3.315248768654020968e-30,0.000000000000000000e+00,1.007889634017402043e-29,2.881228183764208078e-26,2.297760276705642813e-26,2.604977771379598403e-26,7.076575928621795872e-29,5.085706168710025123e-27,2.064786957620231694e-26,1.680931972114667306e-25,9.207159597262074146e-25,6.873082403287214825e-27,6.727341320726782377e-14,3.349493602914516904e-23,3.385333242609437232e-29,1.075234481871938200e-25,7.969015459616613544e-25,2.760937271367183610e-27,4.150699875535442105e-26,6.861586229248173328e-24,7.318494160060264531e-29,3.765454726150808415e-26,5.658947539736129459e-23,1.074742413610411478e-25,7.613184918968153815e-22,2.329692291690081321e-25,1.128889748816647363e-19,2.269625770434641600e-28,1.014681741627862053e-28,7.967680729975480242e-25,7.490870766338423738e-24,6.758144826774865811e-24,1.307100008887135923e-24,1.237818424062681653e-29,2.054846187469459001e-21,1.989775323746190993e-28,3.295952604280072136e-23,9.816122596938535270e-24,3.152188267250717653e-25,5.013944365465647032e-28,7.865249396838477781e-18,5.762768537416600712e-29,6.326654966734385872e-29,1.621791274315801723e-27,2.403455502861989872e-29,4.184800620240052777e-24,1.085141407330285214e-25,9.082988970814356623e-25,1.242098619701629763e-21,7.079647053273688116e-29,3.894678677680035535e-21,6.612344637608355349e-25,6.609816946970484487e-26,4.974707903098593926e-25,3.356344162939307716e-28,7.942993138519671493e-20,1.598811119065831614e-26,8.234865722537661861e-25,1.099080000507960360e-25,8.883281943888488933e-30,1.132716136406363449e-23,5.925898065328364789e-27,3.590607093734736711e-26,2.862545343192183232e-29,8.333710686186154695e-20,1.856783941083360092e-24,2.312002569831041311e-29,1.310667614115570661e-27,2.054063695127977715e-29,1.665984735505143413e-25,5.456213860603144077e-29,1.512193330353235565e-21,2.829557991959853051e-25,1.103642814467451393e-28,3.563950399364242240e-24,4.095028472340428363e-24,9.960562530705787360e-26,1.236000842812330372e-28,1.701537471214203182e-28,1.135083718007012615e-25,3.219413409722433148e-26,6.261535332744287375e-26,2.337844138941585081e-29,1.830773073411218401e-26,2.337474189485864841e-23,1.004651354343662177e-27,3.334047359205466911e-28,3.302321133700162372e-29,1.636323382152147333e-26,1.211992170470396495e-29,3.782546039065490725e-24,7.524829093295080804e-25,5.019489413773984987e-27,1.336750344988731926e-21,2.593081180166076346e-26,1.531708970811117072e-25,3.299675378877933292e-26,1.102817306066232276e-25,2.883835265991503854e-26,2.377465570030441269e-21,2.555920785300101758e-18,3.850333309427615136e-16,9.193313387208174637e-29,4.459876327400747087e-28,9.559181093593633117e-29,4.257117956936621218e-24,3.384765249134352054e-28,4.690073484844987622e-23,1.202318833393604211e-25,2.485504818245815958e-30,1.297535215931295795e-28,1.466240365353761568e-24,2.402785719809186948e-21,2.363013226263945590e-26,5.818022783032171142e-26,2.595183965036877504e-25,3.341535595959694077e-26,9.907041577692563279e-28,2.662561663938731630e-27,9.372603232883127434e-28,1.236368383891335384e-19,3.394402834225400996e-29,2.318747886734686426e-29,3.158089010061251465e-26,2.010211728841606826e-26,1.577161922052879436e-25,2.685912841589409338e-29,9.189456078540417950e-14,2.718917542293730683e-16,4.276057988880596719e-28,2.888313009734771455e-29,1.172757247757468991e-28,6.675257475049937375e-08,7.391739477586633559e-30,8.482606480428751990e-24,1.565369923624066085e-27,2.726867209884358672e-18,8.867993559685641739e-27,2.811928870306153859e-26,3.724627869287763693e-26,8.711475708207507649e-27,9.936247218118336728e-19,7.370570740125617913e-29,7.275935933465949838e-25,8.001177572581830582e-26,2.859675972773013706e-25,5.018653660131981847e-27,1.399160359690522792e-16,5.039011832246377102e-27,6.162535553158771402e-20,4.282726268314396905e-28,3.427475299781318712e-24,1.673543460639565678e-30,6.526537890526583769e-25,2.519777408470224410e-29,4.372932260104919968e-28,4.288292257492936828e-26,7.372170692203300803e-26,2.788488863436605742e-26,4.678703607674942432e-26,5.539644978708155552e-27,1.135960387171657260e-19,1.527299685383947320e-30,2.253170612343601493e-30,1.098786594175656644e-23,4.426079484922010798e-25,3.703472423299612290e-23,4.151436486578308390e-25,1.138630769650334315e-25,2.765553022836594326e-25,8.716410501869177532e-28,7.033706318729301448e-25,5.558875171058186052e-18,4.217011311924805323e-25,3.482086352137702296e-24,1.402605605871916844e-30,3.394478168550970121e-16,1.400147569278603275e-28,9.438424262394780269e-26,4.026758124781334200e-19,5.078366836400535862e-16,4.737541973514335613e-29,6.335917277620822520e-29,3.404431628989816585e-28,3.395324450516135819e-24,2.070021707817787847e-26,3.323837825930553968e-25,6.828340018115575921e-24,2.811430247563904862e-29,2.796810894453046561e-25
6.556464928491957203e-27,3.263638239614673930e-29,8.783143384308575320e-31,1.007889634017402043e-29,0.000000000000000000e+00,2.601021909526468782e-31,1.165831046932155016e-31,8.805586693377776410e-30,2.424515875472540180e-34,1.039767237634916715e-32,1.571950519625345932e-31,4.489047731448906552e-24,1.586641276423328270e-33,8.042759072732018262e-32,1.530134370905699122e-30,3.825859876018040194e-29,3.567062964876734914e-34,4.548432677681309018e-29,2.738013494021930982e-33,1.289134502660819689e-32,2.898575743275291061e-31,2.690148260914909319e-28,2.147150348350253718e-34,3.239015365509178012e-31,9.379917057765958447e-30,6.797621287137430582e-31,5.317518214948592310e-29,7.359530607466666180e-32,2.137308589844791903e-29,3.268883211208183550e-34,2.392480795132081418e-34,1.568043219649492546e-33,1.270851756058417116e-29,7.575698274094848442e-28,2.200107597505043695e-33,6.079346791049404102e-29,2.440161661393829575e-30,4.524295318540481372e-34,6.241463370188661760e-28,1.015000385833801894e-29,7.975025939327422213e-32,1.205854560050088798e-13,5.619621813352694112e-30,1.834689351479670288e-28,3.665289595797085369e-29,5.950336411309970751e-34,1.037384416917458331e-34,6.332569546579958734e-28,1.043416911648273986e-33,4.353506119378532747e-30,5.577792864596365809e-29,5.334985146880929074e-31,3.254875433404732755e-30,3.638909431395542841e-27,3.477185465697213709e-32,1.051165791246688962e-30,1.959038891645508170e-33,2.229637160331017513e-33,1.142946706126429169e-31,6.238440421712729834e-30,7.119139200578227025e-31,3.983896546301542996e-01,2.947670261732694294e-29,1.093081501312745735e-32,3.004878699206209640e-31,3.192596238348762170e-34,2.504562882546823540e-33,3.639175809626596249e-30,1.109644558726453082e-34,5.068692441918271440e-34,1.994902632406881745e-29,1.066159108878916425e-33,1.902530661449847252e-34,4.856230880633860275e-31,1.490428848044106224e-33,2.384523847868923718e-34,2.738742326324685087e-28,8.423795121516128959e-30,4.120694949261035402e-29,2.769666111592460896e-34,4.229987492003784902e-34,1.028760982286110836e-33,2.476783076397920540e-31,2.148437695239893007e-31,2.577672267414548558e-34,6.658906929789594542e-30,4.706122787455294898e-28,9.018859393887360461e-33,4.664502720346255889e-34,1.561264553641326936e-34,1.155661679459781336e-31,5.512130322209856993e-29,2.284608254501346910e-28,4.014121983367372762e-27,1.811377909955185198e-32,4.007299029082046261e-31,1.231356940233186913e-31,5.650251230254402910e-32,2.603322323950346862e-31,3.800521279007121754e-31,1.041975762494138335e-31,4.744844768445395357e-31,3.563035182753620530e-30,2.751381230645047455e-33,2.341669573282624951e-34,6.631029635575222036e-34,1.492003051007630183e-30,1.811241286034677937e-28,1.811741682717829477e-33,8.880073551324097942e-30,1.034332344620383215e-24,7.802322060327801810e-31,4.295434773634712561e-34,3.140245098494347710e-30,4.389104272973472056e-31,1.586604752573398984e-31,3.333989551297875370e-32,8.962827202717889479e-32,2.485814715568668293e-31,9.048940588095273651e-33,1.335873703197048895e-32,8.747030733191429196e-33,8.155364616521909054e-30,1.469720571603779778e-34,2.624860523961723230e-29,1.283468853024145392e-31,6.680845094475281444e-30,1.220716070838548881e-23,3.198325531717391773e-34,1.396314876640850764e-30,6.155592979427076427e-30,2.400891692045020222e-33,1.224421298891018694e-34,1.054632434367021602e-31,1.050117219795516315e-29,4.032515346290597158e-01,9.127651007860704658e-30,7.126866226481236003e-34,4.420620798891375658e-30,1.077014586117501126e-31,2.227415369309714207e-31,4.938104999255045002e-26,3.062416575058918130e-32,2.591549194753824859e-29,5.783098760561988029e-31,4.688007453764083449e-30,2.965550938706059718e-32,4.934424050844700943e-27,1.864453510837174172e-32,4.729778401356582612e-30,1.954735376763030173e-32,2.207260542919069987e-33,2.356783705446478316e-31,7.991478580361192647e-30,4.043817082334955966e-31,3.648736716225845725e-30,1.083554734118689539e-34,1.209661199958290643e-13,7.666693888930587816e-26,3.124169850105590733e-32,9.103922432852707848e-32,2.768337580605431656e-32,1.900933045798631088e-32,6.027744155596244925e-30,4.639274475627459689e-31,7.086605338605282844e-31,2.885875461392071603e-29,1.022578199689404063e-30,2.246384258747411893e-29,2.864338743871866735e-33,4.861716641728484643e-31,1.318348330888415173e-33,7.509413689266632752e-33,8.921025046094490607e-26,3.498277444343927845e-30,1.324723527410912701e-25,9.322367769326061981e-30,4.048529947321482710e-31,2.789657590666375123e-33,1.470729237560189885e-31,9.957950254114884855e-34,2.762574283174395904e-29,3.391630909126708994e-33,1.529258898221445564e-34,2.041793863562169296e-34,1.657506686331371314e-33,2.975252258466580606e-28,5.723848785793877039e-30,1.905617254056092632e-26,2.915023716676374491e-28,1.249887616458060699e-34,1.230124082096450195e-33
5.712650721907335938e-28,3.354449221600780142e-26,1.499615883668414289e-31,2.881228183764208078e-26,2.601021909526468782e-31,0.000000000000000000e+00,7.172840881492269100e-24,1.460437205453924815e-28,9.884288537260795430e-28,2.849390124204232650e-30,8.932170155194842903e-21,5.549463339339650632e-27,1.536793255300607217e-29,1.310253812163034471e-22,4.134912971855966205e-27,1.215910175449157487e-26,8.060565043944586307e-25,5.578596753919928244e-28,2.467717666266250252e-29,2.533362327155329415e-30,3.112965886510393925e-20,1.638035014787428554e-26,5.834684525156375959e-28,2.691807240098488725e-19,5.240858491002900909e-25,1.276537424980421747e-20,2.465447744674624771e-24,3.305613551213344860e-29,2.469185468447860011e-26,1.584128628094459236e-28,2.757809862621120033e-28,1.514714065501610101e-29,4.114700284346604938e-24,2.316205707963822763e-26,1.336216778351454754e-29,2.942270182177251800e-31,1.519561090850178975e-26,3.449290703870631101e-28,4.972161372559596998e-26,2.644822389569977254e-24,3.624005721099581468e-29,1.486376225345459950e-29,8.170891164911410691e-27,1.251474050578241032e-30,1.256669172455543008e-30,5.904511119869872196e-29,1.077194076074267511e-27,1.893887402863441493e-26,2.130580612326253714e-29,7.625975323531172028e-28,2.265321303005298047e-24,5.983546277130675424e-31,2.089935829071058995e-26,6.682595446370023684e-27,4.737389556605356245e-27,1.014790199275262285e-24,1.665833250007462668e-25,8.842094599342453831e-30,8.441381062372665432e-21,8.789019926982006973e-28,1.226105971315803924e-20,2.552668387056999199e-31,7.496281290830624183e-27,2.995894916195343465e-30,1.944408997064711133e-10,6.471662542586196575e-25,8.833113603058916119e-30,2.965526622661378870e-24,2.606433554955730589e-27,5.897128305245536318e-29,3.724498394677858012e-31,1.594266677084503764e-29,8.078042494982933965e-28,2.928892733202511242e-27,2.057210898778833715e-29,2.105900087292158329e-28,1.010027868667923491e-26,4.703678346694663692e-24,4.796945489050608977e-28,2.338395595449013712e-28,7.236150095411605864e-28,2.722030411609358507e-29,7.927592434032902282e-20,1.317457461048828453e-24,5.029617475779215988e-25,9.896847460857957053e-29,4.457356879304304264e-26,7.584449205872278541e-18,1.927294586620114698e-28,3.010586085943747814e-27,9.458292312714035362e-21,2.852291547501948315e-31,1.152427547305993056e-26,7.710550727580871369e-27,9.935860447107776121e-26,3.584297495002798193e-27,7.213075883409613647e-24,4.741330933601896046e-27,5.618430170695406831e-20,2.872661896562878069e-24,3.588487655474104680e-25,2.917000380228664505e-27,8.379555146828905987e-27,6.806044781938415939e-30,2.977284084162806467e-28,2.363457928028083133e-28,1.225556850713719901e-30,1.325659282220041986e-26,1.259416461908280179e-25,5.686569335521896060e-25,2.996994039637054357e-27,1.125542889030964317e-31,1.034406743418380357e-27,2.716009171749509822e-24,3.047219087080479499e-27,5.499913763598062338e-21,5.080592375576731170e-27,5.024242072588559396e-29,4.104177500104559816e-20,1.302000956156594450e-17,2.810686839003331072e-30,1.028258313803141924e-17,3.520542754664746363e-26,1.392039746325106257e-27,3.957994093654569532e-31,1.400689073446170347e-24,1.034255372411879353e-28,4.244313719474521612e-27,6.723818895760728665e-25,3.300140406437445056e-27,2.737704444309183047e-26,1.396527582286260261e-25,1.644089265397562173e-27,8.906953212038296903e-31,2.514678718647429141e-26,2.183679111282649935e-31,2.917396876425512462e-24,7.374544487814793293e-29,7.775775750645177586e-27,1.578508069645489193e-22,1.051308941381088174e-19,8.386959745570525803e-28,6.242707931604907196e-30,4.319958736011526763e-26,6.863193477173580183e-31,4.965170396287737638e-21,2.560017798395760107e-27,2.678949294589321351e-27,1.067948475819526543e-25,2.786999332056116023e-26,1.020416477335711391e-25,7.652348842863499772e-30,2.758200105337507445e-30,9.616126757110945913e-24,7.226126296952185570e-32,9.212848758771222520e-21,1.101712849908879788e-27,1.289820284248790241e-29,9.288343576545996190e-28,3.459708782055535616e-27,2.552719073580069291e-25,4.386723658829542890e-27,9.955576102300999858e-26,5.314227566301422493e-26,7.540259283805744378e-32,1.009710628035208179e-31,8.302982896533575700e-27,9.171286037505169100e-25,9.060318278395895668e-27,5.179080960566925213e-29,4.377155451805247774e-24,1.377366694679635448e-29,7.737046173529368329e-18,1.148775839059028567e-26,9.776445573353686983e-27,8.202475228930162176e-27,1.852561247626104407e-23,5.750798153311743782e-32,5.961359478536984295e-30,9.202804533305336889e-31,2.131478618225630880e-29,4.087171305187937116e-26,7.163371521264210314e-30,6.331603424529047197e-28,5.235598915087297078e-28,1.066999943133446101e-25,1.225553886610810930e-26,1.016180822505168015e-28,4.316484097481498593e-27,1.419430777531780433e-26,2.974568414075992850e-27,1.701694310765717102e-29
2.259743758489534923e-28,2.021550634427110163e-26,5.737189695438987173e-32,2.297760276705642813e-26,1.165831046932155016e-31,7.172840881492269100e-24,0.000000000000000000e+00,6.984874278690671854e-29,8.828216492914859519e-26,1.714205776046519958e-30,1.314478242709963486e-23,2.270577470430368129e-27,1.468772223938638771e-29,3.510912438820060340e-25,3.040853382172305506e-27,7.513397004157622306e-27,2.502026688051790310e-27,2.646844369442821662e-28,2.405862076596362711e-29,1.327053724698549073e-30,2.599699852013568381e-23,8.436744726876508031e-27,2.493644588318469127e-26,1.137152313720206693e-23,8.542647793590142479e-25,1.294578091311417888e-22,3.244422722873581327e-24,2.206481610499933115e-29,1.662742162527448368e-26,1.017005650484044119e-27,5.480312095794840962e-27,1.207913250556019330e-29,3.260365642168544447e-23,1.135299330164410119e-26,1.200871401423862571e-29,1.166221131417891737e-31,1.479420986544604032e-26,4.352457909913480422e-27,2.693820944842422421e-26,1.167323319644176788e-23,2.255238458106682527e-29,6.264421061551431153e-30,5.842012320347593304e-27,5.661092638499839112e-31,5.331157871293554646e-31,9.493157185555744365e-29,2.658931497322183803e-25,9.290509366337274661e-27,2.453704595549093097e-29,4.412275446754814069e-28,3.290157339545517487e-24,3.104200432561460770e-31,1.724963916889442693e-26,3.051914571165514444e-27,1.035564953855616842e-26,1.421699153111855248e-23,9.280356395287895035e-17,6.064623545044894761e-30,9.379907633573093460e-24,5.072010658942498257e-28,1.226386829267854091e-22,1.073727109525973173e-31,4.194223029980554294e-27,1.681470099483614417e-30,1.290657576718328520e-23,1.910091275463931489e-27,5.857179328361173751e-30,2.540587968484350788e-23,8.426487315456256171e-24,9.995875952253033177e-29,1.620912503870335687e-31,1.668239001140020336e-29,6.639628954467534490e-26,2.483190660054201906e-27,2.057162491224892037e-29,3.057202792344974689e-27,5.608832111573974134e-27,4.444884552492195996e-23,2.408331748477826514e-28,3.723322668366590197e-27,2.452950941988055706e-26,2.583804671331889855e-29,1.484392326642749426e-23,1.554462021284084214e-22,1.480123433779442273e-27,4.793568877893752366e-29,2.332019183373176705e-26,3.081103415534668177e-25,1.243800800712429651e-27,4.595143099889241614e-24,8.938471552848595870e-24,1.181895376705634720e-31,5.465544444873355377e-27,3.245752420481542720e-27,8.735817117139355399e-24,2.883488977871077240e-27,9.620006869323983821e-09,1.007339532270628293e-26,1.587094674969996443e-23,4.160786006000418044e-22,2.208825028756028668e-23,2.294681957645725694e-27,5.601399669950205209e-27,5.332460357033975095e-30,6.599228394120405335e-27,1.703817925472553564e-27,5.541134728000977168e-31,6.227480304749314810e-27,9.963275080744006031e-17,8.845431053228289215e-25,1.175800135839585913e-27,4.350265353215095509e-32,5.293542559043996832e-26,2.885839608898741773e-23,2.449307995176619142e-27,1.720342631807702901e-23,1.426915060650189823e-26,2.893331186621208465e-29,1.827312518817441503e-23,2.244303098772255499e-25,1.482743510289565294e-30,2.272090721264304216e-25,2.972140989156719157e-26,2.862205257648960571e-25,1.783326121957220156e-31,3.052229161091835497e-22,5.102821332211511370e-29,1.633343989719395290e-27,1.944976974961881012e-27,2.327174381805277439e-27,2.001427605476189962e-26,2.024956069221575764e-16,6.197040483264189326e-25,3.799748580042958177e-31,1.787990057608212411e-26,9.232719134943583437e-32,1.359359814996788169e-23,1.317958287924244451e-28,4.984880812663321247e-27,4.716955070261633710e-25,1.137429105937550660e-23,3.286356417849901091e-28,3.598683568855774878e-30,2.850199536402791259e-26,3.357197706340790833e-31,1.109670994150072970e-20,4.870932849538111579e-27,1.361597243539423045e-27,1.140381282712662118e-23,1.915412302587722105e-26,1.019836515712166896e-23,5.367784643789095993e-30,1.230362311503057291e-30,1.609120598840820297e-22,2.890012899251593995e-32,3.597330639349146480e-21,2.702981268315946789e-25,5.718347064793172134e-30,3.802478746968600595e-28,7.005301676529835970e-27,1.504177129295400003e-23,1.039081797340990719e-26,9.457610359873649307e-24,3.655693967288055151e-26,2.723152841095862541e-32,3.913524766677131840e-32,4.648343215482911125e-27,1.197084710911753787e-23,5.529485820662826034e-27,4.985537118524265520e-29,7.214204311267985501e-22,1.402313497299283445e-29,2.161490186412150373e-25,4.698883268622968094e-27,6.001649933544814347e-27,3.303168957669831411e-27,3.742886786061936087e-22,2.432772396474342173e-32,4.496093349783828183e-30,4.254165163474980639e-31,2.124441948918882690e-29,2.531693864498232372e-26,5.391341904018455341e-30,5.451460547119381337e-26,2.423120330279079792e-26,1.310726372647662104e-16,6.036071657162598495e-27,4.988144528161662133e-29,2.072189610001588084e-27,8.082676479984162044e-27,1.148091600369537326e-23,1.540720358192026587e-29
8.050183780804501625e-27,1.946612538963477775e-25,1.403183376649721764e-30,2.604977771379598403e-26,8.805586693377776410e-30,1.460437205453924815e-28,6.984874278690671854e-29,0.000000000000000000e+00,1.545662162714116399e-31,1.964398575430757435e-28,8.195949403389094522e-29,9.078113356748928806e-26,2.764125007206387648e-30,4.494443483342605127e-29,4.109482920806806900e-27,4.415390948063605049e-25,1.813235248124821830e-31,2.452560673411841043e-14,3.981682438865862212e-30,4.135184195517791215e-28,1.308447421106421698e-28,1.950479129618940605e-22,1.696027127770622726e-31,1.887495948075359512e-28,1.082898503344589382e-26,3.872675710124039715e-28,7.459973089877509628e-26,7.210083757323540481e-28,9.529450658638782164e-26,3.130936647229150826e-31,1.726966308410353788e-31,2.557336541185827330e-30,7.550815003983023170e-27,3.532810999600155676e-19,3.291083428446408120e-30,1.924880058071238768e-29,3.740369953944926157e-27,2.920590168471323765e-31,8.845629980680358609e-23,9.088627539806690719e-27,5.479199589128240839e-28,3.878612805679542220e-28,1.811348941978404229e-26,9.203834207051165088e-29,1.601228891251066519e-28,7.401346554294219533e-31,5.452313438997180659e-32,1.638024023034118574e-18,1.488103677118993026e-30,1.187494864588588534e-25,7.047233221411888523e-26,9.453076012062635967e-28,5.649528134079476676e-27,1.687367129097065843e-23,3.793931320028634733e-29,8.663153189349028427e-28,1.152278582085212473e-30,7.476147586098316661e-30,7.323207273180752332e-29,2.693000820056816231e-25,4.002855316682152979e-28,6.603064214318883322e-30,7.109517725452907711e-25,1.884250470191969371e-28,1.599353540602280550e-28,1.674422516167847264e-31,7.822669712887303811e-30,3.180783209327293029e-27,6.702712077228941355e-32,6.503512926298319099e-31,4.247176650743086629e-29,1.597230931912316269e-30,1.052377848017917847e-31,9.601616341338175231e-28,2.281870145107742254e-30,1.613259642923226857e-31,8.834625627154380400e-22,5.648739061001533099e-27,2.611428166005864165e-14,1.685727595227685441e-31,2.858361912057000222e-31,1.690311628820935451e-30,1.315127564978315747e-28,1.512278627982835624e-28,1.284746408147538725e-31,7.569070605072655176e-06,1.874189665099522229e-22,3.727883811675549438e-30,3.869265068782088170e-31,8.593323006654031096e-32,7.513866155157838674e-29,1.849091568847084137e-29,3.956097505838067794e-22,2.872119771519760242e-23,1.360083276367082450e-29,9.184521731590377692e-28,7.689076897440487848e-29,5.628931244777138493e-29,1.411391649533565194e-28,2.585452379559626281e-28,6.354107849352232814e-29,9.850941561217419119e-28,1.322369637808313605e-26,7.009567086047842671e-30,1.548154688780769868e-31,4.767153795355701772e-31,1.405123559626925653e-27,3.820925577090714216e-22,1.026104028814317376e-30,1.043262325943795417e-26,1.551635483424271092e-25,1.192638938469133119e-30,2.631001497007956623e-31,2.515419977459486686e-27,9.542692778282439276e-28,9.974929422283998629e-29,3.328497417933128288e-29,9.847641582242986959e-28,1.215216096798727399e-28,4.200953389673626773e-30,5.966373203378517177e-28,4.184715516679267281e-30,1.767589457694792542e-26,8.193421172458540479e-32,3.976910734494947756e-29,7.780585266276575454e-29,5.201327444996798220e-12,1.713170438317080190e-25,1.457944102830826485e-31,3.897748032112609975e-27,1.599112525178506615e-26,1.734055987950232426e-30,7.035907238470514120e-32,1.380204177378838625e-22,2.801234375478443912e-26,6.370291254726115152e-30,9.306630496545301252e-27,7.722140699327387471e-31,1.462088923042168386e-26,5.973552276955744935e-29,1.190241144363788695e-28,7.403406197121921618e-26,6.705959980356898675e-28,1.091592057419818747e-25,1.036608733007935936e-27,2.845809595923542804e-27,3.304132556273437487e-29,2.133835808553251711e-24,1.204465790244909413e-29,1.443507693843480459e-26,1.209906143620234352e-29,6.861357689317424198e-30,2.866817677405936519e-21,6.804146989705353529e-27,7.292514187949007418e-31,2.138724852419826437e-27,5.849848050569868099e-32,3.212362351789839781e-28,7.736450389222332730e-26,3.569289639337567141e-29,5.644872890109520672e-29,2.991900602066847278e-29,1.533834211492092840e-29,1.469843643191325133e-26,6.824782196719119881e-31,9.995160583664398123e-31,9.120756804384659527e-25,7.156394018828542096e-28,2.846284332056866247e-25,4.523426816901031739e-30,3.007947314586542076e-28,1.811142957764055528e-30,3.466694073874727320e-30,3.487285255244006313e-24,1.247904055519333289e-26,1.392540812940337550e-24,8.263500593360226390e-27,5.171110987137079289e-31,7.339842731232770141e-30,1.277403637532059292e-22,1.454449622019227737e-30,1.380108080373609470e-25,9.534951061482688376e-30,1.004652898536489223e-31,1.353087188082415799e-31,1.140682079283939886e-30,1.824768092996522436e-21,5.196099802550666681e-12,2.055307684857270047e-24,2.104004498958763116e-22,8.883301192069197875e-32,1.890261664954586313e-30
4.641324024193163799e-31,5.819987646304385836e-29,1.178907503931916656e-34,7.076575928621795872e-29,2.424515875472540180e-34,9.884288537260795430e-28,8.828216492914859519e-26,1.545662162714116399e-31,0.000000000000000000e+00,4.425469407474882807e-33,1.588286241530035106e-27,4.677009167573895200e-30,4.550527029011648604e-32,9.676306937417667168e-29,9.756974334603354580e-30,2.166701857906963085e-29,6.376717673112613553e-31,6.824801304881454370e-31,8.143462069506430965e-32,3.622472606509138137e-33,3.504826048205232814e-27,2.179820798932213630e-29,1.023206145485674260e-25,1.525341370283631836e-27,4.307788915277554283e-27,1.272534595708282864e-26,1.413307620985060459e-26,5.562405743892175543e-32,4.664885969529538434e-29,2.162544843339520145e-29,2.940656106647648350e-28,4.343968662764891924e-32,6.833421478857201340e-25,2.959764733273642905e-29,4.321540105215061191e-32,2.526545408833474250e-34,4.815126306436223269e-29,1.303479375022932975e-28,7.443784612113133549e-29,1.576132447570656675e-25,7.007878967467760694e-32,1.329707926439971115e-32,1.790946305552034033e-29,1.141784436355495644e-33,1.053499201128574268e-33,5.161294811416559943e-31,1.601763719757647459e-26,2.178961981705107608e-29,8.753485382109937755e-32,1.174623243911092704e-30,1.379961684403516801e-26,6.624850134682862492e-34,6.071420181599048283e-29,6.888697189592993331e-30,6.767824525494357011e-29,5.435038476242235740e-25,8.142842262342895339e-28,1.820970073391428222e-32,1.011916630038979634e-27,1.272306855949169160e-30,1.293495519064174716e-26,2.279694445868009883e-34,1.155562187806244815e-29,4.987693998993168080e-33,1.534136044908620543e-27,5.255482150362961803e-31,1.792962513653426631e-32,7.662566180236879402e-25,6.103758988515040395e-28,5.617099469286682074e-31,3.969120442391614620e-34,6.052459606066786399e-32,3.988498692374715104e-01,7.920789806905889304e-30,7.501623602460720650e-32,1.072557966525862188e-28,1.403069471281983788e-29,1.166731190648744181e-24,5.943812042888814780e-31,1.253335767421837436e-28,4.551105161954436958e-27,9.861418990541991763e-32,1.706355144970597250e-27,3.856101639989964978e-18,3.962009048728194975e-31,1.112582874152053762e-31,5.510715742683747545e-29,4.285025680375547723e-29,2.504402742930262547e-29,1.719518291740505801e-27,1.007384084532774934e-27,2.525908657791531235e-34,1.290514621418243675e-29,7.541947075523331054e-30,6.851797504396086089e-17,9.445573468932583902e-30,1.335413954431841668e-25,5.569361199671036799e-29,1.880666447776156635e-27,1.367507079582657874e-18,1.551906830554870269e-22,7.471934999786785191e-30,1.658011087448885424e-29,1.619009102820132635e-32,3.157608178870271850e-28,3.513468069032413261e-29,1.207694877199819203e-33,1.509387799015951023e-29,1.275669146503002542e-27,4.396770910885534418e-27,2.623208784410665797e-30,8.203027759983316256e-35,2.166713252509110115e-25,9.845265143365564590e-25,8.537579555485377763e-30,1.729140230469257262e-27,1.022062266860220646e-28,8.768391255735927818e-32,2.123442113026816014e-27,3.218448934587816011e-29,3.943041992253006897e-33,3.147796038911668797e-29,8.425819174145112366e-29,3.862408281735359218e-26,4.038697549245900670e-34,4.831885570949812682e-23,1.154138744152543732e-31,3.904700379720683538e-30,4.815185752862916200e-31,7.451355733707551718e-30,5.985037505069803704e-29,1.277940173117962521e-27,1.140702592057643437e-26,9.083716072366287294e-34,5.485792379885222238e-29,1.866548203236898771e-34,2.202915218854037549e-25,7.789801182006591141e-31,1.579782713280478567e-29,1.335962202591371563e-28,1.381730025630690320e-27,7.408406567304071304e-31,1.022232780842974170e-32,8.346994081805036719e-29,7.841389245437365128e-34,3.503189599940800477e-25,2.724132106354245919e-29,3.006563443719970877e-30,8.722897792980386419e-17,5.850508101639251554e-29,1.166181037004038524e-16,1.718368561630780321e-32,2.943844687714399872e-33,7.995323314442868403e-24,5.624526612239400484e-35,2.338226962643278024e-25,1.984242580780816317e-26,1.199211829341707064e-32,8.493799320146830857e-31,4.061632896228463562e-29,7.428500719264610855e-23,7.025404105494438420e-29,7.606481246471640253e-17,1.268531259832226166e-28,5.618325784526755487e-35,8.177345581520708970e-35,1.162037473538645991e-29,4.213215513899999680e-25,1.527704354758524434e-29,1.836252636566675733e-31,2.564142964529069362e-21,4.989292919687235638e-32,2.993094341630338593e-29,1.046858690201771063e-29,1.702471482753588811e-29,6.711817531833904058e-30,6.368697966360646148e-23,4.874758873181450678e-35,1.304038613758195207e-32,1.084647011006508123e-33,8.527021195760198114e-32,7.566474673580970863e-29,1.613748589115809169e-32,3.990698594334073368e-01,6.976570872504959583e-26,1.303843654648817820e-27,1.468149964425499751e-29,1.124820567578709207e-31,4.345365248954946964e-30,2.167439904265574096e-29,9.462897636284635134e-28,5.581486783506038684e-32
1.364934511828484354e-29,1.113746950884391408e-25,2.694471665614103218e-33,5.085706168710025123e-27,1.039767237634916715e-32,2.849390124204232650e-30,1.714205776046519958e-30,1.964398575430757435e-28,4.425469407474882807e-33,0.000000000000000000e+00,1.749282786484152207e-30,1.406766321356235211e-28,3.646481874700531633e-31,7.171610192918100316e-31,8.604012545856018162e-28,3.689491050225459645e-01,3.654590260789798498e-33,8.921736360542399854e-28,5.764876218094186395e-31,1.999014197979975727e-24,3.357043922537634534e-30,2.101057264416642097e-25,4.647577582152158079e-33,3.707124127097075798e-30,7.100656798605655598e-28,8.495962101965259724e-30,5.477716011377531059e-27,2.322454140748607180e-26,3.843910877109161504e-26,1.102722490941912308e-32,5.312675359895906309e-33,3.784102026527615526e-31,3.707156703235337637e-28,7.993123234592583853e-26,5.399549193609370288e-31,1.481086920306003062e-32,6.323101578969454309e-28,1.069524783672190117e-32,1.154836548777031700e-23,3.648810521378746471e-28,1.711868557952663395e-26,5.313086962513376767e-31,5.006093880673382991e-27,7.265786692698944668e-32,9.750969870009694703e-32,3.663494084961318395e-32,1.689017671513147353e-33,4.533598552689757183e-26,1.773746396350428215e-31,5.375362660145753457e-22,6.509705114432200142e-27,1.940774904974124336e-31,8.802570883004756897e-28,2.267834841210915949e-27,1.745401245582376983e-30,2.872373383209931881e-29,2.648943544176770601e-32,1.467145373254480083e-30,1.475333975817709294e-30,3.225569718525557388e-22,8.809146602791804628e-30,8.844224921785626549e-33,5.424211617277087851e-19,4.549038393795265534e-01,3.404862951156739622e-30,2.978286414899036705e-33,1.527422464539330303e-30,1.026421256923343514e-28,1.543653775360901605e-33,3.138320386804545075e-32,3.301584297424028764e-32,2.027656806918504386e-31,3.276543140201219161e-33,1.490963390354336101e-28,2.881253219654589180e-31,5.865211857075125726e-33,5.797238123356390850e-26,2.225430361294950174e-28,7.580041748431691777e-28,6.679342288862395674e-33,1.077705146689880322e-32,1.675646925416417924e-31,2.674312727895935532e-30,4.296523533125035705e-30,2.489520366849861726e-33,1.496502240475185366e-28,1.741987262117673701e-24,9.245139881423182719e-32,1.344099493657916960e-32,2.091138728986554048e-33,1.462541163080319673e-30,1.625152256889993463e-32,6.752281185562682888e-26,2.569586160722251848e-27,3.547393786364458300e-31,1.325609843228043358e-28,1.742337517707954096e-30,3.231193929053043946e-30,3.001978733049370698e-30,7.208831676449809980e-30,1.821539334733306970e-30,1.693130030465245443e-28,2.713426119371690124e-27,1.469065114395110871e-30,4.869447794129474872e-33,1.979610210490857223e-32,3.057854574421286644e-31,8.788325850923877585e-26,2.573405495613453775e-32,7.640844696619480697e-28,1.526005001520952153e-28,2.202520668035321184e-33,7.907403988985013326e-33,8.508004957383688263e-29,1.507895126135481392e-28,1.802846144537191832e-30,1.822777164125035733e-30,4.919855553132357007e-26,2.809282856503975001e-30,9.125514420808256849e-32,1.342717845159141830e-24,9.149867351859508723e-32,2.853203139080703306e-27,2.341057593818717502e-33,3.188863726692813063e-32,2.214650772175543938e-30,1.646612298099257643e-28,1.871343193008418319e-28,3.032449994498492955e-33,9.293391496834951255e-28,2.573689119622932387e-27,3.283449451555312213e-32,1.815507773121727389e-33,7.652123914816196642e-31,6.156141815819560878e-27,8.811670181077220800e-33,3.262541338893160518e-28,3.949172698809080588e-32,3.639370422103471174e-27,1.074346700388767089e-30,2.341327540670704190e-30,5.231828062487029675e-29,2.661564602131799521e-23,3.012931841333351942e-26,2.056828761499783993e-31,6.450552531223419279e-29,1.772562122130414176e-30,7.025866270800770609e-28,3.229598403287410498e-31,2.493796075496171950e-27,3.278574888735765187e-31,1.372075376207961197e-30,2.707756560064462869e-30,1.712983469792614745e-28,1.385936780272107711e-33,5.368409906729888887e-29,1.635299821736333448e-33,4.690848637502716350e-31,5.868336257336165049e-29,2.141160041798468301e-30,1.719236603026714814e-30,1.515662574654028783e-30,3.693596532318970922e-31,2.472907172712926229e-27,1.237058343263920192e-33,1.881696838421398925e-33,4.395031311535070522e-19,2.541960524708263918e-29,1.614236768232605715e-22,5.204470440415772742e-31,8.495089259032459376e-30,2.462707016457900075e-31,7.939384918006236049e-32,1.358707534160586769e-27,2.265555495645234080e-27,7.532973862636046686e-28,2.160360462745796211e-28,1.104625329029639332e-33,1.737962876930453592e-30,8.021741021154557357e-31,1.637507379984966318e-31,4.114209532717183472e-26,2.237536235554849778e-30,2.949507530523119319e-33,3.794910904421654033e-33,2.643771784214361576e-32,5.026243857463356445e-26,1.939923071598898546e-28,7.314792472432057866e-28,1.714796142273052113e-25,2.030529625911817792e-33,2.394677399374173469e-31
3.144473754750302558e-28,2.055442622561473678e-26,8.037297543259349212e-32,2.064786957620231694e-26,1.571950519625345932e-31,8.932170155194842903e-21,1.314478242709963486e-23,8.195949403389094522e-29,1.588286241530035106e-27,1.749282786484152207e-30,0.000000000000000000e+00,3.147236436261263430e-27,1.131437862146901732e-29,6.139353538632945750e-24,3.008395049241217736e-27,8.011729082417601422e-27,4.935470406100028568e-26,3.297748212070856489e-28,2.107950075066787928e-29,1.702420389242031091e-30,4.800086982874562921e-18,1.038577073646806615e-26,9.317050634868437427e-28,1.099468275390825119e-18,4.929023067505764668e-25,5.893960930145357042e-18,2.068151661772511484e-24,2.230377443739372889e-29,1.648734756318571448e-26,1.696694063156983561e-28,4.089890836020250612e-28,1.070789571598115796e-29,5.172667093598438671e-24,1.530071567574950408e-26,1.139921546412942261e-29,1.776029843774796936e-31,1.161219920241742203e-26,5.149350563596028018e-28,3.442044510032797996e-26,3.023091179262130952e-24,2.755012107859105916e-29,8.580804777607121946e-30,5.740716907996984988e-27,6.564006313574459004e-31,6.729763664140714613e-31,5.396428058073839008e-29,1.949412592701797505e-27,9.848346883799891181e-27,1.543524561729867407e-29,4.925721874491039059e-28,1.995871813048376210e-24,3.920244558125682096e-31,1.694356746668471787e-26,3.604018323430010452e-27,4.574021532844101792e-27,1.255911668402478687e-24,3.483984506928472104e-25,5.662680897794876565e-30,1.447796119911825355e-15,5.289249112314821670e-28,6.255584360477465723e-18,1.507664187433160214e-31,4.368722968969329170e-27,1.984157281006137414e-30,4.502816284676121063e-20,3.340060006822647509e-26,5.847821639649675840e-30,3.528591409048590545e-24,5.148469098685828012e-27,4.887630664648996074e-29,2.348064787148654634e-31,1.266755039224386122e-29,1.234618478490335463e-27,2.100060656153787208e-27,1.619228349522262564e-29,2.958208126223945761e-28,6.098910287216543671e-27,6.481558730163204408e-24,3.212960427997525827e-28,3.293156830448355979e-28,9.964194828505673312e-28,1.919344595049043889e-29,3.025098056259442010e-18,2.109585726384670673e-24,2.572043036978257952e-26,5.841732006034060953e-29,2.439985846001568680e-26,2.010718061498690291e-22,2.343682141971395301e-28,5.769389335778617442e-27,1.405554978154272383e-15,1.644207295589687833e-31,7.021711399980747022e-27,4.377411810359447343e-27,1.528164780354308320e-25,2.359806328319028765e-27,1.411017929028022030e-23,4.698495981181858858e-27,5.157718446312639098e-18,4.301101980593527879e-24,6.212579967961431809e-25,2.084280809038034926e-27,5.437089400139610641e-27,4.728561495350600496e-30,4.481721766738002022e-28,3.105121294047046615e-28,6.390807063225884415e-31,7.618692881811669460e-27,2.661099671414007724e-25,4.809443345474847344e-25,1.664074205688251536e-27,5.963123293897203278e-32,1.549729491935088728e-27,3.364165127037076429e-24,2.039940297744978005e-27,2.068074775117941631e-09,4.565622188033417089e-27,3.290726808537364721e-29,3.826280839201974475e-18,1.541166729195105104e-22,1.715770826687588808e-30,1.629552295130963246e-22,2.539476182373700460e-26,2.459552251068730078e-27,2.456086268381352026e-31,2.293219592174994229e-24,6.881049094441336395e-29,2.580956713808194987e-27,3.585301462871583206e-26,2.312254027284493639e-27,1.893420269946087251e-26,2.499505743467179996e-25,2.938986751826007282e-27,5.205879073549177600e-31,1.704666547218077824e-26,1.178140737313196093e-31,3.206569654302929466e-24,7.386276658223681198e-29,5.743414265917542164e-27,7.858894726097875628e-24,1.625754533891766471e-18,4.582459178044271788e-28,4.143497647258265031e-30,2.730989597045544259e-26,4.603111188763748004e-31,3.740267248955590698e-20,2.321435502271338251e-27,1.699359399928292593e-27,1.847822573575417785e-25,1.767864862710183753e-26,1.672827209324901612e-25,5.387178860221482042e-30,1.679861142163298329e-30,1.375891997314649676e-23,3.806119077062641217e-32,1.138206138704832390e-19,2.036433119680748951e-27,7.739186605515885987e-30,5.153744127955873526e-28,2.744599439694332856e-27,4.221017448819040630e-25,4.181211518695080712e-27,1.411472424970370886e-25,3.626337495096650618e-26,4.105156745714097926e-32,5.758898126451813892e-32,4.408364512892153433e-27,1.272582709458116645e-24,5.820607499184119908e-27,3.886525410534876229e-29,7.274783194587626215e-24,1.186272662311172469e-29,1.404531958165137527e-22,6.698720692596180381e-27,6.738414207003972132e-27,4.450183129397756812e-27,2.545945064710774534e-23,3.193056420441633972e-32,4.009633641027662290e-30,5.560089949103425883e-31,1.636360924828994319e-29,2.522527816730182595e-26,4.978447986880407197e-30,1.053498999571878120e-27,8.743108117718055482e-28,1.947793541658264035e-25,7.158117947997600227e-27,6.034263644664873457e-29,2.528755168129707806e-27,9.733467439036571917e-27,4.901774302203579893e-27,1.439237211109575695e-29
6.074877719903199388e-10,4.821684470054462800e-25,7.614895083940624331e-20,1.680931972114667306e-25,4.489047731448906552e-24,5.549463339339650632e-27,2.270577470430368129e-27,9.078113356748928806e-26,4.677009167573895200e-30,1.406766321356235211e-28,3.147236436261263430e-27,0.000000000000000000e+00,2.739469976832936228e-29,1.650655998726844506e-27,2.373987263526723490e-26,4.560882355620740420e-25,7.352240250259791170e-30,4.107928965364910518e-25,3.951259004708014804e-29,1.523692877435505566e-28,5.670738729182673782e-27,2.979856598779447383e-24,4.115264665420080600e-30,6.500130215792655616e-27,1.648726696403295892e-25,1.469896400590321930e-26,9.573378485488313630e-25,1.002189817967045986e-27,2.927527472838029215e-25,5.845751945933758533e-30,4.876963070883599460e-30,2.309695495994630232e-29,2.111312599622560371e-25,7.866350373273791314e-24,3.333633306365196089e-29,1.023242494827803571e-25,3.810096185102055225e-26,7.803350906864658865e-30,6.946644097912453266e-24,1.852969561397498693e-25,9.932716348486692882e-28,3.787405231663389708e-22,8.435460880352810049e-26,3.771030233698019738e-25,8.396153221243176019e-26,9.982431665880544110e-30,1.956813529764815099e-30,7.100172823571218350e-24,1.846109046231512195e-29,5.527501080856082808e-26,9.593753517779915611e-25,3.205875584026526225e-27,5.048947587343862013e-26,2.569082098787289728e-23,6.637711720142854239e-28,1.972248433390560680e-26,3.539802375805808440e-29,3.718307492419623044e-29,2.400822369390881917e-27,7.921753928960545637e-26,1.457000114737193941e-26,6.500937098768186616e-24,3.891680338130332918e-25,1.462669177313441626e-28,6.099981939739720101e-27,6.831030749300039747e-30,3.768562340508969888e-29,6.519058107827785823e-26,2.208149208944600800e-30,8.564364647115791694e-30,3.541074160352286901e-26,1.769442903268108209e-29,3.522053478753473118e-30,7.030960594264707297e-27,2.507236006384746543e-29,4.440268530035475129e-30,3.138317825519035723e-24,1.352289114504451366e-25,3.764499398417717455e-25,4.919759618980965278e-30,8.206706394167923118e-30,1.775596864518005084e-29,5.002912588398919512e-27,4.202768278991804563e-27,5.131103119362789659e-30,6.603526911591872904e-26,5.939114115301648109e-24,1.631044481451036399e-28,9.207546255127329182e-30,3.112701016010458513e-30,2.489587048995892998e-27,9.353064581613435333e-26,2.451804405144486736e-24,2.590424285707456961e-23,3.548733287531364942e-28,6.423087455846165359e-27,2.545786188279180523e-27,1.007286162418672492e-27,5.236560757400447820e-27,7.745008985400417605e-27,1.800310887111566440e-27,7.461217214628964592e-27,5.059285908366356297e-26,4.530497952615355712e-29,4.252554546692008312e-30,1.157755912208147522e-29,7.396543815067296599e-27,2.183700753813739302e-24,3.400164927700231567e-29,1.472305906889017606e-25,1.783395782088281509e-21,1.266784597128418817e-19,7.951708864817426908e-30,5.541371466074468785e-26,7.425798885680323949e-27,3.360593662726297530e-27,5.903407947188377858e-28,1.160117765117804682e-27,4.997160560547359291e-27,1.708793065956656506e-28,1.750326461231220838e-28,1.656972875804922322e-28,1.297637966409814280e-25,2.632619525060045242e-30,4.742459088550293451e-26,2.385833084418378267e-27,6.103281848428350830e-26,1.148103762567879811e-20,6.070442437655284139e-30,2.158997353242445295e-26,1.039875693469318677e-25,4.701586022398369302e-29,2.300890999332102801e-30,9.569559839953716424e-28,1.656850476585976723e-25,4.849474197954904262e-24,1.892210298474425801e-25,1.210381876705750773e-29,6.688471386661413497e-26,2.124271295569445055e-27,4.687989355500989405e-27,9.765756114173313258e-23,3.945321036469395804e-28,3.746737978882016660e-25,3.499291349891678496e-27,8.906284790276995800e-26,4.770335339818022779e-28,2.623214767651872453e-23,3.462473796018445109e-28,7.594856503676140867e-26,3.696509771525563007e-28,3.305021425750705833e-29,2.307293426609217506e-27,1.580646472873001696e-25,4.628348932769917066e-20,7.676044550164389979e-26,2.058743693491057715e-30,3.912495485600066444e-22,1.474317365369674522e-22,5.469552735851374788e-28,1.721920678912609539e-27,4.858031762429434845e-28,3.875868734893525075e-28,1.012048055361489190e-25,3.031830051620699780e-20,5.243479883103079401e-20,3.773688620396150099e-25,1.734135515713202382e-26,3.256159164485347317e-25,4.904562630322637753e-29,8.655230696370646650e-27,1.997009081704275411e-29,1.506904067223849989e-28,2.350209124863926507e-22,5.180832714387115804e-26,3.023730560079983880e-22,1.723521423236249555e-25,2.785501429370244729e-20,4.520065253607913819e-29,1.248760818073142249e-27,1.604144876897539151e-29,4.389576414106095802e-25,5.858490066909351744e-29,3.102208653714509666e-30,3.809614397384812217e-30,3.290058540120935550e-29,3.314958369844062335e-24,5.506043511998626132e-26,7.057534379251582884e-23,3.065426567239596960e-24,2.618481830981097062e-30,1.869628664480307438e-29
2.265833218480147068e-30,6.914683587346746962e-26,5.737746263827305256e-34,9.207159597262074146e-25,1.586641276423328270e-33,1.536793255300607217e-29,1.468772223938638771e-29,2.764125007206387648e-30,4.550527029011648604e-32,3.646481874700531633e-31,1.131437862146901732e-29,2.739469976832936228e-29,0.000000000000000000e+00,3.057520604770478492e-30,8.962439844068104061e-26,2.335285151382320532e-27,1.587201412001631320e-32,1.093577806054921925e-29,1.092168940562572897e-24,2.030803198612456166e-31,2.346359404589368216e-29,6.431841643847793000e-28,4.737881235852655889e-32,1.863861571226160586e-29,7.495797784264796954e-26,6.433759287600434850e-29,1.647511016898291677e-24,1.427590114727175928e-29,1.113894099795002494e-25,1.893329478878501557e-31,7.456058529177438666e-32,4.005753358192026270e-01,6.704847371580844014e-27,6.095131441161307250e-28,3.996670664136864892e-01,1.743827470005765311e-33,4.042788548970612225e-18,1.619157958993788350e-31,3.039558018808491844e-27,7.981232734754968757e-27,1.698815877288188423e-29,8.310775219981285746e-32,7.653633266491677722e-26,8.314718998169574558e-33,9.388832387111006681e-33,1.641344830158044073e-30,1.643648315438380570e-32,4.176784066597777632e-28,9.341905385717721199e-27,8.012221230835375737e-29,4.661307754503766730e-24,8.612324906521628861e-33,3.247130414682744809e-18,8.088808033723807236e-29,6.380731378332208111e-29,4.012435098665775047e-28,1.970588854380529549e-31,1.226004378011282666e-28,8.911545187049502421e-30,7.453870098622456313e-29,6.074932553477187852e-29,1.374880619215611074e-33,7.771216030881330593e-28,4.119957272404572719e-31,2.192649237437141923e-29,1.452927458043108893e-32,1.336596707848348461e-28,1.319736919348492394e-27,1.406785238634986667e-32,1.359061989629180819e-30,2.791164792143253292e-33,2.395353943132769323e-26,3.740682326589956534e-32,3.413992657166290974e-24,5.267934870429781584e-26,8.019495716238678332e-32,3.600747607286939685e-28,3.341343453990636185e-27,1.072655029813234256e-29,9.747078419931743742e-32,1.194559659412947919e-31,8.621741223006231515e-27,1.935972106466399500e-29,3.835510586073316980e-29,1.127397495770016355e-32,2.047247200584251223e-30,2.140894748839766180e-27,5.619858209290000952e-31,2.749636134787225024e-31,2.168573689618777374e-32,9.078206754762152552e-30,1.830792273718732752e-33,3.673585495518410368e-28,8.437195085821989447e-29,3.290000531483871278e-30,2.429361857677905571e-24,1.751218701953853328e-29,1.733040110882426433e-28,1.876263149603918568e-29,6.583173357719015264e-29,1.990431566955721634e-29,1.876980434089173161e-24,6.086567084999816635e-26,1.961698078827043132e-28,7.240985345899359823e-32,3.345977496247250719e-31,1.352732547347451553e-32,3.933979493793455764e-28,1.816463324440462700e-31,6.230675035597626581e-26,1.783677981840542716e-29,4.398324612923422131e-34,9.794936521739511484e-32,1.094946139843703363e-27,1.803559984911244971e-24,1.425384557170893984e-29,5.964015019496700974e-29,1.386976525812915882e-29,1.740363912998243685e-29,5.362160916254926771e-31,1.930940492953637216e-31,4.924399312119265383e-31,1.356912141617030244e-23,2.429213653391432577e-32,3.259465835140073294e-33,1.826428424613223481e-29,2.348325928485142442e-30,2.228420919586963349e-29,1.389844680245624617e-32,4.890630899774920915e-26,1.226299279611914494e-24,2.913067562346389957e-31,1.739327792641257615e-32,1.303366338445651344e-32,4.697933897501964883e-25,1.199259072684745083e-33,7.671391127279104045e-27,1.553484661932308735e-30,6.632881522607782318e-26,4.296717374968230751e-30,1.509595146227910096e-29,4.904632101384771064e-30,6.697310710297918511e-31,2.246953552687438328e-25,9.733226216945424496e-33,4.741048718625429937e-28,8.380992174766966350e-29,3.686457090431800110e-29,3.160702154690462854e-30,6.474549075915433926e-25,3.452361737715894039e-30,1.160105828300046568e-28,4.387532018143293843e-32,2.520215289470705312e-27,2.730812179165296091e-34,3.442159173850913244e-28,1.756626169139060413e-32,7.680771025011989948e-32,6.363846915209074578e-30,8.759508335220501683e-29,1.758101443460166348e-29,4.558545049910953003e-29,4.166288273549537907e-30,8.666205224034830759e-24,2.811037271081912369e-34,3.947808503025475842e-34,8.301544474202999160e-28,3.560528065163736212e-28,2.182461565091998205e-27,4.846588704891172502e-26,7.530836293107057767e-29,1.243746927370920832e-25,4.710191734719279969e-31,8.294525883787686583e-29,8.127076357331253896e-26,6.018655601809601110e-29,2.179757993192041580e-27,2.424809464669525185e-34,1.306054260866518528e-28,1.447922384290553797e-32,9.086113760240592377e-27,1.747901627153261894e-25,1.167796985206554392e-28,2.993865160220727472e-32,4.566042294203239733e-32,1.906290976497703446e-31,3.528642816230702734e-28,2.267781805939136194e-30,4.692613167269596094e-29,5.943884654714541403e-28,1.835944165292755754e-32,1.159360350948425167e-25
1.957086314755013538e-28,8.472033752538955799e-27,4.416943327956134313e-32,6.873082403287214825e-27,8.042759072732018262e-32,1.310253812163034471e-22,3.510912438820060340e-25,4.494443483342605127e-29,9.676306937417667168e-29,7.171610192918100316e-31,6.139353538632945750e-24,1.650655998726844506e-27,3.057520604770478492e-30,0.000000000000000000e+00,1.002623574575708792e-27,3.113018481936046394e-27,1.767841372612238043e-19,1.603652942471913922e-28,5.808749190251187397e-30,7.258431098009192889e-31,1.023398944770127460e-23,4.641422753588183375e-27,6.827279362438259296e-29,5.473796496167443086e-23,1.000985073446307729e-25,1.425817681860173309e-23,4.679292637014698196e-25,8.658493557477478771e-30,6.327271887852272618e-27,2.188151814532580660e-29,3.312231214703201528e-29,3.233271201611479815e-30,5.453925134553242995e-25,7.201598706857561625e-27,3.191713302591779183e-30,1.035114609903471244e-31,3.173735754741491503e-27,4.455316244413819570e-29,1.396069466785321029e-26,4.093682423690721638e-25,1.037561080380881711e-29,4.628820159300693177e-30,1.960105437319252882e-27,3.683204400546192447e-31,3.574166146317089450e-31,1.160494129932295103e-29,8.688087779512809739e-29,5.140189562222771084e-27,3.790376219178353700e-30,2.021530675215633171e-28,4.150485704091791148e-25,1.807979535790284699e-31,4.993895698627270392e-27,1.757798169404564111e-27,8.198092927184422879e-28,1.161259424016310359e-25,8.332972687817402139e-27,2.040397404112980196e-30,6.249109072949459251e-24,2.328106257255777958e-28,1.564326662932369839e-23,7.820702848337594989e-32,1.888700764894178926e-27,7.764235676200317412e-31,5.797859355394857910e-23,3.099063650818197332e-19,2.174118370956882342e-30,4.106707997451427470e-25,1.880585595158273408e-28,1.023057599144009251e-29,1.217535584444116392e-31,3.263276551284714688e-30,7.283218062706414272e-29,6.747999242007127812e-28,4.300803042719874019e-30,2.606616029133221578e-29,2.693718911348958520e-27,6.853982372970610215e-25,1.318050705482868716e-28,2.666440241332419940e-29,7.406397047915631466e-29,5.210849324145730993e-30,1.760909614967503208e-23,1.234922916960862619e-25,2.235959644870067444e-19,2.916401890008030133e-29,1.078431756368919415e-26,1.476477020896457564e-24,2.509208148682143473e-29,2.221572581267829890e-28,6.267394964644089613e-24,9.285199006223948111e-32,3.414014236445482437e-27,2.277985262725120900e-27,9.700150180569933968e-27,7.535821581065960156e-28,3.847015592992345479e-25,7.992512226647593485e-28,1.641488702415558074e-23,2.414733763671362688e-25,4.128688472526801019e-26,6.534456945580118992e-28,2.191904646692753118e-27,1.512968928335892440e-30,3.528659485663163202e-29,3.540716789942620272e-29,3.427112712264687475e-31,3.942491349022369959e-27,6.996292967840674983e-27,9.791479896428607936e-26,9.005268048304673356e-28,3.429779337938270409e-32,1.097911012286530902e-28,3.544569485442216812e-25,6.528831866578159660e-28,4.977163224624625266e-24,7.186392968405530212e-28,1.426610951249989972e-29,1.225485205186149106e-23,4.207315119838298286e-24,8.085563981632568451e-31,2.849233352752974537e-24,8.210589870986316760e-27,1.239861550355486501e-28,1.194303705969679717e-31,1.181536759846350687e-25,3.043548136528275373e-29,1.371683009474771062e-27,1.766167297817586315e-19,7.875546898137064333e-28,6.469348710640613717e-27,7.264557365648372525e-27,1.342735755959768548e-28,2.675501264447390026e-31,5.737973927334808440e-27,6.011506251684447644e-32,4.135244179008785085e-25,1.413348412953017494e-29,2.095578246564814264e-27,9.840257241998343252e-11,2.278837551192361073e-23,2.641939899790329668e-28,1.664648803935986837e-30,1.013079956206605161e-26,2.064047853658684545e-31,4.014104268065027452e-23,4.594523868364800072e-28,7.541905718755795736e-28,1.081570431523095370e-26,6.468632775881127206e-27,1.026124606759885914e-26,2.107672573360904913e-30,8.332591992391492582e-31,1.210250130693984755e-24,2.299294897005158407e-32,4.036332775214332135e-23,9.291172802303566488e-29,3.874667250803767541e-30,2.733706683714561491e-28,5.290843593084263531e-28,2.924098207282122529e-26,7.075575300150706471e-28,9.425171674062515595e-27,1.200101400377337975e-26,2.306214425816314646e-32,3.320893947298587735e-32,2.016393710005069169e-27,1.218203281046251173e-25,2.291113574185418578e-27,1.145534669661879881e-29,4.183030986922950947e-25,3.112315084258396834e-30,2.329976862915332683e-24,3.727447808478586695e-27,2.729767808377715452e-27,2.579949735993517492e-27,2.473205121944193400e-24,1.733968778067099128e-32,1.268988102618822494e-30,2.849597603304067676e-31,4.221334924664587861e-30,9.837601765389685022e-27,1.581399808758033836e-30,6.210102768463303697e-29,6.248088971313491010e-29,6.109662112358498411e-27,3.371771312189842460e-27,2.835702200449284322e-29,1.208971707242869671e-27,4.153459245005409994e-27,1.995216194521587086e-28,3.994787319203990991e-30
2.330294230950291671e-27,1.348481014227945935e-20,5.099516366471258433e-31,6.727341320726782377e-14,1.530134370905699122e-30,4.134912971855966205e-27,3.040853382172305506e-27,4.109482920806806900e-27,9.756974334603354580e-30,8.604012545856018162e-28,3.008395049241217736e-27,2.373987263526723490e-26,8.962439844068104061e-26,1.002623574575708792e-27,0.000000000000000000e+00,5.662850134579827149e-24,5.003331710448120690e-30,1.739180652440688834e-26,8.011165327766820929e-26,4.892679283348107565e-28,5.407610904757687932e-27,1.204588901727816643e-24,1.069104568676257398e-29,5.759926964720527428e-27,6.679857068808148862e-24,1.400249332152294730e-26,9.100537161002687075e-23,4.143093507592416173e-26,3.087190366040774276e-20,3.150209750608069156e-29,1.334255353411979768e-29,7.980898454048857609e-26,9.499944163915310024e-25,1.094500176472735776e-24,1.167736753291809470e-25,1.914873992677758896e-30,1.821968407269336826e-22,2.749920079069299730e-29,5.515022865456096148e-24,1.268160857763491962e-24,5.513433288296228706e-26,7.823233127463295608e-29,2.408665073288808745e-18,8.421901501112445602e-30,9.946260445383403821e-30,2.201515735847796525e-28,3.058782216806411882e-30,6.763971631529816538e-25,1.064294993519406985e-26,1.527167035536512517e-25,1.333343962861632447e-22,1.061340188439344141e-29,3.690688852636860174e-22,1.067569006447765424e-25,8.414359302211802000e-27,7.034608849801856570e-26,4.870153765653371137e-29,6.403180314538918310e-20,2.405716922570278269e-27,1.368446080527838783e-25,1.469437527823999527e-26,1.360944474012040512e-30,1.925574640046793153e-24,9.516402723423083724e-28,5.462442010537255853e-27,4.424439951611527215e-30,7.266174377279289544e-20,2.558026272580156167e-25,3.163603421623081458e-30,1.843753125460576007e-28,3.478011510722918309e-30,1.603492274767388923e-26,6.719559732969255634e-30,1.403581278917406651e-22,2.854376439900634616e-26,1.381387821510192933e-29,5.709981870290976803e-25,6.103541168598730883e-25,1.648805559207737468e-26,1.587226965995444777e-29,2.128115254600751394e-29,1.155972307754180509e-26,4.602101999118176113e-27,8.355660931827929715e-27,3.416123063173031334e-30,2.989170331576332512e-27,3.790765658198751914e-24,1.397624785830291784e-28,4.357126084011131397e-29,4.401445294888151203e-30,2.457992949230496116e-27,2.000682197524731141e-30,5.914157522685160743e-25,1.132384704338912572e-25,7.551539403732520887e-28,1.295597467545626443e-22,3.582855017521994030e-27,1.906925267763416115e-26,4.817948126721481822e-27,1.376970821263849042e-26,4.239884806732599618e-27,2.219830623169136295e-22,1.234929205602783496e-18,9.326254748462775833e-19,1.231728568354160804e-29,5.645519268532733622e-29,1.703354225990608681e-29,7.329681973003589528e-25,4.688503305507682239e-29,6.420091943007925044e-24,1.948100763334483790e-26,3.946762762017708752e-31,1.716726262177483439e-29,2.146046164469683426e-25,2.017532006049487426e-22,3.409603790230738339e-27,7.271983457575857699e-27,4.697972202619133016e-26,4.457087159542114885e-27,1.402531450393758019e-28,4.554823193957690337e-28,1.352426483605626290e-28,1.148897727560801589e-20,4.803943446731456796e-30,3.517821296672898243e-30,4.057953958102234164e-27,3.513191262903061461e-27,2.527660145467685292e-26,3.963987159189392542e-30,1.717978331314880914e-07,1.058388514998957839e-16,6.768076271640176161e-29,3.673911188589763783e-30,2.047238454998362389e-29,1.944920600499085864e-13,1.181452973003251386e-30,1.205880626422782069e-24,2.079220472786142072e-28,1.172482963000357927e-18,1.411027735658823074e-27,3.936095024178703721e-27,5.531160641474852215e-27,1.427632092973123318e-27,3.213430949796687905e-19,1.205741595872289283e-29,1.111030277623703872e-25,1.065433301794457193e-26,4.230257581716503617e-26,7.129574754699444400e-28,8.508190500041412357e-17,7.261464897210327684e-28,5.540919334036304633e-20,7.038865227281504507e-29,4.850988522937685510e-25,2.510114721344888561e-31,8.334601656091995580e-26,3.497663562581045566e-30,7.177740344924639808e-29,6.755779973519386911e-27,1.020133434965122675e-26,3.771328906167081781e-27,6.324234044623536040e-27,8.147323266066693066e-28,1.138832604393745117e-20,2.516875903422751225e-31,3.670852149738540287e-31,2.010307325003511675e-24,6.711211951168182502e-26,5.894498585283971283e-24,4.326200706302864319e-26,1.661781601376579839e-26,2.680800598202942598e-26,1.195037004232044664e-28,1.084222318775447170e-25,2.489932168247363233e-18,6.974822902799900057e-26,5.069437565193112359e-25,2.114424075025978519e-31,7.710499102258702569e-19,2.118494766254038046e-29,1.038592032460349240e-26,1.070145697736980491e-19,1.590119069807010135e-18,6.387908414849118520e-30,9.139478672667562964e-30,4.743200887205773716e-29,5.939343322152707178e-25,3.468222425952098398e-27,5.204083495486798202e-26,1.084198715226192881e-24,4.117373447374312188e-30,2.805515946719157574e-26
4.725590316614071150e-26,7.411887077454978621e-22,9.077689813859451089e-30,3.349493602914516904e-23,3.825859876018040194e-29,1.215910175449157487e-26,7.513397004157622306e-27,4.415390948063605049e-25,2.166701857906963085e-29,3.689491050225459645e-01,8.011729082417601422e-27,4.560882355620740420e-25,2.335285151382320532e-27,3.113018481936046394e-27,5.662850134579827149e-24,0.000000000000000000e+00,1.624735666700434364e-29,2.383225059874160876e-24,4.142062474123122789e-27,3.099786439557810055e-22,1.666748164662038988e-26,4.948033723942297454e-22,2.129217098814483107e-29,1.526810589946993850e-26,4.106196068130518707e-24,3.813869911810313899e-26,2.983421930620087411e-23,1.716136109501927115e-21,2.708031617729145574e-22,5.547059013203705415e-29,2.495193602829734351e-29,2.646135236038213193e-27,2.039279937443807455e-24,1.952437468820009666e-22,3.899247829755544874e-27,5.168554156219915416e-29,4.141675524913228845e-24,5.930610220852145623e-29,2.264916507794451833e-20,1.810407357527955489e-24,1.557130795216551298e-21,1.756965801185963458e-27,3.478024373576583094e-23,2.169022046571881858e-28,2.860650258574065646e-28,2.009612247560764370e-28,7.836067856017905873e-30,9.616464084875531698e-23,9.901790994217595139e-28,9.246680785966422472e-20,3.549279945662763437e-23,5.828521025455314108e-28,6.269227402802362960e-24,5.697717607266738887e-24,9.116877852893930439e-27,1.427002121648976045e-25,1.328367595708382768e-28,8.800432036819184284e-27,5.936220777605199733e-27,5.447680940114412170e-20,4.022354862468742397e-26,3.074379950995449706e-29,1.362239120464363573e-17,3.696480258405636654e-01,1.438823801653566483e-26,1.288550464302774902e-29,9.873891189190112051e-27,5.087046595056470507e-25,7.274014193750872645e-30,1.689569352417793828e-28,1.151734175611988587e-28,1.340321764020419093e-27,1.751971479331477681e-29,1.030823404273053641e-24,1.788139843793962334e-27,2.936492669421223057e-29,1.346974908572818015e-22,1.227760882027021766e-24,1.991610418856609179e-24,3.327049151937391941e-29,4.942291372304930356e-29,9.668284131010333814e-28,1.243379369102279975e-26,1.923053022121743699e-26,1.103834018574552838e-29,3.448480552012902776e-25,3.498151530417154160e-21,5.184820546863498325e-28,6.375233145579666327e-29,1.023074813701418987e-29,5.864788766085250321e-27,5.324110059550883264e-29,1.639395252427824295e-22,7.413063544607993732e-24,1.587603396387397301e-27,8.378372235642910517e-25,8.187982043647468396e-27,1.756749073765883592e-26,1.320397312321585005e-26,3.187521065987001551e-26,9.342172942481648942e-27,1.124604718836961994e-24,1.699139532276629786e-23,9.550544151894269280e-27,2.417073420121305150e-29,1.106247025301543232e-28,8.604347562535316048e-28,1.832296291019497464e-22,1.236573454575983964e-28,3.985334886823453005e-24,4.677490329487763717e-25,7.495924480471002958e-30,4.147508632901787098e-29,4.310101329267277082e-25,1.013981169162890673e-24,7.446129555123022994e-27,8.979905946358380974e-27,3.617777818961538472e-21,1.348944241787991849e-26,4.269371681616609653e-28,2.024358505778881496e-22,4.526603627707151536e-28,1.897455806363950006e-23,1.119154432026051348e-29,1.074286820733346937e-28,1.041933956362093731e-26,3.971880758679976362e-25,6.531081270383017328e-25,1.475420340035498220e-29,6.329418552415837657e-24,1.643138005450628347e-23,1.469546984362262178e-28,9.064361665161420571e-30,1.746333039663475522e-27,3.867220995269287738e-23,2.721576661333762146e-29,1.523964171073196577e-24,2.128655576075880964e-28,2.552265795115534316e-23,4.373180191923097968e-27,1.057538417759741126e-26,1.676071471255870886e-25,2.460970234044676738e-21,1.907776966361222291e-22,6.179952167233712831e-28,2.858898794150057187e-25,1.056044558174729885e-26,2.025157385473254788e-24,1.598379296078478918e-27,1.479085437613794039e-23,1.630531727757565410e-27,8.859556489395690117e-27,6.096184495111057743e-27,7.529994834491679741e-25,4.419159884826275419e-30,2.285177156900475847e-25,8.212885793554124116e-30,1.574089130920620991e-27,1.976225949930089211e-25,1.066267593138395686e-26,7.877401980104189531e-27,7.558219028304535049e-27,1.564447439130114040e-27,1.431855878170249197e-23,4.094858722956979231e-30,6.635032832451083067e-30,1.156593417323324137e-17,1.273094680686176540e-25,1.503883559207826465e-17,3.316767381573981718e-27,4.204860789904071203e-26,1.797844860175313228e-27,3.869299201974321858e-28,4.038094487115282864e-24,1.491104047105758134e-23,2.068638171559486323e-24,9.356713576437639883e-25,3.763622215865230986e-30,1.166004361429530015e-26,2.155511811446155045e-27,1.038505936951611670e-27,2.419750552465592543e-22,1.392314925294717063e-26,1.421175876679552302e-29,1.724649703111560331e-29,1.235681370253885803e-28,1.144164005531738423e-22,4.562161556023967266e-25,2.236492626427683567e-24,4.322487256370445796e-22,8.953603933035275024e-30,1.551681063160983708e-27
8.036870750627745055e-31,4.041543279306359241e-29,1.951128504058513336e-34,3.385333242609437232e-29,3.567062964876734914e-34,8.060565043944586307e-25,2.502026688051790310e-27,1.813235248124821830e-31,6.376717673112613553e-31,3.654590260789798498e-33,4.935470406100028568e-26,7.352240250259791170e-30,1.587201412001631320e-32,1.767841372612238043e-19,5.003331710448120690e-30,1.624735666700434364e-29,0.000000000000000000e+00,7.566179335620406410e-31,2.957221329674942015e-32,3.283657520573073531e-33,9.914757006649642654e-26,2.127215716284310548e-29,4.062648330219538038e-31,3.682973228408237441e-25,5.111947763424318114e-28,1.303416957607140877e-25,2.431489798239748457e-27,4.248615505708663350e-32,3.013798653814335585e-29,1.208250298627385616e-31,2.095186440375843365e-31,1.609482041278488486e-32,3.656071113072700830e-27,3.258480646563442465e-29,1.719688893067513086e-32,4.209797265701409064e-34,1.738490913115618590e-29,2.781108158667862617e-31,6.551223802936100613e-29,2.201863646644592284e-27,4.769093201324331012e-32,2.067177310938546828e-32,9.660503022298817937e-30,1.665084952754079625e-33,1.573292644330764012e-33,5.725044303493548077e-32,6.187867049245331072e-31,2.278279816935717876e-29,2.237749319309676162e-32,9.280914341131792712e-31,2.366002456325602844e-27,8.365362488538479920e-34,2.385041906915950577e-29,8.671842908352145236e-30,4.299777735558354241e-30,7.477530429447173369e-28,5.471163561005027586e-29,9.915809601876581180e-33,4.710127507671602022e-26,1.072232510839875728e-30,1.312863013331485162e-25,3.481472485808943346e-34,9.240276200085461909e-30,3.658548874901147648e-33,4.337661570109816148e-25,2.996149976991518937e-10,9.924386314440545240e-33,2.269071716604301522e-27,1.234363760875292910e-30,5.213390770594249687e-32,5.480177291553642366e-34,1.893670000866674274e-32,5.312326405629262480e-31,3.494753904005159848e-30,2.356004289230822740e-32,1.655240945898449199e-31,1.314897955762873986e-29,4.033960724116951596e-27,6.376049365311661473e-31,1.896126525208115028e-31,5.341523224766700236e-31,2.618656797413900689e-32,1.431598657275839590e-25,8.125002973756068535e-28,3.007240301177928292e-10,1.284157154694053627e-31,5.280054001268433584e-29,1.266750689822670417e-26,1.420251950427780085e-31,1.464057734583762407e-30,4.649937408754944531e-26,3.839673814171135431e-34,1.445621527215834936e-29,9.532299067852039857e-30,5.861184625061015407e-29,3.707172425396708924e-30,2.641625907043575206e-27,4.630212021595953698e-30,1.377859460769619911e-25,1.643310876910181233e-27,2.534536045421595984e-28,3.426276537639494199e-30,9.612659690917679836e-30,8.110283808167877831e-33,2.263431691362991643e-31,2.238594620108072932e-31,1.535192033852182388e-33,1.581789969399351981e-29,4.860513344888030393e-29,5.410262314755870770e-28,4.078100663588334982e-30,1.478655440497391169e-34,7.282945917077508482e-31,2.039254751084458727e-27,3.273676440714692548e-30,3.787639563926139989e-26,4.306549161648183675e-30,6.385378414229740099e-32,1.142876128315102936e-25,2.847495761520208624e-26,3.405781013648040905e-33,2.055524360863643854e-26,3.925413063407123772e-29,7.896047125719321191e-31,5.663968523258377498e-34,8.116916879141712709e-28,1.313174308021574381e-31,5.725408460760409710e-30,3.910094650921221463e-04,3.858388545274227342e-30,3.013422622373924794e-29,4.643106057433720201e-29,8.966542719356422731e-31,1.144251279109037811e-33,2.879721863308877080e-29,2.918899706614521273e-34,2.261978577394517335e-27,7.081442770238322711e-32,9.405677457850120006e-30,1.723483804561224250e-19,1.818291534588972511e-25,1.099720032973220444e-30,7.932180929714686445e-33,5.002679482705290223e-29,9.595557832987033398e-34,3.066223874342365449e-25,2.469580206292957839e-30,3.774193846648995359e-30,6.500160617856085616e-29,2.981127759590416070e-29,6.237519840585392963e-29,9.606752508528029490e-33,3.742801732393112595e-33,6.343212889262017766e-27,9.874380271918148647e-35,3.636683928817348845e-25,6.554283557053265678e-31,1.780870543549877351e-32,1.243914543026948533e-30,3.147102134383948719e-30,1.782528622762974813e-28,4.078634897385694559e-30,5.471946061042350321e-29,5.664559789299170956e-29,9.828178275572724523e-35,1.395489726299923785e-34,9.699873083608614973e-30,7.046641702039689339e-28,1.095985402891230512e-29,5.611460969268762571e-32,2.658795146087215958e-27,1.696360545441954743e-32,1.798745843727410881e-26,1.470730339562753193e-29,1.155041661732691123e-29,1.035251718678810111e-29,1.243395855166271569e-26,7.998001811856434940e-35,6.896103889671769898e-33,1.286019911844290844e-33,2.182677427829914411e-32,4.569182047689195622e-29,8.479791915644640574e-33,4.180356107303830413e-31,3.535349275905929435e-31,3.980795901560735821e-29,1.470563733852749787e-29,1.364055942375819089e-31,5.538110793140699619e-30,1.910689606860977143e-29,1.331410357782943398e-30,1.935661223839444562e-32
3.609897185686400120e-26,8.055020760540969731e-25,5.910646888498563728e-30,1.075234481871938200e-25,4.548432677681309018e-29,5.578596753919928244e-28,2.646844369442821662e-28,2.452560673411841043e-14,6.824801304881454370e-31,8.921736360542399854e-28,3.297748212070856489e-28,4.107928965364910518e-25,1.093577806054921925e-29,1.603652942471913922e-28,1.739180652440688834e-26,2.383225059874160876e-24,7.566179335620406410e-31,0.000000000000000000e+00,2.019996318938248063e-29,1.725841296240608106e-27,6.296341595701378564e-28,6.694200384326000907e-22,6.834322028929799862e-31,7.167722521366889820e-28,4.862122502505502385e-26,1.528433431804640175e-27,2.886643778207473736e-25,2.931297918772580090e-27,4.163935199990451760e-25,1.272846176886179483e-30,7.144721237388742749e-31,1.275885112990491000e-29,4.120801696564607332e-26,8.682946905620354671e-19,1.696214893493177311e-29,9.088664898366065537e-29,1.767735002903902678e-26,1.452266098861998123e-30,3.653141866426907419e-22,3.949453257180575150e-26,2.875494500426922822e-27,1.878969760313579238e-27,8.257599930243789981e-26,3.883965079269302104e-28,6.813677566719093321e-28,2.907604021307364784e-30,2.402026682120715792e-31,4.323695153968909760e-18,6.629605736912657990e-30,4.995173089109653483e-25,3.011688389648256423e-25,5.598278148039119534e-27,2.611338523868649214e-26,8.729904812458437167e-23,1.547038196689146160e-28,3.586989890289527362e-27,4.913143370970876224e-30,2.767990932121937424e-29,2.649737459531127816e-28,1.142862575560947767e-24,1.555360938329507454e-27,3.384616295198049676e-29,2.922785270286539030e-24,8.294713065625958518e-28,5.887960812485075762e-28,6.055332159816611165e-31,3.039993260342239965e-29,1.354344474998428269e-26,2.660137948608655872e-31,2.561008658653156983e-30,2.507091637892573313e-28,7.764902593692358403e-30,5.104702479238313664e-31,4.131275622552453216e-27,1.059339860412137460e-29,7.723310961483724937e-31,2.847032052787856647e-21,2.935577799956851724e-26,1.219153831221612388e-07,7.994861316703860647e-31,1.378486025715146449e-30,6.849187890375500521e-30,5.187496873315259790e-28,6.273978640434107064e-28,5.317169317497667063e-31,1.057384497151374337e-14,5.935744502439335039e-22,1.931926753276290335e-29,1.512216339792635960e-30,3.497453748566818381e-31,2.629376056986315163e-28,8.703763821553961306e-29,1.204756333925382102e-21,1.474572669630962280e-22,5.468059425520474983e-29,3.689310172363986966e-27,2.998900791422602121e-28,2.534412121831756838e-28,5.467086830731627339e-28,1.061886232682662419e-27,2.836082104533906939e-28,4.320564746880418052e-27,4.812643419859989094e-26,3.203316289002467564e-29,6.489104907039803097e-31,2.459676536132163908e-30,7.498073477053802832e-27,1.016100093328042010e-21,4.737926011747362010e-30,4.594602865434730025e-26,7.755453623364899899e-25,4.913474680256853412e-30,1.221056466717410619e-30,1.132209054209431682e-26,3.890422817146248963e-27,3.274929657850190399e-28,1.474728245408310237e-28,4.417218490511015866e-27,5.279158325877375303e-28,1.840599874590972070e-29,2.261339116273894173e-27,1.900276212854855211e-29,7.236484619541313904e-26,3.590178580693348885e-31,2.191845475648308695e-28,3.508247693334287232e-28,6.747059543110718867e-15,9.408358978053577610e-25,6.376958657968911800e-31,1.848042281663563214e-26,6.079447343199148593e-26,5.581911281851223744e-30,3.041776310022323692e-31,1.140187297746323152e-21,1.185268029693448499e-25,3.136114464225253626e-29,3.512246966189717105e-26,3.347065425863911707e-30,6.709611680515634111e-26,2.211530835161232739e-28,4.598620774921641047e-28,3.288995074521600462e-25,3.191121182536925789e-27,4.281988354879051495e-25,6.008371040762186609e-27,1.066259713403269257e-26,1.433919314591611174e-28,1.401597860043102029e-23,5.114295592387311909e-29,5.289849692394124961e-26,5.274465328550656563e-29,2.890170463327157655e-29,1.853438159872355509e-20,2.281882956799364158e-26,2.921126221816370665e-30,8.826542687187223751e-27,2.673622975459990316e-31,1.620669783220806033e-27,3.809605318924827749e-25,1.582213697470104864e-28,2.407344805316120860e-28,1.292311944686262021e-28,5.166278241537751828e-29,5.922913744120211391e-26,2.855923923047589547e-30,4.483835295706405786e-30,3.299556235706499261e-24,3.357109081547092803e-27,1.140779075953116266e-24,2.143433638199563922e-29,1.388666957724083009e-27,9.174288207327218847e-30,1.615731591428333182e-29,1.597537792547620584e-23,4.522827032464024663e-26,6.043625087512912580e-24,3.044511989377621169e-26,2.428260619729247334e-30,3.405534419676809207e-29,1.124021063013282402e-21,6.780446210104163896e-30,5.274967216710985427e-25,4.063063447399941994e-29,4.490985977444499923e-31,5.227649960537181836e-31,4.570881142693326066e-30,5.387688124082102313e-21,6.674416953793315613e-15,1.153693369222378104e-23,7.416621393199693251e-22,3.235398751020440979e-31,8.286885595414089645e-30
4.008913415502978415e-30,7.793681766702493853e-26,8.419042373283090486e-34,7.969015459616613544e-25,2.738013494021930982e-33,2.467717666266250252e-29,2.405862076596362711e-29,3.981682438865862212e-30,8.143462069506430965e-32,5.764876218094186395e-31,2.107950075066787928e-29,3.951259004708014804e-29,1.092168940562572897e-24,5.808749190251187397e-30,8.011165327766820929e-26,4.142062474123122789e-27,2.957221329674942015e-32,2.019996318938248063e-29,0.000000000000000000e+00,3.854142964124049932e-31,4.117368596667129139e-29,1.128924767530763946e-27,9.096529131687649806e-32,3.606645041561829546e-29,1.409454318500307466e-25,9.883383003330282849e-29,3.314184115909805543e-24,1.984777548031190846e-29,1.219414567673200418e-25,3.512780454740796966e-31,1.287918245258354052e-31,9.857631277707950484e-25,1.232067205459064347e-26,1.207192710500009885e-27,1.165445451783096935e-24,3.229129136667309628e-33,7.547814197288337153e-22,3.118382189440496941e-31,5.142342410287144976e-27,1.733982553059966670e-26,3.115339294371090454e-29,1.286240778872893327e-31,7.565458857417878420e-26,1.212987071222610638e-32,1.331911137377753014e-32,3.607112727451797573e-30,2.823775063915639111e-32,5.783450005519815885e-28,7.215174720827532219e-26,1.135752795941798119e-28,1.017338063268218980e-23,1.462047482451373964e-32,6.123343524293797297e-22,1.183412363414768926e-28,1.271942941529818408e-28,6.448898525993830119e-28,4.154703880133413796e-31,1.100868246168522446e-28,1.433784707787173579e-29,1.022018061689558459e-28,1.059880834661386310e-28,2.348817040475902380e-33,1.249571812876414009e-27,6.423727812703251951e-31,3.173321038589124905e-29,2.292561836053616817e-32,1.203622900391725055e-28,2.834240668237939226e-27,2.639532210357455993e-32,2.644693648318628275e-30,5.320461433138769577e-33,3.602190299868857736e-25,6.614683269805442991e-32,2.001662716224418058e-24,1.244873961173121000e-24,1.510698078549427610e-31,5.260771311856834077e-28,7.277105024766501961e-27,1.928040612221036598e-29,1.666554242289885809e-31,2.062804079848065329e-31,7.036828865783055747e-26,2.985169263909811571e-29,7.021036603134029965e-29,2.022941414088347533e-32,3.162110936172581696e-30,2.916511691564235925e-27,1.158486828347714383e-30,4.700702422000304890e-31,3.649205133694269391e-32,1.435625957332953578e-29,3.055424520821997280e-33,5.894544090994086004e-28,1.484869476610502139e-28,5.952731042998320505e-30,1.403054288667256678e-24,2.588366109710062414e-29,3.577293882572069065e-28,3.023549754616547928e-29,1.094516646746333949e-28,4.126245253620331790e-29,1.137201096202977595e-24,6.122716557318027077e-26,1.605582870909910953e-28,1.218235256689048456e-31,7.614675125526097088e-31,2.013816130537252601e-32,6.087987677535159148e-28,4.007309895138592897e-31,1.245939025225908223e-25,2.836240556473594041e-29,6.939969755037498980e-34,1.687719078177678779e-31,2.369645651456295841e-27,9.559814004112856248e-25,2.094839391889145919e-29,1.062166220308365411e-28,2.435129986992621827e-29,3.603376826289570853e-29,9.438280485653933102e-31,3.281844727935015842e-31,9.951147750402623470e-31,7.364991979176734957e-24,4.467230250223440615e-32,5.694846581717795672e-33,3.639777901553915020e-29,3.780617273026667385e-30,4.356421546217423040e-29,2.581821373935552953e-32,5.230410009807684177e-26,1.005351416075963437e-24,4.615163200300785588e-31,3.420487459520974534e-32,2.102970837830754214e-32,4.185398537561157377e-25,1.835159309940586422e-33,1.226063119361852786e-26,3.577395200577054084e-30,7.778409386052495947e-26,7.946883882624971027e-30,2.604945520160416396e-29,8.446256746446154766e-30,1.098639724989426839e-30,2.382937047014214233e-25,1.593218142332462586e-32,7.895303537795935012e-28,1.856674976051524962e-28,5.989759196409994342e-29,6.295238261514507564e-30,5.661211635440872780e-25,6.354953872527388554e-30,1.272151881999526210e-28,7.298062528885933921e-32,4.318584005603371290e-27,4.120277086772530613e-34,6.041905922362776323e-28,2.952837535750732411e-32,1.185690739728235032e-31,9.561171134677887966e-30,1.495904022350760357e-28,3.653315594389514947e-29,9.501260825530734183e-29,5.889402641301119029e-30,5.611167601885643791e-24,4.056739880724003209e-34,6.249523066497950546e-34,1.141687580324756740e-27,6.791965784862343405e-28,3.112721108640103397e-27,6.273920751456508955e-25,1.538789170554400630e-28,3.997266270495979379e-01,8.382771623866144631e-31,1.586426133157965629e-28,9.146079559027258374e-26,9.042862844012245088e-29,4.974070449004915226e-27,3.563114591246478610e-34,1.020083464178792197e-28,2.463312351951361895e-32,8.126004289852506321e-26,1.587536227958825930e-25,9.605779605007980193e-29,5.659594511052872985e-32,8.013749917435678361e-32,3.659130261730306032e-31,5.378943269078092277e-28,3.698262243795898341e-30,7.306493793485863777e-29,1.049648219033918418e-27,2.914772763456384405e-32,3.996939952779492433e-01
1.564752749443428026e-29,6.177753750888318925e-26,2.781695139650494254e-33,2.760937271367183610e-27,1.289134502660819689e-32,2.533362327155329415e-30,1.327053724698549073e-30,4.135184195517791215e-28,3.622472606509138137e-33,1.999014197979975727e-24,1.702420389242031091e-30,1.523692877435505566e-28,2.030803198612456166e-31,7.258431098009192889e-31,4.892679283348107565e-28,3.099786439557810055e-22,3.283657520573073531e-33,1.725841296240608106e-27,3.854142964124049932e-31,0.000000000000000000e+00,2.793347430932480555e-30,4.922800031638317699e-25,4.071796961008537347e-33,3.944403107162609902e-30,4.911264284114534347e-28,6.820461687862808384e-30,3.756526355079145288e-27,6.388556985358522539e-27,2.093580827449113656e-26,8.188851066284595127e-33,4.284787583645910952e-33,2.265447928928932557e-31,2.464604151696763582e-28,1.871958924484959507e-25,3.304872203937299089e-31,2.285210806288163655e-32,3.234613922715106706e-28,8.642581122021468311e-33,2.678488171567578729e-23,3.085078570048796982e-28,5.051778450664692871e-27,5.671990722278086616e-31,2.620463191616031915e-27,8.153082682965174638e-32,1.234107343127623167e-31,3.203935202618651663e-32,1.315291648771938156e-33,8.638920815684254064e-26,8.691563315043291419e-32,4.521336791715682941e-16,3.951078811210385910e-27,2.914038535070905778e-31,5.574802685855072056e-28,3.167344958102205095e-27,1.291542558200260883e-30,2.110376224318616626e-29,2.498678250045876121e-32,7.982765248747841727e-31,1.291456248583298603e-30,4.592431207861820066e-16,7.888347607155600194e-30,1.057959963380065075e-32,1.178316004232120664e-20,2.136520454368890249e-24,2.688105796356323449e-30,2.787643817584069203e-33,8.845815249656449834e-31,9.232293378533600224e-29,1.453196411126860111e-33,2.429780055973291454e-32,4.068636176956261607e-32,1.133808817871637754e-31,2.518574059261019489e-33,8.797829917256168762e-29,1.612535965206466630e-31,4.317413554178210103e-33,1.158355340187140339e-25,1.779567412210662143e-28,1.543193491116577791e-27,4.618106680920594838e-33,6.673196135593326007e-33,1.077197781851326569e-31,2.399833271818865193e-30,3.348227228336193312e-30,2.283851552783567191e-33,2.965313136496536111e-28,3.388475423780873058e-24,8.164345066476496045e-32,1.095489974901591007e-32,1.904447566406864546e-33,1.339015195534726772e-30,2.110803195778718832e-32,1.712233295708174365e-25,4.514396305361064861e-27,3.091580446639470366e-31,7.232076576205290707e-29,1.395804643955875228e-30,2.284901300021185356e-30,2.668080275105354920e-30,5.425864199316462132e-30,1.765841665639395988e-30,1.015542396497789432e-28,1.637662247724636171e-27,7.216144242108647718e-31,3.920960190299653308e-33,1.626490569984139897e-32,3.933298423279969815e-31,2.028254294010931509e-25,2.411359183924904909e-32,4.914748911263874640e-28,1.816976900636920367e-28,2.401291361636585482e-33,6.176896874989657503e-33,7.118341562591522787e-29,7.763351783497555026e-29,1.746999085597104426e-30,1.106741019245773278e-30,1.341550435495524946e-26,2.533323635079756113e-30,8.097441060240590564e-32,4.021330380506353830e-01,8.677175828210574352e-32,1.611398078822494373e-27,1.989969601956593807e-33,4.197167367825091988e-32,1.786115524056455505e-30,3.789999202078540278e-28,2.501809728990692263e-28,2.808198586703522038e-33,5.204412795955438463e-28,1.538618013519895905e-27,3.134400721001697280e-32,1.594290109982985089e-33,1.501253565524730911e-30,3.286731863487757877e-27,8.709534411248175459e-33,2.548733702410050868e-28,3.303747812242813798e-32,2.265152263386194033e-27,1.059277398543734099e-30,2.342148056659913265e-30,7.031235658430014481e-29,3.990562543621871128e-01,1.674106265193164012e-26,3.180722118782293618e-31,5.657217663125400165e-29,1.333501246787387426e-30,8.517220540062467812e-28,2.817751155159939982e-31,1.387184673252647049e-27,2.957179691829650390e-31,8.213900423652538885e-31,5.688266271248307767e-30,1.664998056933350578e-28,1.415356668821078678e-33,4.118510051873793140e-29,1.355735876053751243e-33,5.091502607810710984e-31,7.333254534045146595e-29,1.252410268395230024e-30,1.452102575046684741e-30,1.121595450973032198e-30,2.864462000373021358e-31,1.392851386103093254e-27,1.447968936872451210e-33,2.061467663578983274e-33,1.777583614882540000e-20,2.024119141051142433e-29,2.170641639057297563e-23,3.213793173926012962e-31,7.556525404361445781e-30,1.594466148433101822e-31,6.805965724788441055e-32,2.152545344721544656e-27,1.603104158530483553e-27,1.010234937384455110e-27,2.254770362482121333e-28,1.075384031993455636e-33,8.372714411155088790e-31,1.565620255171523102e-30,1.010284105781960613e-31,2.041378613013636768e-26,1.110885913506850752e-30,2.312954142439021931e-33,3.293516286388622670e-33,2.322123422058683184e-32,1.125831378281390475e-25,3.728526044278374154e-28,8.937983928480947208e-28,4.048359778813759437e-25,1.682200942986804399e-33,1.690657104404717509e-31
5.409738762206416535e-28,3.672393777581855051e-26,1.405104578728278985e-31,4.150699875535442105e-26,2.898575743275291061e-31,3.112965886510393925e-20,2.599699852013568381e-23,1.308447421106421698e-28,3.504826048205232814e-27,3.357043922537634534e-30,4.800086982874562921e-18,5.670738729182673782e-27,2.346359404589368216e-29,1.023398944770127460e-23,5.407610904757687932e-27,1.666748164662038988e-26,9.914757006649642654e-26,6.296341595701378564e-28,4.117368596667129139e-29,2.793347430932480555e-30,0.000000000000000000e+00,1.745601866164020662e-26,1.512220151267746573e-27,1.268938516850031116e-17,1.012795506341295137e-24,2.800767911574321612e-18,3.636451221864977421e-24,4.123532563690452856e-29,3.132421686028321347e-26,3.638645416395031112e-28,8.954365341406129209e-28,2.013919999009009627e-29,1.435983017761345900e-23,2.764954641803387214e-26,2.442636599220571559e-29,2.690576108356621070e-31,2.605066798964585384e-26,1.167447927459377500e-27,6.330287604814449076e-26,5.778456417231909913e-24,5.140710430920246376e-29,1.546698509577549139e-29,1.169506282529896618e-26,1.207113447305074594e-30,1.133884231924597130e-30,8.836909048862640682e-29,4.780269987450069700e-27,1.808539788377527300e-26,3.582032767167690592e-29,9.693134316649717483e-28,4.225493991763888687e-24,7.544528260431988652e-31,3.025717826066038356e-26,6.698178868133373275e-27,8.412291333609132766e-27,2.668865286952970709e-24,5.375822516641009313e-25,9.851759068261291916e-30,1.575612875737544108e-18,1.043164790682064302e-27,2.626411384444626187e-18,2.779912572873347481e-31,8.338884538794714894e-27,3.708179339144170187e-30,1.843898167265597638e-19,6.334408701977766804e-26,9.868972369757471249e-30,6.012685410742284061e-24,8.943754360623861560e-27,8.547197980060148614e-29,4.279481136880711632e-31,2.733417907435043180e-29,3.234824370647311646e-27,4.165925863465562176e-27,3.281709651602170708e-29,6.822160830257032184e-28,1.230294594246886136e-26,1.429080957293424306e-23,5.854678619522044011e-28,9.208764463710361813e-28,2.757862425048908735e-27,3.410722029025244682e-29,2.214037782194080072e-16,4.405919512080020639e-24,5.273353098314065765e-26,1.029649619584256015e-28,4.431574614157112220e-26,1.102886095370487738e-21,4.453410660503814849e-28,1.165382724371952737e-26,1.870031095988721626e-18,2.718216556508948125e-31,1.115616535742971976e-26,7.272009556285167841e-27,2.623968945641231751e-25,4.201680242624773800e-27,2.889405979627599324e-23,9.847139566957847086e-27,1.902791912009824072e-16,1.022701557783974762e-23,1.187565296797122497e-24,3.894159132440222281e-27,9.245175020266055962e-27,9.857848940120228364e-30,1.013721443481620104e-27,7.040159215633776535e-28,1.152049547461654076e-30,1.177260154589430905e-26,4.772114568650834868e-25,9.795629203624274546e-25,2.950598451528478119e-27,9.779522679312442677e-32,3.719673301052864272e-27,6.160461834325962381e-24,4.382139828070320397e-27,1.850530853962573064e-18,1.097225980810391577e-26,5.653056785589647956e-29,3.049132749466327826e-10,7.275367731291267971e-22,2.853813250740595583e-30,7.407732523546500885e-22,4.827917541122021551e-26,5.193724658380022333e-27,4.634443979671320589e-31,5.209140211722269844e-24,1.099469775909055068e-28,4.344736134941070881e-27,7.907850281624422676e-26,4.446721504847932601e-27,3.162148921698376880e-26,3.486329532750142585e-25,6.279652573176644167e-27,8.071976777143012703e-31,3.202460096285838912e-26,2.293702409846481902e-31,5.651767226033951095e-24,1.225414746977577954e-28,9.611660918981300415e-27,1.250608129776201276e-23,2.457242619672148868e-17,7.416802867820380213e-28,7.696628789840942938e-30,4.875339545613457648e-26,8.801877109252614145e-31,4.867739968766864283e-20,4.428053946380734219e-27,3.621712751720914371e-27,3.454691066614185125e-25,2.887045619943925373e-26,3.254437564482041680e-25,9.355805133820471381e-30,2.632108329707430430e-30,2.026517765060675355e-23,6.537179726588561154e-32,1.751066562579971226e-19,4.432629011072306700e-27,1.376394402649111848e-29,9.230902299224484849e-28,6.232802507338177370e-27,8.237652556888517180e-25,8.154264146562568099e-27,2.596390080847139044e-25,6.114957961366758565e-26,6.157552762175276456e-32,9.633275652448019376e-32,8.073157307257583774e-27,2.685560417411693002e-24,1.071360067669804168e-26,7.845267967499865439e-29,1.364699032271971655e-23,2.494874096605267714e-29,7.241252044802541629e-22,1.030018603214754236e-26,9.381347640804460970e-27,6.890912625384533049e-27,3.542167772816127222e-23,6.180818704360608427e-32,8.541168857362624798e-30,1.022592568487150107e-30,3.283314463830406609e-29,4.627169953112609584e-26,1.011886269479988684e-29,2.248794638696444942e-27,1.573815207049109715e-27,3.430880587786918657e-25,1.226176016796662861e-26,1.088950246651288061e-28,4.937558519871347717e-27,1.798736563449690546e-26,8.637328946861127281e-27,2.613181907195921822e-29
2.620788749140489068e-25,7.620227738401507339e-23,4.843598337902548939e-29,6.861586229248173328e-24,2.690148260914909319e-28,1.638035014787428554e-26,8.436744726876508031e-27,1.950479129618940605e-22,2.179820798932213630e-29,2.101057264416642097e-25,1.038577073646806615e-26,2.979856598779447383e-24,6.431841643847793000e-28,4.641422753588183375e-27,1.204588901727816643e-24,4.948033723942297454e-22,2.127215716284310548e-29,6.694200384326000907e-22,1.128924767530763946e-27,4.922800031638317699e-25,1.745601866164020662e-26,0.000000000000000000e+00,2.285793797259560244e-29,2.314272422818680012e-26,1.965609318061787692e-24,4.219840533778386636e-26,1.436624907515299706e-23,5.523502835783866252e-25,3.755371210463408520e-23,4.264788209362314543e-29,2.372726037966835128e-29,6.801500288944949119e-28,1.356294886168905228e-24,6.016994984237016412e-19,1.062192035831288561e-27,4.853427480073728389e-28,9.702678391883926687e-25,4.619920733135316577e-29,5.707146882440948481e-18,1.530305035981493290e-24,5.181557922457107309e-25,1.231096316289222785e-26,5.816585302021088625e-24,1.915883119029062505e-27,3.080061389438762743e-27,1.298760538038578356e-28,7.272173623779450591e-30,1.073957602664947687e-19,3.270228290292066015e-28,1.402460815755027786e-22,1.450141012911429162e-23,1.260487455245838435e-26,1.653773502325094028e-24,1.716268277084955175e-22,6.515403202175117210e-27,1.140963082005290727e-25,1.525136612443801674e-28,1.787716378532729798e-27,8.323780627900249478e-27,3.365292059086809517e-22,4.761745826819521884e-26,2.181794521771208721e-28,7.125361941641717049e-22,2.091428482995719385e-25,1.804319118812760139e-26,1.866432835901043655e-29,2.092747988015917758e-27,4.780453205978595346e-25,8.933660154757906128e-30,1.024679003336111818e-28,1.060876277806198290e-27,3.582579264089095510e-28,1.487847155000503164e-29,2.372188932258433760e-25,5.641569894108415366e-28,2.474297385538551715e-29,1.106528121903578840e-17,9.844792446325392590e-25,6.353406802195598998e-22,2.570795326088336486e-29,4.069636936546630753e-29,3.658190815858385796e-28,1.609116010337478742e-26,1.886412501495130363e-26,1.473029994733007787e-29,1.371179574733915625e-22,2.339189727398590257e-17,4.957839205565830787e-28,6.014229814192213411e-29,1.172720490404761069e-29,8.386952296838429669e-27,4.558274266462129827e-28,4.041189360935338316e-17,2.601565010588846313e-22,1.776354900136621389e-27,1.963136123146972229e-25,8.756988370209888953e-27,1.017961236815475847e-26,1.655617006379224409e-26,3.010021780589654643e-26,9.381067005192576379e-27,2.768826884951055282e-25,3.689091241324831039e-24,1.873183358224984709e-27,2.229386461077028667e-29,8.216014284572351253e-29,1.794709105798427293e-26,3.797435646469671881e-17,1.405929923496023393e-28,2.026188783603981083e-24,4.088801318200736110e-24,4.204779067909003891e-29,3.668123989632757609e-29,3.970152756550313062e-25,2.132537097108026823e-25,1.077050216640967884e-26,5.315834322142663642e-27,7.405355718379186694e-25,1.641704148835298458e-26,5.245538650704983307e-28,6.655507530376631745e-25,5.282536767300346415e-28,4.422026371166014457e-24,1.192142710658132964e-29,1.047837396385131920e-27,1.001916792558524177e-26,1.801980699147671095e-22,5.368300798049333275e-24,1.811377080264491927e-29,1.140669449288469940e-24,4.063385087121383867e-24,1.967353699008795186e-28,9.850032175797319458e-30,4.190972419384647123e-25,8.644948219121768039e-24,1.746841843404312964e-28,1.343587830875230139e-24,1.387453634712796381e-28,5.360851530154298765e-24,6.929805782544997297e-27,1.446524947152034107e-26,1.615013592626566053e-24,7.532048305393175867e-25,3.379992347367007085e-23,1.487682400157517162e-26,3.530191935735152525e-25,6.101821480305851810e-27,3.343840629320473071e-23,1.688362147992380823e-27,3.460056098931065393e-24,1.736949045001237749e-27,1.988210507099688781e-27,1.886997967228726426e-24,9.223328647672663670e-25,2.328929724738951793e-29,2.602945125430861651e-25,8.374650939563463255e-30,1.074219582885412591e-26,1.671709212526496852e-24,5.992120246652928299e-27,8.442914797834094245e-27,4.752280023237439540e-27,1.768782795399960020e-27,3.497898355588314156e-24,2.547505963762728714e-29,3.667361496486573624e-29,8.149086971761219403e-22,1.116184556337715197e-25,2.330988228790359128e-22,1.055262040613075191e-27,4.314143711644985448e-26,5.038056901244293138e-28,4.584065163892379671e-28,5.659565820009898926e-23,3.669872472346488810e-24,2.607463295393848176e-23,1.154025669700441142e-24,1.954775717329235357e-29,2.089244600898272030e-27,3.973917195925650365e-25,3.389011299494405899e-28,4.008067495710102942e-23,2.661740950283969728e-27,1.394489089450266666e-29,2.016812254347381955e-29,1.270191208364103212e-28,6.835453297907070999e-18,1.897695899998002640e-22,3.083481986295391038e-23,7.020072351643943413e-11,1.062764226262186237e-29,4.796307338694389594e-28
4.678221827082654568e-31,6.365925813047918644e-29,1.112534457922129821e-34,7.318494160060264531e-29,2.147150348350253718e-34,5.834684525156375959e-28,2.493644588318469127e-26,1.696027127770622726e-31,1.023206145485674260e-25,4.647577582152158079e-33,9.317050634868437427e-28,4.115264665420080600e-30,4.737881235852655889e-32,6.827279362438259296e-29,1.069104568676257398e-29,2.129217098814483107e-29,4.062648330219538038e-31,6.834322028929799862e-31,9.096529131687649806e-32,4.071796961008537347e-33,1.512220151267746573e-27,2.285793797259560244e-29,0.000000000000000000e+00,1.071073328221750830e-27,5.448414630865560061e-27,6.103494873450748638e-27,1.899678228049060425e-26,5.891466555813694326e-32,5.086613741108521455e-29,6.215344897449365681e-29,9.089061017777917839e-28,4.739160895353763760e-32,1.468957873343936939e-24,3.213432426050804941e-29,4.623197198246024651e-32,2.770919665750355722e-34,4.668302098784755860e-29,3.383647956563614924e-28,7.653734901704877600e-29,3.689314814098957901e-25,7.174657039613450839e-32,1.206599822847761886e-32,1.844178809608858381e-29,1.064129234783293322e-33,1.039514678083667148e-33,8.114131737566394344e-31,9.582513923726425259e-28,2.181483647639182774e-29,9.338276069878533292e-32,1.184553966739038645e-30,1.614104531108807317e-26,6.321775011853673825e-34,6.458155390889653503e-29,6.777181621684152402e-30,9.629559507197110476e-29,1.663544544690670492e-24,2.972119204138524626e-28,2.161276188917436979e-32,6.468348134716730500e-28,1.251419186367539426e-30,6.585893191500688284e-27,2.127366291696337259e-34,1.185795513581703897e-29,5.175423141461284165e-33,8.250108351865400368e-28,3.129535244769199403e-31,2.146604717191973583e-32,3.329129713155619846e-24,1.215207727748838326e-28,8.486095445088705086e-31,3.908556150431511534e-34,6.339817404456123178e-32,7.783626347093113159e-26,8.379105812182817289e-30,8.420274888696162622e-32,2.940639386362607177e-28,1.383004044179531684e-29,3.154275488864834030e-24,5.935691129691033472e-31,2.737678549555464250e-28,1.051948756003864353e-26,1.196786858263957166e-31,9.363156279404157542e-28,4.013549917678514983e-23,2.490985531525777483e-31,1.247749193652375383e-31,5.674219014017935872e-29,2.061487552756650800e-29,6.706071661061215188e-29,2.546908543927086278e-28,6.349916265006463551e-28,2.720197410478691608e-34,1.467846277865509427e-29,7.898010875454681192e-30,7.004131940246421682e-24,1.054275141990261103e-29,3.697969538991158827e-26,6.867797908061407890e-29,1.039636878373159044e-27,3.248421398121075098e-23,6.488397431591837885e-17,8.356900000561559058e-30,1.968414863639300863e-29,1.740202265705723320e-32,8.493351910898416738e-28,8.840857080401652937e-29,1.188051781293226460e-33,1.785073620034273938e-29,4.194864757617359675e-28,5.634180512289978115e-27,2.602641329163838744e-30,8.079340405161793146e-35,3.987992048521548094e-01,3.610292125212578948e-24,8.851094205176372839e-30,1.036213985162324210e-27,1.244564044906189889e-28,9.479164414980985501e-32,1.100422251960642059e-27,1.779096769394506091e-29,4.405855645995744793e-33,1.810089078814997256e-29,9.286447220073913299e-29,2.527711679546899493e-27,3.639313519973631262e-34,2.455825495709679506e-24,1.219378115193700753e-31,3.818058661648856785e-30,2.822548553544969725e-31,8.156422884326590083e-30,7.056160086253113566e-29,5.017565536922712102e-28,7.991073297512338654e-28,1.068915232097139163e-33,5.838267065820186786e-29,1.729244690128887372e-34,5.492044816319562819e-25,1.207052017674830089e-30,1.871953210271655450e-29,1.010803946308916257e-28,8.267288896034591839e-28,7.526955978323041879e-31,1.014898177418200341e-32,9.584640497081914731e-29,7.316744249747282682e-34,1.656148302232534360e-25,3.648749330236111362e-29,2.723203294838360633e-30,5.137632181688358963e-24,7.384368484017788346e-29,5.763613457095494713e-24,2.223424729498879014e-32,3.286195384119275781e-33,4.386209091111849561e-23,5.449934217911568948e-35,9.984394498297277125e-26,1.315042831781945543e-27,1.104638523559050033e-32,8.385031083266291562e-31,4.952723689703340276e-29,7.236657002599434174e-17,1.057598370538924886e-28,8.632942678070546961e-24,1.608941434013438542e-28,5.578087588937619020e-35,7.993037806973812101e-35,1.338655493624152049e-29,1.329471905426241655e-24,1.537050920328133286e-29,2.140071773742321498e-31,3.036034141622312520e-23,5.222633613102632807e-32,1.509587054863672607e-29,1.153697628580922420e-29,2.245951670147414207e-29,7.904628238296739589e-30,3.746868711060068292e-22,4.256524773528598646e-35,1.351427055499846589e-32,1.126908631534026907e-33,9.622538184630800817e-32,8.844502528564661254e-29,1.671463310170866619e-32,8.514159930156962861e-26,4.022968126239180875e-01,4.431993867392780633e-28,1.538997400176760614e-29,1.247182083263923740e-31,4.130395297200829964e-30,2.089795239396006395e-29,2.020647727958365849e-28,6.581029918117954181e-32
7.666313653834325853e-28,4.554566313807136021e-26,1.717607981090866330e-31,3.765454726150808415e-26,3.239015365509178012e-31,2.691807240098488725e-19,1.137152313720206693e-23,1.887495948075359512e-28,1.525341370283631836e-27,3.707124127097075798e-30,1.099468275390825119e-18,6.500130215792655616e-27,1.863861571226160586e-29,5.473796496167443086e-23,5.759926964720527428e-27,1.526810589946993850e-26,3.682973228408237441e-25,7.167722521366889820e-28,3.606645041561829546e-29,3.944403107162609902e-30,1.268938516850031116e-17,2.314272422818680012e-26,1.071073328221750830e-27,0.000000000000000000e+00,7.319672729299860432e-25,3.101384206859121582e-19,3.635191788062992251e-24,4.586451552728050800e-29,3.434803951328227392e-26,2.390456841464410883e-28,4.197653919227040697e-28,1.999395158965941583e-29,5.527199651996120467e-24,3.649561270269568071e-26,1.957346254517584094e-29,4.408937118897983144e-31,1.884851318390096996e-26,5.158135349763466412e-28,6.508298761553218822e-26,4.491841447070197107e-24,5.388143027201094951e-29,1.811257579083901868e-29,9.956882251235374698e-27,1.482568726559639417e-30,1.602995921056949371e-30,1.036370319716370221e-28,1.558669445301279206e-27,2.311010734350208965e-26,2.595003814372652155e-29,9.665945786888484653e-28,3.259092104957416011e-24,7.697757603972066509e-31,2.851901676292149732e-26,8.432737249726616175e-27,6.714164481100373180e-27,1.431805536423996503e-24,3.333514711026346636e-25,1.183338726506329732e-29,8.063191850174721313e-19,1.078432330339473477e-27,3.388305495180413586e-19,3.257004050316388291e-31,9.718422113511185472e-27,4.118952805209856011e-30,7.848036052148967575e-19,2.668491949148315456e-25,1.230218763927674936e-29,5.338807360493980763e-24,4.453624519391163879e-27,8.908970577064828766e-29,5.087868914058462823e-31,2.051562973446260684e-29,1.111245751420175268e-27,3.948839369063419333e-27,2.775686054959605850e-29,3.032722553793508315e-28,1.264630727259350523e-26,7.445173331735065612e-24,6.518520381109427814e-28,3.288467671877932505e-28,9.640583405993036060e-28,3.807077076135355712e-29,1.749105808501249874e-16,2.169580033174514905e-24,2.151450613511456458e-25,1.359319418960216293e-28,5.364051935644770946e-26,3.276594728240216449e-21,2.789777757050394660e-28,4.718717642480197949e-27,1.023886340974749463e-18,4.153997864026598764e-31,1.625008790002892635e-26,9.863909478373110882e-27,1.846857175600104423e-25,4.585415179494276225e-27,1.103792688412819216e-23,6.663593517555313358e-27,1.684264159568990628e-16,4.166366832855326481e-24,6.795612745813999849e-25,4.238004097884205643e-27,1.258103736237049716e-26,8.589470273023898215e-30,4.527822524360958917e-28,3.839935579754142139e-28,1.489957945513324548e-30,1.827215537480878559e-26,2.554506475376981518e-25,8.118972436824904774e-25,4.010457812012122084e-27,1.444862094398907086e-31,1.465974054751169676e-27,4.455316830072222621e-24,3.609499051197030061e-27,4.557467908633035297e-19,6.264503314077875577e-27,7.070935524273684093e-29,2.072072142616155205e-17,4.182266732402882815e-21,3.980183141415652318e-30,4.110107439222964478e-21,4.396382326795758702e-26,2.137967435604941842e-27,5.267037604059299652e-31,2.281961516830490100e-24,1.493856042540825833e-28,6.021520255632499066e-27,2.803597159422666725e-25,4.429370097194778133e-27,3.757492775790407799e-26,2.693209361810001664e-25,2.562485574232391526e-27,1.303816408880350933e-30,3.232304382039321110e-26,2.675157835234883685e-31,4.400429090137575172e-24,1.215510055000221802e-28,1.127314559403301246e-26,7.475354501275610949e-23,2.718386732979754447e-10,1.125769888897487256e-27,7.891482007372329526e-30,5.899526940444063921e-26,8.794471717323252321e-31,1.841748185501596372e-20,3.713114724230853992e-27,3.405722580500237003e-27,1.824824519960459253e-25,3.865127298570288163e-26,1.599930457765798728e-25,1.209840515524794370e-29,4.011749415020847594e-30,1.672365572608843090e-23,9.542344710918147188e-32,4.192905681385635409e-20,1.722433443944647009e-27,1.624137947738090977e-29,1.156538463222275767e-27,4.269648828431411305e-27,4.371127514633087042e-25,7.104470716245979119e-27,1.549403274268997800e-25,7.657974990003929233e-26,1.000491449157153630e-31,1.304573633553283784e-31,1.113257813342110131e-26,1.520830318769081801e-24,1.099946013135352626e-26,7.111713975174471432e-29,7.935574632610501160e-24,2.008382149819244953e-29,2.883838961552061296e-21,1.691282642163467738e-26,1.557535434256057852e-26,1.184691968939512881e-26,4.021608243648948542e-23,6.954383901880648850e-32,7.179060048391238612e-30,1.248382239253092078e-30,2.867180923590414674e-29,5.338262908745824260e-26,8.849816218464062365e-30,9.956002075138757204e-28,9.225179504041844542e-28,1.879585060432247650e-25,1.587340331977859733e-26,1.419977638109623452e-28,5.175465328701352499e-27,1.912278467363333927e-26,4.767705879040939165e-27,2.708310883882350794e-29
1.611572318547984696e-26,2.094934409184811605e-23,3.685217987584091289e-30,5.658947539736129459e-23,9.379917057765958447e-30,5.240858491002900909e-25,8.542647793590142479e-25,1.082898503344589382e-26,4.307788915277554283e-27,7.100656798605655598e-28,4.929023067505764668e-25,1.648726696403295892e-25,7.495797784264796954e-26,1.000985073446307729e-25,6.679857068808148862e-24,4.106196068130518707e-24,5.111947763424318114e-28,4.862122502505502385e-26,1.409454318500307466e-25,4.911264284114534347e-28,1.012795506341295137e-24,1.965609318061787692e-24,5.448414630865560061e-27,7.319672729299860432e-25,0.000000000000000000e+00,2.737186133421602673e-24,1.758064303070389401e-18,1.500957580788013646e-26,2.188463126789797067e-23,5.647485104978462976e-26,9.646789184491394699e-27,6.262148869369278110e-26,1.230892405622503845e-21,2.526856160609970368e-24,6.195845309256262150e-26,1.096989125568008897e-29,7.013109655936270201e-23,2.410474898760323975e-26,8.819496825073570358e-24,6.101608316863581994e-21,1.896616156830310006e-26,4.776545805298514682e-28,9.639790411580715676e-24,4.596226059559351663e-29,4.832169109589606448e-29,1.586173557432341731e-21,1.251565561649426920e-27,1.576435229123378340e-24,2.413199785205758900e-25,1.763744014281199514e-25,6.191650437815239854e-19,4.237199591599974562e-29,7.313059082124952093e-23,3.691298001847495831e-25,4.927870447097765998e-20,5.893558793822206526e-23,1.300684251614517641e-26,1.187118683320411729e-26,3.650743511839035389e-25,1.766441214812678809e-25,2.797106369402297085e-24,8.484148770120196729e-30,1.632257895535610812e-24,8.362168065521427340e-28,7.407526802511273346e-25,4.152074553425021970e-28,1.251807393710380477e-26,2.617909860148840378e-22,1.024326022276020487e-27,1.309985097934500246e-21,1.642997006404918277e-29,1.346416075411467688e-25,3.621815315712185062e-27,9.086944442941468343e-24,1.438854325148936905e-25,1.197500882765444129e-26,1.215126521360683361e-24,6.104571171605474981e-22,4.368328671471563966e-26,1.286826333468415541e-26,1.388996022581907631e-26,2.580262567297243941e-25,7.268880566493735419e-25,3.464874921624280300e-24,3.417157307990117831e-28,8.292550983146335510e-27,5.848378557163955383e-24,2.154028718808511563e-26,6.864846319491728407e-26,1.491427398881150254e-27,3.708907898656101852e-25,1.117456866185427949e-29,1.297238599987342797e-24,4.269793048973450479e-25,2.926835939415463883e-25,1.027051764938471204e-23,1.108490392827833344e-24,1.822829168151891634e-19,7.461926835689290106e-25,5.786513410415340861e-24,2.077076923185267173e-24,7.924849770399966977e-24,8.532020430893821909e-24,1.258513516411703706e-26,8.623554851042604439e-27,8.515460658399907391e-26,6.233125928407619356e-29,1.377023538227808310e-24,1.337955074488975634e-26,2.796472678850423270e-11,1.037102847573868542e-25,2.782844618196807597e-30,1.003055496083298568e-26,1.962244284938225930e-22,9.630580181117076416e-24,5.626582642701266406e-25,3.317610414908694520e-20,1.864333904304885717e-26,7.289477897433972675e-25,1.927695865884231478e-26,5.027981252218901604e-28,1.798676731325389412e-26,9.631765459210295715e-23,1.911158088284641693e-27,1.727598656162665182e-29,1.517496762856887911e-24,8.895782407879788017e-27,1.433639134164986566e-25,4.192255442780441397e-28,4.969439252679122081e-24,5.041290263778515901e-23,1.664887969659656784e-26,1.383112855738303401e-27,5.813487182631567556e-29,3.540086493156173084e-23,7.025885292102684903e-30,3.561382152520964335e-21,1.523071577218061784e-21,8.989962848660786694e-24,1.308431727836386688e-25,5.905574105900144101e-25,2.921299018738083908e-26,1.555032640482467867e-27,3.690568710492750960e-23,4.480032938092166051e-29,2.304495812047346784e-23,9.133671404100462342e-20,1.799434113883480226e-25,3.170657981268923176e-25,4.223837836173820048e-23,3.154515796221074716e-25,1.207378847969426176e-26,1.903258877557858226e-28,3.342312951337442876e-22,1.835533200231201495e-30,1.798294588337745791e-23,1.360131243706792245e-27,4.282692926634579452e-28,3.632095297388719511e-26,6.213199185037772048e-20,1.870949834542072507e-24,3.210029714983043766e-20,3.545005199364674237e-25,1.194630268639828595e-22,1.672952929358179932e-30,2.658588912235983765e-30,1.771845080605007648e-24,5.599398717145958569e-23,3.097674688584091166e-24,4.416330260993290519e-25,6.488341332344263772e-24,9.637239293967917825e-26,1.597556855460632852e-26,4.892532182178869114e-25,1.031820083751030894e-23,3.304667047691264402e-25,2.972164045339816789e-22,1.556220438219184771e-30,9.876652351003768807e-27,6.824053477926181869e-29,2.244896837409340015e-25,3.392488543324201565e-23,1.053449668393098082e-26,2.979899827781635739e-27,4.768222032780930527e-27,1.404435215343546807e-26,1.207418797624871157e-24,8.868085655822705684e-27,2.357477432421097508e-25,2.026838976968485202e-24,1.223451433513738152e-27,1.063431881104729467e-25
1.359070607823117001e-27,1.002651052843111023e-25,3.567239786050348505e-31,1.074742413610411478e-25,6.797621287137430582e-31,1.276537424980421747e-20,1.294578091311417888e-22,3.872675710124039715e-28,1.272534595708282864e-26,8.495962101965259724e-30,5.893960930145357042e-18,1.469896400590321930e-26,6.433759287600434850e-29,1.425817681860173309e-23,1.400249332152294730e-26,3.813869911810313899e-26,1.303416957607140877e-25,1.528433431804640175e-27,9.883383003330282849e-29,6.820461687862808384e-30,2.800767911574321612e-18,4.219840533778386636e-26,6.103494873450748638e-27,3.101384206859121582e-19,2.737186133421602673e-24,0.000000000000000000e+00,1.107662799868888072e-23,1.087241936074589029e-28,7.538297818613304257e-26,1.147311443076997843e-27,3.096617261723447418e-27,5.182129489788362595e-29,3.716774276681613906e-23,6.154595640382937356e-26,5.325289542111012381e-29,6.820885707592998922e-31,6.351700352803956556e-26,3.505596774250249663e-27,1.537913846531174507e-25,1.710680844864149120e-23,1.089384505805991245e-28,3.876442958324153584e-29,2.866979913277908952e-26,3.376372687807617305e-30,3.138899295799197920e-30,2.607961052048747125e-28,1.781932239008306090e-26,5.101922692095706754e-26,9.678389118950849050e-29,2.334782488925268890e-27,1.141716833640501088e-23,1.800926779843327604e-30,7.540712871433187811e-26,1.777236580806295061e-26,2.521833773592323587e-26,1.011207541122050623e-23,2.539983284627849542e-24,2.781370188856022779e-29,2.035962574378842067e-18,2.677869091616182533e-27,3.667518176393025329e-11,6.326618035645830446e-31,2.213158390659165261e-26,8.688414938926572546e-30,6.271639837216042943e-20,8.860724803210634090e-26,2.660259074574431065e-29,2.109092372128179900e-23,4.124672271400708833e-26,2.690565313841804013e-28,1.004883349624812825e-30,7.116844744345997324e-29,1.072909766206074655e-26,1.042986376286924764e-26,8.467883450666876683e-29,2.216393883216577618e-27,3.089311332444007305e-26,4.132172280511607261e-23,1.351407592574661005e-27,2.662588972435850736e-27,9.371170302444091814e-27,9.980023499769614900e-29,9.649890837233426874e-19,1.805140565693295494e-23,6.994822876826933320e-26,2.598023844986347188e-28,1.265698187569437360e-25,4.167758948624688233e-22,1.452727308004185613e-27,4.789898066991320979e-26,1.826608186390583964e-18,6.714752894325685899e-31,2.953857719956099215e-26,1.884199973757643284e-26,1.158753801691905751e-24,1.258675918270343597e-26,1.383152074747715530e-22,2.735049680172244195e-26,1.470364543737507625e-18,4.003500026674455523e-23,4.090345921849034668e-24,1.046069437158092808e-26,2.477713299518628686e-26,2.780120978960316108e-29,3.401605458487916733e-27,1.948233493540180407e-27,2.960229179148056356e-30,3.355791856302100815e-26,2.013736382688009566e-24,2.602107159943251527e-24,7.018106456859596746e-27,2.603392034753386498e-31,1.332111698742040517e-26,2.123423856134763083e-23,1.168098749838355557e-26,5.961991259396951520e-18,3.181637717130349708e-26,1.433338155139327762e-28,1.656223737651855149e-18,2.543467711293173370e-22,7.333870514660207728e-30,2.654637774237893383e-22,1.331660387456974971e-25,1.963051100382790700e-26,1.090017227107791545e-30,1.962116969115715545e-23,2.762893529566076196e-28,9.902388726175832583e-27,9.369472456963575603e-26,1.135648188794162769e-26,9.285017657802742254e-26,2.069911101916096279e-24,2.467505142372338470e-26,2.170591471210023511e-30,8.348965083202567064e-26,5.715515732955829816e-31,2.156599011246907576e-23,3.527734530878443537e-28,2.367649631893120988e-26,1.790537584473376056e-23,5.548299562393809322e-19,2.011202573198079072e-27,1.961840335553011096e-29,1.318695035861090868e-25,2.022653723523109483e-30,4.808842673270301695e-19,1.280361103318833820e-26,8.209926458013201278e-27,1.368724722319647604e-24,8.602914405263459131e-26,1.263933383056922261e-24,2.344104717277785665e-29,7.136894878999165717e-30,8.591649226242377082e-23,1.835981307796576151e-31,1.322850592088749937e-18,1.634683407104491179e-26,3.448239827214044794e-29,2.373698138153552336e-27,1.815366134715486772e-26,2.940442824794555261e-24,2.426575696958705998e-26,1.185902016571144753e-24,1.642466674246742196e-25,1.783126619448433145e-31,2.430568963575751450e-31,2.270602640355452435e-26,8.465566305471021306e-24,2.869214564316485096e-26,1.954379474734993384e-28,5.204233254419781550e-23,5.572103649317695005e-29,2.618372729349820971e-22,2.767965557641004702e-26,2.685632615680676860e-26,1.877269282400924685e-26,1.410934759238346635e-22,1.555945443412676405e-31,2.231832897281259512e-29,2.529875275054228675e-30,8.470887330514361054e-29,1.277118076594345631e-25,2.657296281431539098e-29,8.817313758422257064e-27,5.669074550815933404e-27,1.674888859308083944e-24,3.326600893366240262e-26,2.676871282347251011e-28,1.183318099610906896e-26,4.210082449230560749e-26,4.486938540834247873e-26,6.236676015994183119e-29
9.369722911013924952e-26,2.160664066276239994e-22,2.141342547494848757e-29,7.613184918968153815e-22,5.317518214948592310e-29,2.465447744674624771e-24,3.244422722873581327e-24,7.459973089877509628e-26,1.413307620985060459e-26,5.477716011377531059e-27,2.068151661772511484e-24,9.573378485488313630e-25,1.647511016898291677e-24,4.679292637014698196e-25,9.100537161002687075e-23,2.983421930620087411e-23,2.431489798239748457e-27,2.886643778207473736e-25,3.314184115909805543e-24,3.756526355079145288e-27,3.636451221864977421e-24,1.436624907515299706e-23,1.899678228049060425e-26,3.635191788062992251e-24,1.758064303070389401e-18,1.107662799868888072e-23,0.000000000000000000e+00,1.266533162808638160e-25,2.375762428257468152e-22,1.296718396533146697e-25,2.680338271587043676e-26,1.430155355590429124e-24,2.582666904656577935e-21,1.651494336394290686e-23,1.332052215653108893e-24,6.698239979802954693e-29,1.459741994888606253e-21,5.807588618168200923e-26,5.550237588720888120e-23,1.217093455725105781e-20,1.515262275972734592e-25,2.737337779423263254e-27,1.148644538525609357e-22,2.850154307045038153e-28,3.025604331010411840e-28,3.905403169511525043e-23,3.695186914620087500e-27,1.056806887713024743e-23,6.661609246551711752e-24,1.171346306396808357e-24,2.497747782698450269e-12,2.306407266811890280e-28,1.509541823183478702e-21,2.432721339638106159e-24,1.357276138497611476e-21,1.654810714885729350e-22,5.085494529506216177e-26,1.688479810095374673e-25,1.682798099866976000e-24,1.129538683108532557e-24,1.117547723177019014e-23,4.893696021193375690e-29,1.320427969114164573e-23,6.115026914019400528e-27,3.083942814636345108e-24,2.053884528611032173e-27,1.699265904923116887e-25,7.576623576403601018e-22,3.574355210170889304e-27,3.179986047230834571e-23,1.007150451532390768e-28,3.352385474506018105e-24,9.948576409414521626e-27,1.703856856840433407e-22,3.857683427197385838e-24,3.015277122643747601e-26,7.840477174067039367e-24,1.423526529548850972e-21,2.652378452098889144e-25,3.101987210843080070e-26,3.838483119461674916e-26,7.419482377503090476e-24,2.932946770519081593e-24,1.215841605677155924e-23,1.642970415139129553e-27,5.348633373713904399e-26,4.097876387490144630e-23,8.113756376512390387e-26,1.775257501858485427e-25,4.898596143050661276e-27,1.664661902366253018e-24,6.284681836989871803e-29,8.314681717216870989e-24,2.733308606949120738e-24,1.100200385097755911e-24,2.138477523536788020e-22,3.614415297387891031e-24,4.103325867156935252e-21,3.215402440462908728e-24,1.895648424713502940e-23,6.244520188895568342e-24,1.530382839408932931e-22,1.161371409883148157e-22,1.707025297215780392e-25,2.329824590777270274e-26,1.996541314970644289e-25,3.890359578816812110e-28,1.011020956867293745e-23,5.046679591117346186e-26,1.663657776368312926e-18,6.157156332455257453e-25,1.650969094970777121e-29,2.956192943706780664e-26,5.711601634068347483e-22,1.655232242812739352e-22,2.342988341222983157e-24,1.018789569690509825e-21,1.641624786696768933e-25,3.113641538247325740e-24,7.746285312207093258e-26,3.826347787291379792e-27,7.724602294933646390e-26,1.637132923386429378e-21,5.827112673902264419e-27,1.037501271053986589e-28,5.440453873211775598e-24,5.691812418672469181e-26,8.530991284819401263e-25,1.896340412150971830e-27,6.681141217117486697e-23,7.971305422559226452e-22,7.226567182835139491e-26,4.495043023542914081e-27,4.092272795214577446e-28,5.136193507304285063e-22,4.167268479050100324e-29,8.245572967036964112e-21,3.715393648387614309e-23,1.118691716149854706e-22,6.994491676355712061e-25,2.598834664087765858e-24,1.995224063558680551e-25,1.037121538254704600e-26,5.020439201967271485e-22,2.575398733555702941e-28,1.005455880571710749e-22,1.965904452315553955e-21,9.518771732914557601e-25,1.020714881720748549e-24,7.155577531698373999e-22,9.684785409051744637e-25,1.715336602516586543e-25,1.312722541944870260e-27,1.069937030629494221e-21,1.099871654616490729e-29,7.548504739012478961e-23,4.214267638022670352e-27,2.630572990718272100e-27,2.143825313564453017e-25,1.672067890616551544e-21,6.077756986025855568e-24,9.460772437165096379e-22,1.230297594970655924e-24,2.199724158508786216e-21,1.120956471905795664e-29,1.527488040555872291e-29,1.411017656172459633e-23,1.471881174887348034e-22,2.491590309827050070e-23,1.065519103079226781e-23,2.165158303233505315e-23,2.230019797747776163e-24,6.408206308802313120e-26,3.315164681814204212e-24,1.451773970245160898e-22,2.139062672591828220e-24,1.092072629364354727e-21,8.553119656559052726e-30,1.200612859675091128e-25,4.233020024011987800e-28,5.942445777786291800e-24,3.922607738129800522e-22,1.390434803727607930e-25,9.376494067716851874e-27,1.456680076777978128e-26,5.049338577674715357e-26,8.224668343516556404e-24,5.803518974917724044e-26,1.391540189535459181e-24,1.265652001770723083e-23,4.883864634674872734e-27,2.568173080939977739e-24
8.830606675240596404e-29,4.394919070296674540e-24,1.841827826841008593e-32,2.329692291690081321e-25,7.359530607466666180e-32,3.305613551213344860e-29,2.206481610499933115e-29,7.210083757323540481e-28,5.562405743892175543e-32,2.322454140748607180e-26,2.230377443739372889e-29,1.002189817967045986e-27,1.427590114727175928e-29,8.658493557477478771e-30,4.143093507592416173e-26,1.716136109501927115e-21,4.248615505708663350e-32,2.931297918772580090e-27,1.984777548031190846e-29,6.388556985358522539e-27,4.123532563690452856e-29,5.523502835783866252e-25,5.891466555813694326e-32,4.586451552728050800e-29,1.500957580788013646e-26,1.087241936074589029e-28,1.266533162808638160e-25,0.000000000000000000e+00,1.751403454376985535e-24,1.610450809165293496e-31,7.917891482083146379e-32,1.276550717925461817e-29,5.381819901896570596e-27,2.624207852417618068e-25,2.008452275433395250e-29,1.035930384464147742e-31,2.251744404345108195e-26,1.573226720762236168e-31,1.162352656981319244e-23,5.889036166285447244e-27,1.888098358214514204e-03,3.440367726370660272e-30,2.122277512462611921e-25,4.669114444543710302e-31,6.032401450739016392e-31,7.159766397555254141e-31,2.216210243084372244e-32,1.380590079162484916e-25,4.696844766301991699e-30,1.967899038783074445e-24,1.454101883441835907e-25,1.013973531569555074e-30,3.378731375854718653e-26,9.839703893728394027e-27,2.983131323801852444e-29,3.675388842065345929e-28,3.450326746306722783e-31,6.112060784470910670e-29,1.799854323657189740e-29,1.347841947960310100e-24,1.066550373573391818e-28,6.114378381181402913e-32,3.613060431683931802e-23,2.889903364542573740e-26,4.310950786632072897e-29,3.581211365717258316e-32,7.186849827027454707e-29,1.395327974129986411e-27,2.230272118386336674e-32,5.595368480301261600e-31,1.885121846292320615e-31,6.301001180975219931e-30,4.441828696858370965e-32,6.326835511562181594e-27,9.373770524778448950e-30,8.287485301110962306e-32,1.654613666824768994e-25,3.082729614995960384e-27,2.658438406014868412e-27,9.225927425445890822e-32,1.243536436143852232e-31,4.593913855740592167e-30,3.661234115048447806e-29,5.361526787291114980e-29,2.976243939972814820e-32,5.215968651056144242e-28,3.350810800955115316e-24,1.177167864859866919e-30,2.154826854360259102e-31,2.897011621763456157e-32,1.916204799046131292e-29,1.024338749565381895e-31,2.124470917191745966e-25,1.138638139485548265e-26,4.524582014165971844e-30,4.901312009770831983e-27,2.413887401328904820e-29,6.256817904427234048e-29,3.855646451386562193e-29,8.518821352602724189e-29,2.738909924601509095e-29,6.785449906936884919e-27,1.292632760699495830e-25,6.697057093181016243e-29,7.767309863639639084e-32,3.052106417988254884e-31,1.402620116180293126e-30,2.440524966602283193e-25,3.210771027279656983e-31,1.436452767487803128e-26,9.650090349782606343e-28,1.568676869638644029e-32,1.117072930140804890e-31,1.076723657176727387e-27,5.881685340071120329e-27,2.591416694798956437e-29,2.542912807739268831e-29,2.053917939895507858e-09,3.773006473419909793e-29,1.176887601538307703e-30,4.583442236745650811e-27,1.182847855942272996e-30,1.360375307199373639e-25,3.110070796481827340e-32,2.059410648071126784e-31,2.702194738818734852e-29,6.342864647764602886e-28,1.194896994318058663e-27,3.526960294132691243e-32,4.136103880686440816e-26,1.229834110288653157e-25,4.788697311346091366e-31,2.514770262826793660e-32,2.711566781613759749e-30,2.827455546583122720e-25,5.462934247840179132e-32,5.097750885178913088e-27,6.869244795455687807e-31,1.731388887389064852e-25,1.230240449074632099e-29,3.175579793298584971e-29,3.122759057731499031e-28,2.576896951308354339e-26,1.294934387428247024e-24,1.053111201845380522e-30,8.270977819983089328e-28,3.300686843969642452e-29,3.409490349427120768e-27,4.130866710650940628e-30,1.039689586289376001e-25,4.334136966372543402e-30,6.022555874963981214e-29,9.953884934495091533e-30,2.744464064875357617e-27,9.507939702205597329e-33,5.905429089068497175e-28,2.275418313570867550e-32,3.139301199358349215e-30,3.667573723030204298e-28,3.242848162747455679e-29,2.208554094716158220e-29,2.353579473799859621e-29,5.051517071400249011e-30,9.097533750775466497e-26,8.849665101034733903e-33,1.307245678545921595e-32,2.884799840072695004e-23,3.584457228809254702e-28,6.166755966592604157e-10,1.573741271469824314e-29,1.076393017076951177e-28,8.511372762467967121e-30,9.887229099122319983e-31,7.555086216898714436e-27,1.165869627331606196e-25,4.352316816424072932e-27,2.986178156606444034e-27,7.811612072176361695e-33,8.043061120412519349e-29,2.926622510853050600e-30,4.479821561214643536e-30,1.641932826082385337e-24,9.915132160785331772e-29,3.808526704715514047e-32,5.658950076364737801e-32,3.096916979457616094e-31,1.495694745923675342e-25,6.821495656652352938e-28,3.991243583970747711e-27,4.709861097959614097e-25,2.618216281884886450e-32,7.799976429492037720e-30
2.990980509544087412e-26,3.176371960035232835e-10,5.999496826088766892e-30,1.128889748816647363e-19,2.137308589844791903e-29,2.469185468447860011e-26,1.662742162527448368e-26,9.529450658638782164e-26,4.664885969529538434e-29,3.843910877109161504e-26,1.648734756318571448e-26,2.927527472838029215e-25,1.113894099795002494e-25,6.327271887852272618e-27,3.087190366040774276e-20,2.708031617729145574e-22,3.013798653814335585e-29,4.163935199990451760e-25,1.219414567673200418e-25,2.093580827449113656e-26,3.132421686028321347e-26,3.755371210463408520e-23,5.086613741108521455e-29,3.434803951328227392e-26,2.188463126789797067e-23,7.538297818613304257e-26,2.375762428257468152e-22,1.751403454376985535e-24,0.000000000000000000e+00,1.562865584445290130e-28,6.183261513787402108e-29,1.110311029055040420e-25,5.018679753207711120e-24,2.896820679630146966e-23,1.718477191491027795e-25,2.937141373797665406e-29,2.202796510130366164e-22,1.398455473507359885e-28,2.032127681839153825e-22,5.713464926862366824e-24,2.249898327754829473e-24,1.052749200502164803e-27,5.889301283612233898e-19,1.199985582527447829e-28,1.527276510794275151e-28,9.074814505761730439e-28,1.636995154969525987e-29,1.567890577434474112e-23,1.650250065222494935e-26,6.863731220094269935e-24,3.022739344564409760e-22,2.022703050841484125e-28,4.478339862684944209e-22,1.866088967226458537e-24,3.427827178929978731e-26,3.387787567118224724e-25,2.820513319224092431e-28,5.152731328320539325e-23,1.384015288234034082e-26,6.014534775180398521e-24,8.155755786870626530e-26,1.845042602931024774e-29,7.764227224154540263e-23,4.175648379318312982e-26,2.989481130811408221e-26,2.520098384136742569e-29,6.647152284923396202e-23,1.339470100914114701e-24,1.654172900461705631e-29,6.924792874282205170e-28,5.271670247979328523e-29,2.638024747500782589e-26,3.554788841494284996e-29,1.343059854005141723e-22,4.446709322952265280e-26,7.162637559596810643e-29,1.488945570917620967e-23,3.120849280479988886e-24,3.746962772947712283e-25,7.923587044878476099e-29,1.040019364588385835e-28,1.826176444329686517e-26,2.630217927514731075e-26,4.135304762662140758e-26,2.093834630189219009e-29,7.054301928302971221e-26,1.252788630846606619e-22,8.692450526506334221e-28,1.877528196289489083e-28,2.274100299644138870e-29,1.400172877571924548e-26,3.096850509780402561e-29,1.809490321616375982e-23,2.228746788475874863e-24,3.754247625849850640e-27,1.077813110640897007e-22,1.794176119807766104e-26,7.123609900460780958e-26,2.778804874243484544e-26,6.707074208397099001e-26,2.319636883188391460e-26,1.975270367723821289e-22,3.448140812361468225e-19,3.295822151445119586e-23,6.124273420507735573e-29,2.858179396579772261e-28,3.256595998700677357e-28,1.966739518445772267e-23,2.541196913732448543e-28,2.144399405298776801e-23,2.820958583013499128e-25,5.238715039561797626e-30,9.089510414570195226e-29,1.059993074066772372e-24,1.630137747313552439e-22,1.815829478913857579e-26,2.852181049752030745e-26,1.906473538787755427e-24,2.570791896594782623e-26,8.622406463878278136e-28,1.801521415614269979e-26,8.638472768188767610e-28,7.399125491633534965e-21,2.583317393291571117e-29,5.377055037446408752e-29,2.246457462195726653e-26,8.168006405241537829e-26,3.666668010949020448e-25,2.689397095264176995e-29,3.911994271204072859e-20,3.983562241951161107e-20,3.663895764350133181e-28,1.935763050608247294e-29,4.379985041285550792e-28,2.123579317205695120e-19,1.573073394487023135e-29,4.726656355883704119e-24,8.482798906284896184e-28,4.674338618366876619e-19,9.194404387635390634e-27,2.197099207783263006e-26,8.436438858431219528e-26,6.586128769620312832e-26,1.279219096625435641e-16,2.053365741425343405e-28,6.399080411010167601e-25,4.166816969123916255e-26,7.317889386487356408e-25,3.544754030730511891e-27,4.829456495704597118e-20,3.728564404992900518e-27,5.322593687499036455e-23,1.419138680182856021e-27,2.209611390241066757e-24,3.079885330866531552e-30,4.417820692160707095e-25,1.761019275320211372e-29,9.542481266543165613e-28,1.007444456943167939e-25,4.059207080627951722e-26,1.874113109415588248e-26,2.693040267255389827e-26,3.973104795483087814e-27,5.784863787841589652e-21,2.914542248845550490e-30,4.467535312116094354e-30,7.763233702063694605e-23,3.203110295272790987e-25,2.254107499201226382e-22,7.086650845656095006e-26,9.545014291500916656e-26,4.383115969930049852e-26,7.109703030524678301e-28,1.769631968916205104e-24,1.936996208972598030e-19,1.156282276468963027e-24,2.631978146802793300e-24,2.523088368728886223e-30,5.131546847029243741e-23,4.757087855172757851e-28,1.736355597786003489e-26,3.485351188491211426e-16,7.525704577324188436e-23,3.014199920964217178e-29,4.563865590609532119e-29,2.498649265669543967e-28,1.515517127950679010e-23,8.990283690231280828e-26,9.450652716809217593e-25,3.111325431211071743e-23,1.962249665246457067e-29,4.308622794333613364e-26
7.223769492408187617e-31,1.698705778147884222e-28,1.571632641612876567e-34,2.269625770434641600e-28,3.268883211208183550e-34,1.584128628094459236e-28,1.017005650484044119e-27,3.130936647229150826e-31,2.162544843339520145e-29,1.102722490941912308e-32,1.696694063156983561e-28,5.845751945933758533e-30,1.893329478878501557e-31,2.188151814532580660e-29,3.150209750608069156e-29,5.547059013203705415e-29,1.208250298627385616e-31,1.272846176886179483e-30,3.512780454740796966e-31,8.188851066284595127e-33,3.638645416395031112e-28,4.264788209362314543e-29,6.215344897449365681e-29,2.390456841464410883e-28,5.647485104978462976e-26,1.147311443076997843e-27,1.296718396533146697e-25,1.610450809165293496e-31,1.562865584445290130e-28,0.000000000000000000e+00,1.500342631736724957e-27,1.815490624854922837e-31,8.599809868213752698e-21,5.926107712621321306e-29,1.679439242110515853e-31,3.821724177685421790e-34,1.830898286190255408e-28,1.397542040475975446e-26,1.589153049845833390e-28,1.787288653499075570e-22,1.788705781529630101e-31,1.802031690153533817e-32,5.331090392228593816e-29,1.746991371504049131e-33,1.759042017480452102e-33,8.127486394105299189e-30,3.024520768497521366e-30,4.439807816127522315e-29,4.740300390194793253e-31,2.820158731098990334e-30,1.100310691547951000e-25,1.166880628191794523e-33,2.077229522728858092e-28,1.184362922511280889e-29,1.044820971197916371e-27,3.030705234090425298e-23,1.501787205972956853e-29,6.609873565995832510e-32,1.309003322905999311e-28,3.031497525236349352e-30,1.205512830773865290e-27,3.018744900042315008e-34,2.717847918404008886e-29,1.125105796293578157e-32,2.311739322085077958e-28,9.526935280712745253e-32,6.752778154770652783e-32,2.187052524876794845e-22,1.722043140539403044e-30,8.542736851380521629e-30,6.008824545643922308e-34,2.825086497004945164e-31,1.876706019626937776e-29,3.195912206122787410e-29,3.257527782129520304e-31,4.026684567254323910e-27,2.853180074153033091e-29,3.249505632346615187e-21,1.072768721880878383e-30,3.469829280698096441e-27,8.478639378653116780e-28,5.230650864125687329e-31,2.233286103929799571e-28,1.452030079344129191e-26,7.958894440513174878e-32,2.255655953503274620e-31,1.217720090658291756e-28,6.089462273975094953e-30,4.004506014758867916e-01,2.443055422896271101e-30,1.362851691106943266e-28,4.279693062165073939e-34,2.891839040282917378e-29,1.382462053884282374e-29,1.417433564657628575e-27,3.930343845158893784e-29,1.318506666719057585e-27,7.922919508453904696e-28,2.444463773287236989e-28,2.113559470087193291e-26,1.521200038066307781e-26,2.818498638901382393e-29,5.722917392112568166e-29,5.418521405769591112e-32,1.236879779856176758e-27,3.998762069672269770e-01,2.315900069502882403e-33,3.554606270955808405e-29,1.542852554080697854e-29,5.692425256028832666e-26,3.947179191964146366e-30,1.207616037058164071e-34,1.319877999271334582e-28,1.633859679570873847e-22,3.541162988693608339e-29,2.013015075986219186e-28,1.647755435752736626e-27,2.306043579893386770e-31,2.347474070619858213e-28,4.983536129384919984e-30,9.460156310415845720e-33,5.087482769974387367e-30,3.147502227334140697e-28,5.476369944827551016e-30,5.666104333976203265e-34,4.355374662887372514e-27,2.230698926700132773e-31,5.428308694199218814e-30,9.720942290158692055e-32,2.435169671231024635e-29,2.085371096521341181e-28,2.081729740910855661e-29,3.311861112529216774e-30,1.745375295714102728e-33,1.684627413486943142e-28,2.872336800936375547e-34,2.173631906221819241e-22,1.199659192019747291e-29,4.937089378163472532e-29,3.121801856888036455e-29,1.742198301609272943e-28,1.137938724746920917e-30,2.340562347138519893e-32,2.705361739692175665e-28,1.234339597128528858e-33,1.598687021616708096e-26,3.978545183401684811e-28,4.924990630375179616e-30,1.363184112589261779e-27,2.281360822447001403e-28,1.375181762892725946e-27,6.292695165106738780e-32,5.333436732514141016e-33,6.201428084940421356e-23,8.131299491255213751e-35,1.169754144687692036e-26,3.298750280381242785e-30,1.564671880620498209e-32,1.332233129645292401e-30,6.466115454983633480e-28,1.535352837133042564e-26,1.252502919344022405e-27,1.866612630588364975e-27,4.838873090176555541e-28,6.978398287504064573e-35,1.083696983493642765e-34,3.262304450318501786e-29,3.378109347451999814e-23,3.762144025089923110e-29,9.347107340312230621e-31,2.191502837545962381e-26,2.065703228770760394e-31,4.092816616442414726e-30,1.820779390035210790e-29,6.133467679643355616e-29,1.229531444194533213e-29,1.850247352800369755e-23,6.243694095948810441e-35,4.458759425087574017e-32,1.930405314432954856e-33,4.399383226817315246e-31,2.549805368013998250e-28,4.798777218368362467e-32,1.546326808616693360e-29,5.058557094409003280e-29,1.788182010713687418e-29,3.092517949564755993e-29,2.395216895059997733e-31,7.418749565242828530e-30,4.310767110983342451e-29,2.407620595511785526e-30,2.641071684172625797e-31
4.297608115105710808e-31,7.793284979387648337e-29,1.082809938643620961e-34,1.014681741627862053e-28,2.392480795132081418e-34,2.757809862621120033e-28,5.480312095794840962e-27,1.726966308410353788e-31,2.940656106647648350e-28,5.312675359895906309e-33,4.089890836020250612e-28,4.876963070883599460e-30,7.456058529177438666e-32,3.312231214703201528e-29,1.334255353411979768e-29,2.495193602829734351e-29,2.095186440375843365e-31,7.144721237388742749e-31,1.287918245258354052e-31,4.284787583645910952e-33,8.954365341406129209e-28,2.372726037966835128e-29,9.089061017777917839e-28,4.197653919227040697e-28,9.646789184491394699e-27,3.096617261723447418e-27,2.680338271587043676e-26,7.917891482083146379e-32,6.183261513787402108e-29,1.500342631736724957e-27,0.000000000000000000e+00,5.913429409070707016e-32,1.755914000754651324e-22,3.361520751751328956e-29,6.721220425570847956e-32,2.581785263850010041e-34,7.525351155886623773e-29,4.100989625058388211e-25,8.622970770377334462e-29,2.367127917747296601e-24,8.692212432737363770e-32,1.292896910619750636e-32,2.524584817486492739e-29,1.184825914222150575e-33,1.134097791881313323e-33,1.148561684080405071e-30,3.706066165398961437e-29,2.306329471679127102e-29,1.523050188940870333e-31,1.401284606812802634e-30,2.725179757182238846e-26,8.119092484391415775e-34,8.507746763871996583e-29,7.348365774134956928e-30,1.728722638870373042e-28,1.275117818967297844e-21,5.981061333333519416e-29,2.394073867836904223e-32,2.647721925310681606e-28,1.526241101530506636e-30,2.857970637394647956e-27,2.279861027164975788e-34,1.344246465846350603e-29,5.655861103123244778e-33,4.405068183682819947e-28,1.654669247769089811e-31,2.451049501697557775e-32,1.858856324405906220e-22,1.391212588606111213e-29,1.169381619597386598e-30,3.739885510292707832e-34,1.018662805982259290e-31,3.047353614318294659e-28,1.204330357160023268e-29,1.188486628468105798e-31,4.742583921076958043e-25,1.499934658383895363e-29,4.777679534768337276e-22,6.682153002614321664e-31,5.790249844965231440e-25,3.998116984514034633e-01,1.474993085129291582e-31,5.108664249096142896e-28,1.734110303632503909e-25,1.278873000355176634e-31,1.225315883465644506e-31,6.503209745930874360e-29,1.231605077564316164e-29,1.314069462278936547e-27,2.285525221137220579e-29,2.666740994987749446e-28,2.408578001769212702e-34,1.520815430818539463e-29,7.781973431644508809e-30,1.659001526711191806e-26,1.242238301195925141e-29,7.744226502461354664e-27,1.457902216208314096e-28,5.245862498132415277e-28,2.547727437412785746e-25,2.408365546348442640e-25,1.056736913016795780e-29,2.117262689106079762e-29,2.458604320911154926e-32,4.004095106200935006e-01,3.050385316307382840e-27,1.174499195562908760e-33,1.741254975121262585e-29,7.951760185716552082e-29,9.331817769779938882e-27,2.699740390651547184e-30,8.145251205130900912e-35,2.729304609517764502e-27,2.588047081389025188e-22,1.210285913112033045e-29,5.047366883072386482e-28,2.698678923403433907e-28,9.544751317361792278e-32,5.799828078990765437e-28,9.885560803068473045e-30,4.420925153592543643e-33,9.318330415651140228e-30,1.367336639002529288e-28,6.478786894063721895e-29,4.305198393829208238e-34,4.847214604518253936e-26,1.368396752717177614e-31,3.538042458794025478e-30,1.542036266873416591e-31,9.919823909782415183e-30,8.759450618999137035e-29,8.942781397408403242e-29,3.320435429837066430e-29,9.703222066418936212e-34,7.763620362500652404e-29,1.902614812602889181e-34,3.794954063946534583e-24,1.799648746701283287e-30,2.230537926799277186e-29,4.360986575406809511e-29,3.842975572746315642e-28,6.936826887143153121e-31,1.138302916344470467e-32,1.018280228658380995e-28,9.097885127357172274e-34,4.867735787504288310e-26,5.607662308445455860e-29,3.511492378050503975e-30,1.627205279292823425e-26,7.666084690584728417e-29,1.869559279643176442e-26,2.250898254472773060e-32,3.372969609477247895e-33,8.817581538865582115e-21,5.424936594697727039e-35,3.533950222403571656e-26,4.097248391907882947e-29,1.122197743728325014e-32,8.489616365910459948e-31,9.124470340611241573e-29,2.639755296010341989e-25,1.841470078272945718e-28,2.272545688335210917e-26,1.757292900825647321e-28,5.161823121680124213e-35,7.627445842239853945e-35,1.294365564682526206e-29,1.052549043738478100e-21,1.893622065930304122e-29,3.072670463696378095e-31,2.345202743386938747e-25,7.906008199717670802e-32,9.169782661042405331e-30,1.059304160036814802e-29,2.506992942075601521e-29,7.064227547367543237e-30,1.615660930536856915e-21,4.889714983856542187e-35,2.018490646926003515e-32,1.126869457361924842e-33,1.295279933001897671e-31,9.906703209579515775e-29,2.364813042163900678e-32,2.329208598910433953e-28,9.409997087061936924e-28,8.040056111644593042e-29,1.616171854897892741e-29,1.322981015609464228e-31,4.771776246876541040e-30,2.305134466382519360e-29,1.718737937864211148e-29,9.099473392920238583e-32
2.287246649283513522e-30,7.354530281593590971e-26,5.109951585474123631e-34,7.967680729975480242e-25,1.568043219649492546e-33,1.514714065501610101e-29,1.207913250556019330e-29,2.557336541185827330e-30,4.343968662764891924e-32,3.784102026527615526e-31,1.070789571598115796e-29,2.309695495994630232e-29,4.005753358192026270e-01,3.233271201611479815e-30,7.980898454048857609e-26,2.646135236038213193e-27,1.609482041278488486e-32,1.275885112990491000e-29,9.857631277707950484e-25,2.265447928928932557e-31,2.013919999009009627e-29,6.801500288944949119e-28,4.739160895353763760e-32,1.999395158965941583e-29,6.262148869369278110e-26,5.182129489788362595e-29,1.430155355590429124e-24,1.276550717925461817e-29,1.110311029055040420e-25,1.815490624854922837e-31,5.913429409070707016e-32,0.000000000000000000e+00,5.465402173146124259e-27,6.783637097965072457e-28,3.997569687968402508e-01,1.869528104309993458e-33,3.967266786902921742e-18,1.402776281033246215e-31,3.228104658092873340e-27,7.673876797016704221e-27,1.922785077838181206e-29,7.359467012545413994e-32,7.142141321534965369e-26,6.972929227762361631e-33,8.229439643689525615e-33,1.759204956917832156e-30,1.307396810470856407e-32,4.168488362675435632e-28,6.099600561328150949e-27,7.318874791496387316e-29,3.621462436910218697e-24,7.571701007906024015e-33,3.218922756071903926e-18,7.732826151543806294e-29,6.197540554548879948e-29,3.598531596139212382e-28,2.120586404258885692e-31,1.319253459479953410e-28,7.767434546227686478e-30,6.848798554132204116e-29,5.330513634180703673e-29,1.302874675891688185e-33,8.319351825454802427e-28,4.245213631853374011e-31,1.687573094703769119e-29,1.363405149869927965e-32,1.408951751524705825e-28,1.474561774713155996e-27,1.264740004688797924e-32,1.424441760942499751e-30,3.139376359692391642e-33,1.643913401273167370e-26,3.254907652647451916e-32,3.789195168049906895e-24,3.882760881146925646e-26,7.349216956718080681e-32,3.313504387501335456e-28,3.270555524410774874e-27,1.039947564881626266e-29,7.598470325670168507e-32,1.009160911045156297e-31,6.784465906608483792e-27,1.531292489140549079e-29,3.680078460414699376e-29,1.153408423786958773e-32,1.984900996426465427e-30,1.986994382545409988e-27,5.535922847177609460e-31,2.299713290662869700e-31,1.751102691636590900e-32,7.860688934312295230e-30,1.844629120763634725e-33,3.856064770903887209e-28,9.334252540785643104e-29,3.164358128676743456e-30,2.778888521971249605e-24,1.333588364386337026e-29,1.491695763717752277e-28,1.715503533542072899e-29,5.915092454565679714e-29,1.873434119503178059e-29,2.057590063995255761e-24,6.606604406492567021e-26,1.660986604089979705e-28,5.375435193669201759e-32,3.118934285537610207e-31,1.373941418133250558e-32,3.910141895921803636e-28,1.982792345762771709e-31,5.751169961878603664e-26,1.729599983079449535e-29,4.015528173491487344e-34,8.878895928249733070e-32,1.184363900718972069e-27,1.808614958681467258e-24,1.052671193134258836e-29,5.247042972171672475e-29,1.699878389857490030e-29,1.620797253783610367e-29,4.905630023767170689e-31,2.183410983027056065e-31,4.897398426528716320e-31,1.222334368928209064e-23,2.125037517716846241e-32,3.048800294302924948e-33,1.812900106405431733e-29,2.311871661157238962e-30,2.459150971998468835e-29,1.397790559503629913e-32,5.276611832219012023e-26,1.164147965012123342e-24,2.555449811735450475e-31,1.573827003679571282e-32,1.345824847156690137e-32,4.215664272261123421e-25,1.074830725250690825e-33,6.571524819054685154e-27,1.718100274658932596e-30,7.180468496722462308e-26,4.729166239920150709e-30,1.294912758955548371e-29,5.379858533575345035e-30,6.802248976169509281e-31,2.389708180004902831e-25,8.675775798761190488e-33,4.256290821038440242e-28,8.739472079696264053e-29,3.144897976948966051e-29,3.290614534432050884e-30,7.135287338390351139e-25,3.223708243800265547e-30,1.315587478819797636e-28,4.373790268072380433e-32,2.034245887331734629e-27,2.448016025346468687e-34,3.350684014917450272e-28,1.422055139173099540e-32,6.534309695421806122e-32,5.850016172498815488e-30,7.968323820403462151e-29,1.655668078707854418e-29,4.731280689424014039e-29,3.390834587809250294e-30,1.003878861940582585e-23,2.593954153213190945e-34,3.829388603069303138e-34,8.558747057270483717e-28,3.370060323296658654e-28,2.142179892411034837e-27,3.672182130663537550e-26,7.538442914124569863e-29,9.890734745244830327e-26,4.053671858302482403e-31,9.234088659067714974e-29,8.933119753404082274e-26,5.749993414678230450e-29,2.402476194166734075e-27,2.068027472289649956e-34,1.043874051753394518e-28,1.618455035774117922e-32,6.900072655171414410e-27,1.715512537086346378e-25,9.355346192704942846e-29,2.667645935816468589e-32,3.911376857081205708e-32,1.963210504802925455e-31,3.443332570413894205e-28,2.304043499110206111e-30,4.290039877365968484e-29,6.095754399822739576e-28,1.596310917394844943e-32,9.878625141183315326e-26
1.817134199880103475e-26,4.564271569720148983e-24,4.656258182041382154e-30,7.490870766338423738e-24,1.270851756058417116e-29,4.114700284346604938e-24,3.260365642168544447e-23,7.550815003983023170e-27,6.833421478857201340e-25,3.707156703235337637e-28,5.172667093598438671e-24,2.111312599622560371e-25,6.704847371580844014e-27,5.453925134553242995e-25,9.499944163915310024e-25,2.039279937443807455e-24,3.656071113072700830e-27,4.120801696564607332e-26,1.232067205459064347e-26,2.464604151696763582e-28,1.435983017761345900e-23,1.356294886168905228e-24,1.468957873343936939e-24,5.527199651996120467e-24,1.230892405622503845e-21,3.716774276681613906e-23,2.582666904656577935e-21,5.381819901896570596e-27,5.018679753207711120e-24,8.599809868213752698e-21,1.755914000754651324e-22,5.465402173146124259e-27,0.000000000000000000e+00,1.783426836106855093e-24,6.260264843237423666e-27,1.108911860683519897e-29,7.135171364499407375e-24,4.423615548152197878e-21,5.385908814886603356e-24,1.054562749185488636e-18,6.399726190959557780e-27,6.264562565356886965e-28,1.730040210806739032e-24,5.029010038399176946e-29,5.066929257904846991e-29,1.218452514174500472e-25,1.428247426860182640e-25,1.053735686416492380e-24,1.431276838113472345e-26,9.387366735081797654e-26,2.981875696868571772e-21,4.466594555260082662e-29,7.111204642358035454e-24,3.452997801127494212e-25,1.844921181066621367e-23,4.737100310701340080e-18,3.671281995091754312e-25,1.483716728861434237e-27,3.222204314453764509e-24,1.053697505358552270e-25,3.512113660638699808e-23,1.092278695008008226e-29,7.548662464537749184e-25,3.629982477475304827e-28,7.049985604296571425e-24,2.703355579755068280e-27,1.672727788082234826e-27,8.695107734906683980e-18,5.224682225769134637e-26,1.227135202743709464e-25,1.872919072751254079e-29,9.907121791970686230e-27,9.574931592173221699e-25,9.674335411053266382e-25,1.062842682942098690e-26,9.842968226130599215e-22,8.444056967485682614e-25,7.258056814537110025e-11,3.814095687764692560e-26,1.072053569691289218e-21,9.386089834824900828e-23,1.155321509764874525e-26,7.658671310148425415e-24,4.013463464141501133e-22,2.396280252889809922e-27,6.383930965824633359e-27,3.684960949487606493e-24,2.650651207693118565e-25,7.565302557339660860e-21,8.965712685527666239e-26,3.250047395511472729e-24,1.178248890577711268e-29,8.363280012577277163e-25,3.620778581705405795e-25,3.336337328067782471e-23,8.991756204659102456e-25,4.124055553950662301e-23,1.753391614664515177e-23,7.708448886601954938e-24,6.000179931224809203e-22,5.915423401507119008e-22,8.335823446742260627e-25,1.277186454847970454e-24,1.868090335747754327e-27,1.959337065658683510e-22,3.216011957599412708e-20,6.533686960835952174e-29,7.533355617271793892e-25,4.498609356417097732e-25,1.193270848957715881e-21,1.209712237431020519e-25,3.561729679437581279e-30,6.478430025358051045e-24,8.723027529205844931e-18,9.139780905744956282e-25,5.696817175479562446e-24,3.342640723191217580e-23,5.885991643886080897e-27,8.748459070423633254e-24,1.803589945926937253e-25,2.165994607625866796e-28,1.730617679277924397e-25,1.103625069995629523e-23,2.187418058417082853e-25,2.135937394517087011e-29,1.476815085132686378e-22,7.347991059542315564e-27,1.644226866161044790e-25,3.312885932829342309e-27,7.054876751535934776e-25,5.626754852209251073e-24,4.454967252056537082e-25,1.147536827448686516e-25,4.407896156963172271e-29,5.484669218516410449e-24,9.470782687673760400e-30,1.247702791266736174e-18,2.064990988907493207e-25,1.473768591082724900e-24,7.457935095469230729e-25,5.248746379820872275e-24,2.928538069658325412e-26,7.505401724529960712e-28,6.533412619223514278e-24,4.655026563231112376e-29,4.361226746693568661e-22,7.051034965105443323e-24,2.194277105554044678e-25,3.652237718353135018e-23,4.742362641975518459e-24,4.687088578218058607e-23,1.479257224894736089e-27,1.369083760094475004e-28,3.199348446152795461e-18,2.188728346285710159e-30,3.278728072467361435e-22,1.445001281976131714e-25,6.025546238533917611e-28,3.871434672789144199e-26,1.219337617571168199e-23,5.682138104179019800e-22,2.040999825551322447e-23,4.511219751151920150e-23,1.084621383995695061e-23,2.093407480458531583e-30,3.250913974667794493e-30,7.425684830522296032e-25,6.353206065519603206e-18,1.082513885637191527e-24,2.795940869929905356e-26,7.180605145374191652e-22,8.180440245009089185e-27,1.726843260152436800e-25,4.069858712461273198e-25,1.434450292065644175e-24,2.986220232156444753e-25,4.221300199215659816e-19,2.222089945166168219e-30,1.686656290975987911e-27,5.586142179192232690e-29,1.236638690785122224e-26,5.989467713198179089e-24,1.688965655192552716e-27,5.290290293113645356e-25,1.846204353014888597e-24,4.156274270425866807e-25,7.993697111598295552e-25,7.570296358534834355e-27,2.670389427911475953e-25,1.306207691717040725e-24,5.781918253477705493e-26,7.580208355781069717e-27
7.328427327283347303e-25,5.766174287002646244e-23,1.117836612825641954e-28,6.758144826774865811e-24,7.575698274094848442e-28,2.316205707963822763e-26,1.135299330164410119e-26,3.532810999600155676e-19,2.959764733273642905e-29,7.993123234592583853e-26,1.530071567574950408e-26,7.866350373273791314e-24,6.095131441161307250e-28,7.201598706857561625e-27,1.094500176472735776e-24,1.952437468820009666e-22,3.258480646563442465e-29,8.682946905620354671e-19,1.207192710500009885e-27,1.871958924484959507e-25,2.764954641803387214e-26,6.016994984237016412e-19,3.213432426050804941e-29,3.649561270269568071e-26,2.526856160609970368e-24,6.154595640382937356e-26,1.651494336394290686e-23,2.624207852417618068e-25,2.896820679630146966e-23,5.926107712621321306e-29,3.361520751751328956e-29,6.783637097965072457e-28,1.783426836106855093e-24,0.000000000000000000e+00,1.098957821668850563e-27,1.633987590146980360e-27,1.029169625891053501e-24,6.429485028556329881e-29,1.192748806988179427e-19,2.004708401826279325e-24,2.616494423970651099e-25,3.120007085038569806e-26,4.892140444458511688e-24,5.887510725376958076e-27,1.038714348791792968e-26,1.671862015508651045e-28,1.056516675843274030e-29,6.491991713860776435e-11,3.382545677474171775e-28,4.830140404715486542e-23,1.717349729477546535e-23,6.399630076635629537e-26,1.587137153235911911e-24,9.231004002596601899e-22,7.921995428847391735e-27,1.471731802596992980e-25,2.272741184914866580e-28,1.770689170395642998e-27,1.232322501892926402e-26,1.101680999753043897e-22,7.042274943551733968e-26,5.905498785183199315e-28,2.773910423330766182e-22,8.330796990474109839e-26,2.569213886465444403e-26,2.589614582673028556e-29,1.962003518690437061e-27,6.377653361398013276e-25,1.175702967972253882e-29,1.288331944142004059e-28,3.657333999167849958e-27,3.811249084593925642e-28,2.153864689634998786e-29,2.368237607541821026e-25,5.801834455870176091e-28,3.370188230166111852e-29,2.655588758388628665e-18,1.260100243403728216e-24,9.116887728850519154e-19,3.476809982815539237e-29,5.682663444856600539e-29,3.782373618749127373e-28,2.279967223594733824e-26,2.887237902314674675e-26,2.207268539209323286e-29,2.488479596663531590e-19,3.491990308900252329e-19,7.594381575254267671e-28,7.649898855602219263e-29,1.591603000491192761e-29,1.233031472915205108e-26,1.536838718416170203e-27,1.269481221181548894e-18,1.699618022546533739e-21,2.466940490132558318e-27,1.999953109328992088e-25,1.260478459892776797e-26,1.285263759053094783e-26,2.457916997398917125e-26,4.386404439433218491e-26,1.439089216991232364e-26,2.744552374856505282e-25,3.327520493892231663e-24,1.755926677158045733e-27,3.042091554877349634e-29,1.156820844854369745e-28,7.548567520263638653e-26,1.192515713105437904e-18,2.283453254288467157e-28,2.368323182016012733e-24,1.260663063476747265e-23,1.039958607988873220e-28,4.951101271846527628e-29,5.164141544741048183e-25,2.184203116719521308e-25,1.507577926315820662e-26,6.634542560127687361e-27,3.746668172712474932e-25,2.357210810378186313e-26,8.140829591702579814e-28,2.638005417575047440e-25,8.137261733396361306e-28,4.164220521660856946e-24,1.601484309721346340e-29,3.485837462598894359e-27,1.510229258671428645e-26,2.981041840478067377e-19,1.645750774465770614e-23,2.667497156252028905e-29,1.212206498480699731e-24,3.902297709502542790e-24,2.460099755647557179e-28,1.334794479502448583e-29,2.385972464391633461e-22,7.443921143597604761e-24,5.317962458615863248e-28,1.718694089206756768e-24,1.803739261123100170e-28,4.699269918073420920e-24,1.028989756281849493e-26,2.209193418087118205e-26,5.401711301455951126e-24,2.786499964811750094e-25,3.011836996799431752e-23,7.041224334121282409e-26,4.752990806477887176e-25,7.395038559918294503e-27,1.600296265974627953e-22,2.331588982518018765e-27,3.312211090293969738e-24,2.322110730705664480e-27,2.033687013195020435e-27,1.699259610326817304e-21,1.161642768793508921e-24,5.996108344650793008e-29,3.806494730986196156e-25,1.178921082127329033e-29,2.802419722692246656e-26,5.516921368031450276e-24,6.857158743881907156e-27,1.189968756640344474e-26,6.688133453703543347e-27,2.366715042089122847e-27,3.755143209133323655e-24,5.846587989821960797e-29,8.999972310492321622e-29,3.232894573473501706e-22,1.508290220145523131e-25,9.892849419207708391e-23,1.168347997356119898e-27,6.116843639595574398e-26,5.630214172401035568e-28,6.348043253445703144e-28,2.443581101389718723e-22,3.187606568636291028e-24,9.409438029612936801e-23,1.694772873348501988e-24,4.730500323364493452e-29,1.939199560819645388e-27,2.136808655972947360e-22,3.698772404984855868e-28,3.568656498949002157e-23,2.490177594297976434e-27,2.043590053216384118e-29,2.703018118996125621e-29,1.987273327744933539e-28,3.725425028816273387e-18,3.483767810186369110e-19,1.345809885771999104e-22,6.411387912335372218e-19,1.406393468326977848e-29,5.422952567624910624e-28
2.991809570268798495e-30,1.063949826494407617e-25,6.372573243444206226e-34,1.307100008887135923e-24,2.200107597505043695e-33,1.336216778351454754e-29,1.200871401423862571e-29,3.291083428446408120e-30,4.321540105215061191e-32,5.399549193609370288e-31,1.139921546412942261e-29,3.333633306365196089e-29,3.996670664136864892e-01,3.191713302591779183e-30,1.167736753291809470e-25,3.899247829755544874e-27,1.719688893067513086e-32,1.696214893493177311e-29,1.165445451783096935e-24,3.304872203937299089e-31,2.442636599220571559e-29,1.062192035831288561e-27,4.623197198246024651e-32,1.957346254517584094e-29,6.195845309256262150e-26,5.325289542111012381e-29,1.332052215653108893e-24,2.008452275433395250e-29,1.718477191491027795e-25,1.679439242110515853e-31,6.721220425570847956e-32,3.997569687968402508e-01,6.260264843237423666e-27,1.098957821668850563e-27,0.000000000000000000e+00,2.525167460586262223e-33,8.229954289871068282e-18,1.533638829059563179e-31,4.728823151735451392e-27,7.970404666627152898e-27,3.232618587535121806e-29,1.056380542587184715e-31,1.184333545730085525e-25,9.849191751277110412e-33,1.043728982371699960e-32,1.536475264093678846e-30,1.455063288876317907e-32,4.859692925599712261e-28,5.562476709663110565e-27,1.075932752497758491e-28,3.894250526047955433e-24,1.208767163016664906e-32,7.110269135914029748e-18,9.916604206807636354e-29,5.999036719114246044e-29,3.084881123224775149e-28,2.112875535934981398e-31,1.577458875465533392e-28,7.606749291665505930e-30,9.593904942925189195e-29,5.677112535764547805e-29,1.893000010701916355e-33,1.140400636895582588e-27,6.245355607383713498e-31,1.756238787260104166e-29,1.267754972065845028e-32,1.725711793115589517e-28,1.328800976571620818e-27,1.428585815154564062e-32,1.064921384191222939e-30,4.524669532910858893e-33,1.616584969642079931e-26,3.650668676199836430e-32,4.616571400325918088e-24,4.005081107380962852e-26,7.850735308304878195e-32,4.766855186521581651e-28,3.506809763009583783e-27,1.653755807479165114e-29,8.768740822417479970e-32,1.062986820926038333e-31,5.250460290595713763e-27,1.710514185423927110e-29,3.588939988651174328e-29,1.139383617553688061e-32,2.754715634929881728e-30,2.591771201999744144e-27,6.256999563771890011e-31,2.397738530368525316e-31,1.907656845213108703e-32,7.704358634548984715e-30,2.388172660490232621e-33,5.026929077148531039e-28,1.167967159285515890e-28,2.888019156803859340e-30,2.828377420620374784e-24,1.384320751916369318e-29,1.584840254375462870e-28,1.690273355354799917e-29,5.742931480414821771e-29,2.071964303075710230e-29,2.650181503264009994e-24,8.945459721652040736e-26,2.715061576350044511e-28,6.401057225149920160e-32,3.818678838712294230e-31,1.635712552421803099e-32,4.988566945321589739e-28,2.165000148729768363e-31,5.396480132815621131e-26,2.290134529172073168e-29,5.093820176641162078e-34,9.074162202509157810e-32,1.056530973162770640e-27,2.195934730208749985e-24,1.070801712603480427e-29,4.723775396006229368e-29,2.119962497976053288e-29,1.976326082709748375e-29,5.293053207092777199e-31,2.876913694161933685e-31,5.373161762266992064e-31,1.717237320724259336e-23,2.169706282271712474e-32,4.929758546625882097e-33,1.869246847728025555e-29,3.214929609963055155e-30,3.583889045758278456e-29,1.435129783943643004e-32,7.646957801303107971e-26,1.595080433443983038e-24,2.255521266666495667e-31,1.839352080419156334e-32,1.675684736193079359e-32,6.640731742749175658e-25,1.459885076497537319e-33,5.802485992143343741e-27,1.526672518417175658e-30,1.222384543228265640e-25,4.340928453237730417e-30,1.461775194252789976e-29,6.946657463796976680e-30,9.854789429096326068e-31,3.220758339516798293e-25,1.376187102121651111e-32,3.960885313248928256e-28,7.775345801890375313e-29,5.201903079519857525e-29,3.270862892942246230e-30,7.898825571950224206e-25,3.295948995687220378e-30,1.893624031592647959e-28,6.106310055966836925e-32,2.070844423186102448e-27,3.101453084750889761e-34,3.343084614398966415e-28,1.609727959955762075e-32,9.604558735302675468e-32,7.661140046550971395e-30,6.490285284350815102e-29,1.882623601686156145e-29,4.042936609651114820e-29,2.910152169867263531e-30,1.119075625300332381e-23,3.110748992923804851e-34,4.910581388688750260e-34,9.932744496727656657e-28,3.280616960051168274e-28,3.060877292488070859e-27,3.310090447080925596e-26,7.358768103693174054e-29,1.125402043285312910e-25,4.826549638446261254e-31,1.228895045750177664e-28,1.304053430464109557e-25,7.241516621245426675e-29,2.242871758166739283e-27,2.895105722556951842e-34,1.661809718007685445e-28,2.105031199288360040e-32,5.791471846963998257e-27,2.396578830232712620e-25,1.538695829851459809e-28,2.964722544388398423e-32,4.232508133609574265e-32,1.787991173193516514e-31,4.346144263418795700e-28,3.324764350779448137e-30,6.031564046434030852e-29,9.359723828927860294e-28,1.491972915829559354e-32,1.035195819596945802e-25
2.024326346770656359e-27,4.895686631328915015e-29,2.446238542655519480e-31,1.237818424062681653e-29,6.079346791049404102e-29,2.942270182177251800e-31,1.166221131417891737e-31,1.924880058071238768e-29,2.526545408833474250e-34,1.481086920306003062e-32,1.776029843774796936e-31,1.023242494827803571e-25,1.743827470005765311e-33,1.035114609903471244e-31,1.914873992677758896e-30,5.168554156219915416e-29,4.209797265701409064e-34,9.088664898366065537e-29,3.229129136667309628e-33,2.285210806288163655e-32,2.690576108356621070e-31,4.853427480073728389e-28,2.770919665750355722e-34,4.408937118897983144e-31,1.096989125568008897e-29,6.820885707592998922e-31,6.698239979802954693e-29,1.035930384464147742e-31,2.937141373797665406e-29,3.821724177685421790e-34,2.581785263850010041e-34,1.869528104309993458e-33,1.108911860683519897e-29,1.633987590146980360e-27,2.525167460586262223e-33,0.000000000000000000e+00,2.424154383847047244e-30,4.563487046906158422e-34,1.004159176952972507e-27,1.213525223747068618e-29,1.149985878393552286e-31,1.353501901700234680e-27,6.683950094483193171e-30,3.994041719458903961e-01,2.390592535079613741e-26,8.674904092460340105e-34,9.409559171670944499e-35,1.212191356607043693e-27,1.060119302145905109e-33,6.291152823148106027e-30,6.025090161146454785e-29,1.441573935784023945e-30,3.876086323789307315e-30,1.015742138495385490e-26,4.306503280988984549e-32,1.113608625615966305e-30,2.291958110966908806e-33,3.128042411611041964e-33,1.437714704548116663e-31,9.195103576821753076e-30,7.890317564671151944e-31,2.990050680283714186e-29,4.504240072768237073e-29,1.662359894576411111e-32,3.081692510608807204e-31,3.550025862190304261e-34,3.501443223343873832e-33,5.058220961931114429e-30,1.253538306214330392e-34,6.544733262769400452e-34,2.244891829087894843e-26,1.179809572882406439e-33,1.751956737050485444e-34,5.685500411752525052e-31,1.718872897255705874e-33,2.520805607819617220e-34,4.607117762015700364e-28,8.871131627924800996e-30,7.642820541051974964e-29,2.418858085246046273e-34,3.976731475726548707e-34,1.310310726694850330e-33,2.665118377607275435e-31,2.349083513662573701e-31,2.912700606205082714e-34,1.454882961808659206e-29,7.517767854669002456e-28,8.362983571194024144e-33,5.154715943230244874e-34,1.624037415391074092e-34,1.447752926534829144e-31,4.011402689083391482e-01,4.606973477125145585e-28,1.293078506690663971e-26,2.231353940831616099e-32,5.037580495543268689e-31,1.290355906800152578e-31,6.021074309215424122e-32,2.876286298952421351e-31,3.862958599039635429e-31,1.209233821045438760e-31,6.102876675267168804e-31,5.127026420921490646e-30,3.104261916851909536e-33,2.459823868415517111e-34,7.410040394844193226e-34,5.103005028616709213e-30,3.827737079749991417e-28,2.157301839079000995e-33,1.022244810520771454e-29,1.408159088092958485e-20,2.404959311921564810e-31,4.236655402470466657e-34,3.868693341829307865e-30,5.008823088671861449e-31,1.941582257026218059e-31,3.373676587387499294e-32,1.410449311256929018e-31,2.613264498694333485e-31,9.833777864787413993e-33,2.481054789792215696e-32,9.524537561331321811e-33,9.716304671081374367e-30,1.529892623561407319e-34,3.171037722845060938e-26,1.305411129191549204e-31,1.382644715712851264e-29,6.714218832892543814e-21,3.401132629247391351e-34,1.803663214153624381e-30,8.437273153390755421e-30,2.962667773723058846e-33,1.318554671548960844e-34,2.661009538385083108e-31,1.314628436811615363e-29,2.675226769951530199e-29,1.110005947811049137e-29,9.381774908100413099e-34,6.523021386492420124e-30,1.419723222906285833e-31,2.663356549131353142e-31,1.012448334218309352e-22,4.634539088500748009e-32,3.592539298841924198e-29,1.519158449215001836e-30,5.324352941769774766e-30,3.547195665582949328e-32,1.461596550208385509e-26,2.104373876857901968e-32,6.753178299851976254e-30,2.171545361024674448e-32,3.389207841806870473e-33,5.644016520001870859e-31,1.047386141908260731e-29,1.201581832075177912e-31,3.779528352263744711e-30,1.079748489129276296e-34,1.092938423949190470e-27,2.212468120117701218e-22,3.353619415362798358e-32,1.009572506144152606e-31,3.388028516637965474e-32,2.171645492403318443e-32,8.437745851820048305e-30,1.397303655235432886e-31,2.032006009770485342e-31,4.603564202531954883e-29,1.118674545438696461e-30,3.046220350172583389e-29,3.555627057308926320e-33,5.826953151403824338e-31,1.537409833189900731e-33,7.571329185556154856e-33,8.209170118708740213e-24,5.778968988623811164e-30,2.156800427100035001e-23,1.416007744696613278e-29,1.023255735421869535e-31,3.046344210965627068e-33,3.403636085294612863e-31,1.146764692697791837e-33,3.858420051607713680e-29,4.000638905007966756e-33,1.618638364060472716e-34,2.362888592916893031e-34,1.959475932179198918e-33,5.741688944114855178e-28,1.183372264501530444e-29,1.125564045472438788e-25,4.887248606911796383e-28,1.393230125885734056e-34,1.572814979067971399e-33
3.316945982835419315e-27,1.410279150670665567e-22,7.942670241902765299e-31,2.054846187469459001e-21,2.440161661393829575e-30,1.519561090850178975e-26,1.479420986544604032e-26,3.740369953944926157e-27,4.815126306436223269e-29,6.323101578969454309e-28,1.161219920241742203e-26,3.810096185102055225e-26,4.042788548970612225e-18,3.173735754741491503e-27,1.821968407269336826e-22,4.141675524913228845e-24,1.738490913115618590e-29,1.767735002903902678e-26,7.547814197288337153e-22,3.234613922715106706e-28,2.605066798964585384e-26,9.702678391883926687e-25,4.668302098784755860e-29,1.884851318390096996e-26,7.013109655936270201e-23,6.351700352803956556e-26,1.459741994888606253e-21,2.251744404345108195e-26,2.202796510130366164e-22,1.830898286190255408e-28,7.525351155886623773e-29,3.967266786902921742e-18,7.135171364499407375e-24,1.029169625891053501e-24,8.229954289871068282e-18,2.424154383847047244e-30,0.000000000000000000e+00,1.615940566596738914e-28,4.795434295340660875e-24,7.966732043784669796e-24,2.926563989892976805e-26,1.141263880002928635e-28,1.789198260933734611e-22,1.189167424637587928e-29,1.278025159732384216e-29,1.524569628395624884e-27,1.731960898403769911e-29,6.231142140020395318e-25,4.101837910277456010e-24,1.150237019439915863e-25,4.303132026191033818e-21,1.380826554310757890e-29,7.724748084353025519e-09,1.225548857221474268e-25,6.271019055853785006e-26,3.777607162280264130e-25,1.999140092600123748e-28,2.575242611882002048e-25,8.421240869381913590e-27,1.076769048863360724e-25,6.018471286367113545e-26,2.022629054635424160e-30,1.317718344195153813e-24,6.823711451867614886e-28,2.094792618843280690e-26,1.478704522938134505e-29,2.631102714208512910e-25,1.249792730036262895e-24,1.415053002834992253e-29,1.220985664200074896e-27,4.500136690499497432e-30,1.069819243163001459e-23,4.151139275219146062e-29,8.935531890007322022e-21,2.369447144436227376e-23,8.593749035524732418e-29,5.484954838828848153e-25,3.345206170376013459e-24,1.733691134874949848e-26,1.088237303930428554e-28,1.326822760109963844e-28,3.631455070685341059e-24,1.868490875223636439e-26,4.030271928818553360e-26,1.184224442944224606e-29,3.079143227954800981e-27,3.357816555243017885e-24,6.455025276203893167e-28,2.536231849811385244e-28,1.965707993951094663e-29,8.261844231810604909e-27,2.537684666869989189e-30,5.099167179632895303e-25,1.278021649062110735e-25,3.073146612803263387e-27,5.879763638184799284e-21,1.582752136674554614e-26,1.770106649059543692e-25,1.967434836259049246e-26,7.344955752553950529e-26,2.007318034867395313e-26,5.081987651877955088e-21,1.211811326547342565e-22,4.310182045595851769e-25,7.139066839457590395e-29,3.506809625662045361e-28,1.952567282110033241e-29,5.672479262331796754e-25,2.142981291827631263e-28,6.055928576047669900e-23,2.529080214074430730e-26,5.981684845610740338e-31,9.898744564191118878e-29,1.035579438228208653e-24,4.833914305340452097e-21,1.248061352737093811e-26,6.407186234752437886e-26,2.410778107739368457e-26,1.923937517766094976e-26,5.739642608336939253e-28,2.953993040835979284e-28,5.232279341371235890e-28,3.657366840783932416e-20,2.410817275515508574e-29,4.895283837896509280e-30,2.148554407095939060e-26,3.466748315658851066e-27,3.507942011774174973e-26,1.452578086013706826e-29,1.202730529585577861e-22,2.478684902894963761e-21,2.415979305899961768e-28,1.836331799266543443e-29,1.893975758733377233e-29,1.040631029534607746e-21,1.846426645415115420e-30,6.425702622425857061e-24,1.526799047199982500e-27,1.427575217500843969e-22,4.458715385849033834e-27,1.508615125047105285e-26,7.161526232459919990e-27,1.064791022758527517e-27,4.853577152206546592e-22,1.493596086705588790e-29,4.603023279832266752e-25,7.939571535400170801e-26,5.916167863759967633e-26,3.326889411068299830e-27,1.358221173074688660e-21,3.307309122708696725e-27,2.556187930672146911e-25,6.881360025462950053e-29,2.161433537597930784e-24,3.756800794279115032e-31,3.915899986702322210e-25,1.697323505525036575e-29,1.101177514594019027e-28,9.006489842213715071e-27,8.240465949373636733e-26,1.871565370447559306e-26,4.457440365309062503e-26,3.597035767661909752e-27,2.481564044533638183e-20,3.587801479539509281e-31,5.437730531264154184e-31,1.306078580655445458e-24,3.636873559994779091e-25,3.882660933472830784e-24,2.029129233809541401e-23,7.309312120881176925e-26,6.052976372793515959e-23,4.897163884512453839e-28,1.246978751377574484e-25,1.618134802708105248e-22,7.981497745400117700e-26,2.060871767631940104e-24,3.451259957908753658e-31,2.868895737271304044e-25,2.333783221227218544e-29,3.882263692161403511e-24,3.732515612432218974e-22,2.690330327492241427e-25,3.168957110536652257e-29,4.357940482164176487e-29,2.027547725792739953e-28,5.062677948900784610e-25,3.560514928987589627e-27,7.356327748354701553e-26,9.534279298153887360e-25,1.682707060030121474e-29,5.453869913745301223e-23
7.685730905775277879e-31,1.340530438405920149e-28,1.863390182538674477e-34,1.989775323746190993e-28,4.524295318540481372e-34,3.449290703870631101e-28,4.352457909913480422e-27,2.920590168471323765e-31,1.303479375022932975e-28,1.069524783672190117e-32,5.149350563596028018e-28,7.803350906864658865e-30,1.619157958993788350e-31,4.455316244413819570e-29,2.749920079069299730e-29,5.930610220852145623e-29,2.781108158667862617e-31,1.452266098861998123e-30,3.118382189440496941e-31,8.642581122021468311e-33,1.167447927459377500e-27,4.619920733135316577e-29,3.383647956563614924e-28,5.158135349763466412e-28,2.410474898760323975e-26,3.505596774250249663e-27,5.807588618168200923e-26,1.573226720762236168e-31,1.398455473507359885e-28,1.397542040475975446e-26,4.100989625058388211e-25,1.402776281033246215e-31,4.423615548152197878e-21,6.429485028556329881e-29,1.533638829059563179e-31,4.563487046906158422e-34,1.615940566596738914e-28,0.000000000000000000e+00,1.811555404592582968e-28,1.139103171959176618e-23,1.868942258097864993e-31,2.295468474834056435e-32,4.845806881386102357e-29,1.882937917131445094e-33,1.866227774869042985e-33,2.765552695980308685e-30,2.206046208104936197e-29,3.829580175895842216e-29,3.157714794509355065e-31,2.994914295261966456e-30,6.029801529695807422e-26,1.502285854212708950e-33,1.927444955681123966e-28,1.227390816101126703e-29,4.037101421607377650e-28,2.506811808512933600e-19,5.255645859802260079e-29,4.460881686594238438e-32,3.127689900166980302e-28,3.162920173434126142e-30,3.384859242644828651e-27,4.058948680366216919e-34,2.454568214094218844e-29,1.146966727662084010e-32,5.653958353239156132e-28,2.101802213489783723e-31,4.821914702434815784e-32,8.971015639195300298e-22,8.544670997521309762e-30,2.821074672143832032e-30,7.125348754805090447e-34,2.269337951496728327e-31,1.525103855017447458e-28,2.403560733822108959e-29,2.630097021886091983e-31,3.997268994070456993e-01,2.864153504519467062e-29,1.067860207463812537e-20,1.348917249927495443e-30,3.996237310357972916e-01,1.659472410905779330e-25,2.998903516199769098e-31,6.630692918723703759e-28,7.752800472681567466e-26,1.848100380569891097e-31,2.318104102501497251e-31,1.161634132579255392e-28,1.976253059145645916e-29,1.061326949852284490e-26,1.500497817459506489e-29,3.081308889289040618e-28,4.613676051452507631e-34,2.851031297974455778e-29,1.400307675599413027e-29,6.929742253954156963e-27,2.630619533970477317e-29,6.118518121373673600e-27,3.387687411476351897e-28,6.479861841534631723e-28,1.064100956812351898e-25,1.111081890768617347e-25,2.220690096996990683e-29,4.012029087674907393e-29,5.010152239952492919e-32,4.810407350208423771e-25,4.689229763959102537e-26,2.258480931384748472e-33,2.881516682753864720e-29,6.583367801079971233e-29,2.374628897253149404e-26,4.531831262935270482e-30,1.376038711709426715e-34,1.236309730216187973e-27,1.265386443687910624e-21,2.377384641275531186e-29,5.554103186564107763e-28,6.942219508309956238e-28,2.022743125854659906e-31,7.578785549322485067e-28,1.350467874368029919e-29,7.933883116425686853e-33,1.385471745863881160e-29,2.894223093842796089e-28,3.821562909360080088e-29,7.875914937460336395e-34,2.652357127986166569e-26,2.573490014723198565e-31,6.701474671414671125e-30,2.401276990672739887e-31,2.053537396522876692e-29,1.627840583611159607e-28,6.973034833860882192e-29,1.949868744079065215e-29,1.737947016094156288e-33,1.487246962717888964e-28,3.457931791501906066e-34,1.580033195003292228e-23,4.586030683032372579e-30,4.478507932878415243e-29,6.174508325888052819e-29,4.641748500396487102e-28,1.165112898691716915e-30,2.404481274003248845e-32,2.032849020645364412e-28,1.591446201551311576e-33,4.930836076151302443e-26,1.530448054733379715e-28,6.952685268344940603e-30,7.373974256322095422e-27,1.476474522796540337e-28,8.886527717455484231e-27,4.621498422605226740e-32,5.212639621207144319e-33,3.995524550279312587e-21,8.779255130370996281e-35,3.498582078522042552e-26,2.362797236672097098e-29,2.218711208327920324e-32,1.491636322600082088e-30,2.322901884508466034e-28,1.077147217928738094e-25,4.611686332792661349e-28,9.031681952689411673e-27,3.172363974625207511e-28,8.629230985422159442e-35,1.317625487541169065e-34,2.482595087732551097e-29,2.593547145045819591e-19,3.351986272062371196e-29,6.964419624757426408e-31,1.283917138721473213e-25,1.941504285138851176e-31,1.343097974657937309e-29,1.767437892184726515e-29,4.424729289847996641e-29,1.193041042677751471e-29,2.469490693958988621e-22,8.003549916319733509e-35,4.197985924823727452e-32,2.029859134964761376e-33,3.114407065562738835e-31,1.795842814612621549e-28,4.371351792975416650e-32,1.007684537897910171e-28,3.721068464892733355e-28,6.214650655688217264e-29,2.901005197931011063e-29,2.600430483070798096e-31,9.237621112443257745e-30,4.565593465295949051e-29,1.019267831983612136e-29,1.951777387309376600e-31
6.072428589837501328e-25,4.780359653261507316e-22,1.118210883719588805e-28,3.295952604280072136e-23,6.241463370188661760e-28,4.972161372559596998e-26,2.693820944842422421e-26,8.845629980680358609e-23,7.443784612113133549e-29,1.154836548777031700e-23,3.442044510032797996e-26,6.946644097912453266e-24,3.039558018808491844e-27,1.396069466785321029e-26,5.515022865456096148e-24,2.264916507794451833e-20,6.551223802936100613e-29,3.653141866426907419e-22,5.142342410287144976e-27,2.678488171567578729e-23,6.330287604814449076e-26,5.707146882440948481e-18,7.653734901704877600e-29,6.508298761553218822e-26,8.819496825073570358e-24,1.537913846531174507e-25,5.550237588720888120e-23,1.162352656981319244e-23,2.032127681839153825e-22,1.589153049845833390e-28,8.622970770377334462e-29,3.228104658092873340e-27,5.385908814886603356e-24,1.192748806988179427e-19,4.728823151735451392e-27,1.004159176952972507e-27,4.795434295340660875e-24,1.811555404592582968e-28,0.000000000000000000e+00,5.182073051148841656e-24,1.027584844817652678e-23,2.657938060508310363e-26,3.189854955939197502e-23,3.756102760641109091e-27,5.894071448798439802e-27,4.877107909335184436e-28,2.607418947643798067e-29,3.300438521414946137e-20,1.375093760553441010e-27,9.194002706236945709e-21,5.536762821192707220e-23,2.051908776162857485e-26,7.264381914733515111e-24,2.392141012400375903e-22,2.369463893166842237e-26,4.284450702783021206e-25,4.940315794046480819e-28,8.410975787911432358e-27,2.384021497284161662e-26,1.606168606609100470e-20,1.590250818187440559e-25,4.815896580916160909e-28,3.986337709966563454e-20,1.249012461467272544e-23,5.989456599547588971e-26,5.392054338105270351e-29,9.948308874225682057e-27,1.606013599003734971e-24,2.890959892909770211e-29,3.938017790223768047e-28,2.188465507155404680e-27,1.631519583262435783e-27,5.873241257785688471e-29,1.138175819129259875e-24,2.461793334572346316e-27,9.186061480753238962e-29,3.695499502978667570e-19,3.686364890119875569e-24,3.313122386381834198e-22,1.037247336276472825e-28,1.423709854007326460e-28,1.413440180271969041e-27,5.300606231169809524e-26,6.279149478654622974e-26,4.543726056154639551e-29,6.604525439890639791e-23,2.099105692425914532e-11,1.936903141322227773e-27,2.130951696754088788e-28,3.997907142234617220e-29,2.436190113013045168e-26,9.598145588657685440e-28,8.337520577630910879e-19,3.559800447629912993e-22,5.397957668741886620e-27,9.213930569076692000e-25,3.285647904186716011e-26,3.988250578909090801e-26,5.182837937892934902e-26,1.049605089951155598e-25,3.234158831754984607e-26,1.236487718719599770e-24,1.686557309039398484e-23,9.500059968986462761e-27,8.325874738662685930e-29,3.024085929564713465e-28,2.735674963016923752e-26,8.270397910613708346e-19,4.596106542103424983e-28,7.942944064551641497e-24,7.967397221153810672e-24,9.416330146279985640e-29,1.421228755481521785e-28,1.329421931024655887e-24,1.060338725414437420e-24,3.342209495536691020e-26,2.054832266092020556e-26,1.786159477481415053e-23,5.201905748053537078e-26,1.803463708815338415e-27,3.382845009536582671e-23,1.740223882707723180e-27,2.126292802311889044e-23,4.103512393521576967e-29,2.152825089582100573e-27,3.389384031727351643e-26,8.625438112464021947e-23,1.097203487643532948e-23,5.735747456752768046e-29,5.806830925855083244e-24,1.858432494034635443e-23,5.966921061246106508e-28,3.362922312143496789e-29,2.273024237120212105e-25,3.776970792540227964e-23,3.953918247513161846e-28,4.822506636708881494e-24,5.478639739469060722e-28,2.545818627263286118e-23,1.910055138026019275e-26,4.682880961559686791e-26,3.076903716728015503e-24,5.283813101257174406e-23,1.643149421838451236e-22,2.377851938301081661e-26,1.085937887695670822e-24,2.298513923666068449e-26,5.912037188465788309e-23,5.850279964500690228e-27,1.457084731052573634e-23,5.891092254263434149e-27,8.489709290767945385e-27,9.236407089940477761e-25,2.900816756134794166e-24,5.272542319459814584e-29,8.159862972727699014e-25,2.945040326598519860e-29,2.362908426630986222e-26,3.501623700116297093e-24,2.295935816804687502e-26,2.729842442658911224e-26,1.836184320952910881e-26,5.704963076705791371e-27,1.485891196932533507e-23,5.564745865319387793e-29,8.733683647873453020e-29,4.518973717212582331e-20,4.072803510984628587e-25,8.047739008802622992e-21,4.436999045279275049e-27,1.422023950569410883e-25,2.212128423297819228e-27,1.491279606956032471e-27,1.009543437348414634e-22,1.523093702269407419e-23,4.642995701662783997e-23,3.374773352294150072e-24,4.602087196591378387e-29,1.086730628177877573e-26,2.548331496442363053e-25,1.437993401782960788e-27,2.144559922020647407e-22,1.275668704938465055e-26,4.867333820661119552e-29,6.450544219609179491e-29,4.308193043407674070e-28,2.120794967393132438e-19,8.520615203826868085e-23,5.849158155183497449e-23,4.770254365946961072e-18,3.338599533274362213e-29,2.136105231096369264e-27
1.798467031787738835e-26,6.158948428951366076e-24,4.052445062415336080e-30,9.816122596938535270e-24,1.015000385833801894e-29,2.644822389569977254e-24,1.167323319644176788e-23,9.088627539806690719e-27,1.576132447570656675e-25,3.648810521378746471e-28,3.023091179262130952e-24,1.852969561397498693e-25,7.981232734754968757e-27,4.093682423690721638e-25,1.268160857763491962e-24,1.810407357527955489e-24,2.201863646644592284e-27,3.949453257180575150e-26,1.733982553059966670e-26,3.085078570048796982e-28,5.778456417231909913e-24,1.530305035981493290e-24,3.689314814098957901e-25,4.491841447070197107e-24,6.101608316863581994e-21,1.710680844864149120e-23,1.217093455725105781e-20,5.889036166285447244e-27,5.713464926862366824e-24,1.787288653499075570e-22,2.367127917747296601e-24,7.673876797016704221e-27,1.054562749185488636e-18,2.004708401826279325e-24,7.970404666627152898e-27,1.213525223747068618e-29,7.966732043784669796e-24,1.139103171959176618e-23,5.182073051148841656e-24,0.000000000000000000e+00,7.257247922960409778e-27,5.248128300078052920e-28,2.145465796163446070e-24,4.862850413394913586e-29,4.841973744376605369e-29,9.247231756728505716e-25,2.712032976383446778e-26,1.173943305725898292e-24,2.103391454329472413e-26,8.755284651353502136e-26,8.267190460467177403e-21,3.695512240007273957e-29,1.022468350710696740e-23,3.315742202974440943e-25,1.159252216034630620e-22,2.527504196567317586e-20,1.754274396204037994e-25,2.277232906609641427e-27,2.071323251383747865e-24,9.645697049757115633e-26,1.733269227245742734e-23,9.800881598027834676e-30,8.878349454044476538e-25,3.983314808949920230e-28,3.398457368169229913e-24,1.770777018302067268e-27,2.339888026899376677e-27,2.500446536806509785e-19,1.867321420892528044e-26,9.197639877094601749e-25,1.767595234489453901e-29,1.264629701799709044e-26,1.307501378559935295e-25,1.263609650234209706e-24,1.618507278740994841e-26,4.565310707506768134e-24,7.849535704181043537e-25,5.933052462585814007e-19,3.471778897459056874e-26,3.628234745272175869e-24,1.741340298739048870e-24,2.567579161474187105e-26,3.897182805646117305e-24,1.118550909313765393e-22,1.558749681538643951e-27,6.516360664258031232e-27,3.795809396836057695e-24,1.047513368915121042e-25,4.143529038130550950e-22,2.661419532816430882e-26,2.256661076342755272e-24,1.077650012143205852e-29,8.987261539027097403e-25,4.088826923839592280e-25,1.126205035466239573e-23,1.425086220346774555e-24,1.340069102597066166e-23,9.792768145343985151e-23,4.004696840880075592e-24,1.498170492496170691e-22,1.098872691669281363e-22,1.166643223993006060e-24,1.995085751360839085e-24,2.218250453254910149e-27,1.920195433604781383e-24,1.955181982022472330e-22,5.602756680982453717e-29,1.025383724943972891e-24,1.976538733587405061e-25,6.478593612115235385e-21,1.163505271513773531e-25,3.264074442173352903e-30,6.926189399764504588e-25,1.482712454420568670e-19,1.191773304652563892e-24,3.273105995407637561e-24,1.398273237495046197e-22,7.947643285184811274e-27,4.638510089719985358e-24,8.622302763721420580e-26,3.061453755865993631e-28,9.664337153300495221e-26,1.424001580300931529e-23,4.673859695194676475e-26,1.843404416322602284e-29,4.134839545208683022e-23,7.275418768020503816e-27,1.731708277730400804e-25,1.852156574309852749e-27,1.022776932093830043e-24,9.353841209997083271e-24,2.387056908977016798e-25,3.204834841238907324e-26,5.257915235855780235e-29,7.087015792133601380e-24,7.544859477426976215e-30,7.542305607865533100e-12,1.479076668663124775e-24,2.129848554810028841e-24,5.739477367579332724e-25,3.209035346849671659e-24,3.276774541919625282e-26,7.496446660089162637e-28,9.389488931428884243e-24,3.966117209468475334e-29,2.166880686577384119e-22,4.533614798577121547e-23,1.534976234444578571e-25,1.020987720399434356e-23,8.361529984633633421e-24,1.081461908824054466e-23,2.397577761256774203e-27,1.668937921805026890e-28,1.075340700309701689e-19,2.080792077529229784e-30,1.614173184433384326e-22,3.159331470466176841e-26,4.694299063360572113e-28,3.547584927199530964e-26,6.074551946215610433e-23,1.073386469944788598e-22,1.184456461069474775e-22,1.218865194154050319e-23,1.965257269986913426e-23,2.136157900130331914e-30,2.969846055852919419e-30,8.697995973626470782e-25,2.779419932815187192e-20,1.277732002733044070e-24,4.683251864454232691e-26,1.914751209598099606e-22,1.036433181572328468e-26,7.762852549992280576e-26,5.284467347592341549e-25,2.493279741412031210e-24,3.210822083159268568e-25,5.835663240634766268e-20,1.772285100275981264e-30,1.720254745318768564e-27,5.745076075483764858e-29,2.116598489127132525e-26,8.225004480522777110e-24,2.114457199500023456e-27,1.164545330560653937e-25,3.114622712083584693e-25,1.845364036695874870e-25,8.870710635705914386e-25,7.268900045235284851e-27,2.100467705721714135e-25,1.333507515173666318e-24,2.256513267982590984e-26,1.235242238279207977e-26
9.426798673574951649e-29,5.362992130106636993e-24,1.701320411870534847e-32,3.152188267250717653e-25,7.975025939327422213e-32,3.624005721099581468e-29,2.255238458106682527e-29,5.479199589128240839e-28,7.007878967467760694e-32,1.711868557952663395e-26,2.755012107859105916e-29,9.932716348486692882e-28,1.698815877288188423e-29,1.037561080380881711e-29,5.513433288296228706e-26,1.557130795216551298e-21,4.769093201324331012e-32,2.875494500426922822e-27,3.115339294371090454e-29,5.051778450664692871e-27,5.140710430920246376e-29,5.181557922457107309e-25,7.174657039613450839e-32,5.388143027201094951e-29,1.896616156830310006e-26,1.089384505805991245e-28,1.515262275972734592e-25,1.888098358214514204e-03,2.249898327754829473e-24,1.788705781529630101e-31,8.692212432737363770e-32,1.922785077838181206e-29,6.399726190959557780e-27,2.616494423970651099e-25,3.232618587535121806e-29,1.149985878393552286e-31,2.926563989892976805e-26,1.868942258097864993e-31,1.027584844817652678e-23,7.257247922960409778e-27,0.000000000000000000e+00,3.545405354324950667e-30,3.005836528505088517e-25,3.735464165334263096e-31,5.126415066119686799e-31,9.047455263140060876e-31,2.424465021306472782e-32,1.011497785468324748e-25,5.203063526968690934e-30,1.496924083498615962e-24,1.659580928549119159e-25,9.130847948257757749e-31,5.619196408175127868e-26,7.869930863507119318e-27,3.758598246944088545e-29,4.011538005979311898e-28,4.531652381553410824e-31,7.967443853730586439e-29,1.900418572660297517e-29,9.383738302185252575e-25,1.290521128665215496e-28,6.671863873474102427e-32,2.531320850030174252e-23,2.405781968439542996e-26,4.334736818703190666e-29,3.889926199992271694e-32,9.740482628762605869e-29,1.798959052252543955e-27,2.596970254676542770e-32,6.438498082314962440e-31,2.018163331767630407e-31,7.763746230425928504e-30,5.076414920895597935e-32,8.699371676128980274e-27,1.220824999856407215e-29,9.545975061848325111e-32,1.408287774682109598e-25,4.312284858376440783e-27,2.602006113265620181e-27,9.970635157388242139e-32,1.327445341568465272e-31,6.042780117191041614e-30,3.980945813446107270e-29,5.532070940283285781e-29,3.400059861836230478e-32,4.443495368983387572e-28,2.364466423578851570e-24,1.467058693647684434e-30,2.502502587104812303e-31,3.571131976411540898e-32,2.017317463548042090e-29,1.044054590064663095e-31,1.880972869169464393e-25,1.091646035976584505e-26,5.152313299283518138e-30,6.206526017967316971e-27,2.459796657996468803e-29,7.529576556198763732e-29,4.122662150809325056e-29,9.170274313961687202e-29,3.416245742136584630e-29,9.875253207618819327e-27,1.754924888056509061e-25,7.912802444570299104e-29,8.217605482880138823e-32,4.098216288392604538e-31,1.238986066719629380e-30,1.905711748726971758e-25,4.309272832906608591e-31,1.665556867589224324e-26,9.268612952849294264e-28,1.469811084056406037e-32,1.282543919151257163e-31,1.466810736427234447e-27,7.505229558838602157e-27,2.598548239116631477e-29,2.847141782356051570e-29,2.053087016810252541e-09,4.289592620794720825e-29,1.392431085274355810e-30,3.518846161638177325e-27,1.412472267329919596e-30,1.716557416075315423e-25,3.767529069112384468e-32,2.125640944454682570e-31,3.154870873529049458e-29,5.730603567143714833e-28,1.397146573647824237e-27,4.459649175911826552e-32,5.721229580345959414e-26,1.677375466567881689e-25,4.840031336554984636e-31,3.001689008609213311e-32,2.345726852006622793e-30,3.642726129266498787e-25,4.647268619906197240e-32,5.672437394300451101e-27,9.795026902399619696e-31,2.736834259053648240e-25,1.422850046980931569e-29,3.809097530711769097e-29,3.057191115072064761e-28,2.064770343991576504e-26,1.598609902161711167e-24,1.030934370780920271e-30,8.747767004975690516e-28,4.197560371279802483e-29,3.274580429311449229e-27,5.254605246606693062e-30,1.288855546616954405e-25,5.862959662744920168e-30,9.015730975982218812e-29,8.562670859933242686e-30,3.011444912471549312e-27,8.496426943939563668e-33,6.531469730988008888e-28,2.766528717709517539e-32,3.108478380263690398e-30,3.377470495886741354e-28,3.617399087448285585e-29,2.939067232958261631e-29,2.762733847761394412e-29,4.958101784507528252e-30,1.248928945387839589e-25,8.965735112940323095e-33,1.418507031164328613e-32,1.839656887961453202e-23,4.385034517553323207e-28,6.158269469999064862e-10,2.174766694545896076e-29,1.409393164497117554e-28,1.331236872301904676e-29,1.144575650409311546e-30,7.365825470659411215e-27,1.659721342414250902e-25,3.807876036099087349e-27,3.712517460509794231e-27,7.566568051633695536e-33,9.529650430160013120e-29,2.779114187996795779e-30,6.066005592297305613e-30,1.917099211374669715e-24,1.202139168508317627e-28,4.434455922017913959e-32,6.592490309858523763e-32,3.657557780882527042e-31,1.214377731992624748e-25,5.558423245812045711e-28,3.531430820805938392e-27,4.305764059836035039e-25,2.742475144816795694e-32,1.216136209152525451e-29
7.583459407636674803e-25,1.577305658221696934e-27,1.159645454482496226e-28,5.013944365465647032e-28,1.205854560050088798e-13,1.486376225345459950e-29,6.264421061551431153e-30,3.878612805679542220e-28,1.329707926439971115e-32,5.313086962513376767e-31,8.580804777607121946e-30,3.787405231663389708e-22,8.310775219981285746e-32,4.628820159300693177e-30,7.823233127463295608e-29,1.756965801185963458e-27,2.067177310938546828e-32,1.878969760313579238e-27,1.286240778872893327e-31,5.671990722278086616e-31,1.546698509577549139e-29,1.231096316289222785e-26,1.206599822847761886e-32,1.811257579083901868e-29,4.776545805298514682e-28,3.876442958324153584e-29,2.737337779423263254e-27,3.440367726370660272e-30,1.052749200502164803e-27,1.802031690153533817e-32,1.292896910619750636e-32,7.359467012545413994e-32,6.264562565356886965e-28,3.120007085038569806e-26,1.056380542587184715e-31,1.353501901700234680e-27,1.141263880002928635e-28,2.295468474834056435e-32,2.657938060508310363e-26,5.248128300078052920e-28,3.545405354324950667e-30,0.000000000000000000e+00,2.862819824952481462e-28,4.456064766145135206e-27,8.292706653879343514e-28,3.146057630717272162e-32,5.305629411506714409e-33,2.934320208569637781e-26,5.516414187504680877e-32,2.038159350807290251e-28,2.942206568011871560e-27,1.774262042196309244e-29,1.590897097005403092e-28,1.370915088134934118e-25,1.934349087583901763e-30,5.945197205489877988e-29,1.013395564401556815e-31,1.150626684913662859e-31,6.639800422358622587e-30,3.082393914725494836e-28,3.983968142307294426e-29,2.969251255891402980e-13,1.434760230480848482e-27,4.994190248880991566e-31,1.765333344684672352e-29,1.898956978913881568e-32,1.309921537215699048e-31,2.042531709093435534e-28,5.959385896926930241e-33,2.673202581151223346e-32,4.347956965340997096e-28,5.463358349181070660e-32,9.720730978095864940e-33,2.293285411067424241e-29,7.730946650916355281e-32,1.289752828727658158e-32,1.237464900504102539e-26,4.573044819475783537e-28,1.607863120156650230e-27,1.450278720064299825e-32,2.386893070148976178e-32,5.220698802578328916e-32,1.374149108276704825e-29,1.170504860652605440e-29,1.467622497177570957e-32,2.864807240135461099e-28,2.288701900154617721e-26,4.622128546762300654e-31,2.405825466870196419e-32,8.146279527755390623e-33,6.883659016653360894e-30,1.246123472954648035e-27,9.732446345643566720e-27,1.375999519768087912e-25,1.070872038244282761e-30,2.065587540501762090e-29,7.101496279703305018e-30,2.769625581397717513e-30,1.425401042941222601e-29,2.121902820906305405e-29,5.276939593634110674e-30,2.416799967671024675e-29,1.731927485683805049e-28,1.369165308176958001e-31,1.233292789038633569e-32,3.344879695877479436e-32,5.143062054457536530e-29,8.865733727004593908e-27,9.566366606909198127e-32,4.833122658714468366e-28,2.602054684575996973e-23,9.817771682391510689e-29,2.198639035974273033e-32,1.706845079773855658e-28,2.237403212364302001e-29,9.186882231510989693e-30,1.827830321339995990e-30,4.253877937319159341e-30,1.318016966003219362e-29,4.887632591367635911e-31,6.322787418886376623e-31,4.659077909290542166e-31,4.007510620411227485e-28,7.779342892393492909e-33,5.598644580755943473e-28,6.780919342182353999e-30,2.667750426802451011e-28,4.151717804748921324e-22,1.756088144338741995e-32,6.571984178234413730e-29,3.196432713465488779e-28,1.380154043696816714e-31,6.426568734046460498e-33,4.460984386917202311e-30,5.505537069118017131e-28,1.248277350451276596e-13,5.387012630099797369e-28,3.595179466713938838e-32,2.241848135359275786e-28,6.162326384587268822e-30,1.233881822291828331e-29,1.093806677622821400e-24,1.480067506167090701e-30,1.272865300823231092e-27,1.995907148656092433e-29,2.602363383310388773e-28,1.510119495888121724e-30,1.645740670518972461e-25,9.889901348260998919e-31,2.579027550011728012e-28,1.089259497366781165e-30,1.121915821193010118e-31,1.007282788587005515e-29,4.380394358470792720e-28,5.445680020383813506e-29,2.100934359583066055e-28,5.531055349632217787e-33,1.421425076663164340e-05,1.723055326415590179e-24,1.795869971987675737e-30,4.802777396729626549e-30,1.426318522271490628e-30,1.101133892083845737e-30,3.178729385802971795e-28,6.122076563287871099e-29,8.990217025317384544e-29,1.416164704244213312e-27,5.427919724032938802e-29,1.089192857566097961e-27,1.497416055323343861e-31,2.680405858188756909e-29,6.145995068494634534e-32,4.352393093418142195e-31,2.040677330314617684e-24,1.743888840017430445e-28,3.107341854536103825e-24,5.168419051409196646e-28,5.455651210500319184e-29,1.436743848753507861e-31,5.731102452465635232e-30,4.912888215070111860e-32,1.409117822038318124e-27,1.746267115652591497e-31,8.665453090861858737e-33,1.137117430861284710e-32,9.265872875321544389e-32,1.403024419146393028e-26,2.448848009643908698e-28,5.360162857239940085e-25,1.212373575137376274e-26,7.179296321002826148e-33,6.058062646582958970e-32
7.791892821550957454e-27,3.698012401945761553e-19,1.759337374819241183e-30,7.865249396838477781e-18,5.619621813352694112e-30,8.170891164911410691e-27,5.842012320347593304e-27,1.811348941978404229e-26,1.790946305552034033e-29,5.006093880673382991e-27,5.740716907996984988e-27,8.435460880352810049e-26,7.653633266491677722e-26,1.960105437319252882e-27,2.408665073288808745e-18,3.478024373576583094e-23,9.660503022298817937e-30,8.257599930243789981e-26,7.565458857417878420e-26,2.620463191616031915e-27,1.169506282529896618e-26,5.816585302021088625e-24,1.844178809608858381e-29,9.956882251235374698e-27,9.639790411580715676e-24,2.866979913277908952e-26,1.148644538525609357e-22,2.122277512462611921e-25,5.889301283612233898e-19,5.331090392228593816e-29,2.524584817486492739e-29,7.142141321534965369e-26,1.730040210806739032e-24,4.892140444458511688e-24,1.184333545730085525e-25,6.683950094483193171e-30,1.789198260933734611e-22,4.845806881386102357e-29,3.189854955939197502e-23,2.145465796163446070e-24,3.005836528505088517e-25,2.862819824952481462e-28,0.000000000000000000e+00,3.100134334055384084e-29,3.540384515503959329e-29,3.182599670603954002e-28,6.124563231178712650e-30,3.219954412531584522e-24,1.129748591280252107e-26,9.094305235093109440e-25,1.609331242694565484e-22,4.317716229390282990e-29,3.329638172750448483e-22,4.327502696428751699e-25,1.373784074053450237e-26,1.255978716288693398e-25,8.926318009066609582e-29,3.137826290884371825e-21,4.044776689800149874e-27,7.751063318845373534e-25,2.932357502170209983e-26,4.920043796471824644e-30,1.132632979707231359e-23,5.757264020589720137e-27,9.997838129250377874e-27,8.523977525583880110e-30,5.036195038611234317e-21,4.498157071217549372e-25,5.906011644203322153e-30,2.650960441025751907e-28,1.285902773480618970e-29,1.683416857170638090e-26,1.425112519792260792e-29,1.142241276970165869e-22,2.692621149940008498e-26,2.562029959613701610e-29,2.899852497769520538e-24,1.013949217927567330e-24,7.624814860950291047e-26,3.098077694626808645e-29,4.225475858152346808e-29,1.117767187852798625e-26,8.863724937594654025e-27,1.568785469894669146e-26,6.863406458752341351e-30,1.293500464643480400e-26,2.011645868585610295e-23,2.989372394088772182e-28,7.506260230526248292e-29,8.308628409058574030e-30,4.157414002075555032e-27,6.437815309456470062e-30,2.880480343599680121e-24,4.999012478293200784e-25,1.283999465937813374e-27,9.524393264634005458e-23,6.566357780168096901e-27,3.074117502407608958e-26,9.060699456484568332e-27,2.962505672462243803e-26,6.777784571761082845e-27,1.792642692713259884e-22,9.871444403121885598e-15,2.016491609959700877e-21,2.153540881583656984e-29,9.975819028306441420e-29,6.636929423240086412e-29,3.492989619655346780e-24,8.913813324296855830e-29,8.844523742338278836e-24,6.401288767892313912e-26,1.272917236856762771e-30,3.393466713919411153e-29,3.675878633309054148e-25,1.781234008646977989e-22,5.695274146501132349e-27,1.300406673064345718e-26,2.499777222632158007e-25,9.164903430095549319e-27,2.779292811370623998e-28,2.503659095382976652e-27,2.636661047358065359e-28,9.347202141853925272e-21,8.701399572294857838e-30,1.305047768209565851e-29,8.317499078936683635e-27,1.454614835607273383e-26,8.886009301772907016e-26,8.296511393336668155e-30,3.366926049716128716e-18,1.975295659809939416e-18,1.123396117673265118e-28,7.088822810889198826e-30,8.247340705084718495e-29,1.571649148249262641e-17,3.979993169405310550e-30,1.894783569645446470e-24,3.174480614444666107e-28,1.368489610727903364e-08,2.627309570753680280e-27,7.635102957142574213e-27,2.126239188108630139e-26,8.903385281025407720e-27,6.018712628123181588e-18,5.129489810651492427e-29,1.973093264006557441e-25,1.587110449743590423e-26,1.676157436677469009e-25,1.295861299391202613e-27,2.116899107685314450e-18,1.332301913870739243e-27,3.576541135057336866e-21,2.974441807960854418e-28,7.577238511555549893e-25,8.039366785111781131e-31,1.790992266286570536e-25,6.330488474073427410e-30,2.433594531354857034e-28,2.451745312592902457e-26,1.604536061133642734e-26,6.668638343268809818e-27,9.846934157986912526e-27,1.356300999244883409e-27,8.111831814539822757e-21,7.811949750160579089e-31,1.244293418011809450e-30,1.011061859284261721e-23,1.090930931908228166e-25,3.567242562438986085e-23,4.114861643512326076e-26,2.939693882940812568e-26,2.521990626756896189e-26,2.514539334270240257e-28,4.153295812494227070e-25,8.400301756053467854e-15,2.276759648752856249e-25,8.181365958993594946e-25,7.122578443951842886e-31,2.610864270167169623e-21,1.007579222947888468e-28,1.007833035304626006e-26,2.487577386663634571e-18,4.366058882241760249e-21,1.191037702000914895e-29,1.521810077741625760e-29,9.006622038256222577e-29,2.782557772153785794e-24,1.524858198759920872e-26,2.029255159725135575e-25,5.731823718300335234e-24,7.422452309052000520e-30,2.582081295244867822e-26
7.413157800831837428e-27,2.063225228399941335e-28,1.012262543529022925e-30,5.762768537416600712e-29,1.834689351479670288e-28,1.251474050578241032e-30,5.661092638499839112e-31,9.203834207051165088e-29,1.141784436355495644e-33,7.265786692698944668e-32,6.564006313574459004e-31,3.771030233698019738e-25,8.314718998169574558e-33,3.683204400546192447e-31,8.421901501112445602e-30,2.169022046571881858e-28,1.665084952754079625e-33,3.883965079269302104e-28,1.212987071222610638e-32,8.153082682965174638e-32,1.207113447305074594e-30,1.915883119029062505e-27,1.064129234783293322e-33,1.482568726559639417e-30,4.596226059559351663e-29,3.376372687807617305e-30,2.850154307045038153e-28,4.669114444543710302e-31,1.199985582527447829e-28,1.746991371504049131e-33,1.184825914222150575e-33,6.972929227762361631e-33,5.029010038399176946e-29,5.887510725376958076e-27,9.849191751277110412e-33,3.994041719458903961e-01,1.189167424637587928e-29,1.882937917131445094e-33,3.756102760641109091e-27,4.862850413394913586e-29,3.735464165334263096e-31,4.456064766145135206e-27,3.100134334055384084e-29,0.000000000000000000e+00,1.264831246919208024e-24,3.000950816792514901e-33,4.456510927238575703e-34,6.667611154829023092e-27,5.854973047836187495e-33,2.712772347587721414e-29,3.143923717074144623e-28,7.226647489899420203e-30,1.472547461486733004e-29,5.726115977136536653e-26,1.764690762032984597e-31,5.470204540769399299e-30,8.340395002366516648e-33,1.416819623053322555e-32,5.681639378145525696e-31,4.357477647833119353e-29,3.262719277771034635e-30,9.267191050675957729e-29,2.183934017932433133e-28,6.695609625138367215e-32,1.401570829906237097e-30,1.514967575431674189e-33,1.448765498072670902e-32,1.765354724636534910e-29,5.171410828520307067e-34,2.740758930216205000e-33,1.056937067799026613e-24,5.565589163761923521e-33,8.357039517684682372e-34,2.510644631503158959e-30,7.437372646600275883e-33,1.106750551804136647e-33,2.243009121328968401e-27,3.368618468036995576e-29,3.449237311639249144e-28,1.234523843021556915e-33,2.149351206060622027e-33,5.726854313839825823e-33,1.117569133395617379e-30,1.122651091004342027e-30,1.135792996644109153e-33,6.204199423564842670e-29,3.979160311203625522e-27,3.446530046346087774e-32,2.180578465627061232e-33,6.745437290614959206e-34,5.938649464162730789e-31,3.994531092731520849e-01,1.708829349806178239e-27,5.879204594081631280e-26,9.131925683478799649e-32,2.278513729483313621e-30,6.013626337596968464e-31,2.746171377550256659e-31,1.213042116666506532e-30,2.011725912745113911e-30,4.260685316125269202e-31,2.466993470585907651e-30,2.134855797449422574e-29,1.664441302304730238e-32,1.095986883729917260e-33,2.836420802122931238e-33,2.668986418533762579e-29,1.715438067738688167e-27,7.894920875379216317e-33,4.469639534702673743e-29,2.160631623192922854e-20,8.984317945548569135e-31,1.855654048202856827e-33,1.423506899728787958e-29,2.605952300724493464e-30,7.801261225538915640e-31,1.840728075311504963e-31,5.651386118085356398e-31,1.075373900299297467e-30,3.805810218568260073e-32,9.464408271554355901e-32,3.601842972281149248e-32,4.189745611873799188e-29,6.063104292377356808e-34,1.355774853541628027e-24,5.836467862998155993e-31,5.314136638932831240e-29,7.940233128933852302e-21,1.278129583142910425e-33,7.878678379222673249e-30,3.464623543792862812e-29,1.223836241963367720e-32,5.497707641446795894e-34,1.102214165220472481e-30,5.969417197342178883e-29,9.939002808418825427e-29,4.850654637668876629e-29,3.255714558475459683e-33,2.324919565282215121e-29,4.956018964046470283e-31,9.847102505963590436e-31,4.229678758905798553e-21,1.919520319986427880e-31,1.616044387965585035e-28,7.495763699457003256e-30,2.172514202147839194e-29,1.433255041013571143e-31,7.391105293003692983e-26,8.539653784611703478e-32,3.056767367955578710e-29,8.464340930882802758e-32,1.287173519223212561e-32,2.478159321635794202e-30,3.911993590531316319e-29,5.031910521773571414e-31,1.862196111204814374e-29,4.471802795141057482e-34,3.591545052622698778e-27,7.027058694413307245e-21,1.688503033648808030e-31,3.828641000254417861e-31,1.417311055816918169e-31,1.029518375405200046e-31,3.694621134384052592e-29,4.778918582727271249e-31,7.124819661899321473e-31,2.407649321869205707e-28,4.523538424077339024e-30,1.508231458131920202e-28,1.476777901647677376e-32,2.050961209664887073e-30,5.813396871215613295e-33,3.215810335351192614e-32,5.789581349579046502e-23,2.005886215384857533e-29,1.592116620863672981e-22,4.695193838458609409e-29,4.135557461142951595e-31,1.609436513295866778e-32,1.513182775413165228e-30,4.882402965743308716e-33,1.936009020573499797e-28,2.125144663642983952e-32,7.648013342315527674e-34,9.041422542744847364e-34,8.609710961012356032e-33,2.605921629712833854e-27,5.198982816515859750e-29,6.143617222390470662e-25,2.047376348275204697e-27,6.521152407228322618e-34,5.661317571818408093e-33
2.585803904323222366e-27,2.623552717547000970e-28,3.475731083174013059e-31,6.326654966734385872e-29,3.665289595797085369e-29,1.256669172455543008e-30,5.331157871293554646e-31,1.601228891251066519e-28,1.053499201128574268e-33,9.750969870009694703e-32,6.729763664140714613e-31,8.396153221243176019e-26,9.388832387111006681e-33,3.574166146317089450e-31,9.946260445383403821e-30,2.860650258574065646e-28,1.573292644330764012e-33,6.813677566719093321e-28,1.331911137377753014e-32,1.234107343127623167e-31,1.133884231924597130e-30,3.080061389438762743e-27,1.039514678083667148e-33,1.602995921056949371e-30,4.832169109589606448e-29,3.138899295799197920e-30,3.025604331010411840e-28,6.032401450739016392e-31,1.527276510794275151e-28,1.759042017480452102e-33,1.134097791881313323e-33,8.229439643689525615e-33,5.066929257904846991e-29,1.038714348791792968e-26,1.043728982371699960e-32,2.390592535079613741e-26,1.278025159732384216e-29,1.866227774869042985e-33,5.894071448798439802e-27,4.841973744376605369e-29,5.126415066119686799e-31,8.292706653879343514e-28,3.540384515503959329e-29,1.264831246919208024e-24,0.000000000000000000e+00,3.366389856977006433e-33,4.446816820286340594e-34,1.115542050671746399e-26,5.914258720010171655e-33,3.983776085075627019e-29,3.168159266913575153e-28,1.710889219760621095e-29,1.669410283212252212e-29,1.372617434602834268e-25,1.815201189760249519e-31,5.259149740075205723e-30,8.298697300027528362e-33,1.694080248703213941e-32,5.839489063243556988e-31,6.138221554679697910e-29,3.227270940798674061e-30,1.676911958141046644e-29,2.828953377993520532e-28,9.766759420074156788e-32,1.350860722537942822e-30,1.507411657268118122e-33,1.744959703216265739e-32,1.824624100076403688e-29,4.976506746243390041e-34,2.959444265002492951e-33,3.997736356955908787e-01,5.857608085069220070e-33,7.956354626484752296e-34,2.748215601129963531e-30,7.689416879699771089e-33,1.063953174837878946e-33,3.669009111579725555e-27,3.385412693437951103e-29,6.477988526171324823e-28,1.172536122570461668e-33,1.993098257184150503e-33,5.948869946611362964e-33,1.048481468821824269e-30,1.075919538769851779e-30,1.141264655358226222e-33,1.148969715110219703e-28,6.003120671786360870e-27,3.264859092333089599e-32,2.183882723010409693e-33,6.380026995838066720e-34,6.033639627058061297e-31,2.620480199327680053e-26,2.961685523789015273e-27,1.431078364007353849e-25,9.577814956309431681e-32,2.578179242091105717e-30,5.584372718474809872e-31,2.850924755082355039e-31,1.198210658836111186e-30,1.899161929952025013e-30,4.511274501676377515e-31,2.939174948412374734e-30,2.482771395975029820e-29,1.677684188382987221e-32,1.017227557283240616e-33,2.830782436726431344e-33,6.388200839250724881e-29,2.740069928411620045e-27,7.595005569659014000e-33,4.626295951635032008e-29,9.101960207611743101e-23,3.318423714089720605e-31,1.765825595692531994e-33,1.440899458892259039e-29,2.682706667756978387e-30,7.822828533972341606e-31,1.724150143341727537e-31,7.225453398425375438e-31,1.028564962697442850e-30,3.616469002999866673e-32,1.425428309668932661e-31,3.614072398839297706e-32,4.667127412998071316e-29,6.141608814261871211e-34,3.995660091155034954e-01,5.714398254622650732e-31,1.053168109005514123e-28,2.376214958850356492e-23,1.349447620297401757e-33,9.076061733003794928e-30,3.920686786538074025e-29,1.202856594327700943e-32,5.121268611110934576e-34,2.248964026719653034e-30,6.691552757879515289e-29,1.902477304907339201e-29,4.895627790648417869e-29,3.507411546309995193e-33,2.844837562700720354e-29,5.104081088527203253e-31,1.019088965479292276e-30,2.090854493379492989e-18,2.670162493248396792e-31,2.025997930973432425e-28,1.755069855215619500e-29,2.230077628885078948e-29,1.488253702919360128e-31,1.712991969186645262e-25,8.432436760729014817e-32,3.573002665771564101e-29,8.459378182350923411e-32,1.493987897852006474e-32,4.711843907277324387e-30,4.183356394744316193e-29,1.773538415033869061e-31,1.726371530609990967e-29,4.391877900803831625e-34,6.539706389783263979e-28,1.672322357511578511e-18,1.741649593745517910e-31,3.979534816237917465e-31,1.563182673866533433e-31,1.004842311449338258e-31,4.209420948450316280e-29,1.713529210456536289e-31,2.570621484487404491e-31,3.280097977469015253e-28,4.487714766146639120e-30,1.961790892539076234e-28,1.540963123851900007e-32,2.214457075010468223e-30,6.653303092073229468e-33,2.987731837567612944e-32,1.881458338335906013e-21,2.524411574566323772e-29,2.343346977254647546e-21,4.977903755223003336e-29,1.378399901895424842e-31,1.824602657601902677e-32,2.903039328473950828e-30,5.242950637392747809e-33,2.248561310032956385e-28,2.287116646035403673e-32,7.113048309522421395e-34,9.342617405939019579e-34,8.103507677096921146e-33,4.582301458721041471e-27,9.514162906700569172e-29,1.483913359152792313e-24,3.105809332614230504e-27,6.389821945526486106e-34,6.780978820408455225e-33
1.168862490639187683e-30,9.429894507742619685e-28,2.419428328983035108e-34,1.621791274315801723e-27,5.950336411309970751e-34,5.904511119869872196e-29,9.493157185555744365e-29,7.401346554294219533e-31,5.161294811416559943e-31,3.663494084961318395e-32,5.396428058073839008e-29,9.982431665880544110e-30,1.641344830158044073e-30,1.160494129932295103e-29,2.201515735847796525e-28,2.009612247560764370e-28,5.725044303493548077e-32,2.907604021307364784e-30,3.607112727451797573e-30,3.203935202618651663e-32,8.836909048862640682e-29,1.298760538038578356e-28,8.114131737566394344e-31,1.036370319716370221e-28,1.586173557432341731e-21,2.607961052048747125e-28,3.905403169511525043e-23,7.159766397555254141e-31,9.074814505761730439e-28,8.127486394105299189e-30,1.148561684080405071e-30,1.759204956917832156e-30,1.218452514174500472e-25,1.671862015508651045e-28,1.536475264093678846e-30,8.674904092460340105e-34,1.524569628395624884e-27,2.765552695980308685e-30,4.877107909335184436e-28,9.247231756728505716e-25,9.047455263140060876e-31,3.146057630717272162e-32,3.182599670603954002e-28,3.000950816792514901e-33,3.366389856977006433e-33,0.000000000000000000e+00,1.239263527178376525e-31,1.018532593580209070e-28,4.789710547767807153e-30,8.887401688843601900e-30,9.115347897704494958e-24,2.390614012169574017e-33,1.970428309956821611e-27,2.302847083592124770e-29,2.091738587637321527e-21,7.564722154109001329e-27,1.789617445821697556e-30,4.415669652389068728e-31,4.244828480730283073e-29,9.063176639479783371e-30,3.033688920428838956e-28,5.321500695956000247e-34,9.238968855086481685e-29,4.264701701723613849e-32,7.241092290772103591e-29,4.680020232349811626e-32,4.846267531644202196e-31,4.638160910768730218e-26,1.249441429063842359e-31,4.033151417045722220e-01,1.086377256311409007e-33,2.838428073516721900e-30,3.589974731912027934e-31,2.667750038622720561e-28,3.288793298120084033e-30,1.376633232239780821e-30,6.682595328432317407e-29,7.858926073463826640e-26,2.531839457991827614e-30,1.280939423670087047e-30,1.417477731909477026e-30,7.109838292511271691e-30,7.120451891177884371e-29,4.336302474620699335e-28,3.673060413368734113e-32,5.498110204535508385e-31,3.391864226466269692e-28,1.953772190732150237e-30,8.879053045719326178e-30,1.640060780502964556e-31,4.301788853896627813e-29,8.063530986346657144e-34,8.819196166522409429e-29,2.993952718962405227e-29,4.312724148842601437e-29,3.123006974550873492e-28,1.073938392759940830e-28,3.427170520336468522e-13,8.073806453341596825e-29,6.550193891222777763e-28,2.814992426568204310e-28,2.527124720010979659e-28,3.842127681282090228e-28,3.501762405962029559e-31,1.019049553453823275e-30,1.086399644652686421e-29,4.285486186429631153e-33,9.564376672820515153e-29,1.642918407277025757e-30,1.687428931580601789e-21,7.132855123600036233e-30,2.068026259926131766e-34,1.151364365715872322e-30,3.007832940257705761e-26,2.505143602406796255e-28,6.197697964802017197e-29,4.249986821326071028e-22,1.018008489443008921e-30,7.335822647625981038e-29,1.942187838251319312e-30,3.119183570583330010e-32,1.926679759802870563e-30,2.586580798288898344e-27,2.173048635364331942e-31,1.131044414974409538e-33,1.840397219996967953e-28,5.951447104614148404e-31,1.054870699237495916e-29,4.579661434480223074e-32,1.637856042245815972e-28,1.727710820948888573e-27,2.440462583109221329e-30,1.585237627741856743e-31,4.182210735317808107e-33,1.176525321707732308e-27,4.421081387544858780e-34,5.163740130743170176e-25,3.984272217753251355e-01,3.549169637792850426e-28,1.689741496742388492e-29,6.389717416699707546e-29,2.263467472502051362e-30,7.742850401784476008e-32,1.576451012037623955e-27,2.647818631285455815e-33,2.990837674831229392e-27,3.902835923356403865e-13,9.631250747565811701e-30,3.982957382197942892e-29,1.659953184393130719e-27,3.956737351452918636e-29,4.642090692768998331e-31,1.361932856580170388e-32,5.247879291991949201e-26,1.293258505479371847e-34,1.940360061327957066e-27,1.425757646659888233e-31,2.720492065872505647e-32,2.384032367131692509e-30,1.061838666984323653e-21,2.441670554379774009e-28,7.787571609515715686e-22,4.725718757557294511e-29,4.090020910314342234e-27,1.263730289589008828e-34,1.829576409040451148e-34,9.851965293023156455e-29,7.430803969698682688e-27,1.415905576156178803e-28,1.057841455902282427e-29,9.375288554343561221e-28,2.176546126543985160e-30,1.491350219227999338e-30,3.888188991225128541e-29,4.980838132100355475e-28,2.565465769413229565e-29,5.862723687367614465e-26,9.450063586794669508e-35,2.746753066237630519e-31,4.328043220018586177e-33,5.261272949867846326e-30,1.319738853646281100e-27,3.040081710217198430e-31,3.401234559215478647e-31,6.470023604063179950e-31,1.730099187073021649e-30,7.615234153293969245e-29,5.834452962327221813e-31,1.402124576931535651e-29,1.145429023894635902e-28,1.563856584596679184e-31,3.002235426129291114e-30
1.801554980620578285e-31,1.878917771706293173e-29,4.675518594477526385e-35,2.403455502861989872e-29,1.037384416917458331e-34,1.077194076074267511e-27,2.658931497322183803e-25,5.452313438997180659e-32,1.601763719757647459e-26,1.689017671513147353e-33,1.949412592701797505e-27,1.956813529764815099e-30,1.643648315438380570e-32,8.688087779512809739e-29,3.058782216806411882e-30,7.836067856017905873e-30,6.187867049245331072e-31,2.402026682120715792e-31,2.823775063915639111e-32,1.315291648771938156e-33,4.780269987450069700e-27,7.272173623779450591e-30,9.582513923726425259e-28,1.558669445301279206e-27,1.251565561649426920e-27,1.781932239008306090e-26,3.695186914620087500e-27,2.216210243084372244e-32,1.636995154969525987e-29,3.024520768497521366e-30,3.706066165398961437e-29,1.307396810470856407e-32,1.428247426860182640e-25,1.056516675843274030e-29,1.455063288876317907e-32,9.409559171670944499e-35,1.731960898403769911e-29,2.206046208104936197e-29,2.607418947643798067e-29,2.712032976383446778e-26,2.424465021306472782e-32,5.305629411506714409e-33,6.124563231178712650e-30,4.456510927238575703e-34,4.446816820286340594e-34,1.239263527178376525e-31,0.000000000000000000e+00,8.006101892341888797e-30,2.916243110240420377e-32,4.424690776082398511e-31,4.501477536217051568e-27,2.949569863830430044e-34,1.928644008877113045e-29,2.575766217256155414e-30,1.499435625195978810e-29,6.488740650879110917e-26,1.874274157191014006e-27,5.596921066242189564e-33,1.127737384087757893e-27,4.834309705538276705e-31,1.623314433469519748e-26,9.287816381922411733e-35,3.899693620050421322e-30,1.707571695684113040e-33,1.996396295817103839e-27,4.761148042251191634e-31,5.639691086976420377e-33,8.323739985384159975e-26,3.395997116171162189e-27,1.276196558814364458e-31,1.392567348606096336e-34,2.128823234510147716e-32,1.851793304268805359e-26,2.605436302752362761e-30,2.299237013422218262e-32,1.633033467530301872e-29,4.979820927752013636e-30,1.721730407378898521e-25,2.408958581339019175e-31,2.184793204731776612e-29,3.943439227456366272e-28,2.622624482330179905e-32,2.187811077561696143e-27,4.345183899803068890e-23,3.989570866914952787e-31,4.150045192135494772e-32,2.044816278273730880e-29,6.106911446092341988e-29,3.786323822664494653e-30,1.184976042710291438e-26,1.150290917823543890e-27,9.885687102264930042e-35,4.739525928395071344e-30,2.777264040343052808e-30,1.301891759107280235e-24,2.766210373763544649e-30,4.078155639263588318e-25,1.594001000179746546e-29,2.407468522802008542e-27,3.979462317893696341e-22,1.722160976345639056e-24,2.393262138635806913e-30,4.802384749287869252e-30,5.625116335710279187e-33,4.483944521151056841e-29,5.909680080272541757e-30,4.393713365069055804e-34,5.257448898845859196e-30,3.141732916480846821e-27,1.186580449793801054e-27,1.015388355628729794e-30,3.443711222500732436e-35,2.976060730582799124e-27,1.068117109186233364e-25,2.656692011777776638e-30,2.174178475413110748e-27,2.589141470121969828e-29,2.646123078601981033e-32,2.908236704111168075e-27,4.060718781853862722e-29,1.219082848500386885e-33,4.016275197639233905e-29,2.995755191652496027e-29,2.879880245070335909e-01,1.587128232040196741e-34,7.917781594904922989e-17,4.768913469443690412e-32,1.424964237991584481e-30,5.260924845771817070e-31,2.555611528887156042e-30,1.854030140318098271e-29,2.755577417776269005e-27,2.524527438747352637e-01,3.125489461740094114e-34,1.772598714562292543e-29,8.331908119614307333e-35,3.104720294535451028e-26,1.865385919873463047e-31,4.915738437368159274e-30,1.142261943230119201e-28,1.679352028337473180e-27,2.602976918517747005e-31,3.605949081607325580e-33,2.528614926893139237e-29,3.267439087003246286e-34,5.637997260030334899e-25,6.463121514175363967e-30,1.468445156705125106e-30,2.432494964367524558e-24,1.722650474664416326e-29,2.582062232043636300e-24,4.933211775445898339e-33,1.021061092776783119e-33,7.706650878155029878e-25,2.280869317435661530e-35,3.327771024919429550e-25,2.516048540847257153e-01,4.857798046339792400e-33,3.216589737416625083e-31,1.040101045717933723e-29,9.253807697413052791e-25,1.684093779579335523e-29,1.199678498828147075e-24,3.717079551422840039e-29,2.053799347167021482e-35,3.071195150985378951e-35,3.943029492869773979e-30,5.505418146809697732e-26,5.336203986102314236e-30,5.780991440834902508e-32,1.215059582842294524e-17,1.721013813176024727e-32,4.094585574736996986e-29,3.879966748136794420e-30,5.121885384158288345e-30,2.459708149901133438e-30,3.118429332299377754e-24,2.074564462792231102e-35,4.929540725192159733e-33,3.718875366646638702e-34,2.553383875415010996e-32,2.421400993736588815e-29,5.956879653917771246e-33,9.557208280591164670e-27,9.653328645093507356e-28,3.029756735483981156e-27,5.218951926520381662e-30,4.517990928605731570e-32,1.868843567734850761e-30,7.417553470590998745e-30,3.725448572950450459e-27,1.887160098564486258e-32
6.978413788773725393e-25,3.613267556792041725e-23,1.288799441505070740e-28,4.184800620240052777e-24,6.332569546579958734e-28,1.893887402863441493e-26,9.290509366337274661e-27,1.638024023034118574e-18,2.178961981705107608e-29,4.533598552689757183e-26,9.848346883799891181e-27,7.100172823571218350e-24,4.176784066597777632e-28,5.140189562222771084e-27,6.763971631529816538e-25,9.616464084875531698e-23,2.278279816935717876e-29,4.323695153968909760e-18,5.783450005519815885e-28,8.638920815684254064e-26,1.808539788377527300e-26,1.073957602664947687e-19,2.181483647639182774e-29,2.311010734350208965e-26,1.576435229123378340e-24,5.101922692095706754e-26,1.056806887713024743e-23,1.380590079162484916e-25,1.567890577434474112e-23,4.439807816127522315e-29,2.306329471679127102e-29,4.168488362675435632e-28,1.053735686416492380e-24,6.491991713860776435e-11,4.859692925599712261e-28,1.212191356607043693e-27,6.231142140020395318e-25,3.829580175895842216e-29,3.300438521414946137e-20,1.173943305725898292e-24,1.011497785468324748e-25,2.934320208569637781e-26,3.219954412531584522e-24,6.667611154829023092e-27,1.115542050671746399e-26,1.018532593580209070e-28,8.006101892341888797e-30,0.000000000000000000e+00,2.439647258289558020e-28,2.549813460444501581e-23,1.121765756616029047e-23,5.667623127488678283e-26,8.257396791284422962e-25,1.136227135885262698e-21,5.047255782119515578e-27,1.248116149907279878e-25,1.404895845504317786e-28,1.289475944213298223e-27,8.787655182874876538e-27,6.032900226162191830e-23,5.221971470730225644e-26,5.025768237041957125e-28,1.678127079337681301e-22,4.069987098093736350e-26,2.110123603486288252e-26,2.175844591637307907e-29,1.346315899558381638e-27,4.188607699034006251e-25,8.377058005353039399e-30,9.733496098418834404e-29,2.954868576469482621e-27,2.464007834248694348e-28,1.488554211067006613e-29,1.522319267804249694e-25,3.315903010127704663e-28,2.222489667856150268e-29,5.442186251688246295e-19,7.570377230020083676e-25,4.256053035375809256e-18,2.452521078518076673e-29,4.457236205069928996e-29,2.615078865059409152e-28,1.559538813989079497e-26,2.262576139430363619e-26,1.651708302461343341e-29,1.130866309747261075e-18,9.969127185607869351e-20,4.828705224337717993e-28,4.837935311166742432e-29,1.083904739567966973e-29,9.038671127934021424e-27,1.293325639940412878e-27,2.279636340998277434e-19,1.731810365367823942e-21,1.863583803767377375e-27,1.524533511242865912e-25,1.003098580121929353e-26,7.942248643931315998e-27,1.805298890128162588e-26,4.149150477603329170e-26,7.860194578938126068e-27,1.553718398901202528e-25,2.218744330088966117e-24,1.175545898417403197e-27,1.939120434686873096e-29,6.090724459978449266e-29,8.841860510772015332e-26,2.451526561027702677e-19,1.295838032377006371e-28,1.571340196225343959e-24,1.131149561688490525e-23,9.929720437180323527e-29,3.511225628206408599e-29,3.402750696149476645e-25,1.647232042680447489e-25,1.136337945397958086e-26,5.515498185756690202e-27,2.048329788760927931e-25,1.479745266705092288e-26,5.301001554906077713e-28,1.331853805105328026e-25,5.107467406980787100e-28,2.448173630712247922e-24,1.052445118794550042e-29,2.614683099791359925e-27,1.081848504906074473e-26,1.179061297875509575e-18,1.223851626682146566e-23,1.787358031796596478e-29,7.078383188763040875e-25,2.403748960231950062e-24,2.024996179063971034e-28,8.804303852801787329e-30,9.689811696796713188e-22,4.736282242977050150e-24,5.290079777096756426e-28,1.242596531310647235e-24,1.022563026914267665e-28,2.210223274483096852e-24,7.122428383566496937e-27,1.473680937481129512e-26,5.302030653195488499e-24,1.444318138677638577e-25,1.894124101708566821e-23,6.463689638791883922e-26,3.579708389883767459e-25,4.554906176542987708e-27,1.344461986251348106e-22,1.657450153090510845e-27,2.455118863890908267e-24,1.584294142569559566e-27,1.083877541548239051e-27,8.148478257418738819e-21,7.839753866540818252e-25,6.586587457420282941e-29,3.237530049820658042e-25,7.370795981818473135e-30,2.356243520937310171e-26,5.401322083787492648e-24,5.824415084476594654e-27,7.328405992402236952e-27,4.439973274394229031e-27,2.041510217895920889e-27,2.536956214240635797e-24,5.594324839579106148e-29,8.393029029758771139e-29,2.260883064583342131e-22,1.006338812139885898e-25,6.530886384096843644e-23,6.922746652916864129e-28,3.842498519958180196e-26,2.570210492270007991e-28,4.332919470908182548e-28,2.330617370798695398e-22,1.750445733059977522e-24,9.153623151457317538e-23,1.009528596849707083e-24,4.535688799081453953e-29,1.261706677750555286e-27,8.612013693037612599e-22,2.237300416105670202e-28,2.593441768269583569e-23,1.726439319627159633e-27,1.394311957360148596e-29,1.668990688018841184e-29,1.597951274093306874e-28,1.000260892206046482e-18,1.294493844001011070e-18,1.263049971432044586e-22,1.234819158091833691e-19,1.180907536152429705e-29,2.833513494447211977e-28
1.695200639769341353e-30,1.235120697284859959e-26,4.188844253602683760e-34,1.085141407330285214e-25,1.043416911648273986e-33,2.130580612326253714e-29,2.453704595549093097e-29,1.488103677118993026e-30,8.753485382109937755e-32,1.773746396350428215e-31,1.543524561729867407e-29,1.846109046231512195e-29,9.341905385717721199e-27,3.790376219178353700e-30,1.064294993519406985e-26,9.901790994217595139e-28,2.237749319309676162e-32,6.629605736912657990e-30,7.215174720827532219e-26,8.691563315043291419e-32,3.582032767167690592e-29,3.270228290292066015e-28,9.338276069878533292e-32,2.595003814372652155e-29,2.413199785205758900e-25,9.678389118950849050e-29,6.661609246551711752e-24,4.696844766301991699e-30,1.650250065222494935e-26,4.740300390194793253e-31,1.523050188940870333e-31,6.099600561328150949e-27,1.431276838113472345e-26,3.382545677474171775e-28,5.562476709663110565e-27,1.060119302145905109e-33,4.101837910277456010e-24,3.157714794509355065e-31,1.375093760553441010e-27,2.103391454329472413e-26,5.203063526968690934e-30,5.516414187504680877e-32,1.129748591280252107e-26,5.854973047836187495e-33,5.914258720010171655e-33,4.789710547767807153e-30,2.916243110240420377e-32,2.439647258289558020e-28,0.000000000000000000e+00,3.352481630855646090e-29,2.135674905630196347e-23,5.149261603015352154e-33,2.386857585876319822e-24,5.552426282943149437e-29,2.058871317025587462e-28,8.317745132755925224e-28,3.141463466145957394e-31,1.646464237639578472e-29,1.250544108421028317e-29,3.180780661363963209e-29,8.886538851590672384e-29,9.464021134850562804e-34,3.845809237075067029e-28,1.685286425055339191e-31,2.952940075404305629e-29,1.829644760617119726e-32,1.622372073376198253e-29,2.799278639932616927e-27,2.374250770517649370e-32,4.210249401973263680e-30,1.980196489421357865e-33,1.995050751633657462e-23,7.651497661259132682e-32,9.806471530709958622e-26,1.269605684874025889e-23,1.734175284027014701e-31,1.968292200686704093e-28,6.734244360113224146e-27,6.092164334557129829e-30,2.148479357304897217e-31,2.896375342022052177e-31,4.000105550281816691e-01,2.551169028159923496e-29,8.151212945404395216e-29,1.530224351528269343e-32,1.144294089834454453e-30,1.120441877278941126e-27,8.176080763593729109e-31,6.093099368424697754e-31,3.290059431250898375e-32,1.255925698466194362e-29,1.115810006646922738e-33,1.716549583755395682e-28,5.078214272286800557e-29,6.082422081921085377e-30,1.034461490462334980e-25,2.768295297221349426e-29,5.926788092717032849e-28,2.643542393727170607e-29,1.422916632888761079e-28,3.389156364328534767e-29,6.631165063440397700e-26,8.600581362932417488e-27,2.606988228680356976e-29,1.405761391996003911e-31,7.797200623898684802e-31,8.397925155811137869e-33,2.101417399600670030e-28,3.263810694340224209e-31,2.267321320539151592e-25,1.198732267648237830e-29,2.949312720181868544e-34,1.844360841769080342e-31,2.277009728675414910e-27,7.958790620796716424e-26,1.760060115257304175e-29,2.206285646690809914e-28,5.026354271981451231e-30,2.676382181306005821e-29,7.217558634293756255e-31,8.940651202222180492e-32,6.959501136541576138e-31,5.310679055380690490e-25,3.967462633984833666e-32,2.118432770349574993e-33,3.786537235348458229e-29,1.187279635145069101e-30,1.507553331921767528e-29,1.758530121246917804e-32,6.842966154143965382e-27,1.150649228674721721e-25,4.227570549979995902e-31,3.236846264120563640e-32,7.498588244749311401e-33,6.161967335849741461e-26,9.442988439311818279e-34,1.782060985368969391e-26,4.683263499178871930e-30,9.021122379092841636e-27,5.521229941267713164e-30,2.034973696566642345e-29,3.356108179851964524e-30,2.847403821326575063e-31,3.542007873169604270e-26,5.778393363159804503e-33,6.788824848268831040e-28,2.700802054687760660e-28,2.333979181304825074e-29,5.911587696784558018e-30,8.198419175195963775e-26,5.938551914976235671e-30,1.642433763126254651e-29,2.592097793452556000e-32,4.426344274372562574e-27,2.008981683500226622e-34,6.565178377909234225e-28,2.884438288393366851e-32,5.147689495019618185e-32,4.168600504605931627e-30,2.963637448752018847e-28,3.336349883125522429e-29,1.559191193995992989e-28,7.229591319282949362e-30,5.240123883924166120e-25,1.839155498285419867e-34,2.709903111997693850e-34,4.182268153743405312e-28,7.154601740477905923e-28,9.139604870024250306e-28,3.099734571851925134e-22,1.262465200465455619e-28,1.505383362985194183e-25,6.499642122721280547e-31,5.506289255645796267e-29,1.061557756234424148e-26,3.760962831204571552e-29,4.090323194041214472e-27,1.798231784950673805e-34,1.627560266225541844e-29,8.558810827941361054e-33,3.999550493868190837e-01,2.813505706179028931e-26,1.580233928108922417e-29,6.116527714470662293e-32,7.789259554228604728e-32,3.354611913134584665e-31,1.817078497475931571e-28,1.297025201276564575e-30,2.922239953606090000e-29,3.128606416560465068e-28,3.210306036561300659e-32,1.670698924761690935e-25
4.969877684322505208e-27,1.803316539838923174e-23,9.753493179774434426e-31,9.082988970814356623e-25,4.353506119378532747e-30,7.625975323531172028e-28,4.412275446754814069e-28,1.187494864588588534e-25,1.174623243911092704e-30,5.375362660145753457e-22,4.925721874491039059e-28,5.527501080856082808e-26,8.012221230835375737e-29,2.021530675215633171e-28,1.527167035536512517e-25,9.246680785966422472e-20,9.280914341131792712e-31,4.995173089109653483e-25,1.135752795941798119e-28,4.521336791715682941e-16,9.693134316649717483e-28,1.402460815755027786e-22,1.184553966739038645e-30,9.665945786888484653e-28,1.763744014281199514e-25,2.334782488925268890e-27,1.171346306396808357e-24,1.967899038783074445e-24,6.863731220094269935e-24,2.820158731098990334e-30,1.401284606812802634e-30,7.318874791496387316e-29,9.387366735081797654e-26,4.830140404715486542e-23,1.075932752497758491e-28,6.291152823148106027e-30,1.150237019439915863e-25,2.994914295261966456e-30,9.194002706236945709e-21,8.755284651353502136e-26,1.496924083498615962e-24,2.038159350807290251e-28,9.094305235093109440e-25,2.712772347587721414e-29,3.983776085075627019e-29,8.887401688843601900e-30,4.424690776082398511e-31,2.549813460444501581e-23,3.352481630855646090e-29,0.000000000000000000e+00,1.229013929759104605e-24,9.062511500474041095e-29,1.810614387259935289e-25,9.908842973866363242e-25,4.147438217207796704e-28,7.679108110192057965e-27,7.388700881963747890e-30,2.428766840139171842e-28,3.906355194333344875e-28,2.868622162804344050e-07,2.529300171965024700e-27,3.515660895368496734e-30,2.957759238088449572e-18,5.820629050216636927e-22,9.736945670109388212e-28,8.131945144069875976e-31,2.715711759261899643e-28,2.613779133088921503e-26,4.306040349146482990e-31,7.408671872094029553e-30,1.286699836228425820e-29,3.925747095982556647e-29,8.833812064930008018e-31,2.764759776456515849e-26,5.627083808898011925e-29,1.463422522472643739e-30,3.853925251881331988e-23,6.117919424878116648e-26,4.461288518621787381e-25,1.691028772030153705e-30,2.444730522463310686e-30,3.321056795211566361e-29,7.842595943770892866e-28,1.018994940010571467e-27,6.616838419770882198e-31,8.927921380410645554e-26,1.100786301241963279e-21,2.695445709364860173e-29,3.613667816358082783e-30,6.253210791236257822e-31,3.943004491888154013e-28,6.601131369371479834e-30,4.790362307237865794e-23,1.265832058266855670e-24,8.924128734161104771e-29,2.499695247652050908e-26,5.064253638043412877e-28,7.697915420888992480e-28,8.024563419976792874e-28,1.787589399910382658e-27,4.989611440024544094e-28,3.191876607339093620e-26,4.878040765928179393e-25,2.575834418819456826e-28,1.323406414405929665e-30,5.139602678025007943e-30,1.388918653457651044e-28,5.415030161363410890e-23,6.638430651340995328e-30,1.628611252287215952e-25,5.702236204447066079e-26,7.990354782657487099e-31,2.224414820306125517e-30,2.167967584809393858e-26,2.899064645488677755e-26,5.213599377665670216e-28,3.920145044533776854e-28,3.751765743931362345e-24,7.464598596338231264e-28,2.581189127153126572e-29,5.098755179655032039e-16,2.538910298438188112e-29,5.700540488496693990e-25,6.416744458852415047e-31,1.298708259994347828e-29,5.566138338232068356e-28,1.014619001875125977e-25,7.214076749109519615e-26,8.736399734427902850e-31,1.539805228295910281e-25,4.803832720082446694e-25,9.668578888556992810e-30,4.927620516371656607e-31,4.055583258013024613e-28,1.038374567790570901e-24,3.052131781029178859e-30,8.625873219620885175e-26,9.633827277302642463e-30,6.716127763378872437e-25,2.787901228016817463e-28,6.910736741424369830e-28,2.022872998310389644e-26,1.333014197327968146e-15,4.892327050335702214e-24,1.016047590234912949e-28,1.716724470045681667e-26,4.257842176017229001e-28,2.984767328551700116e-25,8.820968357058296948e-29,4.052298912764964041e-25,9.257495730765623697e-29,2.349594033419288119e-28,1.448872306821755330e-27,4.757619112125349400e-26,4.723020717456008229e-31,1.271691358279673858e-26,4.659381869369416945e-31,1.806622585082163506e-28,2.455010937081974474e-26,4.735165306436508782e-28,4.428817533746177325e-28,3.301560107602978488e-28,9.927240520671445208e-29,3.882682223155569092e-25,4.558698959383415437e-31,7.445013528884627816e-31,4.592283229135754482e-18,6.767999561104598331e-27,6.599876180510493557e-21,1.049560258408904854e-28,2.275378700581523384e-27,5.000887955787730875e-29,2.231316796408337411e-29,5.691620889045840510e-25,4.035843004567814593e-25,3.022700386661690509e-25,5.309237671488265951e-26,3.952424376579514348e-31,3.130633249112197831e-28,4.349976828280561462e-28,3.304399275294945988e-29,6.592832066755334352e-24,3.742252690510811697e-28,7.467206144776073170e-31,1.032923431868032404e-30,6.719170644256767935e-30,3.194852069355520010e-23,1.040599444667324302e-25,3.165718517187729533e-25,1.215994866088136099e-22,5.338189015852593312e-31,4.692574285423734856e-29
9.798268607215158296e-26,2.625708036613280146e-22,2.363459412937739803e-29,1.242098619701629763e-21,5.577792864596365809e-29,2.265321303005298047e-24,3.290157339545517487e-24,7.047233221411888523e-26,1.379961684403516801e-26,6.509705114432200142e-27,1.995871813048376210e-24,9.593753517779915611e-25,4.661307754503766730e-24,4.150485704091791148e-25,1.333343962861632447e-22,3.549279945662763437e-23,2.366002456325602844e-27,3.011688389648256423e-25,1.017338063268218980e-23,3.951078811210385910e-27,4.225493991763888687e-24,1.450141012911429162e-23,1.614104531108807317e-26,3.259092104957416011e-24,6.191650437815239854e-19,1.141716833640501088e-23,2.497747782698450269e-12,1.454101883441835907e-25,3.022739344564409760e-22,1.100310691547951000e-25,2.725179757182238846e-26,3.621462436910218697e-24,2.981875696868571772e-21,1.717349729477546535e-23,3.894250526047955433e-24,6.025090161146454785e-29,4.303132026191033818e-21,6.029801529695807422e-26,5.536762821192707220e-23,8.267190460467177403e-21,1.659580928549119159e-25,2.942206568011871560e-27,1.609331242694565484e-22,3.143923717074144623e-28,3.168159266913575153e-28,9.115347897704494958e-24,4.501477536217051568e-27,1.121765756616029047e-23,2.135674905630196347e-23,1.229013929759104605e-24,0.000000000000000000e+00,2.787351648188497755e-28,3.530920541114370993e-21,2.631677186934367560e-24,3.219927666477510158e-22,1.511199562917396538e-22,4.408253696955785261e-26,2.165640460007417677e-25,1.490790381922379490e-24,1.248499824916017290e-24,1.095893787138796547e-23,5.216686471794870935e-29,1.464637777714943464e-23,6.434107039029651798e-27,3.142749607747147057e-24,1.974045253329774487e-27,2.182899077826217242e-25,5.891147537030606280e-22,3.447418687978193896e-27,7.482296067590699826e-24,1.064601900644945999e-28,1.160663162326873267e-23,1.158239552725797270e-26,3.460566617587544741e-22,1.243979047168771736e-23,3.165033793388831805e-26,8.186342047547865684e-24,1.389545710475581930e-21,3.126330862917348845e-25,3.753845283041568628e-26,4.691069547350720183e-26,2.022055642378287929e-23,2.885779344447790323e-24,1.242495859173421501e-23,1.586301928208746286e-27,5.371813518594723017e-26,4.618148658859110172e-23,8.984514622197666375e-26,1.399363281027476252e-25,4.605216156416115370e-27,1.515489387494511601e-24,6.465400222223207791e-29,7.781026033670436629e-24,2.608968394689369256e-24,9.928774887090231444e-25,3.857292216448029849e-22,3.562328141348134082e-24,1.112970800812115045e-21,3.188985242536838746e-24,2.071698528162792428e-23,6.177196235144883737e-24,2.961720568270632545e-22,1.356455836164591046e-22,2.841544045876736432e-25,2.404608889098554853e-26,1.838597878689431773e-25,3.995093996964678053e-28,9.837612995214908680e-24,4.796518110349954113e-26,5.743394715984431071e-19,6.624466577008908770e-25,1.721015817643067296e-29,2.808636711116282454e-26,4.476743337192798024e-22,3.434029554450393173e-22,2.208577530505770104e-24,3.161613836363109958e-22,1.708046175687844189e-25,3.217452389575167451e-24,7.755226391472473081e-26,3.540436552958226147e-27,7.958409982384099463e-26,2.843693537998881301e-21,6.045799173004528539e-27,1.128277736308401712e-28,5.730306215186501463e-24,5.967925107718459339e-26,8.932450276329720514e-25,1.882224390196244786e-27,9.515089150373614183e-23,1.139746091946099662e-21,5.732438175877603157e-26,4.707583713196705847e-27,3.749939741194714187e-28,8.059915385809798175e-22,4.975516157570550414e-29,5.406801152827778769e-21,8.487635015227681386e-24,1.386725762088871650e-22,5.974018685868431023e-25,2.412170353899978586e-24,1.864847555058304832e-25,1.087378079439960248e-26,6.161077856165318499e-22,2.916455515192026060e-28,9.258084998374762173e-23,4.824687238838075634e-22,1.193542597883321814e-24,9.645128074132735316e-25,9.665127100362467031e-22,9.177406213755082222e-25,2.254297046447546956e-25,1.368215314986262787e-27,8.371800961870140299e-22,1.190303289182157060e-29,8.055250441124056472e-23,4.240639763003280174e-27,2.723408142091958474e-27,2.201945628833174078e-25,4.592494808978373705e-22,5.764741247609797691e-24,2.436843187394048210e-22,1.061609655896620565e-24,3.873012763200659798e-21,1.042481120387618852e-29,1.490462102140773720e-29,1.539878304917486791e-23,1.398600869226471831e-22,2.992348856370305248e-23,3.396730615324325464e-23,2.028838675016151228e-23,7.304082549633038991e-24,7.064444832236421541e-26,3.105962043542521428e-24,1.713882783250901879e-22,2.056743555706467317e-24,8.319700343497455373e-22,9.626970000477251011e-30,2.007656993342064494e-25,4.359570500901349790e-28,1.754516864158305914e-23,4.990734108937440849e-22,2.164145513899924932e-25,9.538401572417261219e-27,1.351208245386372852e-26,4.863859564168568909e-26,8.472377070259632787e-24,6.266845734112688848e-26,1.543942712900040000e-24,1.372866654993406541e-23,4.360120901045651728e-27,8.124595944529378271e-24
1.880046080150658876e-28,3.238404530003655962e-28,2.891929118362420976e-32,7.079647053273688116e-29,5.334985146880929074e-31,5.983546277130675424e-31,3.104200432561460770e-31,9.453076012062635967e-28,6.624850134682862492e-34,1.940774904974124336e-31,3.920244558125682096e-31,3.205875584026526225e-27,8.612324906521628861e-33,1.807979535790284699e-31,1.061340188439344141e-29,5.828521025455314108e-28,8.365362488538479920e-34,5.598278148039119534e-27,1.462047482451373964e-32,2.914038535070905778e-31,7.544528260431988652e-31,1.260487455245838435e-26,6.321775011853673825e-34,7.697757603972066509e-31,4.237199591599974562e-29,1.800926779843327604e-30,2.306407266811890280e-28,1.013973531569555074e-30,2.022703050841484125e-28,1.166880628191794523e-33,8.119092484391415775e-34,7.571701007906024015e-33,4.466594555260082662e-29,6.399630076635629537e-26,1.208767163016664906e-32,1.441573935784023945e-30,1.380826554310757890e-29,1.502285854212708950e-33,2.051908776162857485e-26,3.695512240007273957e-29,9.130847948257757749e-31,1.774262042196309244e-29,4.317716229390282990e-29,7.226647489899420203e-30,1.710889219760621095e-29,2.390614012169574017e-33,2.949569863830430044e-34,5.667623127488678283e-26,5.149261603015352154e-33,9.062511500474041095e-29,2.787351648188497755e-28,0.000000000000000000e+00,1.742876063405288044e-29,5.242412757369781408e-21,1.316580980899761956e-31,3.301441698708405136e-30,4.835176457584051273e-33,1.490206487667209041e-32,2.934996918761998810e-31,1.637074290516887036e-28,1.812428536182451340e-30,3.486295761193623240e-31,5.537574040177506855e-28,1.828827219885092948e-31,7.436175251740828251e-31,7.006600330857423976e-34,1.753462546122201933e-32,1.133223402709531613e-29,3.037618658828596387e-34,1.958234098923186579e-33,4.852509514438357880e-30,5.796504314092244022e-33,5.649911211837983485e-34,2.692855504710809193e-30,7.707454928505255360e-33,8.144643352504335065e-34,1.816569956900398192e-26,2.751454652118631278e-29,5.387903786301663011e-27,9.144619651930934629e-34,1.393682658635253955e-33,4.659115770650703004e-33,6.259280738538418084e-31,6.293459783131026867e-31,5.867877007182289851e-34,7.425400714219356758e-28,2.016105606540152090e-26,2.212289910602958574e-32,1.573904581679935115e-33,4.009826189149602412e-34,2.998034552880678968e-31,1.444222178567943925e-30,1.339289374726723985e-26,4.396950247833994016e-21,5.183011189220347396e-32,2.072651100502555919e-30,3.443986482438074657e-31,2.316316636610666530e-31,6.667751980512574446e-31,1.085526440981191569e-30,3.188949034942941893e-31,2.629252495030043966e-30,2.440045903431044739e-29,1.986932136427500941e-32,7.704220165244394841e-34,2.375695232572176732e-33,3.997095620039263220e-01,1.077858522689256338e-26,4.713969752029004161e-33,3.804880989721221472e-29,1.198011896880681376e-26,2.530851645740129544e-32,1.204031339925034252e-33,9.322378290916334465e-30,2.564078074834684859e-30,4.295086490694398686e-31,1.306645727086810889e-31,1.151586090479746889e-30,6.391689088863637960e-31,2.205620981632703283e-32,3.037832528852756140e-31,2.142671852004216422e-32,5.138236861192004307e-29,4.184935270798159877e-34,5.070784851748693057e-30,3.654566508896575719e-31,7.168107296437253181e-28,1.204197129725016947e-26,7.007399867293893722e-34,1.023241558806990813e-29,3.717734664255521864e-29,6.035114879244889874e-33,3.389999618299724822e-34,1.563569081322492801e-29,7.372415983277586053e-29,3.454741276042529859e-31,3.140283895429875500e-29,2.738931652967787284e-33,3.371774780984250824e-29,2.345880865319314682e-31,5.495124872609784223e-31,5.830441365063131774e-27,5.905421232856486223e-31,2.093861281974327984e-28,4.006194365084334574e-01,1.202841419365618434e-29,1.120243181208634953e-31,6.689516328001242595e-20,5.151464452968267582e-32,3.006271082606651309e-29,5.319715750012858955e-32,1.488067738858694992e-32,3.131043436810695468e-29,2.520916860786004223e-29,1.417080603893314895e-32,9.233259443713735752e-30,3.052511415385982263e-34,1.545918888661567571e-29,6.913210313537646592e-27,1.240704641699331558e-31,2.600707014211397082e-31,1.075426958114482688e-31,5.428878652326616731e-32,3.581822548129357339e-29,1.353396230622489845e-32,2.114387825003595872e-32,5.759476084049853225e-28,3.199394011688499675e-30,3.164287841683094578e-28,1.510964856182411871e-32,1.317335476874972766e-30,7.273726853178036200e-33,1.900810596192641436e-32,5.565746314125079850e-25,2.516649042235781413e-29,1.506975642891316687e-25,2.849983900470083860e-29,1.237249834328368679e-32,2.178807205626873436e-32,2.739225216765741942e-29,4.826028351838156125e-33,2.488694351145847354e-28,2.658895546259192390e-32,4.642997970831467787e-34,6.124476473471913814e-34,4.696697737298119094e-33,2.190672454950761744e-26,6.614052692900788623e-28,4.142035443178247713e-20,1.422788788806298873e-26,3.350480218769916655e-34,6.410472382656313085e-33
4.615269259672820702e-27,2.716594564816749557e-22,1.000146139737302655e-30,3.894678677680035535e-21,3.254875433404732755e-30,2.089935829071058995e-26,1.724963916889442693e-26,5.649528134079476676e-27,6.071420181599048283e-29,8.802570883004756897e-28,1.694356746668471787e-26,5.048947587343862013e-26,3.247130414682744809e-18,4.993895698627270392e-27,3.690688852636860174e-22,6.269227402802362960e-24,2.385041906915950577e-29,2.611338523868649214e-26,6.123343524293797297e-22,5.574802685855072056e-28,3.025717826066038356e-26,1.653773502325094028e-24,6.458155390889653503e-29,2.851901676292149732e-26,7.313059082124952093e-23,7.540712871433187811e-26,1.509541823183478702e-21,3.378731375854718653e-26,4.478339862684944209e-22,2.077229522728858092e-28,8.507746763871996583e-29,3.218922756071903926e-18,7.111204642358035454e-24,1.587137153235911911e-24,7.110269135914029748e-18,3.876086323789307315e-30,7.724748084353025519e-09,1.927444955681123966e-28,7.264381914733515111e-24,1.022468350710696740e-23,5.619196408175127868e-26,1.590897097005403092e-28,3.329638172750448483e-22,1.472547461486733004e-29,1.669410283212252212e-29,1.970428309956821611e-27,1.928644008877113045e-29,8.257396791284422962e-25,2.386857585876319822e-24,1.810614387259935289e-25,3.530920541114370993e-21,1.742876063405288044e-29,0.000000000000000000e+00,1.481911825691515402e-25,7.407080441737149940e-26,4.381384577314361867e-25,3.018671431494050071e-28,5.235507094262497402e-25,1.187647485847438575e-26,1.586260668462793374e-25,8.052108583127932192e-26,2.897839696811457119e-30,1.937219039565521004e-24,1.091166421209753237e-27,2.524921744257266272e-26,2.064865511263670265e-29,5.614222976055695188e-25,1.812258606194822534e-24,1.957266208457375863e-29,1.457330990699869009e-27,6.516740391397786004e-30,6.849909237424717483e-24,4.340555395514871030e-29,2.368735643067543274e-20,1.688421887683069187e-23,9.670317710360795076e-29,7.286749367197700443e-25,4.424799860879450818e-24,2.491092251603222430e-26,9.940102342824514956e-29,1.333056480891929223e-28,2.673446351630484357e-24,2.384513892628679150e-26,4.744510470722450382e-26,1.673484203399129470e-29,4.203239072896593887e-27,4.240417364500482367e-24,7.950985147226523783e-28,3.230186221087837050e-28,2.734112993468761634e-29,1.174052908049176391e-26,3.648907345927651221e-30,8.090240581553149252e-25,1.883091569442833635e-25,4.362258619006866634e-27,1.678392529981493703e-20,1.918684627516627399e-26,1.883853258500299736e-25,2.485858442666853755e-26,7.896566063285932142e-26,2.727817078735220709e-26,1.558582530287473996e-20,2.772755791832517297e-22,7.479610457067969181e-25,7.669938816457049633e-29,4.546405593290636008e-28,2.752061945089202272e-29,8.776466263903736990e-25,2.920505290331420086e-28,6.504408312260741137e-23,3.667609340702707616e-26,8.039921036152693811e-31,1.150057641655530331e-28,1.493154674292854015e-24,1.356343729332519120e-20,1.693624890368870526e-26,5.929056655518837650e-26,4.168862995681088344e-26,2.524042896944783595e-26,7.203292472692333674e-28,5.087914640087452505e-28,7.259858520724889862e-28,1.118915875694015043e-19,3.050413142056662931e-29,6.973460265567252934e-30,2.575695599559487308e-26,5.098822969944949664e-27,5.374518124730751426e-26,2.097705075667362981e-29,2.278538741249655331e-22,5.719309463811885199e-21,3.594694002893185838e-28,2.393329537369919225e-29,2.804180925624518416e-29,1.985308764083068863e-21,2.064187005638301139e-30,8.437597896031665239e-24,2.009131603025666940e-27,3.362718412819573001e-22,6.578228606154534822e-27,2.094350201022911867e-26,1.056849957555761485e-26,1.695895316612340171e-27,9.326170058609695914e-22,2.013558106840254858e-29,6.169764550468742046e-25,1.003475478886954696e-25,7.222062776880111751e-26,4.458460853203508159e-27,2.861629207195010825e-21,4.691672894405505139e-27,5.659973260415050746e-25,9.751180570092094235e-29,3.034344966384246558e-24,4.778163635765206351e-31,4.444279300529568508e-25,2.186497415006362992e-29,1.415389391697336214e-28,1.196893953678915173e-26,8.277902075581090777e-26,2.552646082738564157e-26,5.022100468886121842e-26,4.412932878463623962e-27,8.215388776972965083e-20,5.176821808155830945e-31,7.753212101348427549e-31,1.720242747933522911e-24,4.413189484409970850e-25,5.408179762246564636e-24,1.521961548150301360e-23,1.058176119561463436e-25,4.281263975995963106e-23,6.514843605055996982e-28,1.915651910683963613e-25,3.915929774673707454e-22,1.126119472582247871e-25,3.294924493109689014e-24,4.386606610200130013e-31,4.669845116600740784e-25,3.287333494916336664e-29,2.746930509971695938e-24,6.498923346882632169e-22,4.480374984392720033e-25,3.965304066753990178e-29,5.878276233517742630e-29,2.637316259635031007e-28,7.423282416234044428e-25,4.770464778040833297e-27,8.880886068049694791e-26,1.449286368266591102e-24,2.199361261953035118e-29,4.063378878780097876e-23
1.659787997434414562e-24,3.567854259113864222e-24,2.826396225463093996e-28,6.612344637608355349e-25,3.638909431395542841e-27,6.682595446370023684e-27,3.051914571165514444e-27,1.687367129097065843e-23,6.888697189592993331e-30,2.267834841210915949e-27,3.604018323430010452e-27,2.569082098787289728e-23,8.088808033723807236e-29,1.757798169404564111e-27,1.067569006447765424e-25,5.697717607266738887e-24,8.671842908352145236e-30,8.729904812458437167e-23,1.183412363414768926e-28,3.167344958102205095e-27,6.698178868133373275e-27,1.716268277084955175e-22,6.777181621684152402e-30,8.432737249726616175e-27,3.691298001847495831e-25,1.777236580806295061e-26,2.432721339638106159e-24,9.839703893728394027e-27,1.866088967226458537e-24,1.184362922511280889e-29,7.348365774134956928e-30,7.732826151543806294e-29,3.452997801127494212e-25,9.231004002596601899e-22,9.916604206807636354e-29,1.015742138495385490e-26,1.225548857221474268e-25,1.227390816101126703e-29,2.392141012400375903e-22,3.315742202974440943e-25,7.869930863507119318e-27,1.370915088134934118e-25,4.327502696428751699e-25,5.726115977136536653e-26,1.372617434602834268e-25,2.302847083592124770e-29,2.575766217256155414e-30,1.136227135885262698e-21,5.552426282943149437e-29,9.908842973866363242e-25,2.631677186934367560e-24,5.242412757369781408e-21,1.481911825691515402e-25,0.000000000000000000e+00,1.290138351657599650e-27,3.635651140069389145e-26,4.568906510561884519e-29,1.786053034679334841e-28,3.077923102892994131e-27,1.862200279857684091e-24,1.734755317724191052e-26,2.581945807874718170e-27,7.076093182913625083e-24,1.996206683095493504e-27,7.377867286747468307e-27,7.816306293067972492e-30,1.837350835499935033e-28,1.198635233441772756e-25,2.825162856637164466e-30,2.147109932879113268e-29,3.495131147814565875e-26,5.192744583018430869e-29,5.201138960232825907e-30,2.593997374280647864e-26,7.271440568791027956e-29,7.023332855051424930e-30,2.867912612341217368e-22,2.266086217245824596e-25,7.681875669392933587e-23,8.514199974661700415e-30,1.396004172003869852e-29,5.207309764548117005e-29,5.822777806382738410e-27,6.998583320364724152e-27,6.189073142885757534e-30,1.214334563522581252e-23,3.095341153765444766e-22,1.907528600332771991e-28,1.447251827266170049e-29,3.663061149828144046e-30,3.141328603732862324e-27,1.080969846263836173e-26,1.879199114289852490e-22,7.673582099717893551e-11,5.650911156186090951e-28,2.478540930800688054e-26,3.337550166510377912e-27,2.042656074032620559e-27,6.493732712507524124e-27,1.281160776444867179e-26,2.621531449052610208e-27,2.767523667456826153e-26,2.831623214959003943e-25,1.978082445916439087e-28,6.483098283814639167e-30,1.865804178619235143e-29,1.317117877918667573e-20,1.829325114895137586e-22,4.593151416018933995e-29,3.771304238976697169e-25,9.226104747831296288e-23,2.289874998934574138e-28,1.150659934332042521e-29,9.696566225336619999e-26,2.708637148935771023e-26,3.948891852074206485e-27,1.365280251015454461e-27,1.246902531501932847e-26,5.608740136637592584e-27,1.993755545589330946e-28,3.902020620682377681e-27,2.021762625678510565e-28,4.364749670078737699e-25,3.569207060416226624e-30,3.241508419582911474e-26,3.629164881022778507e-27,1.048645197634508786e-23,8.371896742128782183e-23,6.671161094816306003e-30,1.010542253618138366e-25,3.811685977591044172e-25,6.594832980412268688e-29,3.004196344165149931e-30,2.643320440215838382e-25,7.718049401904931155e-25,2.838275850958668810e-27,3.429488555203754074e-25,2.501586748752160194e-29,3.117665933658350262e-25,2.603864144973796917e-27,5.252094315671351550e-27,4.914509760531498516e-23,6.338557709487420807e-27,2.423689303616417187e-24,6.945491743797270298e-21,1.197665694030102844e-25,1.043783473616881255e-27,1.131945086972925402e-17,5.190509763279406238e-28,3.502404251911334783e-25,5.133254167399238519e-28,1.571088083842869093e-28,5.239464048095430010e-25,2.334636764769912673e-25,1.346884521455865562e-28,1.127125860718116280e-25,2.660109449950332412e-30,1.146362654492567958e-25,5.334356146719936250e-23,1.366072365667164303e-27,2.375474456704545783e-27,1.152218767488245173e-27,6.093432403160125275e-28,4.088371369593863877e-25,1.310490064422385256e-28,1.943534033673410337e-28,8.861798639093115033e-24,3.086657849385594362e-26,3.820178022673334391e-24,1.355913160414077213e-28,1.255660928698281774e-26,5.521040205168652333e-29,1.647047074701034110e-28,4.531323184497326591e-21,2.477849290556283467e-25,1.249622913677755215e-21,2.945519790933402253e-25,1.083204969989059438e-28,2.051083167321755873e-28,4.097163740476174430e-25,4.519040793429785206e-29,2.958562564594402719e-24,2.592135542848087605e-28,4.428929285698370293e-30,5.301995125163045037e-30,4.822916562626599222e-29,3.632559808927117520e-22,1.039627671491280831e-23,7.426603394890981273e-18,1.893589023063580305e-22,3.870173492001275404e-30,5.476980247620847353e-29
6.317894091189326820e-29,3.654580009222466489e-26,1.490670523287457921e-32,6.609816946970484487e-26,3.477185465697213709e-32,4.737389556605356245e-27,1.035564953855616842e-26,3.793931320028634733e-29,6.767824525494357011e-29,1.745401245582376983e-30,4.574021532844101792e-27,6.637711720142854239e-28,6.380731378332208111e-29,8.198092927184422879e-28,8.414359302211802000e-27,9.116877852893930439e-27,4.299777735558354241e-30,1.547038196689146160e-28,1.271942941529818408e-28,1.291542558200260883e-30,8.412291333609132766e-27,6.515403202175117210e-27,9.629559507197110476e-29,6.714164481100373180e-27,4.927870447097765998e-20,2.521833773592323587e-26,1.357276138497611476e-21,2.983131323801852444e-29,3.427827178929978731e-26,1.044820971197916371e-27,1.728722638870373042e-28,6.197540554548879948e-29,1.844921181066621367e-23,7.921995428847391735e-27,5.999036719114246044e-29,4.306503280988984549e-32,6.271019055853785006e-26,4.037101421607377650e-28,2.369463893166842237e-26,1.159252216034630620e-22,3.758598246944088545e-29,1.934349087583901763e-30,1.373784074053450237e-26,1.764690762032984597e-31,1.815201189760249519e-31,2.091738587637321527e-21,1.499435625195978810e-29,5.047255782119515578e-27,2.058871317025587462e-28,4.147438217207796704e-28,3.219927666477510158e-22,1.316580980899761956e-31,7.407080441737149940e-26,1.290138351657599650e-27,0.000000000000000000e+00,1.070314133685609266e-24,1.652298968582720270e-28,1.621154372628405730e-29,3.380370296167376411e-27,4.552122378842449771e-28,2.628368606087117555e-26,3.267655157557483716e-32,4.164229493968352163e-27,1.914804349309599338e-30,5.781472747694633014e-27,3.438789095933861113e-30,1.662241906490888409e-29,5.622294533803044501e-24,1.396842000911970918e-29,2.637223221828821122e-21,6.295105176526386694e-32,1.133797916058210755e-28,5.015935824546526253e-29,9.443206936140929216e-27,1.322145270505243908e-28,2.193702999476009278e-28,3.486773702447525054e-27,1.093893482845309318e-23,1.291075769996115953e-28,1.970730300506514710e-28,2.256566774836821462e-28,2.553755263375267338e-28,6.222918488658199835e-27,5.181320129158246492e-26,2.681975884944060308e-30,2.749716140227145605e-29,1.698931367647752149e-26,1.640903292134047849e-28,1.352458982125776314e-27,1.908027388090199842e-29,3.447738144389078919e-27,3.862728995730170984e-32,3.900640216683630037e-27,1.518556080697955652e-27,4.687810158446919691e-27,1.111729884140781509e-26,1.196616790927210855e-26,7.792347461278830311e-19,6.495872704002436879e-27,8.190840082549554571e-26,3.266406143093265278e-26,8.564015549494462914e-27,1.267582522605105825e-26,1.475388260842283204e-29,1.484431842437020212e-28,1.545468498348235988e-27,2.213645896652116328e-31,4.290324486487703896e-27,1.709747843542290413e-28,5.276156872361379902e-20,4.012693569679366099e-28,1.135438676572441655e-32,1.662352117417439115e-28,4.008184492263563203e-24,9.383671976673830902e-27,5.004801231357590468e-27,2.020394852611294497e-11,4.048936116172490080e-29,6.661493102776883519e-27,1.511704456440973934e-28,1.431217044230234730e-30,1.448369110675280486e-28,1.015170223083901341e-25,2.498603698542820576e-29,6.549295538770343638e-32,2.216838933153964264e-26,2.805343906329478618e-29,5.649283067426231380e-28,3.309253394602204666e-30,6.291009019271014812e-27,6.472430999386717908e-26,2.205132798323010798e-28,1.883594303916088021e-29,2.004024841491130599e-31,4.664393070493535581e-26,2.557425116345358815e-32,6.803096583287588537e-23,4.120955525251901271e-21,1.365203024534774781e-26,1.094670068449801887e-27,4.994512619250732718e-27,1.187012826296897656e-28,3.712632837592314119e-30,5.680043627917159426e-26,1.536780058506328361e-31,2.543930686972728997e-25,1.463940315093479633e-19,5.681330824111547449e-28,4.785848970881922624e-27,5.751232210666544413e-26,4.962526430553499418e-27,1.614609467947372440e-29,6.823082695324238508e-31,6.748123621303975831e-24,7.203616401891747119e-33,1.957914468107363184e-25,1.745385567830097295e-29,1.623738478346872168e-30,1.294823731226756451e-28,1.996646020547170791e-11,3.221023347763215499e-26,2.661962341511910212e-05,5.668824933698427628e-27,1.396254575423277812e-25,7.348048535185893395e-33,1.084368474052306318e-32,4.135630636671748169e-27,9.929593909140319418e-25,6.992337549029314185e-27,3.929291488645598712e-28,9.684174031545880306e-26,8.687475954563697769e-29,1.295545791828547730e-28,1.824740412306806292e-27,1.649576211209338758e-26,1.218192909492272773e-27,6.079500518455008285e-24,6.077342331929367991e-33,1.170001787295560102e-29,2.244337280047212923e-31,1.993415710192251733e-28,5.043087851072427041e-26,1.323538073307623481e-29,4.659078402642484543e-29,8.038981509964980605e-29,1.666312413018132502e-28,3.700423864932568316e-27,2.911040222427710180e-29,7.899464771783303938e-28,5.627892560307747523e-27,1.672976420719487956e-29,9.915515170983659709e-29
2.210559783893191937e-27,3.910416370371284352e-25,5.350406704357037958e-31,4.974707903098593926e-25,1.051165791246688962e-30,1.014790199275262285e-24,1.421699153111855248e-23,8.663153189349028427e-28,5.435038476242235740e-25,2.872373383209931881e-29,1.255911668402478687e-24,1.972248433390560680e-26,4.012435098665775047e-28,1.161259424016310359e-25,7.034608849801856570e-26,1.427002121648976045e-25,7.477530429447173369e-28,3.586989890289527362e-27,6.448898525993830119e-28,2.110376224318616626e-29,2.668865286952970709e-24,1.140963082005290727e-25,1.663544544690670492e-24,1.431805536423996503e-24,5.893558793822206526e-23,1.011207541122050623e-23,1.654810714885729350e-22,3.675388842065345929e-28,3.387787567118224724e-25,3.030705234090425298e-23,1.275117818967297844e-21,3.598531596139212382e-28,4.737100310701340080e-18,1.471731802596992980e-25,3.084881123224775149e-28,1.113608625615966305e-30,3.777607162280264130e-25,2.506811808512933600e-19,4.284450702783021206e-25,2.527504196567317586e-20,4.011538005979311898e-28,5.945197205489877988e-29,1.255978716288693398e-25,5.470204540769399299e-30,5.259149740075205723e-30,7.564722154109001329e-27,6.488740650879110917e-26,1.248116149907279878e-25,8.317745132755925224e-28,7.679108110192057965e-27,1.511199562917396538e-22,3.301441698708405136e-30,4.381384577314361867e-25,3.635651140069389145e-26,1.070314133685609266e-24,0.000000000000000000e+00,1.648975811399432023e-25,1.473113982324305001e-28,9.240943427292810801e-25,7.961439832752528622e-27,9.613909019843427324e-24,9.881764054037365733e-31,7.073302386108051512e-26,2.988900523907774896e-29,1.511200708695884064e-24,6.071622804779765030e-28,1.374896667039087615e-28,5.370251080429897360e-18,2.696359140522452627e-26,8.619885587330531556e-27,1.815941002681290730e-30,5.527057670368458837e-28,4.875432399177450405e-25,6.333114562246669496e-26,6.177996348270049956e-28,7.505194525157495263e-20,7.892423837118756773e-26,1.761796756922579487e-17,3.093737660245768044e-27,6.714091163711953022e-20,6.355230971882281064e-22,8.894542158441829756e-28,1.538936571606871941e-24,3.251568265168152610e-22,4.630484388786514928e-28,6.084991421194118014e-28,3.450554564950308300e-25,4.306085389585752633e-26,2.023333266001773571e-23,4.504961208988447873e-26,9.098234006852742271e-25,1.245349795472493752e-30,7.445779748792248129e-26,3.917274264712809048e-26,3.203192507678935716e-23,8.220073154091632546e-26,1.929764382242516073e-23,7.960023865261763711e-25,1.755286208750793131e-24,4.757636662989546399e-22,3.614521235877268959e-22,5.971602823912993212e-26,1.195949125198329812e-25,1.256106819007394170e-28,1.289850661025321689e-21,6.176596706661293520e-23,6.851806863941514954e-30,8.826020893369247466e-26,1.949559985228496157e-25,6.191163423277308087e-23,1.170262937001180771e-26,3.843980488900820108e-31,4.334547105514113972e-24,6.957419978818661676e-18,7.004983536451142480e-26,1.460295725396911982e-24,1.862541299344841242e-24,5.751156805248408323e-28,1.730095621845531209e-24,3.154759034216140630e-26,2.239342167753873705e-29,3.159851624406874083e-26,6.698960246189565900e-25,1.135827619199709173e-25,1.758076955418231779e-30,9.546051039892039610e-23,5.955671177461758785e-28,1.581003009942073561e-26,5.739261323650594321e-28,5.282439783163111893e-26,4.371116321328360728e-25,2.640528514589164777e-25,6.090378424512971930e-26,4.961206998132691952e-30,3.823136127708956075e-25,8.791498670223095477e-31,4.372326511846091174e-20,1.170260864217024310e-26,1.022196409982721391e-25,1.651987295761324248e-25,1.209841488206986426e-24,3.404395547874186197e-27,6.238647118948254864e-29,6.248992298366469377e-25,3.700754169051764721e-30,1.556708049339568307e-22,3.988891879508469311e-25,1.450679206598550189e-26,3.071365940837083429e-23,4.847937766200301958e-25,3.250196250855128528e-23,1.257030130929884396e-28,1.484572720155586574e-29,2.257583700456923194e-17,2.594356410848474125e-31,1.161987679500127056e-22,7.201392130045925127e-26,5.315849033660179461e-29,4.252844468006932398e-27,6.899687289725604938e-25,3.979294868244432679e-22,1.262868152965410772e-24,4.155161452380354604e-23,9.668412909983577199e-25,2.437542776065223595e-31,3.640343165099684321e-31,8.228170856538255118e-26,6.075105405960255389e-10,9.549646595721828816e-26,1.621228119654908172e-27,4.679897739279474761e-22,3.902763383980901239e-28,2.894408031068629517e-26,4.968783095762008621e-26,1.200479069411314216e-25,3.464616083422751034e-26,2.380712210575239289e-18,2.057463754741475092e-31,1.036252215865824521e-28,5.613316313724964764e-30,7.725267798383817673e-28,5.473146594738351530e-25,1.167398679840378097e-28,3.859436881815339123e-25,1.375818492739039021e-24,2.283648649579705216e-25,8.690061585315062897e-26,6.369281576457041218e-28,2.233589508042421790e-26,1.138750903980040437e-25,4.247441594374456742e-26,4.466754707590762752e-28
4.237428155773869504e-30,3.413411950278607216e-28,9.065248630020340698e-34,3.356344162939307716e-28,1.959038891645508170e-33,1.665833250007462668e-25,9.280356395287895035e-17,1.152278582085212473e-30,8.142842262342895339e-28,2.648943544176770601e-32,3.483984506928472104e-25,3.539802375805808440e-29,1.970588854380529549e-31,8.332972687817402139e-27,4.870153765653371137e-29,1.328367595708382768e-28,5.471163561005027586e-29,4.913143370970876224e-30,4.154703880133413796e-31,2.498678250045876121e-32,5.375822516641009313e-25,1.525136612443801674e-28,2.972119204138524626e-28,3.333514711026346636e-25,1.300684251614517641e-26,2.539983284627849542e-24,5.085494529506216177e-26,3.450326746306722783e-31,2.820513319224092431e-28,1.501787205972956853e-29,5.981061333333519416e-29,2.120586404258885692e-31,3.671281995091754312e-25,2.272741184914866580e-28,2.112875535934981398e-31,2.291958110966908806e-33,1.999140092600123748e-28,5.255645859802260079e-29,4.940315794046480819e-28,1.754274396204037994e-25,4.531652381553410824e-31,1.013395564401556815e-31,8.926318009066609582e-29,8.340395002366516648e-33,8.298697300027528362e-33,1.789617445821697556e-30,1.874274157191014006e-27,1.404895845504317786e-28,3.141463466145957394e-31,7.388700881963747890e-30,4.408253696955785261e-26,4.835176457584051273e-33,3.018671431494050071e-28,4.568906510561884519e-29,1.652298968582720270e-28,1.648975811399432023e-25,0.000000000000000000e+00,9.712941365199665362e-32,2.280835329457312144e-25,8.135373368595085305e-30,2.812702502168462954e-24,1.718551632607818454e-33,6.686891239681377923e-29,2.946201902932418811e-32,2.763238308790557748e-25,3.857234420381473104e-29,1.028858602478232658e-31,4.109322899507231633e-25,7.718046244765359184e-26,1.704831758146183903e-30,3.037658913043798596e-33,2.404076449620368155e-31,5.146294533785424628e-28,3.980992193848390560e-29,3.088295448138595895e-31,3.297138829924300108e-29,8.783844641558387387e-29,6.525576802798419404e-25,4.036180562955660012e-30,3.512795298907731461e-29,2.027011876025628253e-28,4.211386963267859333e-31,3.216847153583914631e-25,1.373950184941908076e-24,3.065090831694208857e-29,8.212016699679039080e-31,3.412402368418289227e-28,6.609674072539815491e-27,1.608560520415569750e-29,3.650334118899638909e-26,2.247559652692239030e-25,2.224778456700597809e-33,1.010716970115777527e-28,6.149811811298883912e-29,9.042201654774945416e-26,4.609367357942687616e-29,8.694565896731274516e-17,1.438836880003081629e-28,3.623091047181082579e-25,3.167320396326544279e-24,2.395849004552337257e-25,3.868361452105593462e-29,9.731881827214862620e-29,7.311964426788055957e-32,6.593313731826968841e-29,2.436696924046408708e-29,9.244733456389944996e-33,1.106342214330596614e-28,3.718830389773148553e-04,1.316272367992822812e-26,2.033003033568377576e-29,7.285602897431836055e-34,4.823150322475089553e-28,4.385138905178312934e-25,3.766667577906050385e-29,3.770219698709387357e-25,1.744967871162121991e-28,5.546775208616406180e-31,3.996675975705326604e-25,5.070785933283840914e-27,2.763912655668410747e-32,5.512403136403877553e-27,4.286008348590582591e-28,2.254216059888752279e-27,2.978451452882891449e-33,2.503128408575044687e-24,8.636682768135563018e-31,3.244890250961470859e-29,4.315548062701365085e-29,3.822057163520767340e-29,3.312350293599006318e-28,2.832929198496981716e-10,4.956768852667098203e-27,7.201427188465447287e-33,2.592560133978447405e-28,1.384091895650470765e-33,1.924216533846666148e-25,2.515492705704119694e-30,9.461809076715563671e-29,1.165182760166641668e-26,2.810100449135211554e-25,6.049213008261021104e-30,6.387506203961087973e-32,4.597566100473912290e-28,5.406893043903337970e-33,2.388791885499662687e-22,8.225213581317416626e-29,2.067759703094787983e-29,1.163918376462644120e-25,3.219546299031100397e-28,9.681539045554233723e-26,1.018491026680824462e-31,2.196916833561142983e-32,2.067248116899429474e-24,4.785267276346908802e-34,7.189699680961310299e-23,2.172814855341260429e-27,9.187611082323308189e-32,6.506721321807309526e-30,9.682321241693749712e-29,1.544231168017594602e-25,1.617115984525377332e-28,8.658282312357840655e-26,6.412976308570018502e-28,4.725962485288756794e-34,6.843359623202184672e-34,7.062726224346896779e-29,1.580600404456220811e-25,8.278446443794824741e-29,8.140553719482075830e-31,7.328394320411795288e-24,2.256655501090227372e-31,4.516241973835000162e-27,9.136196857428527377e-29,1.181673115227259003e-28,5.890197893290922201e-29,5.787678312556985917e-24,3.677665743515927155e-34,6.227139692491171465e-32,7.752245606260437809e-33,3.476705894755953033e-31,4.094264435864550276e-28,7.274519492086452361e-32,4.905904854460731790e-28,2.569422336246657790e-28,2.882821020742300997e-10,9.861935802610531161e-29,8.285598411760663356e-31,3.241143909853164317e-29,1.333333250170925410e-28,1.039357720160358258e-25,2.745746106437316211e-31
4.009259837652317186e-30,2.562772517332119454e-23,8.343654031684271752e-34,7.942993138519671493e-20,2.229637160331017513e-33,8.842094599342453831e-30,6.064623545044894761e-30,7.476147586098316661e-30,1.820970073391428222e-32,1.467145373254480083e-30,5.662680897794876565e-30,3.718307492419623044e-29,1.226004378011282666e-28,2.040397404112980196e-30,6.403180314538918310e-20,8.800432036819184284e-27,9.915809601876581180e-33,2.767990932121937424e-29,1.100868246168522446e-28,7.982765248747841727e-31,9.851759068261291916e-30,1.787716378532729798e-27,2.161276188917436979e-32,1.183338726506329732e-29,1.187118683320411729e-26,2.781370188856022779e-29,1.688479810095374673e-25,6.112060784470910670e-29,5.152731328320539325e-23,6.609873565995832510e-32,2.394073867836904223e-32,1.319253459479953410e-28,1.483716728861434237e-27,1.770689170395642998e-27,1.577458875465533392e-28,3.128042411611041964e-33,2.575242611882002048e-25,4.460881686594238438e-32,8.410975787911432358e-27,2.277232906609641427e-27,7.967443853730586439e-29,1.150626684913662859e-31,3.137826290884371825e-21,1.416819623053322555e-32,1.694080248703213941e-32,4.415669652389068728e-31,5.596921066242189564e-33,1.289475944213298223e-27,1.646464237639578472e-29,2.428766840139171842e-28,2.165640460007417677e-25,1.490206487667209041e-32,5.235507094262497402e-25,1.786053034679334841e-28,1.621154372628405730e-29,1.473113982324305001e-28,9.712941365199665362e-32,0.000000000000000000e+00,4.756620068541601861e-30,2.055464263595587901e-28,3.066084814117778745e-29,1.983845474194704062e-33,3.375652932617556937e-27,1.648664642537478284e-30,9.600961801475264988e-30,8.557001004494923735e-33,3.998516412068209847e-01,5.423674674975455172e-28,5.837629283180567820e-33,3.814647642957346207e-31,5.022342559842263243e-33,2.436661753418315956e-29,1.242761225569365738e-32,2.298172976569550213e-25,3.976381006287750184e-29,2.482717888600751123e-32,9.600983774855657441e-28,9.694286756123130837e-28,2.466353381634208073e-29,2.695751178446753713e-32,4.037898239074012675e-32,2.097150519743033551e-29,7.936436870874921667e-30,1.749133800609718212e-29,6.682892415755544855e-33,5.033995870827709752e-30,6.521141095531686081e-27,2.442794232544917840e-31,7.749030118105047132e-32,7.936711139496140792e-33,4.818536121965078513e-30,3.238929492296011557e-33,1.028850645888533327e-27,2.113951726782986236e-28,1.484271138238125365e-30,2.581124033101060250e-25,6.496451292662875799e-30,3.333427670854398690e-29,9.232515475389408773e-30,3.080665676726142939e-29,6.994012461505236608e-30,3.801869760944878599e-25,2.812292931656961256e-21,7.420251146139197266e-24,2.017482329824468346e-32,9.711618741210124979e-32,2.691143215473598034e-32,1.353325460261220200e-27,9.160686761310562677e-32,1.106941632978999357e-26,2.916976090489991212e-29,6.601256249384722751e-34,3.211501311000822946e-32,4.281250896744872498e-28,3.720614874570286003e-25,6.074543501912596536e-30,1.420270399285330551e-29,8.271724146219592700e-29,8.205746823535452561e-30,2.525961626828017358e-31,8.519199403796147111e-31,2.454677620852874414e-31,1.705435869734798161e-23,8.321283290570657825e-33,4.988870406632941201e-33,8.288515051672954396e-30,5.193767877215981686e-30,3.774142887688143297e-29,7.673890312252436637e-33,1.984329739836125021e-20,1.208942818446748558e-18,1.345975435074700557e-31,6.713525545450135411e-33,3.628021539065750554e-32,7.856889721114139600e-20,1.820866021372176964e-33,2.237021102346106490e-27,3.995790229569928010e-31,1.990203271933065073e-21,2.954242074025786981e-30,7.478393553914824040e-30,1.025702829544042137e-29,2.351835470548482422e-30,6.471765608889420395e-22,1.657761704982995797e-32,2.136843420524714944e-28,2.056037612375854892e-29,5.812126237445069943e-29,1.416518840287583578e-30,1.767552339803381129e-18,1.304822205912516635e-30,4.000945962491760932e-01,1.214662436567112251e-31,8.793180426796059525e-28,4.348750429467574584e-34,1.814098263618396214e-28,5.833643848403599993e-33,9.993570632571845360e-32,1.109355988636996288e-29,2.008461809620247289e-29,6.783720491373536226e-30,1.328775794413577653e-29,1.609795645219940813e-30,2.396338538682009659e-23,3.892455330722286199e-34,5.846247944865903181e-34,3.820547330629872576e-27,1.131080331532724219e-28,1.046172211066393765e-26,6.442243843422130756e-29,3.131792288074592373e-29,3.541026225576130164e-29,2.037213080722202384e-31,2.031879949006996294e-28,5.845217672968457054e-21,1.209279782844797614e-28,1.071873586332762469e-27,3.084521454203309831e-34,6.322923703265099139e-24,3.777659708743351738e-32,1.644811616621654615e-29,2.137380508239702315e-22,9.768246899640570001e-24,1.185258186909742207e-32,1.540618094024007567e-32,1.027024413307810742e-31,1.012901081692653634e-27,5.546080342132822858e-30,8.057502870058715942e-29,1.663527984322627099e-27,8.363694606371004050e-33,4.256431507307398833e-29
2.722749579359475181e-28,1.762125782437835218e-26,6.423513637484617195e-32,1.598811119065831614e-26,1.142946706126429169e-31,8.441381062372665432e-21,9.379907633573093460e-24,7.323207273180752332e-29,1.011916630038979634e-27,1.475333975817709294e-30,1.447796119911825355e-15,2.400822369390881917e-27,8.911545187049502421e-30,6.249109072949459251e-24,2.405716922570278269e-27,5.936220777605199733e-27,4.710127507671602022e-26,2.649737459531127816e-28,1.433784707787173579e-29,1.291456248583298603e-30,1.575612875737544108e-18,8.323780627900249478e-27,6.468348134716730500e-28,8.063191850174721313e-19,3.650743511839035389e-25,2.035962574378842067e-18,1.682798099866976000e-24,1.799854323657189740e-29,1.384015288234034082e-26,1.309003322905999311e-28,2.647721925310681606e-28,7.767434546227686478e-30,3.222204314453764509e-24,1.232322501892926402e-26,7.606749291665505930e-30,1.437714704548116663e-31,8.421240869381913590e-27,3.127689900166980302e-28,2.384021497284161662e-26,2.071323251383747865e-24,1.900418572660297517e-29,6.639800422358622587e-30,4.044776689800149874e-27,5.681639378145525696e-31,5.839489063243556988e-31,4.244828480730283073e-29,1.127737384087757893e-27,8.787655182874876538e-27,1.250544108421028317e-29,3.906355194333344875e-28,1.490790381922379490e-24,2.934996918761998810e-31,1.187647485847438575e-26,3.077923102892994131e-27,3.380370296167376411e-27,9.240943427292810801e-25,2.280835329457312144e-25,4.756620068541601861e-30,0.000000000000000000e+00,4.404513752343217238e-28,2.272721671464181461e-18,1.128565579691236402e-31,3.670177100671388564e-27,1.511402104478849807e-30,3.690400868562072815e-20,3.351033978774295766e-26,4.791113870027714028e-30,2.732676562688406899e-24,3.217485197561987942e-27,4.067282938092587100e-29,1.783911849842441882e-31,9.424242573913803066e-30,7.067573435623287102e-28,1.550407443852698556e-27,1.241714155527956126e-29,1.879743023632151355e-28,5.010954177136444934e-27,4.157241544827260045e-24,2.271621450668952443e-28,2.015319549621338390e-28,6.801508577519844463e-28,1.549999261732944884e-29,1.371837647842710908e-18,1.431642331912360096e-24,2.487058005064083324e-26,5.074091740028099060e-29,2.087596477200649903e-26,1.277810743526807784e-22,1.558874635784998759e-28,3.515309654006710532e-27,2.085232047672082639e-09,1.424447241053611445e-31,5.546208244909058467e-27,3.314595334782549853e-27,1.130333052071279460e-25,1.917833411508064405e-27,9.104415387000764191e-24,3.323536635162668188e-27,2.829824249366005299e-18,2.909264664862695661e-24,3.949923710239080854e-25,1.669252261983210168e-27,4.833546006163736477e-27,3.697965838892331855e-30,2.944330910299434375e-28,2.055556240845019241e-28,5.597235130051364836e-31,6.663456131062752479e-27,1.688128832429223992e-25,3.662382332625857472e-25,1.419869182942780895e-27,5.137192508846099915e-32,9.771611350047989409e-28,2.542619981414929788e-24,1.589866448437209039e-27,1.789331205876700575e-15,3.443339650470141043e-27,2.563704451016725912e-29,1.328737782287540063e-18,1.234969197157291674e-22,1.451173936445947793e-30,1.256674767900500463e-22,2.005450258164677609e-26,1.500929312195635991e-27,1.821087513130770464e-31,1.462621304734418990e-24,5.056029779003253360e-29,1.919202764886998670e-27,3.322668610878032594e-26,1.747203594376686772e-27,1.516916490192708950e-26,1.967800986087295585e-25,1.756778624450081330e-27,4.536910752615496627e-31,1.343336782162562531e-26,9.563006739855160876e-32,2.491361783094439671e-24,5.301319375496007461e-29,4.337929184174654251e-27,8.611380309241620089e-24,9.405917841216763741e-19,3.772338759739262761e-28,3.204666572403429725e-30,2.303958483163372714e-26,3.174508608775346967e-31,2.473413288655866633e-20,1.743900106762230998e-27,1.309343641653139701e-27,1.136783164882100819e-25,1.566879724927389243e-26,1.032470226720414657e-25,4.706228583921577943e-30,1.427172307460438064e-30,1.008583112780844829e-23,3.467666676112070463e-32,6.572385096442418078e-20,1.222936423419438489e-27,6.002979115410661724e-30,4.293208477899943953e-28,2.324340419256169611e-27,2.772119155482453157e-25,3.298300391846968695e-27,1.139987611606326270e-25,2.953223440095693725e-26,3.403755597134637859e-32,4.689441076868491433e-32,4.295984670248908653e-27,8.754166409379784576e-25,4.534741116622100129e-27,3.073729713651535502e-29,5.065402937031873266e-24,8.467448831443348959e-30,9.694756959392985478e-23,5.467730905672914879e-27,5.579579346540784510e-27,4.317717167647597430e-27,1.969465096114853452e-23,2.612407718175531994e-32,3.170380846834362451e-30,4.483172474874606483e-31,1.248223357324136550e-29,2.150872057681792769e-26,3.803091964540905104e-30,6.626201931517279870e-28,5.745567619008974826e-28,1.354608591171144747e-25,5.921297700890575523e-27,5.150237687550881263e-29,2.017960730132913083e-27,7.014163760031573560e-27,3.540589973686375152e-27,9.902629474823112115e-30
6.766314828250148090e-27,1.524675060828807956e-23,1.391535552632074935e-30,8.234865722537661861e-25,6.238440421712729834e-30,8.789019926982006973e-28,5.072010658942498257e-28,2.693000820056816231e-25,1.272306855949169160e-30,3.225569718525557388e-22,5.289249112314821670e-28,7.921753928960545637e-26,7.453870098622456313e-29,2.328106257255777958e-28,1.368446080527838783e-25,5.447680940114412170e-20,1.072232510839875728e-30,1.142862575560947767e-24,1.022018061689558459e-28,4.592431207861820066e-16,1.043164790682064302e-27,3.365292059086809517e-22,1.251419186367539426e-30,1.078432330339473477e-27,1.766441214812678809e-25,2.677869091616182533e-27,1.129538683108532557e-24,1.347841947960310100e-24,6.014534775180398521e-24,3.031497525236349352e-30,1.526241101530506636e-30,6.848798554132204116e-29,1.053697505358552270e-25,1.101680999753043897e-22,9.593904942925189195e-29,9.195103576821753076e-30,1.076769048863360724e-25,3.162920173434126142e-30,1.606168606609100470e-20,9.645697049757115633e-26,9.383738302185252575e-25,3.082393914725494836e-28,7.751063318845373534e-25,4.357477647833119353e-29,6.138221554679697910e-29,9.063176639479783371e-30,4.834309705538276705e-31,6.032900226162191830e-23,3.180780661363963209e-29,2.868622162804344050e-07,1.248499824916017290e-24,1.637074290516887036e-28,1.586260668462793374e-25,1.862200279857684091e-24,4.552122378842449771e-28,7.961439832752528622e-27,8.135373368595085305e-30,2.055464263595587901e-28,4.404513752343217238e-28,0.000000000000000000e+00,2.605464017803288140e-27,4.930510475971295115e-30,2.003922907497424267e-18,3.416019704060680660e-22,1.064497099783115382e-27,9.615587042469707714e-31,2.472485933291331162e-28,2.793571956745750666e-26,4.862697067112423789e-31,7.508705377707822031e-30,2.030349467577356945e-29,3.843820919956666807e-29,9.694598155199667080e-31,2.595346547834802066e-26,5.309726174097266883e-29,1.663350906295690820e-30,9.063084410201951426e-23,6.548449400238884466e-26,9.296618618234330821e-25,1.844941292985202784e-30,2.757645661597393073e-30,3.068170447127307147e-29,9.132609929202409150e-28,1.105903505771644125e-27,7.488200049309942190e-31,1.904953337140724397e-25,2.570525193082849925e-21,3.044275021752159868e-29,3.691269526969675284e-30,6.576120894016034062e-31,4.480750208551434894e-28,9.519005473306821104e-30,1.162054224893575025e-22,2.251593083389167823e-24,9.862322200864514968e-29,2.181317018045303452e-26,5.744530685223558379e-28,7.771873553397579339e-28,9.391718470431090966e-28,1.912874642258503081e-27,5.443566689296934836e-28,2.745795872883405139e-26,4.146322332099206457e-25,2.408425472960000218e-28,1.487947009706143113e-30,5.567661995249449666e-30,2.410473894476795536e-28,1.271800761940678879e-22,7.327030190158316710e-30,1.589707147161596972e-25,8.824957553356423534e-26,1.100139746756899625e-30,2.477256151899959101e-30,2.289402510719418070e-26,2.604088171242590678e-26,6.055586729981012428e-28,4.289644085601427514e-28,2.414440126742913838e-24,8.222132709931252501e-28,2.949999408297743717e-29,5.199168507940618167e-16,2.902279662746667097e-29,5.128451237366896416e-25,6.853569309888789454e-31,2.026195172002003067e-29,6.023469676728751062e-28,2.206493343473708422e-25,1.061093915248609445e-25,9.537251890534006756e-31,1.352311749441453072e-25,4.311283330735114346e-25,1.080338080120823525e-29,5.460797643140999345e-31,8.503775610061972776e-28,9.243535547965404856e-25,4.557868888102187537e-30,9.109526573143578697e-26,9.660541843392582644e-30,5.769963131825050498e-25,3.144552397079141217e-28,7.230061302027034718e-28,3.062997957474642270e-26,1.320751204566796239e-15,4.098624798927805079e-24,1.783068303907642257e-28,1.944482219704929877e-26,4.345836033364633523e-28,5.231145938828942092e-25,9.459378212370877025e-29,3.520732122773900477e-25,1.004971252731880973e-28,1.989014617365958786e-28,3.124824713038381566e-27,5.147361044971572645e-26,6.855866235035060570e-31,1.432229467969494402e-26,5.074771744107638041e-31,2.583938147647592463e-28,3.745045989948664815e-26,5.146242937772577675e-28,4.793022400201038851e-28,3.363928440944147400e-28,1.131840174860670116e-28,3.497787775191747982e-25,6.703235500555146221e-31,1.021395041567182529e-30,3.357255542600395553e-18,7.315035923212827547e-27,4.039829103198168809e-21,1.036006545976657051e-28,2.519667219561810011e-27,4.646390272054295448e-29,2.510195181793282807e-29,8.559498328955235256e-25,3.579981635406639470e-25,4.713246647255295180e-25,5.721117258989641606e-26,5.937640157860504363e-31,2.985360068521288652e-28,9.108907169911833144e-28,3.034695869905071575e-29,6.006118558322987426e-24,3.415297835911633106e-28,8.315896910705202532e-31,1.129686322595603488e-30,7.707461182846853481e-30,7.560293638474978728e-23,2.411241977756616304e-25,5.302093490788127315e-25,2.844030742911502554e-22,5.865330196301688742e-31,4.209542425148600156e-29
1.532468935203901903e-27,1.066063787695443441e-25,3.746132586955280786e-31,1.099080000507960360e-25,7.119139200578227025e-31,1.226105971315803924e-20,1.226386829267854091e-22,4.002855316682152979e-28,1.293495519064174716e-26,8.809146602791804628e-30,6.255584360477465723e-18,1.457000114737193941e-26,6.074932553477187852e-29,1.564326662932369839e-23,1.469437527823999527e-26,4.022354862468742397e-26,1.312863013331485162e-25,1.555360938329507454e-27,1.059880834661386310e-28,7.888347607155600194e-30,2.626411384444626187e-18,4.761745826819521884e-26,6.585893191500688284e-27,3.388305495180413586e-19,2.797106369402297085e-24,3.667518176393025329e-11,1.117547723177019014e-23,1.066550373573391818e-28,8.155755786870626530e-26,1.205512830773865290e-27,2.857970637394647956e-27,5.330513634180703673e-29,3.512113660638699808e-23,7.042274943551733968e-26,5.677112535764547805e-29,7.890317564671151944e-31,6.018471286367113545e-26,3.384859242644828651e-27,1.590250818187440559e-25,1.733269227245742734e-23,1.290521128665215496e-28,3.983968142307294426e-29,2.932357502170209983e-26,3.262719277771034635e-30,3.227270940798674061e-30,3.033688920428838956e-28,1.623314433469519748e-26,5.221971470730225644e-26,8.886538851590672384e-29,2.529300171965024700e-27,1.095893787138796547e-23,1.812428536182451340e-30,8.052108583127932192e-26,1.734755317724191052e-26,2.628368606087117555e-26,9.613909019843427324e-24,2.812702502168462954e-24,3.066084814117778745e-29,2.272721671464181461e-18,2.605464017803288140e-27,0.000000000000000000e+00,6.700750632299498671e-31,2.222385055316796910e-26,1.000281927480540700e-29,5.806780625609817461e-20,9.089848150129886338e-26,2.926032033307721316e-29,2.403751304128686667e-23,4.174474888035382710e-26,2.915815508808342056e-28,1.015865125317260262e-30,6.729721720650726163e-29,9.717078981438241938e-27,1.097680022335168388e-26,8.112683199580793110e-29,2.041483254886210182e-27,3.226404412346341035e-26,4.319100870732320230e-23,1.447427306210902414e-27,2.427153326311650381e-27,8.040278216815675144e-27,1.069735916723362016e-28,8.989762994569112977e-19,1.753000000732741093e-23,6.808043838872551598e-26,2.898122989412046412e-28,1.225645016328216362e-25,3.354015514564564023e-22,1.453758540013946761e-27,4.862108367993986816e-26,2.055301133404249624e-18,7.780733300558413651e-31,3.346966436068531299e-26,2.038309154909155856e-26,1.195926329416114620e-24,1.293968275324294394e-26,1.248594686846775738e-22,2.625910043537409335e-26,1.456282486692655293e-18,3.854311592636395987e-23,4.435291054045505907e-24,1.108939313271202155e-26,2.849132053759169156e-26,2.368471076210318819e-29,3.233933028787368521e-27,2.048076115877223495e-27,3.104911545672101542e-30,3.730362193960629113e-26,2.100792800547769147e-24,2.683656699784326901e-24,7.437431136455722977e-27,2.836622462065347375e-31,1.175155630312903054e-26,2.360697988135270936e-23,1.174469008968896483e-26,6.361081575855611033e-18,2.978788814368495208e-26,1.620438012320775008e-28,1.532126151718218189e-18,2.257871712646895767e-22,8.601286064784226053e-30,2.382437306128543634e-22,1.267518011052324312e-25,1.951699830838125291e-26,1.105706022459231910e-30,1.918107277727397813e-23,2.982394335490262057e-28,1.095746400127251156e-26,9.509994010344310625e-26,1.121364809442821969e-26,9.667708428728464762e-26,2.132604087464514304e-24,2.424776091530308623e-26,2.413021542497133426e-30,8.629504183447158499e-26,5.392577392968660660e-31,1.984686320447694106e-23,3.899790106504245039e-28,2.663402656736766618e-26,2.049724529548338515e-23,5.562964895820018170e-19,2.223389340809107888e-27,2.081401079519574758e-29,1.419881097380706045e-25,2.080385569807471968e-30,4.543966785352319896e-19,1.379779143660349913e-26,8.223749478806211515e-27,1.435585838019045620e-24,9.491963665664545405e-26,1.320394078573759553e-24,2.850731786980896464e-29,7.838333772419008278e-30,9.217202960977631347e-23,1.882806404520981064e-31,1.231009542864504895e-18,1.592674161590552416e-26,3.517464524007875126e-29,2.405956042954453384e-27,1.782231042133872847e-26,3.206111258255731798e-24,2.463385566088013675e-26,1.214062165286237842e-24,1.823286340965219191e-25,1.798127298431393621e-31,2.627574332951901569e-31,2.384958338238510854e-26,8.495076128273952766e-24,2.938981884657046526e-26,2.017560196830284455e-28,5.948824976620305581e-23,5.971852277875033815e-29,2.183924052078019521e-22,3.091870685885311206e-26,3.141251280985082433e-26,2.096820433714512833e-26,1.676743630586091015e-22,1.493016975905448846e-31,2.022167908531748100e-29,2.637077691399286527e-30,8.648954773477258015e-29,1.276579394359687944e-25,2.537869552575402247e-29,8.276313655675493380e-27,6.162705667729881291e-27,1.743003297698545658e-24,3.443160599171353166e-26,2.784683979600974061e-28,1.174819233100825895e-26,4.659555772226008816e-26,4.315583908472909682e-26,7.188977079251073258e-29
1.185312896343018965e-26,2.700863621686821995e-29,1.740415537807208767e-30,8.883281943888488933e-30,3.983896546301542996e-01,2.552668387056999199e-31,1.073727109525973173e-31,6.603064214318883322e-30,2.279694445868009883e-34,8.844224921785626549e-33,1.507664187433160214e-31,6.500937098768186616e-24,1.374880619215611074e-33,7.820702848337594989e-32,1.360944474012040512e-30,3.074379950995449706e-29,3.481472485808943346e-34,3.384616295198049676e-29,2.348817040475902380e-33,1.057959963380065075e-32,2.779912572873347481e-31,2.181794521771208721e-28,2.127366291696337259e-34,3.257004050316388291e-31,8.484148770120196729e-30,6.326618035645830446e-31,4.893696021193375690e-29,6.114378381181402913e-32,1.845042602931024774e-29,3.018744900042315008e-34,2.279861027164975788e-34,1.302874675891688185e-33,1.092278695008008226e-29,5.905498785183199315e-28,1.893000010701916355e-33,2.990050680283714186e-29,2.022629054635424160e-30,4.058948680366216919e-34,4.815896580916160909e-28,9.800881598027834676e-30,6.671863873474102427e-32,2.969251255891402980e-13,4.920043796471824644e-30,9.267191050675957729e-29,1.676911958141046644e-29,5.321500695956000247e-34,9.287816381922411733e-35,5.025768237041957125e-28,9.464021134850562804e-34,3.515660895368496734e-30,5.216686471794870935e-29,3.486295761193623240e-31,2.897839696811457119e-30,2.581945807874718170e-27,3.267655157557483716e-32,9.881764054037365733e-31,1.718551632607818454e-33,1.983845474194704062e-33,1.128565579691236402e-31,4.930510475971295115e-30,6.700750632299498671e-31,0.000000000000000000e+00,2.540049941591579778e-29,9.209461293094941900e-33,2.782274931118345361e-31,3.165961336073930124e-34,2.129455444766812792e-33,3.543901789884539196e-30,1.038088779473925860e-34,4.582871261847088698e-34,9.214505827754481008e-30,9.424865821751858836e-34,1.775870788949525642e-34,4.091919637618272918e-31,1.426951528214365986e-33,2.222939749891573077e-34,2.111645772802532331e-28,7.568631648860677017e-30,3.158142244408376368e-29,2.558248668948740664e-34,4.039897317404738349e-34,9.370796974741177409e-34,2.429252397593527439e-31,2.031549212958465593e-31,2.580668127095999199e-34,5.101646535190442066e-30,3.870060934514891815e-28,8.381444362986624285e-33,4.472251618744959119e-34,1.455058033122714645e-34,1.198569027475967782e-31,2.695060298873135716e-29,1.716114416984619366e-28,2.649764896869193377e-27,1.811802744044365367e-32,3.467130128029121628e-31,1.189528834686024397e-31,5.051905303379113624e-32,2.410880310888529692e-31,3.699940492011334130e-31,9.526738642723447584e-32,4.183346863754565767e-31,3.086593283380180427e-30,2.430586517048288690e-33,2.125708041568160594e-34,6.145811019559337448e-34,9.492854385491087658e-31,1.508638838740558051e-28,1.789609793563862014e-33,8.185580641542281411e-30,5.863593317778868549e-25,1.507902429372883954e-30,3.925034721973740804e-34,3.005826684219314507e-30,3.835026186296535447e-31,1.515569628660732637e-31,3.045379258496752212e-32,7.510884866157516784e-32,2.421755256945210003e-31,8.581748649568578163e-33,1.102485596207148620e-32,8.368193087659954833e-33,7.070970664258810650e-30,1.384455009537989948e-34,1.199541678356240845e-29,1.242718109879941346e-31,4.908917656215951390e-30,8.868629320874072682e-24,2.997471582973218237e-34,1.242048170959119912e-30,5.386269776504502926e-30,2.274263872603233319e-33,1.182278968229325871e-34,7.765127207185758867e-32,9.905625284709852557e-30,3.983379814045306944e-01,8.636117978530164741e-30,6.409054370362463854e-34,3.841484028040841556e-30,1.054348911438470971e-31,2.186657557294510231e-31,2.280588423962895906e-26,2.436963210970506879e-32,2.267389540312950213e-29,3.822348759537909187e-31,4.384906654892403791e-30,2.554796804942954355e-32,3.093011584707316043e-27,1.755960578210666158e-32,4.216813075027971489e-30,1.838702928284881719e-32,1.944446342116362632e-33,1.764002862902253776e-31,7.497159142230082109e-30,7.879956871010777634e-31,3.608991132008521090e-30,1.012922310862854118e-34,2.972210046587711188e-13,3.609099251695201097e-26,2.809683951435956812e-32,8.440455222029246578e-32,2.610744205737853117e-32,1.751104929611763595e-32,5.552746234356419565e-30,9.064697584362490370e-31,1.370771967432858868e-30,2.454865000869539746e-29,9.640399999315190249e-31,1.851758157303146391e-29,2.673133863610930190e-33,4.559167833562349119e-31,1.179617530183279820e-33,7.148935211497471950e-33,4.273514278199317491e-26,2.965348053586928302e-30,6.348786916230530941e-26,9.309220526191327542e-30,8.217577478291050886e-31,2.410565716896772295e-33,1.082290618396057367e-31,9.006891561293256901e-34,2.392549961813210284e-29,3.172237198391876624e-33,1.502561937013727192e-34,1.892159754526091366e-34,1.582877583793882667e-33,2.413274562932936420e-28,4.407302431640739553e-30,1.075079828566834503e-26,2.276294581957848412e-28,1.230899560064287791e-34,1.096624095508991987e-33
3.891796542888696391e-26,2.554532313120244311e-22,7.877535674106672055e-30,1.132716136406363449e-23,2.947670261732694294e-29,7.496281290830624183e-27,4.194223029980554294e-27,7.109517725452907711e-25,1.155562187806244815e-29,5.424211617277087851e-19,4.368722968969329170e-27,3.891680338130332918e-25,7.771216030881330593e-28,1.888700764894178926e-27,1.925574640046793153e-24,1.362239120464363573e-17,9.240276200085461909e-30,2.922785270286539030e-24,1.249571812876414009e-27,1.178316004232120664e-20,8.338884538794714894e-27,7.125361941641717049e-22,1.185795513581703897e-29,9.718422113511185472e-27,1.632257895535610812e-24,2.213158390659165261e-26,1.320427969114164573e-23,3.613060431683931802e-23,7.764227224154540263e-23,2.717847918404008886e-29,1.344246465846350603e-29,8.319351825454802427e-28,7.548662464537749184e-25,2.773910423330766182e-22,1.140400636895582588e-27,4.504240072768237073e-29,1.317718344195153813e-24,2.454568214094218844e-29,3.986337709966563454e-20,8.878349454044476538e-25,2.531320850030174252e-23,1.434760230480848482e-27,1.132632979707231359e-23,2.183934017932433133e-28,2.828953377993520532e-28,9.238968855086481685e-29,3.899693620050421322e-30,1.678127079337681301e-22,3.845809237075067029e-28,2.957759238088449572e-18,1.464637777714943464e-23,5.537574040177506855e-28,1.937219039565521004e-24,7.076093182913625083e-24,4.164229493968352163e-27,7.073302386108051512e-26,6.686891239681377923e-29,3.375652932617556937e-27,3.670177100671388564e-27,2.003922907497424267e-18,2.222385055316796910e-26,2.540049941591579778e-29,0.000000000000000000e+00,5.002216222658043286e-19,8.355545516874689067e-27,8.263667137360031920e-30,3.506196769381918789e-27,2.504446340539550995e-25,4.023547868457398511e-30,8.017320952051095175e-29,9.648873155308887657e-29,4.272558256279289637e-28,8.211838213225794918e-30,3.540051404507199762e-25,6.269847145207708499e-28,1.342347360866884076e-29,1.992343272390563689e-22,4.973483412533368730e-25,2.399054690764979309e-24,1.556314999170954587e-29,2.461219301766072651e-29,4.036209996293850914e-28,7.077218802699174265e-27,1.082484596245035480e-26,6.547800252996928099e-30,4.783968090771255877e-25,5.957085764100707063e-21,2.260256628998901740e-28,3.384519243492526171e-29,5.446223331631612002e-30,3.762351201038402958e-27,4.435747336567104246e-29,2.416710574731226703e-22,8.658937003918333695e-24,9.565618816471403786e-28,3.139726787615938142e-25,4.639075317988261214e-27,7.560181660156438000e-27,7.731985214255792678e-27,1.922233970309462973e-26,4.328234186277531172e-27,3.745683527090553909e-25,6.697446114275281800e-24,3.266505293062225350e-27,1.181853164081799392e-29,4.498482114688956807e-29,8.977354948503302823e-28,3.253149190368403702e-22,6.733158927307543423e-29,1.711735702551532239e-24,4.238916283735960295e-25,5.926762766710414314e-30,1.984222602847299505e-29,2.105646741479374497e-25,3.538544032072454762e-25,4.736882239375356889e-27,4.068283824504583197e-27,7.805429427043443729e-23,7.034156813322320872e-27,2.322122407905084846e-28,8.665717044500863933e-21,2.221039223071329636e-28,6.121564123814224895e-24,5.601982991504454122e-30,8.954276936357303088e-29,5.573574037967653956e-27,5.465052819487291339e-25,5.265496737049026111e-25,7.288368307892280253e-30,2.132836469883553218e-24,5.931869490108704241e-24,9.144270510403094264e-29,4.766397859579240668e-30,2.546174727188179982e-27,1.402381659714486907e-23,2.322572721830838061e-29,8.575400364244510881e-25,9.184580685734795998e-29,7.998629989805764685e-24,2.747369053267277925e-27,6.211713795336215603e-27,1.616160387380357648e-25,1.262533925623299411e-19,7.070968099480096783e-23,6.323271084284082498e-28,1.578293593771899242e-25,4.475147602630961333e-27,1.807169249941989949e-24,8.276488556063656597e-28,5.928300754595561564e-24,8.152229449485636798e-28,3.154164361099613125e-27,9.536353905613074927e-27,4.435675269446029075e-25,3.888232888726010686e-30,1.427110207425537754e-25,4.009457062470989912e-30,1.218382941557595649e-27,1.733498434086552907e-25,4.684033967490969186e-27,4.175492433868826767e-27,3.579001481927567782e-27,9.451787552134887309e-28,5.690167661309841390e-24,3.536869399820502284e-30,5.207184872104294415e-30,1.487244503855977815e-09,6.022805475702322404e-26,2.017644025006589046e-19,1.150640168570298361e-27,2.021599738481310404e-26,5.221892723295445227e-28,1.957127383414754574e-28,4.294068632848760465e-24,5.319183667103116700e-24,2.130401547599716487e-24,5.645386057695138802e-25,2.942013769257365742e-30,3.574042435380497296e-27,2.684980862383084165e-27,3.716042941355496385e-28,9.365508013094661041e-23,4.934413893526435950e-27,7.603263557300993669e-30,9.356949148981081899e-30,6.914573476283274124e-29,1.789921050102177726e-22,6.225984986642246076e-25,2.020829383129815175e-24,6.229651296276133061e-22,5.673882562665114151e-30,5.266621511155571239e-28
1.351953739741042019e-29,1.275612075190535046e-25,2.601941135326033908e-33,5.925898065328364789e-27,1.093081501312745735e-32,2.995894916195343465e-30,1.681470099483614417e-30,1.884250470191969371e-28,4.987693998993168080e-33,4.549038393795265534e-01,1.984157281006137414e-30,1.462669177313441626e-28,4.119957272404572719e-31,7.764235676200317412e-31,9.516402723423083724e-28,3.696480258405636654e-01,3.658548874901147648e-33,8.294713065625958518e-28,6.423727812703251951e-31,2.136520454368890249e-24,3.708179339144170187e-30,2.091428482995719385e-25,5.175423141461284165e-33,4.118952805209856011e-30,8.362168065521427340e-28,8.688414938926572546e-30,6.115026914019400528e-27,2.889903364542573740e-26,4.175648379318312982e-26,1.125105796293578157e-32,5.655861103123244778e-33,4.245213631853374011e-31,3.629982477475304827e-28,8.330796990474109839e-26,6.245355607383713498e-31,1.662359894576411111e-32,6.823711451867614886e-28,1.146966727662084010e-32,1.249012461467272544e-23,3.983314808949920230e-28,2.405781968439542996e-26,4.994190248880991566e-31,5.757264020589720137e-27,6.695609625138367215e-32,9.766759420074156788e-32,4.264701701723613849e-32,1.707571695684113040e-33,4.069987098093736350e-26,1.685286425055339191e-31,5.820629050216636927e-22,6.434107039029651798e-27,1.828827219885092948e-31,1.091166421209753237e-27,1.996206683095493504e-27,1.914804349309599338e-30,2.988900523907774896e-29,2.946201902932418811e-32,1.648664642537478284e-30,1.511402104478849807e-30,3.416019704060680660e-22,1.000281927480540700e-29,9.209461293094941900e-33,5.002216222658043286e-19,0.000000000000000000e+00,3.392463291318446930e-30,3.239002848329029621e-33,1.735358093027160633e-30,1.130708252092337324e-28,1.705287342839894775e-33,3.487519219797894016e-32,3.172259836189805351e-32,2.138689167690852797e-31,3.532589466979900370e-33,1.692365893601068241e-28,3.054266505453704655e-31,5.916451127276406230e-33,5.585892207307469884e-26,2.299787701453176768e-28,7.591643558283197880e-28,6.660604870176815554e-33,9.667995949175237172e-33,1.810505144074143082e-31,2.971661459479143953e-30,4.346393771069365562e-30,2.622588164645765582e-33,1.453566571738801450e-28,1.577109243951945261e-24,9.673470337639810687e-32,1.550669294541815286e-32,2.419025878365760105e-33,1.551377962805650764e-30,1.686557382563207926e-32,6.948637937235619543e-26,2.641550317796194941e-27,3.735629091074656109e-31,1.442676230331696497e-28,1.883206249613400979e-30,3.459146241909432025e-30,3.187071185769134601e-30,7.646788810966096753e-30,1.985442148863204115e-30,1.968509357307758132e-28,3.117475733085360515e-27,1.514002390077720163e-30,5.067327140435700834e-33,2.182646107976153046e-32,2.647939374471829876e-31,8.263178655009085324e-26,2.972879584535251171e-32,7.433820626398119826e-28,1.465284142782769188e-28,2.172079289127925640e-33,8.403521669530713058e-33,9.262066841894725862e-29,1.714808689420398840e-28,1.972410789457880667e-30,1.741411909796295929e-30,6.330943881585731190e-26,2.967172849997405712e-30,9.630547205572351901e-32,1.426000845666672299e-24,9.479256574938448144e-32,3.188111999098699984e-27,2.412664030343884542e-33,3.191418701863276420e-32,2.219740662911400347e-30,1.682420247147431844e-28,1.948852058058290497e-28,3.215862247116784993e-33,1.061606015897295276e-27,3.032670654339999368e-27,3.547968787838953597e-32,2.010755614938536740e-33,7.393171221666769894e-31,6.581733259876659124e-27,7.509688250746285167e-33,3.604752781636762090e-28,4.518099237604774696e-32,4.383956058747907473e-27,1.128177568645422723e-30,2.815162948282883193e-30,5.336212698488797919e-29,2.744154211303009563e-23,3.298340301386052234e-26,2.032131305095415299e-31,6.605762537721286758e-29,1.935549423168459227e-30,6.422699414628534740e-28,3.872913399969432490e-31,2.703351110575011348e-27,3.687510483870274871e-31,1.593312283504505012e-30,2.622974015665909429e-30,1.952437008305103892e-28,1.307830256203305677e-33,5.376241455855670230e-29,1.875579920915039749e-33,4.487310565340006882e-31,5.907123547490065069e-29,1.976805209787263982e-30,1.838866223654669059e-30,1.556132046802879997e-30,3.843896778725817752e-31,2.783420147849526264e-27,1.263355076418910551e-33,1.923231716537488909e-33,3.996132255027108094e-19,2.697872303451217345e-29,1.956734776109119219e-22,5.603659089682007694e-31,9.530722480610192706e-30,2.924588788716915050e-31,8.230130514445026103e-32,1.423876595082738819e-27,2.627832047022455357e-27,7.055204018121164557e-28,2.375089651879772689e-28,1.035037112156547279e-33,1.838319471701355327e-30,8.250213416201665729e-31,1.827770831237247104e-31,4.542840448182723752e-26,2.418545801543618256e-30,3.128085405245937067e-33,4.139042317011647534e-33,2.816355177816440758e-32,4.832466768949991628e-26,1.702941284263367913e-28,7.071978956290962968e-28,1.763177818344449134e-25,2.195477247635725482e-33,2.793179536098956296e-31
6.197876655457161877e-28,3.638457667859184109e-26,1.623905642332165629e-31,3.590607093734736711e-26,3.004878699206209640e-31,1.944408997064711133e-10,1.290657576718328520e-23,1.599353540602280550e-28,1.534136044908620543e-27,3.404862951156739622e-30,4.502816284676121063e-20,6.099981939739720101e-27,2.192649237437141923e-29,5.797859355394857910e-23,5.462442010537255853e-27,1.438823801653566483e-26,4.337661570109816148e-25,5.887960812485075762e-28,3.173321038589124905e-29,2.688105796356323449e-30,1.843898167265597638e-19,1.804319118812760139e-26,8.250108351865400368e-28,7.848036052148967575e-19,7.407526802511273346e-25,6.271639837216042943e-20,3.083942814636345108e-24,4.310950786632072897e-29,2.989481130811408221e-26,2.311739322085077958e-28,4.405068183682819947e-28,1.687573094703769119e-29,7.049985604296571425e-24,2.569213886465444403e-26,1.756238787260104166e-29,3.081692510608807204e-31,2.094792618843280690e-26,5.653958353239156132e-28,5.989456599547588971e-26,3.398457368169229913e-24,4.334736818703190666e-29,1.765333344684672352e-29,9.997838129250377874e-27,1.401570829906237097e-30,1.350860722537942822e-30,7.241092290772103591e-29,1.996396295817103839e-27,2.110123603486288252e-26,2.952940075404305629e-29,9.736945670109388212e-28,3.142749607747147057e-24,7.436175251740828251e-31,2.524921744257266272e-26,7.377867286747468307e-27,5.781472747694633014e-27,1.511200708695884064e-24,2.763238308790557748e-25,9.600961801475264988e-30,3.690400868562072815e-20,1.064497099783115382e-27,5.806780625609817461e-20,2.782274931118345361e-31,8.355545516874689067e-27,3.392463291318446930e-30,0.000000000000000000e+00,3.113423657435284645e-25,1.057403807256866620e-29,3.721663577960766598e-24,4.234598051277525756e-27,6.981183843185127732e-29,4.320204649714028117e-31,2.157666024008090076e-29,1.261200742069760574e-27,3.727971130870013909e-27,2.643390494470283411e-29,3.227654839564901684e-28,1.234927891202886407e-26,7.783028439985728639e-24,5.485632800226944070e-28,4.143190531054352762e-28,1.206019124029836124e-27,3.069412162933597201e-29,3.902240003416262536e-19,2.060865159440768690e-24,2.461751735300184537e-25,1.163823593413141658e-28,4.855197643245414196e-26,3.503357338455876804e-18,2.587284520639621765e-28,5.157278707248427644e-27,4.218319917649463695e-20,3.202652969268432168e-31,1.247295199777660861e-26,7.723714873744006362e-27,1.408484873093673840e-25,4.117682887014065698e-27,1.382452187056790968e-23,6.478989080771732266e-27,2.755107634435914665e-19,4.481987805570685338e-24,5.776671906579518142e-25,3.552727173534306786e-27,9.985377097675452120e-27,8.601812150038490809e-30,5.216204216626551554e-28,3.553943476930632448e-28,1.401159453331112053e-30,1.426350637348355382e-26,2.077716189437320016e-25,7.681133669468200927e-25,3.151229379185856064e-27,1.176413807303646912e-31,1.671741379689376932e-27,3.530959641032523277e-24,3.859593228279175396e-27,2.741079466905576283e-20,6.938751949688009239e-27,5.478790378666502265e-29,2.155530807899470801e-19,6.682924040607982431e-18,3.006041451542203184e-30,4.953915078900831472e-18,4.489302249465526920e-26,2.389090754403739058e-27,4.505037541440944038e-31,2.168121848622397674e-24,1.183197939303054710e-28,4.405483674209929261e-27,3.435022707692562015e-25,3.717235969981958294e-27,3.209155217801497145e-26,2.197361478683218637e-25,2.692898018198190168e-27,9.320195810371908224e-31,3.045844811569733673e-26,2.496341333853010038e-31,3.958923506403304393e-24,8.927930728488524671e-29,9.042247419600054850e-27,7.013991551984955334e-23,4.553658786136002063e-19,8.508041106878460667e-28,7.524832873981000545e-30,4.892312386231532147e-26,8.646449593130849129e-31,1.212123365565966078e-20,3.241884115982368405e-27,3.407744125242559713e-27,1.593542292856743457e-25,3.096052157998434752e-26,1.531961624426945740e-25,8.907255213232012127e-30,2.943559639732990710e-30,1.361762683537807148e-23,8.137609137571057670e-32,2.614624023258710032e-20,1.896783546894020468e-27,1.549029746376303648e-29,1.010940034662960406e-27,4.695515504883569981e-27,4.035820762844405822e-25,5.482956280553962523e-27,1.622403548052276323e-25,5.657621236198684738e-26,7.799537688431433360e-32,1.104572084297523721e-31,9.365231956166560349e-27,1.505933533419452003e-24,1.055507018108317994e-26,6.317574936357542591e-29,6.664338121320473276e-24,1.791286401823791399e-29,3.495048129212085142e-18,1.131823575280280776e-26,1.037121330475030713e-26,8.622407948506119639e-27,2.239941059212844790e-23,6.697277290230904203e-32,7.587405656377463601e-30,9.899615277141797807e-31,2.595050131727836010e-29,4.657438624992246938e-26,8.760538662381851775e-30,9.857156276013535069e-28,8.762934682879552089e-28,1.682570807430967853e-25,1.353872754217913852e-26,1.141933977401424521e-28,5.052279058699735556e-27,1.733444827725643918e-26,4.520095838485276637e-27,2.123430541532892125e-29
7.028464169425468071e-31,3.453969950768743639e-29,1.893181361668947459e-34,2.862545343192183232e-29,3.192596238348762170e-34,6.471662542586196575e-25,1.910091275463931489e-27,1.674422516167847264e-31,5.255482150362961803e-31,2.978286414899036705e-33,3.340060006822647509e-26,6.831030749300039747e-30,1.452927458043108893e-32,3.099063650818197332e-19,4.424439951611527215e-30,1.288550464302774902e-29,2.996149976991518937e-10,6.055332159816611165e-31,2.292561836053616817e-32,2.787643817584069203e-33,6.334408701977766804e-26,1.866432835901043655e-29,3.129535244769199403e-31,2.668491949148315456e-25,4.152074553425021970e-28,8.860724803210634090e-26,2.053884528611032173e-27,3.581211365717258316e-32,2.520098384136742569e-29,9.526935280712745253e-32,1.654669247769089811e-31,1.363405149869927965e-32,2.703355579755068280e-27,2.589614582673028556e-29,1.267754972065845028e-32,3.550025862190304261e-34,1.478704522938134505e-29,2.101802213489783723e-31,5.392054338105270351e-29,1.770777018302067268e-27,3.889926199992271694e-32,1.898956978913881568e-32,8.523977525583880110e-30,1.514967575431674189e-33,1.507411657268118122e-33,4.680020232349811626e-32,4.761148042251191634e-31,2.175844591637307907e-29,1.829644760617119726e-32,8.131945144069875976e-31,1.974045253329774487e-27,7.006600330857423976e-34,2.064865511263670265e-29,7.816306293067972492e-30,3.438789095933861113e-30,6.071622804779765030e-28,3.857234420381473104e-29,8.557001004494923735e-33,3.351033978774295766e-26,9.615587042469707714e-31,9.089848150129886338e-26,3.165961336073930124e-34,8.263667137360031920e-30,3.239002848329029621e-33,3.113423657435284645e-25,0.000000000000000000e+00,9.080140428764605643e-33,1.755122114762807828e-27,9.534494629643544945e-31,4.500796881144896848e-32,4.516070402564750343e-34,1.477174317846427638e-32,3.985234438149963300e-31,2.951471773743761526e-30,1.888274311421317772e-32,1.237657781527256892e-31,1.126670726825313001e-29,2.994840873448016521e-27,5.471075428111610316e-31,1.464268488947205855e-31,4.023644038173901796e-31,2.344396025085117926e-32,9.862654297886407168e-26,6.236370744108490996e-28,3.910053733658723323e-04,1.121269877471403944e-31,4.928171592344840288e-29,7.729231576936505333e-27,1.196226367127954113e-31,1.178824860770862919e-30,3.416107032497794873e-26,3.435661595619530464e-34,1.254921296921976813e-29,8.496750093451375022e-30,4.900065794263380413e-29,3.294915026342773150e-30,2.049537512019962050e-27,3.686903032465655144e-30,9.738362312556565698e-26,1.374938801252432733e-27,1.844430015060250667e-28,2.889722486416461381e-30,8.833512759874235188e-30,6.804036989375224562e-33,1.736903165277028119e-31,1.562650700306518071e-31,1.433004516054450457e-33,1.452080898124502374e-29,3.297554452455723327e-29,4.575372891830389912e-28,3.682276029535855681e-30,1.379314949239995725e-34,5.439994082318958253e-31,1.599821050378690844e-27,2.879500687685599030e-30,2.812044276904667131e-26,3.598849268206329528e-30,5.409425978638325916e-32,6.995490350726847372e-26,1.994187559058263804e-26,2.994839734637794862e-33,1.341867944362890586e-26,3.332048833891898283e-29,6.241342205115026943e-31,4.883196904812666073e-34,6.201943127506232918e-28,1.200158629478938207e-31,5.164578634487019848e-30,2.996857042072682257e-10,3.253572595443013179e-30,2.646153083209980405e-29,3.822245523230184775e-29,6.820170535549952194e-31,1.022577021846806374e-33,2.641248084213558649e-29,2.567699062652199162e-34,1.989222904514056423e-27,5.497095619471625825e-32,7.900884598610832049e-30,3.036774561884844867e-19,1.218601952177955893e-25,1.011236236215218232e-30,6.700433396224516877e-33,4.417624319694992970e-29,8.686584509815384036e-34,2.276210862104683004e-25,1.952956521871621668e-30,3.177494891710298232e-30,5.158218667529508931e-29,2.749220261469512603e-29,5.033812265647605119e-29,7.679926759954026534e-33,3.284649106066134379e-33,5.473129491925456635e-27,9.147749858137023893e-35,2.549594192544498704e-25,4.956519479292773204e-31,1.606569502124027155e-32,1.154027063958708045e-30,2.659506573808126750e-30,1.358241348262021235e-28,3.122045114273492132e-30,4.848546018388760673e-29,5.062782537163093792e-29,9.699493297840332825e-35,1.298045717455350007e-34,8.760804996473539329e-30,5.657826984109726523e-28,9.623753917455799136e-30,4.621042573865523168e-32,2.031205776409673645e-27,1.297486725560093681e-32,1.172611337491449064e-26,1.334542452819721896e-29,9.639099086746213323e-30,9.562930373548734252e-30,1.016752312098317446e-26,7.394709536066193163e-35,6.064640809393860883e-33,1.053695717287396724e-33,1.851968624822290074e-32,4.085999534280384638e-29,7.441554995735518109e-33,3.250454242712614304e-31,2.907410287983379502e-31,3.017491300494169445e-29,1.387035916838062814e-29,1.137748513112572050e-31,4.965114602664875275e-30,1.625859925323388451e-29,1.132081853505862337e-30,1.608561427518297285e-32
4.143311656386502810e-30,3.103711403473861437e-23,8.946053459912646888e-34,8.333710686186154695e-20,2.504562882546823540e-33,8.833113603058916119e-30,5.857179328361173751e-30,7.822669712887303811e-30,1.792962513653426631e-32,1.527422464539330303e-30,5.847821639649675840e-30,3.768562340508969888e-29,1.336596707848348461e-28,2.174118370956882342e-30,7.266174377279289544e-20,9.873891189190112051e-27,9.924386314440545240e-33,3.039993260342239965e-29,1.203622900391725055e-28,8.845815249656449834e-31,9.868972369757471249e-30,2.092747988015917758e-27,2.146604717191973583e-32,1.230218763927674936e-29,1.251807393710380477e-26,2.660259074574431065e-29,1.699265904923116887e-25,7.186849827027454707e-29,6.647152284923396202e-23,6.752778154770652783e-32,2.451049501697557775e-32,1.408951751524705825e-28,1.672727788082234826e-27,1.962003518690437061e-27,1.725711793115589517e-28,3.501443223343873832e-33,2.631102714208512910e-25,4.821914702434815784e-32,9.948308874225682057e-27,2.339888026899376677e-27,9.740482628762605869e-29,1.309921537215699048e-31,5.036195038611234317e-21,1.448765498072670902e-32,1.744959703216265739e-32,4.846267531644202196e-31,5.639691086976420377e-33,1.346315899558381638e-27,1.622372073376198253e-29,2.715711759261899643e-28,2.182899077826217242e-25,1.753462546122201933e-32,5.614222976055695188e-25,1.837350835499935033e-28,1.662241906490888409e-29,1.374896667039087615e-28,1.028858602478232658e-31,3.998516412068209847e-01,4.791113870027714028e-30,2.472485933291331162e-28,2.926032033307721316e-29,2.129455444766812792e-33,3.506196769381918789e-27,1.735358093027160633e-30,1.057403807256866620e-29,9.080140428764605643e-33,0.000000000000000000e+00,5.491259197177802345e-28,6.086392667296252166e-33,3.867991355188731255e-31,5.702027541540978409e-33,2.506606455255279968e-29,1.260510391128813928e-32,2.410463178084459553e-25,4.286914538347506343e-29,2.534734770682925528e-32,1.013360397208093132e-27,1.104487764798577976e-27,2.631708977962525542e-29,2.758091811537071149e-32,3.791742784504820399e-32,2.121581419647749434e-29,8.731827860934457788e-30,1.655049495926108287e-29,6.723778378574281483e-33,5.648999410346469874e-30,6.890770259645661095e-27,2.513907207012204345e-31,7.902459543537879374e-32,8.112065224743594279e-33,4.914713750556090067e-30,3.620371956601053985e-33,1.172275228677392453e-27,2.194680347421262071e-28,1.470570665308165976e-30,2.303446403592391714e-25,6.512449621921472226e-30,3.467172889174470103e-29,9.711836105035161156e-30,2.738687453407153473e-29,7.742904774755601333e-30,3.650182588510830717e-25,4.795645599803521026e-21,8.331335550386988433e-24,2.155001609243764726e-32,9.769914376500545803e-32,3.103370191226344653e-32,1.477096956761275945e-27,9.120953855979085812e-32,1.145967603701433362e-26,3.209243727162530581e-29,6.889190477262728695e-34,3.249003247546601102e-32,4.262681911132813004e-28,3.373014205848034541e-25,6.544297570702325203e-30,1.388698327411397835e-29,8.922450950139441661e-29,8.170174555701444807e-30,2.804475489441561533e-31,8.936036143382820749e-31,2.586842923483702104e-31,1.682852152947141916e-23,8.856399076076310752e-33,5.533677138633337081e-33,7.507314239495369478e-30,6.202208385852187951e-30,4.253488273181939554e-29,8.104663920055475831e-33,2.371589595362219920e-20,8.940643891990348259e-19,1.416869908700151755e-31,6.657228032594578488e-33,3.887484726168719276e-32,9.353390225152687329e-20,1.921134447031507502e-33,2.262609625000103146e-27,4.442981833188731178e-31,3.599454594293001597e-21,3.196601513736876707e-30,7.831837643867258626e-30,1.072181597175430295e-29,2.670366097064752631e-30,8.001969552949759069e-22,1.936760649922665156e-32,2.306676525255954097e-28,2.081052181585372814e-29,6.647513966271715807e-29,1.409242990817238950e-30,1.379190830726231300e-18,1.396014007002853411e-30,4.000537186973509574e-01,1.278280051490098550e-31,9.401927570918461272e-28,4.423416768899363014e-34,1.661612863172005592e-28,6.162423205465260234e-33,1.116261086769646108e-31,1.181484778579146686e-29,2.063261209016902977e-29,6.856453433230958029e-30,1.248793358783693580e-29,1.724457221355153108e-30,2.087025322364141862e-23,4.298788828055013141e-34,6.356656974329208300e-34,3.826929849663652054e-27,1.256955938859210946e-28,1.084144813439933716e-26,7.274316858805039522e-29,3.299640830133042634e-29,3.858149096795138711e-29,2.130896646572001398e-31,2.133110508825509706e-28,9.244220229587273182e-21,1.323187687925502210e-28,1.135584908871724259e-27,3.282829766500754303e-34,7.504203198535007650e-24,3.984204446037796892e-32,1.720571244218581037e-29,2.595509877269087760e-22,1.146382283625128583e-23,1.155129895899850673e-32,1.749887304103063680e-32,1.023733910545004488e-31,1.038988011778584195e-27,6.383893373615695707e-30,8.879600038696236205e-29,1.888614860029198261e-27,8.002678942728382441e-33,4.722283531399254055e-29
7.650882104155063532e-27,1.612481457693948991e-24,1.637531251589730111e-30,1.856783941083360092e-24,3.639175809626596249e-30,2.965526622661378870e-24,2.540587968484350788e-23,3.180783209327293029e-27,7.662566180236879402e-25,1.026421256923343514e-28,3.528591409048590545e-24,6.519058107827785823e-26,1.319736919348492394e-27,4.106707997451427470e-25,2.558026272580156167e-25,5.087046595056470507e-25,2.269071716604301522e-27,1.354344474998428269e-26,2.834240668237939226e-27,9.232293378533600224e-29,6.012685410742284061e-24,4.780453205978595346e-25,3.329129713155619846e-24,5.338807360493980763e-24,2.617909860148840378e-22,2.109092372128179900e-23,7.576623576403601018e-22,1.395327974129986411e-27,1.339470100914114701e-24,2.187052524876794845e-22,1.858856324405906220e-22,1.474561774713155996e-27,8.695107734906683980e-18,6.377653361398013276e-25,1.328800976571620818e-27,5.058220961931114429e-30,1.249792730036262895e-24,8.971015639195300298e-22,1.606013599003734971e-24,2.500446536806509785e-19,1.798959052252543955e-27,2.042531709093435534e-28,4.498157071217549372e-25,1.765354724636534910e-29,1.824624100076403688e-29,4.638160910768730218e-26,8.323739985384159975e-26,4.188607699034006251e-25,2.799278639932616927e-27,2.613779133088921503e-26,5.891147537030606280e-22,1.133223402709531613e-29,1.812258606194822534e-24,1.198635233441772756e-25,5.622294533803044501e-24,5.370251080429897360e-18,4.109322899507231633e-25,5.423674674975455172e-28,2.732676562688406899e-24,2.793571956745750666e-26,2.403751304128686667e-23,3.543901789884539196e-30,2.504446340539550995e-25,1.130708252092337324e-28,3.721663577960766598e-24,1.755122114762807828e-27,5.491259197177802345e-28,0.000000000000000000e+00,5.291732881737043919e-26,4.655721560600550547e-26,6.469734453947702747e-30,1.908048704673430313e-27,5.545027098988889829e-25,2.369101643487027672e-25,2.382218670719434119e-27,3.739831226526700172e-22,2.587599849840876585e-25,2.341050441217437946e-17,1.111393626603256221e-26,2.383931233870011920e-22,8.603261236324471237e-23,4.083137282986583759e-27,4.048483741529689210e-24,4.862214130002931477e-22,1.472009820857270060e-27,2.383577551183803745e-27,1.153587477987540598e-24,1.027738753344378645e-25,1.639713837209476022e-22,7.703256252677234377e-26,2.686356883366182115e-24,4.699581856198779372e-30,3.217923420184753968e-25,1.478697098990181997e-25,6.054580728142591225e-23,2.889361006155332468e-25,3.112491804482339176e-23,3.723687796520064699e-24,4.419103205256459379e-24,6.037242599374242381e-22,6.434070938447911333e-22,2.464928960632129253e-25,5.046446754098605584e-25,4.060548871066408872e-28,1.382593931313730166e-22,3.685076950174053556e-22,2.136628717702543704e-29,3.555744230190393916e-25,4.653350520303850272e-25,2.695599541246797080e-22,4.368909606300167739e-26,1.376910849273973239e-30,4.998821320937045482e-24,3.918639641175853705e-11,2.351840163486123102e-25,4.027603566626499711e-24,7.371336415698052269e-24,2.180564328752241282e-27,4.619430589934156889e-24,8.828107426196685659e-26,9.816039140444708581e-29,9.497638306977647166e-26,2.493251583711064879e-24,1.692566668164565122e-25,6.440034852402713685e-30,1.421131602735783627e-22,2.381907889053775671e-27,6.691987080374174176e-26,1.723159929285032651e-27,2.008486161680915598e-25,1.888811632121059111e-24,6.121149994153228924e-25,1.005223547715729983e-25,1.904753737113838737e-29,1.445174751404013351e-24,2.710492469660462102e-30,3.494144548095023895e-19,7.013472043693234068e-26,4.877693025853923854e-25,6.233453930093670584e-25,3.547825939474557229e-24,1.354648382699366844e-26,2.230386443735915526e-28,2.230239495269941247e-24,1.320177861079841910e-29,3.847106791380550418e-22,2.010618208580174358e-24,4.913567311741948448e-26,5.042650431034317130e-23,1.881183973597866211e-24,5.128610912625455139e-23,5.676861291381324271e-28,6.121478185596594251e-29,2.069662379544643396e-17,8.799933024843257430e-31,2.487133235530409059e-22,1.054639716530396805e-25,1.700866584116054965e-28,1.411304347028690770e-26,2.808705281650589260e-24,6.787048464250757960e-22,6.587989445055899174e-24,6.632316178074940650e-23,4.282294320484742511e-24,8.869132280585322838e-31,1.233552408993318406e-30,2.697905812196974686e-25,5.339657167673531316e-18,3.434256745599048948e-25,6.843216609789259963e-27,8.940956911342164819e-22,1.573437033035096781e-27,7.216155191755441367e-26,2.116748367796444540e-25,6.231955451345540661e-25,1.387631590721815032e-25,4.859863382930126526e-18,6.713957678202296568e-31,3.206332651614180184e-28,2.122788836195749999e-29,3.012798363735144429e-27,1.996155422432475365e-24,3.923144779298467934e-28,5.443069802393049137e-25,2.435095675794912790e-24,4.865470006461331450e-25,2.991906294525501347e-25,2.400084224888824801e-27,6.969869566547573785e-26,4.094657238132954518e-25,7.118663349541171852e-26,2.166833158222591705e-27
2.107074512672578946e-31,2.109868365793941518e-29,5.290728703829395451e-35,2.312002569831041311e-29,1.109644558726453082e-34,2.606433554955730589e-27,8.426487315456256171e-24,6.702712077228941355e-32,6.103758988515040395e-28,1.543653775360901605e-33,5.148469098685828012e-27,2.208149208944600800e-30,1.406785238634986667e-32,1.880585595158273408e-28,3.163603421623081458e-30,7.274014193750872645e-30,1.234363760875292910e-30,2.660137948608655872e-31,2.639532210357455993e-32,1.453196411126860111e-33,8.943754360623861560e-27,8.933660154757906128e-30,1.215207727748838326e-28,4.453624519391163879e-27,1.024326022276020487e-27,4.124672271400708833e-26,3.574355210170889304e-27,2.230272118386336674e-32,1.654172900461705631e-29,1.722043140539403044e-30,1.391212588606111213e-29,1.264740004688797924e-32,5.224682225769134637e-26,1.175702967972253882e-29,1.428585815154564062e-32,1.253538306214330392e-34,1.415053002834992253e-29,8.544670997521309762e-30,2.890959892909770211e-29,1.867321420892528044e-26,2.596970254676542770e-32,5.959385896926930241e-33,5.906011644203322153e-30,5.171410828520307067e-34,4.976506746243390041e-34,1.249441429063842359e-31,3.395997116171162189e-27,8.377058005353039399e-30,2.374250770517649370e-32,4.306040349146482990e-31,3.447418687978193896e-27,3.037618658828596387e-34,1.957266208457375863e-29,2.825162856637164466e-30,1.396842000911970918e-29,2.696359140522452627e-26,7.718046244765359184e-26,5.837629283180567820e-33,3.217485197561987942e-27,4.862697067112423789e-31,4.174474888035382710e-26,1.038088779473925860e-34,4.023547868457398511e-30,1.705287342839894775e-33,4.234598051277525756e-27,9.534494629643544945e-31,6.086392667296252166e-33,5.291732881737043919e-26,0.000000000000000000e+00,1.166514367240957522e-31,1.616815759900458298e-34,1.832772043771482401e-32,4.882485268896042580e-28,2.511474743042336333e-30,2.203957346305901184e-32,6.439903573500087635e-30,5.111788940109600183e-30,8.165484068421999841e-26,2.450452362162709013e-31,7.088395192238281352e-30,6.792574897854366426e-29,2.748683862659108940e-32,5.162636136364569650e-27,1.143961692289450511e-24,7.431346774297329580e-31,4.605030243048690649e-32,2.129707953943682276e-29,1.091576478166076137e-28,2.200519103545836594e-30,4.000151360903435593e-01,3.120246920901296277e-27,1.125682452452565841e-34,5.726855415018698683e-30,3.238504309889406276e-30,6.025534530675552358e-26,2.656839637701593358e-30,1.199312890240342280e-23,1.263996638092649081e-29,5.596657643356558651e-27,3.762572422975061200e-24,1.322781979242102038e-25,2.301984847209594613e-30,5.729044047347112295e-30,5.393257726074376118e-33,1.579581767664562209e-29,3.039371857344383013e-30,4.927516753666270664e-34,6.270147406980315147e-30,1.023760565317974763e-25,9.656524212348604082e-28,1.181559301115253467e-30,4.105410396978003907e-35,2.523251304805925816e-28,5.744098694413470887e-26,2.467854083115401896e-30,6.077012346452639857e-27,1.609393502513358245e-29,2.793929493699656648e-32,6.676035464778112797e-27,8.503720772874845255e-29,1.476569440390159900e-33,8.501173756872621368e-29,2.930546875661961747e-29,3.668282933561958730e-27,1.783248731347226660e-34,3.300424827439713202e-24,5.191970234951319112e-32,1.716322636541964768e-30,9.176210558561655383e-31,2.448403722027061929e-30,2.104216992969904499e-29,1.178160478995212461e-25,9.757797099584635999e-27,3.692542782843382263e-34,1.783391199533790075e-29,8.137989386414727593e-35,2.149864106619023537e-26,1.781868047864642182e-31,5.935685448550345392e-30,2.424339805366095067e-28,4.262633213950177351e-27,3.224293109990789563e-31,3.761400169698522005e-33,2.591059709289434672e-29,3.551125007710582706e-34,3.051558644577092619e-24,5.759013497226508401e-30,1.314206899078352935e-30,8.891171597332888920e-26,1.833617196144185618e-29,8.433175285041215672e-26,5.548323883540312747e-33,1.282475397613418580e-33,4.151077301079597557e-25,2.578786243311848118e-35,1.034620042306754027e-24,3.673218853337578996e-27,5.143829862449941743e-33,3.704295984583220750e-31,7.759008082975916682e-30,8.261123564441742861e-26,1.302116630482730182e-29,5.734654800317586995e-26,3.844116055569762650e-29,2.638408934287087975e-35,3.734009063776484546e-35,3.910365251624214931e-30,2.405657956567921207e-26,5.365136934437110702e-30,5.523127837373031475e-32,7.490928378126721470e-24,1.537687915731475422e-32,7.940039231032535626e-29,4.898970038763738070e-30,7.191745824662690695e-30,3.171415692485674557e-30,1.194986929944545702e-24,2.242325778815435585e-35,4.377851744334052417e-33,4.143813540490940283e-34,2.215723909001542153e-32,2.452925344164132876e-29,5.378473296850292540e-33,3.788731748376156271e-28,1.195609813503409357e-28,9.863148127531331178e-26,5.707264371408076744e-30,4.816387063696804238e-32,1.828865898146790311e-30,8.271113418295668721e-30,4.001552368218828648e-01,1.823990502567236344e-32
1.033229280136392633e-30,7.669538201376641976e-28,2.270302674769964332e-34,1.310667614115570661e-27,5.068692441918271440e-34,5.897128305245536318e-29,9.995875952253033177e-29,6.503512926298319099e-31,5.617099469286682074e-31,3.138320386804545075e-32,4.887630664648996074e-29,8.564364647115791694e-30,1.359061989629180819e-30,1.023057599144009251e-29,1.843753125460576007e-28,1.689569352417793828e-28,5.213390770594249687e-32,2.561008658653156983e-30,2.644693648318628275e-30,2.429780055973291454e-32,8.547197980060148614e-29,1.024679003336111818e-28,8.486095445088705086e-31,8.908970577064828766e-29,1.309985097934500246e-21,2.690565313841804013e-28,3.179986047230834571e-23,5.595368480301261600e-31,6.924792874282205170e-28,8.542736851380521629e-30,1.169381619597386598e-30,1.424441760942499751e-30,1.227135202743709464e-25,1.288331944142004059e-28,1.064921384191222939e-30,6.544733262769400452e-34,1.220985664200074896e-27,2.821074672143832032e-30,3.938017790223768047e-28,9.197639877094601749e-25,6.438498082314962440e-31,2.673202581151223346e-32,2.650960441025751907e-28,2.740758930216205000e-33,2.959444265002492951e-33,4.033151417045722220e-01,1.276196558814364458e-31,9.733496098418834404e-29,4.210249401973263680e-30,7.408671872094029553e-30,7.482296067590699826e-24,1.958234098923186579e-33,1.457330990699869009e-27,2.147109932879113268e-29,2.637223221828821122e-21,8.619885587330531556e-27,1.704831758146183903e-30,3.814647642957346207e-31,4.067282938092587100e-29,7.508705377707822031e-30,2.915815508808342056e-28,4.582871261847088698e-34,8.017320952051095175e-29,3.487519219797894016e-32,6.981183843185127732e-29,4.500796881144896848e-32,3.867991355188731255e-31,4.655721560600550547e-26,1.166514367240957522e-31,0.000000000000000000e+00,9.273042749227506061e-34,2.255305083520067161e-30,3.865476709867524012e-31,2.136071326430004849e-28,2.535340193898718554e-30,1.394362652688123007e-30,6.096860987588104744e-29,7.753614574680468679e-26,2.192400602823832159e-30,1.340571455784480494e-30,1.667066757149793836e-30,5.994310763793748062e-30,6.560523988909747605e-29,4.995521400057723790e-28,3.528912892499866304e-32,4.458773619939235961e-31,3.045357624019160939e-28,1.818317391584976107e-30,9.173560695897869550e-30,1.683237711477638454e-31,4.108089258581265091e-29,6.782634158156494808e-34,6.916970602387961302e-29,2.650172488034378650e-29,4.688160881493154099e-29,2.778334284697555762e-28,1.148508001057355522e-28,3.630570457490883716e-13,7.492452696578991970e-29,7.466608370336116012e-28,2.614951508642544790e-28,1.891537033560348053e-28,3.061821919683696950e-28,2.897926346117445858e-31,9.696861715371542291e-31,1.031260176218576564e-29,3.767805679807247527e-33,8.252664895738481861e-29,1.555248882494126278e-30,1.405420920410462813e-21,6.143075485501677841e-30,1.788802271457149663e-34,1.212070070354767936e-30,3.263180433252060770e-26,2.168576482989941794e-28,5.675401551500867724e-29,6.575853215450759396e-22,8.682148832988441254e-31,6.794731228950609051e-29,1.693285775321183827e-30,2.707865571527653773e-32,1.743005225409996136e-30,1.973406670110965354e-27,2.146903957054623713e-31,9.074561997547677706e-34,1.967043641843483706e-28,4.590029405830597859e-31,8.573483259824391279e-30,4.052761725910296547e-32,1.359806514157430408e-28,1.335183080163053525e-27,2.457048714971223216e-30,1.541888512710757991e-31,3.698001260462923170e-33,9.598312633604904757e-28,4.014077243316561113e-34,5.370035712128302000e-25,3.982353899227832339e-01,2.587990948378301009e-28,1.528055763103210494e-29,5.926506181816908344e-29,1.921043613098960457e-30,6.459530125753662109e-32,1.366956639828625568e-27,2.198640002273737178e-33,2.804615955342821359e-27,4.109482828974787716e-13,7.959929219847751076e-30,4.212079958797922606e-29,1.476621950704650808e-27,3.984697442180687631e-29,3.732787605145676569e-31,1.140368283010560328e-32,4.940253144886955511e-26,1.209785523586149558e-34,2.140312682473848359e-27,1.433669572312167417e-31,2.347151386525933229e-32,2.134550112865726222e-30,1.460715375846473250e-21,2.336364834284674057e-28,1.080870552550306313e-21,5.151313607430304437e-29,3.484843254895016694e-27,1.090379208834432202e-34,1.575694289399489721e-34,9.865667797047618792e-29,7.688508161634419462e-27,1.250337513495711884e-28,8.545372771161976876e-30,9.045386697779383708e-28,1.587606194348814347e-30,1.369616189916353823e-30,3.184164292966546240e-29,3.459055042034201863e-28,2.094869458669287381e-29,5.538391096190462071e-26,8.462139551543808553e-35,2.250810044888860229e-31,3.924891392694106154e-33,4.419425415949972304e-30,1.161451434913372933e-27,2.645652687888606754e-31,3.687375975615160949e-31,5.978294104847775052e-31,1.849706731415414512e-30,6.741332526402252603e-29,4.663834192141899199e-31,1.186587657098606903e-29,9.459063324138314165e-29,1.740151124081994001e-31,2.178806728946737621e-30
1.027266206172239177e-27,8.201636203625604378e-29,1.260663330310577069e-31,2.054063695127977715e-29,1.994902632406881745e-29,3.724498394677858012e-31,1.620912503870335687e-31,4.247176650743086629e-29,3.969120442391614620e-34,3.301584297424028764e-32,2.348064787148654634e-31,3.541074160352286901e-26,2.791164792143253292e-33,1.217535584444116392e-31,3.478011510722918309e-30,1.151734175611988587e-28,5.480177291553642366e-34,2.507091637892573313e-28,5.320461433138769577e-33,4.068636176956261607e-32,4.279481136880711632e-31,1.060876277806198290e-27,3.908556150431511534e-34,5.087868914058462823e-31,1.642997006404918277e-29,1.004883349624812825e-30,1.007150451532390768e-28,1.885121846292320615e-31,5.271670247979328523e-29,6.008824545643922308e-34,3.739885510292707832e-34,3.139376359692391642e-33,1.872919072751254079e-29,3.657333999167849958e-27,4.524669532910858893e-33,2.244891829087894843e-26,4.500136690499497432e-30,7.125348754805090447e-34,2.188465507155404680e-27,1.767595234489453901e-29,2.018163331767630407e-31,4.347956965340997096e-28,1.285902773480618970e-29,1.056937067799026613e-24,3.997736356955908787e-01,1.086377256311409007e-33,1.392567348606096336e-34,2.954868576469482621e-27,1.980196489421357865e-33,1.286699836228425820e-29,1.064601900644945999e-28,4.852509514438357880e-30,6.516740391397786004e-30,3.495131147814565875e-26,6.295105176526386694e-32,1.815941002681290730e-30,3.037658913043798596e-33,5.022342559842263243e-33,1.783911849842441882e-31,2.030349467577356945e-29,1.015865125317260262e-30,9.214505827754481008e-30,9.648873155308887657e-29,3.172259836189805351e-32,4.320204649714028117e-31,4.516070402564750343e-34,5.702027541540978409e-33,6.469734453947702747e-30,1.616815759900458298e-34,9.273042749227506061e-34,0.000000000000000000e+00,2.020918230244162744e-33,2.828651324791167355e-34,9.343193192028803747e-31,2.934017599435962872e-33,3.978184464433442610e-34,1.151024224674019071e-27,1.444220464799127447e-29,2.054520401219463497e-28,4.180994274462893943e-34,7.411123175504821699e-34,1.942087028493516997e-33,3.515181348068054360e-31,3.681025056339462004e-31,3.795638499768166198e-34,3.294334830368410485e-29,1.739895332734584759e-27,1.338806378904232361e-32,7.202758835021899180e-34,2.114411621970656335e-34,1.737550638652354067e-31,2.366522472820528265e-26,8.414308271556738375e-28,3.884872679907789970e-26,3.169630957069335850e-32,8.367499780725400080e-31,1.882053450090906344e-31,9.505323221073522210e-32,3.739428941288724161e-31,5.986756381413349784e-31,1.633466495911886584e-31,9.831600413474388748e-31,8.196448495064401334e-30,6.176331688496918064e-33,3.455630660270066879e-34,1.084561292832134545e-33,1.750465099384873601e-29,7.716431585827990448e-28,3.051396383060275034e-33,1.711385954769896923e-29,8.863509077820928190e-23,1.115572647564591510e-31,6.716444975910520487e-34,5.454831948930810032e-30,8.976153303505001136e-31,2.184177652141382884e-31,5.980890332281174130e-32,2.732249704325845705e-31,3.631466184374704222e-31,1.280706242419602413e-32,4.527325629744006874e-32,1.337173691210213351e-32,1.524191176951242586e-29,2.100456271030969270e-34,4.006595098699149426e-01,2.069569877926689841e-31,3.059026099462132533e-29,2.571236224156285732e-23,4.460332116813933706e-34,3.346048647935913351e-30,1.262449778420339884e-29,3.613347284284191219e-33,1.798147306850735713e-34,6.326191840457730872e-31,2.294129109795980169e-29,9.407838347040733249e-30,1.671171781698692961e-29,1.289282978726380995e-33,1.067225390740240826e-29,1.631549050528635582e-31,3.119333448691910797e-31,1.210829013301068309e-18,9.320104716163758461e-32,6.575071502785113562e-29,5.165794168092160813e-30,7.172150631602258281e-30,5.332640419925071985e-32,4.901839560380312745e-26,3.147678119843264277e-32,1.108520572086732615e-29,2.947835410724455494e-32,5.263049266642399005e-33,1.336902070701325417e-30,1.192974184077458285e-29,5.962562805759952883e-32,5.836268333260113411e-30,1.539759701479929575e-34,3.430755288016695623e-28,9.596919512287051962e-19,5.706145867111862620e-32,1.422340734515356291e-31,5.320746862480522925e-32,2.913424078380728814e-32,1.319706825944655951e-29,6.430490768243913940e-32,1.014392400035096474e-31,9.546062789751098262e-29,1.790960023180547610e-30,6.274699339137920288e-29,5.796946746090008933e-33,7.662158160103313894e-31,2.505231977962379407e-33,1.082254478564848186e-32,8.790237511973748802e-23,7.845921929441837828e-30,1.743086655140388362e-22,1.624959559827773568e-29,5.321557495205077964e-32,5.954434953593795460e-33,9.275834852385960440e-31,1.992375324814682839e-33,6.926204083709329543e-29,7.226760970366016570e-33,2.569259310622955855e-34,3.196871965584116457e-34,2.786454543947557727e-33,1.320276543799156622e-27,2.983507770180289638e-29,3.831015839180898731e-25,1.134576196504704247e-27,1.964021969944179935e-34,2.385140050715545450e-33
1.637475916920036748e-30,1.864754200784692893e-26,3.916062208337315969e-34,1.665984735505143413e-25,1.066159108878916425e-33,1.594266677084503764e-29,1.668239001140020336e-29,1.597230931912316269e-30,6.052459606066786399e-32,2.027656806918504386e-31,1.266755039224386122e-29,1.769442903268108209e-29,2.395353943132769323e-26,3.263276551284714688e-30,1.603492274767388923e-26,1.340321764020419093e-27,1.893670000866674274e-32,7.764902593692358403e-30,3.602190299868857736e-25,1.133808817871637754e-31,2.733417907435043180e-29,3.582579264089095510e-28,6.339817404456123178e-32,2.051562973446260684e-29,1.346416075411467688e-25,7.116844744345997324e-29,3.352385474506018105e-24,6.301001180975219931e-30,2.638024747500782589e-26,2.825086497004945164e-31,1.018662805982259290e-31,1.643913401273167370e-26,9.907121791970686230e-27,3.811249084593925642e-28,1.616584969642079931e-26,1.179809572882406439e-33,1.069819243163001459e-23,2.269337951496728327e-31,1.631519583262435783e-27,1.264629701799709044e-26,7.763746230425928504e-30,5.463358349181070660e-32,1.683416857170638090e-26,5.565589163761923521e-33,5.857608085069220070e-33,2.838428073516721900e-30,2.128823234510147716e-32,2.464007834248694348e-28,1.995050751633657462e-23,3.925747095982556647e-29,1.160663162326873267e-23,5.796504314092244022e-33,6.849909237424717483e-24,5.192744583018430869e-29,1.133797916058210755e-28,5.527057670368458837e-28,2.404076449620368155e-31,2.436661753418315956e-29,9.424242573913803066e-30,3.843820919956666807e-29,6.729721720650726163e-29,9.424865821751858836e-34,4.272558256279289637e-28,2.138689167690852797e-31,2.157666024008090076e-29,1.477174317846427638e-32,2.506606455255279968e-29,1.908048704673430313e-27,1.832772043771482401e-32,2.255305083520067161e-30,2.020918230244162744e-33,0.000000000000000000e+00,5.216251982362566589e-32,2.006255679904144552e-25,4.014809103124117318e-01,1.169165840574407466e-31,2.042023453195360127e-28,4.764330597285206645e-27,6.887055560448014426e-30,1.377670254492744090e-31,1.713766533626329351e-31,1.655123268570400501e-23,1.943924415514194680e-29,5.254013408380676029e-29,1.224829447505573996e-32,1.150019525009745192e-30,1.156575459153367360e-27,6.788332941514976914e-31,3.761863571276753545e-31,2.446010194121515643e-32,9.275478903100380713e-30,1.150168990644757639e-33,2.052882064470792545e-28,5.418518584901660408e-29,4.208790838073158727e-30,1.730102587465739263e-25,1.901033131309651665e-29,3.290730115399846041e-28,2.117086770331539955e-29,9.193272868328782681e-29,2.604665701844129317e-29,1.237930444502807884e-25,1.232904684939256865e-26,3.861358171263490013e-29,9.561540889883555715e-32,5.695764170188214257e-31,8.427621869557856219e-33,2.240267137582703142e-28,2.530422799811865029e-31,1.155444156818138423e-25,1.175145348479341965e-29,2.913236949961038697e-34,1.302059405554864078e-31,1.529871597492553474e-27,1.365665007184629999e-25,1.336757576120824290e-29,1.071276321819651957e-28,6.804090467502460045e-30,2.153394936044221795e-29,5.666528640731529811e-31,1.001661525977748541e-31,5.756894473679691690e-31,1.013354293327875692e-24,2.877157646052364250e-32,2.224239340592962135e-33,2.605615117278645045e-29,1.268828331131855039e-30,1.575120323373659128e-29,1.519063777014070470e-32,1.068517278476231447e-26,1.797937118523093350e-25,3.130141500286880516e-31,2.261315481392759404e-32,8.067093250729030351e-33,8.857756820674124436e-26,8.308627884170574341e-34,1.018309578734088892e-26,2.768425569808363799e-30,1.454927043825636290e-26,4.350628695317320355e-30,1.626894636874954747e-29,3.345270418592776602e-30,3.861646787908291757e-31,4.929495382329835186e-26,6.139905270357262302e-33,5.268282359980161209e-28,1.532423107978287293e-28,2.436802812959714477e-29,4.197596329979276922e-30,1.125357750001093707e-25,4.372874299729797832e-30,2.429608380421794059e-29,2.767015304059549378e-32,2.939125013337340596e-27,1.908487808137864877e-34,4.324004670095399879e-28,2.171822152061546895e-32,4.970743176065669626e-32,4.361098209641127678e-30,1.519533831062950437e-28,2.391805014506925555e-29,8.334817474983137017e-29,4.456087909835714563e-30,8.268599568351105780e-25,1.744361402280459204e-34,2.669911198707414939e-34,4.063036016387086074e-28,4.787214157810227871e-28,1.039595119593625464e-27,3.995706960820831766e-01,1.004729255527816999e-28,6.491815301994727529e-25,5.362295912100124780e-31,5.634962044889081008e-29,1.737047962531081144e-26,3.601863529295454661e-29,2.790938036668986100e-27,1.657443377189708520e-34,2.513027479476015870e-29,9.834121291418607263e-33,1.930166398498680718e-23,3.914396471521439005e-26,2.362039534935310479e-29,4.119845989424164114e-32,5.479208496102581320e-32,2.492758672482106129e-31,1.988226454245171096e-28,1.414748986425339214e-30,2.991781458810488178e-29,3.496597262313752596e-28,2.095473560355114459e-32,6.613697612581809802e-25
3.208520367164380020e-31,4.023909142218747536e-29,8.571691892165050660e-35,5.456213860603144077e-29,1.902530661449847252e-34,8.078042494982933965e-28,6.639628954467534490e-26,1.052377848017917847e-31,3.988498692374715104e-01,3.276543140201219161e-33,1.234618478490335463e-27,3.522053478753473118e-30,3.740682326589956534e-32,7.283218062706414272e-29,6.719559732969255634e-30,1.751971479331477681e-29,5.312326405629262480e-31,5.104702479238313664e-31,6.614683269805442991e-32,2.518574059261019489e-33,3.234824370647311646e-27,1.487847155000503164e-29,7.783626347093113159e-26,1.111245751420175268e-27,3.621815315712185062e-27,1.072909766206074655e-26,9.948576409414521626e-27,4.441828696858370965e-32,3.554788841494284996e-29,1.876706019626937776e-29,3.047353614318294659e-28,3.254907652647451916e-32,9.574931592173221699e-25,2.153864689634998786e-29,3.650668676199836430e-32,1.751956737050485444e-34,4.151139275219146062e-29,1.525103855017447458e-28,5.873241257785688471e-29,1.307501378559935295e-25,5.076414920895597935e-32,9.720730978095864940e-33,1.425112519792260792e-29,8.357039517684682372e-34,7.956354626484752296e-34,3.589974731912027934e-31,1.851793304268805359e-26,1.488554211067006613e-29,7.651497661259132682e-32,8.833812064930008018e-31,1.158239552725797270e-26,5.649911211837983485e-34,4.340555395514871030e-29,5.201138960232825907e-30,5.015935824546526253e-29,4.875432399177450405e-25,5.146294533785424628e-28,1.242761225569365738e-32,7.067573435623287102e-28,9.694598155199667080e-31,9.717078981438241938e-27,1.775870788949525642e-34,8.211838213225794918e-30,3.532589466979900370e-33,1.261200742069760574e-27,3.985234438149963300e-31,1.260510391128813928e-32,5.545027098988889829e-25,4.882485268896042580e-28,3.865476709867524012e-31,2.828651324791167355e-34,5.216251982362566589e-32,0.000000000000000000e+00,6.176751503256081106e-30,5.977690784931733795e-32,1.252537653014950587e-28,1.037872749783955003e-29,1.129134215789347560e-24,4.833158209441750987e-31,1.679654224013243515e-28,4.925995813204124150e-27,6.744088093688370716e-32,1.526286963891851594e-27,2.216360397455449036e-18,3.396002484056060040e-31,7.992693926448721354e-32,4.336903799188877378e-29,4.340904450197528020e-29,2.293223502109999425e-29,1.451161378567073846e-27,7.286564426330129504e-28,1.802191999568686188e-34,1.000250116821576998e-29,5.464502814736178423e-30,1.406159981423500265e-17,6.379943119295256926e-30,1.056881160023777928e-25,4.689961590792619949e-29,1.624333534752381553e-27,8.977949078277897798e-19,1.373610612876876590e-22,5.479232079205798410e-30,1.049282064267554309e-29,1.385736980724111217e-32,3.578186161779298924e-28,3.546856650890781402e-29,8.908863998542177757e-34,9.942708478438278466e-30,8.931120669237963493e-28,3.412511617701307381e-27,1.912131331361048362e-30,6.086357001730874443e-35,2.333835018595939567e-25,7.134974807956723361e-25,6.634635610814347306e-30,1.306668576396771018e-27,8.514091851362659152e-29,5.654330257869882097e-32,1.927479448491984640e-27,2.983254288898645742e-29,2.465833721022399666e-33,2.840624726997299993e-29,6.955741032827717116e-29,3.994883738458559462e-26,3.066306037571880776e-34,4.551503496297119797e-23,8.929932393692578609e-32,2.636924130648196105e-30,4.266543986359502808e-31,5.636840546511485771e-30,4.164064612596474138e-29,7.570659422788493712e-28,1.201250038038355678e-26,6.113210765531980015e-34,4.146389285373062151e-29,1.517739215757351459e-34,1.586069462356960864e-25,5.695973476779451322e-31,1.086988575318669126e-29,9.798946767447590523e-29,1.102115280313276289e-27,4.932127949218887607e-31,7.095138121686065611e-33,5.558053837156015786e-29,6.209927466529393890e-34,2.373314573849837911e-25,1.950801074305644143e-29,2.680466812571133216e-30,1.924697911688295227e-17,3.799966398536745207e-29,2.980472989172364285e-17,1.132438002150820828e-32,1.988703744884719980e-33,5.870431246350354717e-24,3.904381123086050244e-35,1.830463716655848666e-25,2.084327576574410810e-26,8.767353296752815891e-33,6.272320089333748354e-31,3.142763647624600082e-29,6.473298103349163827e-23,5.509188553670417219e-29,1.653851710713981988e-17,8.559132436692769851e-29,3.724796271193964018e-35,5.875784613194325514e-35,8.332835130689219361e-30,3.840502174328914306e-25,1.086146310133490326e-29,1.449579351215451210e-31,1.970659099457811519e-21,4.233857339853341711e-32,2.914083388408824863e-29,6.887575697979145080e-30,1.160519123810541820e-29,4.635198630986048024e-30,3.971160079247730217e-23,3.729847662167897510e-35,1.163438772567750956e-32,7.893031300801184398e-34,6.419467082514238203e-32,5.493816140472083251e-29,1.333121477966759344e-32,4.020721051714145622e-01,6.392305105274387171e-26,8.529201288574629829e-28,1.000330079268366753e-29,9.146569889607161988e-32,3.562394539167663530e-30,1.549866045887116243e-29,6.638137038392180049e-28,4.361216771289538449e-32
7.151390377542402822e-28,8.272589252964974284e-23,1.576708459910799655e-31,1.512193330353235565e-21,4.856230880633860275e-31,2.928892733202511242e-27,2.483190660054201906e-27,9.601616341338175231e-28,7.920789806905889304e-30,1.490963390354336101e-28,2.100060656153787208e-27,7.030960594264707297e-27,3.413992657166290974e-24,6.747999242007127812e-28,1.403581278917406651e-22,1.030823404273053641e-24,3.494753904005159848e-30,4.131275622552453216e-27,2.001662716224418058e-24,8.797829917256168762e-29,4.165925863465562176e-27,2.372188932258433760e-25,8.379105812182817289e-30,3.948839369063419333e-27,9.086944442941468343e-24,1.042986376286924764e-26,1.703856856840433407e-22,6.326835511562181594e-27,1.343059854005141723e-22,3.195912206122787410e-29,1.204330357160023268e-29,3.789195168049906895e-24,9.674335411053266382e-25,2.368237607541821026e-25,4.616571400325918088e-24,5.685500411752525052e-31,8.935531890007322022e-21,2.403560733822108959e-29,1.138175819129259875e-24,1.263609650234209706e-24,8.699371676128980274e-27,2.293285411067424241e-29,1.142241276970165869e-22,2.510644631503158959e-30,2.748215601129963531e-30,2.667750038622720561e-28,2.605436302752362761e-30,1.522319267804249694e-25,9.806471530709958622e-26,2.764759776456515849e-26,3.460566617587544741e-22,2.692855504710809193e-30,2.368735643067543274e-20,2.593997374280647864e-26,9.443206936140929216e-27,6.333114562246669496e-26,3.980992193848390560e-29,2.298172976569550213e-25,1.550407443852698556e-27,2.595346547834802066e-26,1.097680022335168388e-26,4.091919637618272918e-31,3.540051404507199762e-25,1.692365893601068241e-28,3.727971130870013909e-27,2.951471773743761526e-30,2.410463178084459553e-25,2.369101643487027672e-25,2.511474743042336333e-30,2.136071326430004849e-28,9.343193192028803747e-31,2.006255679904144552e-25,6.176751503256081106e-30,0.000000000000000000e+00,3.870520768219884191e-25,1.258484315173803737e-29,1.209796841231585612e-25,5.568497316195522678e-25,3.586464236300768440e-27,1.484417147125421764e-29,1.821364381577121386e-29,1.107965619068241655e-25,3.327618808746077152e-27,6.816763236548811748e-27,2.304516903754924076e-30,6.781056926803239209e-28,7.694071891993802667e-25,1.088228658000283910e-28,3.878390492884686416e-29,3.438430524111657135e-30,1.676078393920142848e-27,5.663571021295460309e-31,1.368713260028018956e-25,3.102490469569451253e-26,5.762766628631345285e-28,5.929467309576876066e-07,2.686582013230434714e-27,2.358130193142834901e-26,3.593736779970292009e-27,1.191751700258456707e-26,3.488853185306128700e-27,4.535205319304864861e-13,1.070382594855663069e-22,2.852914459028691992e-25,1.049934851684546509e-29,5.506283867861523573e-29,4.627879350098337272e-30,1.509386058322983882e-25,3.762289156827839799e-29,8.193682358832575410e-24,5.348041596487562064e-27,1.237999044247825734e-31,1.620427777370356399e-29,1.890576411087901057e-25,4.528798895864763286e-13,2.310075577985269640e-27,8.096742620481024564e-27,7.570990452225509225e-27,3.307216271679304199e-27,1.053583005740572987e-28,8.381651581852095681e-29,9.715588055721216897e-29,3.771062219112957300e-17,3.960284830044217575e-30,9.818798547818728682e-31,3.464180220138302923e-27,7.996073332850894378e-28,7.211908773122615286e-27,2.836259300729297463e-30,8.342058930477581863e-23,2.641842816202151716e-21,5.082283773781043432e-29,3.099681232415769362e-30,4.647296136337976557e-30,7.226551062993643250e-22,3.385491066833533986e-31,1.063851363337147032e-24,2.494407175629898869e-28,1.044786189195506218e-22,9.626251016805188666e-28,2.782153233137864809e-27,1.672677926996470514e-27,2.633855655572385830e-28,3.424324529202375152e-22,3.039609583220098898e-30,8.302796309359036592e-26,1.286590285355004388e-26,1.047802478578257695e-26,5.768156036486211905e-28,1.405047089035122216e-21,5.915092245045997820e-28,2.245844174048521382e-25,1.571194292616327639e-29,3.844077375777944939e-25,7.789951341490859766e-32,6.534432923959885418e-26,2.822942237095882117e-30,2.019288123082214097e-29,1.904876211718838392e-27,1.191831284491658965e-26,3.120104801608277458e-27,6.979440492442328086e-27,6.626362293829379451e-28,3.586218909510148167e-17,7.353259261568024814e-32,1.113077393965260404e-31,3.514449044091527295e-25,5.859392295962809254e-26,9.445508563970011471e-25,4.777926760518558125e-25,1.357182932165470937e-26,4.943400580821935913e-25,8.491166013645335396e-29,2.953429180147560687e-26,1.418182097419790828e-22,1.826368491150004494e-26,4.304363980139181933e-25,6.447130108112475438e-32,1.798593101155644677e-25,5.356986220745350937e-30,1.019487801120442943e-25,2.386428214871412721e-22,1.680523997025823006e-25,5.074715620820201939e-30,7.407812694459827111e-30,3.849854611522174034e-29,1.243068020029996172e-25,8.022245886542205884e-28,1.426541576809600604e-26,2.299590889145972763e-25,3.197130329448925291e-30,5.273933979217651503e-25
2.207645575107140753e-30,2.904701541196789586e-26,5.248565023849817294e-34,2.829557991959853051e-25,1.490428848044106224e-33,2.057210898778833715e-29,2.057162491224892037e-29,2.281870145107742254e-30,7.501623602460720650e-32,2.881253219654589180e-31,1.619228349522262564e-29,2.507236006384746543e-29,5.267934870429781584e-26,4.300803042719874019e-30,2.854376439900634616e-26,1.788139843793962334e-27,2.356004289230822740e-32,1.059339860412137460e-29,1.244873961173121000e-24,1.612535965206466630e-31,3.281709651602170708e-29,5.641569894108415366e-28,8.420274888696162622e-32,2.775686054959605850e-29,1.438854325148936905e-25,8.467883450666876683e-29,3.857683427197385838e-24,9.373770524778448950e-30,4.446709322952265280e-26,3.257527782129520304e-31,1.188486628468105798e-31,3.882760881146925646e-26,1.062842682942098690e-26,5.801834455870176091e-28,4.005081107380962852e-26,1.718872897255705874e-33,2.369447144436227376e-23,2.630097021886091983e-31,2.461793334572346316e-27,1.618507278740994841e-26,1.220824999856407215e-29,7.730946650916355281e-32,2.692621149940008498e-26,7.437372646600275883e-33,7.689416879699771089e-33,3.288793298120084033e-30,2.299237013422218262e-32,3.315903010127704663e-28,1.269605684874025889e-23,5.627083808898011925e-29,1.243979047168771736e-23,7.707454928505255360e-33,1.688421887683069187e-23,7.271440568791027956e-29,1.322145270505243908e-28,6.177996348270049956e-28,3.088295448138595895e-31,3.976381006287750184e-29,1.241714155527956126e-29,5.309726174097266883e-29,8.112683199580793110e-29,1.426951528214365986e-33,6.269847145207708499e-28,3.054266505453704655e-31,2.643390494470283411e-29,1.888274311421317772e-32,4.286914538347506343e-29,2.382218670719434119e-27,2.203957346305901184e-32,2.535340193898718554e-30,2.934017599435962872e-33,4.014809103124117318e-01,5.977690784931733795e-32,3.870520768219884191e-25,0.000000000000000000e+00,1.355647868431507151e-31,2.841574721176983096e-28,5.786933141527520329e-27,9.285484667076025896e-30,1.534110157628957888e-31,1.923347147208022960e-31,1.023174837009715301e-23,2.563984056629498701e-29,6.238381007645818835e-29,1.624968322436614308e-32,1.685967280234688752e-30,1.618857169292299670e-27,8.014953723457954432e-31,4.696538183467685168e-31,3.021048732888887868e-32,1.275297239052672374e-29,1.618557324175954487e-33,2.880296224249340359e-28,7.381903705892126353e-29,5.282866965813127316e-30,3.299915309325908022e-25,2.402295801137318737e-29,3.482996444077128614e-28,2.527121521052453726e-29,1.040917733585422088e-28,3.228445498766679806e-29,2.362169787736263099e-25,2.288914422146080297e-26,6.468385383285063756e-29,1.120299031470793940e-31,6.468444471681815275e-31,1.207811464233387966e-32,3.212372555160283428e-28,3.277675877634911829e-31,1.327949802944001343e-25,1.795379193240062719e-29,4.059876973287502286e-34,1.568637636525133463e-31,1.926146436506014651e-27,2.358795645123458166e-25,1.759489494261629681e-29,1.096531936897412901e-28,1.017054583237151710e-29,2.735920322832393422e-29,7.339590333671541457e-31,1.531527742435146407e-31,7.233924060098713812e-31,1.856762279147061575e-24,3.624047998587590184e-32,3.136317271452697978e-33,3.143944064648406397e-29,1.904384667899084840e-30,2.357187881445262357e-29,1.903465438265908786e-32,1.758586580377200921e-26,3.324130052362620066e-25,4.045718271627795500e-31,2.941978966613607272e-32,1.154031041469306107e-32,1.572835524316323971e-25,1.112965851141259004e-33,1.282900278180038933e-26,3.299901177264002300e-30,2.650147889815185637e-26,6.071049286373326129e-30,2.092471277852082612e-29,4.767636842532549467e-30,5.168055966344676930e-31,8.524769235968895938e-26,8.228116871199887760e-33,6.574986200949299783e-28,1.719024955075102624e-28,3.222148996331505490e-29,5.298393846475055649e-30,1.984589512554085641e-25,5.420747066419957501e-30,4.325428432873139344e-29,3.834919894682754307e-32,3.852445252808287586e-27,2.496383046857556866e-34,5.250028498851207465e-28,2.698718340875314822e-32,7.025509235262265596e-32,5.805149500475049533e-30,1.558895544018941575e-28,2.961467847727592970e-29,9.261458646551811103e-29,5.724587312242138152e-30,1.466458731740221880e-24,2.559729787548688061e-34,3.785509229971605447e-34,6.073734622580542515e-28,5.870300319534138413e-28,1.474916660138504986e-27,3.989440150345475167e-01,1.191231623275731754e-28,1.717639106768458596e-24,6.623143296836046168e-31,8.055828258166092477e-29,2.974210949554451155e-26,5.393848846846134616e-29,3.926288606828395924e-27,2.376685107948179097e-34,4.048607390264512551e-29,1.318080785716611292e-32,1.231066309753629973e-23,6.374977055150964146e-26,3.799102760868032615e-29,5.065498367464750645e-32,7.047317446031469954e-32,2.921525034821626574e-31,2.735516677740056637e-28,2.054412359423154208e-30,4.125035155002876594e-29,5.138300624139536827e-28,2.751105846528221882e-32,1.731904256619671206e-24
4.191578160219135762e-31,7.839250434872558123e-29,1.037681125109332396e-34,1.103642814467451393e-28,2.384523847868923718e-34,2.105900087292158329e-28,3.057202792344974689e-27,1.613259642923226857e-31,1.072557966525862188e-28,5.865211857075125726e-33,2.958208126223945761e-28,4.440268530035475129e-30,8.019495716238678332e-32,2.606616029133221578e-29,1.381387821510192933e-29,2.936492669421223057e-29,1.655240945898449199e-31,7.723310961483724937e-31,1.510698078549427610e-31,4.317413554178210103e-33,6.822160830257032184e-28,2.474297385538551715e-29,2.940639386362607177e-28,3.032722553793508315e-28,1.197500882765444129e-26,2.216393883216577618e-27,3.015277122643747601e-26,8.287485301110962306e-32,7.162637559596810643e-29,4.026684567254323910e-27,4.742583921076958043e-25,7.349216956718080681e-32,9.842968226130599215e-22,3.370188230166111852e-29,7.850735308304878195e-32,2.520805607819617220e-34,8.593749035524732418e-29,3.997268994070456993e-01,9.186061480753238962e-29,4.565310707506768134e-24,9.545975061848325111e-32,1.289752828727658158e-32,2.562029959613701610e-29,1.106750551804136647e-33,1.063953174837878946e-33,1.376633232239780821e-30,1.633033467530301872e-29,2.222489667856150268e-29,1.734175284027014701e-31,1.463422522472643739e-30,3.165033793388831805e-26,8.144643352504335065e-34,9.670317710360795076e-29,7.023332855051424930e-30,2.193702999476009278e-28,7.505194525157495263e-20,3.297138829924300108e-29,2.482717888600751123e-32,1.879743023632151355e-28,1.663350906295690820e-30,2.041483254886210182e-27,2.222939749891573077e-34,1.342347360866884076e-29,5.916451127276406230e-33,3.227654839564901684e-28,1.237657781527256892e-31,2.534734770682925528e-32,3.739831226526700172e-22,6.439903573500087635e-30,1.394362652688123007e-30,3.978184464433442610e-34,1.169165840574407466e-31,1.252537653014950587e-28,1.258484315173803737e-29,1.355647868431507151e-31,0.000000000000000000e+00,1.541474351976289586e-29,2.955058403722966844e-21,6.758059053012818034e-31,4.006485719494437547e-01,2.582091381793300649e-25,1.642099334185555824e-31,3.757731385123640780e-28,6.554120042574561011e-26,1.081943457804381722e-31,1.243977645853541912e-31,6.679289381606850665e-29,1.074954432759454829e-29,3.229385998070974285e-27,1.039319514596600601e-29,1.863914171797073730e-28,2.439864566567417020e-34,1.550570708492671143e-29,7.704047547521084035e-30,5.808645189288492872e-27,1.337805352533809172e-29,4.100236679022814040e-27,1.730601150511576863e-28,3.907238330402729124e-28,9.324149326884596397e-26,8.934517478917531439e-26,1.154137784664639294e-29,2.133419134566725564e-29,2.749177542430632206e-32,5.401368667901352809e-25,1.104008932947926223e-26,1.193402021337070722e-33,1.582043900665801796e-29,4.494400837781270358e-29,1.167751115996856754e-26,2.570559270394707903e-30,7.773198700843356199e-35,1.057296406846846305e-27,5.384969949405855398e-22,1.290922092870500289e-29,3.290592838539738617e-28,3.557722019507611091e-28,1.028619535132645708e-31,4.533173532452632134e-28,7.885424653242006819e-30,4.300181555253394064e-33,7.852153180235653781e-30,1.474657421179539888e-28,2.774934920269363360e-29,4.252474240114581113e-34,2.100137687046724991e-26,1.356688693078624908e-31,3.577896100413023400e-30,1.297555491091696712e-31,1.101852873979121121e-29,9.032553348814159801e-29,4.589620061645962127e-29,1.500582701409291762e-29,9.346515138717787400e-34,8.200226542421957860e-29,1.895618342841967115e-34,6.538355403556317465e-24,2.323598208085266874e-30,2.310665204836661713e-29,3.424618436045811715e-29,2.698758541951474938e-28,6.638947642877990243e-31,1.222550237852606496e-32,1.058215568124028092e-28,8.792121398530276755e-34,3.065516938446943291e-26,7.317663053109527019e-29,3.701331354926021879e-30,6.033107079109329671e-27,7.923817052327762500e-29,6.999411036870975442e-27,2.367742905837514681e-32,3.067897115991711949e-33,3.397226746332737149e-21,5.008817674130526685e-35,2.395458622628166429e-26,1.696462035049805401e-29,1.119973594020507874e-32,8.047186748286623959e-31,1.175881248547009438e-28,9.233072548496129391e-26,2.386475440707327654e-28,7.443720580504799937e-27,1.763180528957180169e-28,4.837541381558840628e-35,7.428026569985459641e-35,1.322636022100775505e-29,7.690904044370987942e-20,1.897424700929911950e-29,3.560316404159857422e-31,9.520007115897531808e-26,9.714388514254739553e-32,7.425888988806245898e-30,9.847196614242023416e-30,2.446632537506759538e-29,6.785309156627572921e-30,2.717385098049460792e-22,4.576959544130329042e-35,2.249647063161315106e-32,1.119806317722783585e-33,1.517603171763391820e-31,9.973266166784392322e-29,2.487465815606264629e-32,8.471573816741580659e-29,3.259091557770160242e-28,4.426238917610605252e-29,1.597475608905532502e-29,1.412031956993928940e-31,4.890102403489116232e-30,2.367451507932062443e-29,7.561393084346584347e-30,9.972092449041058110e-32
2.731059859041963050e-25,3.112671736122430376e-23,5.042434423092928144e-29,3.563950399364242240e-24,2.738742326324685087e-28,1.010027868667923491e-26,5.608832111573974134e-27,8.834625627154380400e-22,1.403069471281983788e-29,5.797238123356390850e-26,6.098910287216543671e-27,3.138317825519035723e-24,3.600747607286939685e-28,2.693718911348958520e-27,5.709981870290976803e-25,1.346974908572818015e-22,1.314897955762873986e-29,2.847032052787856647e-21,5.260771311856834077e-28,1.158355340187140339e-25,1.230294594246886136e-26,1.106528121903578840e-17,1.383004044179531684e-29,1.264630727259350523e-26,1.215126521360683361e-24,3.089311332444007305e-26,7.840477174067039367e-24,1.654613666824768994e-25,1.488945570917620967e-23,2.853180074153033091e-29,1.499934658383895363e-29,3.313504387501335456e-28,8.444056967485682614e-25,2.655588758388628665e-18,4.766855186521581651e-28,4.607117762015700364e-28,5.484954838828848153e-25,2.864153504519467062e-29,3.695499502978667570e-19,7.849535704181043537e-25,1.408287774682109598e-25,1.237464900504102539e-26,2.899852497769520538e-24,2.243009121328968401e-27,3.669009111579725555e-27,6.682595328432317407e-29,4.979820927752013636e-30,5.442186251688246295e-19,1.968292200686704093e-28,3.853925251881331988e-23,8.186342047547865684e-24,1.816569956900398192e-26,7.286749367197700443e-25,2.867912612341217368e-22,3.486773702447525054e-27,7.892423837118756773e-26,8.783844641558387387e-29,9.600983774855657441e-28,5.010954177136444934e-27,9.063084410201951426e-23,3.226404412346341035e-26,2.111645772802532331e-28,1.992343272390563689e-22,5.585892207307469884e-26,1.234927891202886407e-26,1.126670726825313001e-29,1.013360397208093132e-27,2.587599849840876585e-25,5.111788940109600183e-30,6.096860987588104744e-29,1.151024224674019071e-27,2.042023453195360127e-28,1.037872749783955003e-29,1.209796841231585612e-25,2.841574721176983096e-28,1.541474351976289586e-29,0.000000000000000000e+00,5.506318163090346560e-25,2.700525931431723142e-21,1.840393611770951348e-29,2.935592076144838472e-29,1.886575880488501610e-28,9.725157680831043872e-27,1.295090308802657506e-26,9.231580010047763226e-30,6.131675293533912882e-22,2.545872534001654539e-18,3.320224001350187182e-28,3.474792402200247082e-29,7.187832141979343888e-30,4.954304781062420676e-27,4.862770800364637271e-28,1.201105211001682937e-16,4.146627333092599090e-22,1.055826498674125519e-27,1.101988774255465436e-25,6.226167891623937079e-27,5.981800683071274564e-27,1.043390878131671331e-26,2.285569267749065363e-26,5.282655792324781872e-27,1.326414153325620162e-25,1.734232433354511228e-24,1.035419624848669077e-27,1.398535162937507194e-29,4.583930365241967730e-29,2.455708683238193346e-26,1.219572758209239706e-16,8.237377968199229170e-29,1.106566746564186478e-24,4.148934743862417519e-24,4.017864690194250544e-29,2.373534298824418774e-29,2.167377386263328898e-25,1.297251349356615577e-25,6.491460271001496824e-27,3.542806772617900423e-27,2.210726770564798742e-25,9.569917317802579218e-27,3.390542667721654204e-28,1.786436263574248643e-25,3.162928756818840490e-28,2.206776309806246149e-24,7.033522512915041577e-30,1.107352358102765370e-27,6.522483351317799824e-27,7.043386366749592489e-22,4.970869564529212252e-24,1.073688034723665276e-29,5.840550646551464113e-25,1.956410176376301316e-24,1.133298872155310897e-28,5.768491026954462758e-30,1.854179433517362949e-24,4.016467160106503741e-24,2.049349096392445044e-28,8.332821957895077569e-25,7.159869698641425751e-29,2.097963715514119954e-24,3.781193991382111076e-27,9.271859192176477373e-27,1.738536699065897772e-24,2.086524078777193018e-25,1.598403710237146826e-23,2.096400249153334536e-26,2.026445249506481371e-25,3.317067691181314896e-27,4.766901232629196258e-23,1.010108939969122767e-27,1.724751234252757307e-24,1.040495589304966551e-27,9.195135356119979305e-28,8.123231361634119446e-24,4.912715625424706942e-25,2.477230882080788526e-29,1.846621400571614765e-25,5.285859407708295892e-30,1.090156424764032057e-26,1.979480500572122343e-24,3.809384596225164959e-27,4.770785531004064288e-27,2.866670138990379692e-27,1.178604580221619782e-27,1.783612404949410771e-24,2.316893605853053617e-29,3.708095271790829635e-29,2.531717275746291779e-22,6.711672541197723577e-26,7.278636321747821190e-23,5.280954857516285727e-28,2.452295254930108806e-26,2.424023440308353640e-28,2.829443495584970353e-28,6.805495805755378901e-23,1.405311398523149940e-24,2.911357748362343492e-23,5.652024139944909416e-25,2.046702860118229494e-29,1.143560945254541628e-27,1.800731106378407915e-24,1.777445772975103213e-28,2.086096096235134225e-23,1.440719527328495549e-27,9.215777652776121430e-30,1.129488247623160992e-29,8.607310212703530304e-29,1.425731568402132483e-10,7.889625065632455179e-22,4.185619024731563218e-23,1.267385176313377303e-17,6.951374907936200185e-30,2.282976140481812344e-28
1.520395780412964172e-26,2.980380992161805877e-24,3.336340588805245302e-30,4.095028472340428363e-24,8.423795121516128959e-30,4.703678346694663692e-24,4.444884552492195996e-23,5.648739061001533099e-27,1.166731190648744181e-24,2.225430361294950174e-28,6.481558730163204408e-24,1.352289114504451366e-25,3.341343453990636185e-27,6.853982372970610215e-25,6.103541168598730883e-25,1.227760882027021766e-24,4.033960724116951596e-27,2.935577799956851724e-26,7.277105024766501961e-27,1.779567412210662143e-28,1.429080957293424306e-23,9.844792446325392590e-25,3.154275488864834030e-24,7.445173331735065612e-24,6.104571171605474981e-22,4.132172280511607261e-23,1.423526529548850972e-21,3.082729614995960384e-27,3.120849280479988886e-24,3.249505632346615187e-21,4.777679534768337276e-22,3.270555524410774874e-27,7.258056814537110025e-11,1.260100243403728216e-24,3.506809763009583783e-27,8.871131627924800996e-30,3.345206170376013459e-24,1.067860207463812537e-20,3.686364890119875569e-24,5.933052462585814007e-19,4.312284858376440783e-27,4.573044819475783537e-28,1.013949217927567330e-24,3.368618468036995576e-29,3.385412693437951103e-29,7.858926073463826640e-26,1.721730407378898521e-25,7.570377230020083676e-25,6.734244360113224146e-27,6.117919424878116648e-26,1.389545710475581930e-21,2.751454652118631278e-29,4.424799860879450818e-24,2.266086217245824596e-25,1.093893482845309318e-23,1.761796756922579487e-17,6.525576802798419404e-25,9.694286756123130837e-28,4.157241544827260045e-24,6.548449400238884466e-26,4.319100870732320230e-23,7.568631648860677017e-30,4.973483412533368730e-25,2.299787701453176768e-28,7.783028439985728639e-24,2.994840873448016521e-27,1.104487764798577976e-27,2.341050441217437946e-17,8.165484068421999841e-26,7.753614574680468679e-26,1.444220464799127447e-29,4.764330597285206645e-27,1.129134215789347560e-24,5.568497316195522678e-25,5.786933141527520329e-27,2.955058403722966844e-21,5.506318163090346560e-25,0.000000000000000000e+00,2.511993466642037319e-26,2.869058789555138143e-21,2.068911056044792609e-22,7.032398390585879949e-27,8.176628997989955654e-24,6.491431638554069890e-22,2.577621553805604373e-27,4.421096753063292668e-27,2.277307674195286231e-24,2.675837759344319224e-25,2.412001455829301332e-21,1.326210578904543761e-25,4.110436648628294740e-24,9.311180438538313758e-30,5.793420857199311821e-25,2.756944972889674425e-25,6.513961188001196020e-23,5.841002379540901977e-25,5.804671309126125342e-23,8.633568716518551514e-24,8.503990919874987495e-24,8.883121858024899372e-22,9.853927347570906009e-22,5.132080942210193608e-25,9.400924061327960321e-25,9.672912627815753617e-28,4.891828452437670371e-22,1.602796279249124120e-20,4.845584973433873319e-29,5.909617109889663256e-25,6.896456465599312687e-25,6.443712737289718189e-22,8.551784515015183576e-26,2.557898338567722408e-30,9.206158537195693245e-24,2.528005276126920425e-17,5.020997244749493241e-25,7.020671209895467647e-24,1.740994587241250168e-23,4.434078407104223414e-27,9.516653541713571223e-24,1.854302393973936329e-25,1.703364381738772757e-28,1.942718607673223943e-25,5.898487184344841354e-24,3.285887423088074021e-25,1.430921470257607149e-29,2.260446309738202446e-22,5.019855674963398970e-27,1.323828058393928960e-25,3.620700700517345484e-27,4.137314499348679714e-25,3.668857442229416215e-24,8.015014867947262430e-25,1.702189059228547872e-25,3.497112713665591497e-29,3.103441631064681685e-24,5.893610886263596886e-30,7.888717922958632906e-19,1.301834527116472722e-25,1.007392150316313544e-24,9.413461583245708150e-25,6.149509955861419073e-24,2.248236133292554786e-26,5.137994131516387608e-28,4.434910336635084373e-24,3.030389770448486385e-29,6.173952907178775688e-22,4.271019417583746288e-24,1.219401712883288956e-25,7.147463510505692020e-23,3.358990179726046236e-24,8.150067275177444742e-23,1.056820171004914719e-27,1.028247074089805190e-28,1.240041960784873618e-17,1.641755230944649986e-30,3.964768376219676760e-22,1.971754745313009895e-25,4.139871750261393585e-28,2.732293108161634718e-26,6.387197884882020434e-24,9.841108906718860079e-22,1.210485158112725737e-23,7.996238744357063091e-23,7.000389470195643572e-24,1.641653485442662394e-30,2.559345190310919398e-30,5.083211032106268306e-25,2.138458060109157947e-17,6.717279313252252427e-25,1.579165863763564178e-26,1.272297284524790208e-21,4.210507599774950230e-27,1.763769933396406854e-25,3.385602615946681131e-25,1.035518713101379311e-24,2.338301225312669431e-25,1.645127765772823080e-18,1.456107019638836180e-30,8.411260259572925445e-28,3.953614177320480267e-29,7.113003261758718376e-27,3.692051310868188476e-24,8.402867480279563887e-28,8.442153233228261446e-25,3.203789542410049854e-24,6.840149590263890457e-25,6.040878187530029433e-25,4.892931992593641267e-27,1.683234601204727127e-25,9.306323462172267385e-25,9.668844661053103059e-26,4.579962283947895813e-27
2.975719020418232188e-26,6.635799544920856333e-25,5.050675989259773404e-30,9.960562530705787360e-26,4.120694949261035402e-29,4.796945489050608977e-28,2.408331748477826514e-28,2.611428166005864165e-14,5.943812042888814780e-31,7.580041748431691777e-28,3.212960427997525827e-28,3.764499398417717455e-25,1.072655029813234256e-29,1.318050705482868716e-28,1.648805559207737468e-26,1.991610418856609179e-24,6.376049365311661473e-31,1.219153831221612388e-07,1.928040612221036598e-29,1.543193491116577791e-27,5.854678619522044011e-28,6.353406802195598998e-22,5.935691129691033472e-31,6.518520381109427814e-28,4.368328671471563966e-26,1.351407592574661005e-27,2.652378452098889144e-25,2.658438406014868412e-27,3.746962772947712283e-25,1.072768721880878383e-30,6.682153002614321664e-31,1.039947564881626266e-29,3.814095687764692560e-26,9.116887728850519154e-19,1.653755807479165114e-29,7.642820541051974964e-29,1.733691134874949848e-26,1.348917249927495443e-30,3.313122386381834198e-22,3.471778897459056874e-26,2.602006113265620181e-27,1.607863120156650230e-27,7.624814860950291047e-26,3.449237311639249144e-28,6.477988526171324823e-28,2.531839457991827614e-30,2.408958581339019175e-31,4.256053035375809256e-18,6.092164334557129829e-30,4.461288518621787381e-25,3.126330862917348845e-25,5.387903786301663011e-27,2.491092251603222430e-26,7.681875669392933587e-23,1.291075769996115953e-28,3.093737660245768044e-27,4.036180562955660012e-30,2.466353381634208073e-29,2.271621450668952443e-28,9.296618618234330821e-25,1.447427306210902414e-27,3.158142244408376368e-29,2.399054690764979309e-24,7.591643558283197880e-28,5.485632800226944070e-28,5.471075428111610316e-31,2.631708977962525542e-29,1.111393626603256221e-26,2.450452362162709013e-31,2.192400602823832159e-30,2.054520401219463497e-28,6.887055560448014426e-30,4.833158209441750987e-31,3.586464236300768440e-27,9.285484667076025896e-30,6.758059053012818034e-31,2.700525931431723142e-21,2.511993466642037319e-26,0.000000000000000000e+00,7.929917772563491168e-31,1.203305662853301344e-30,6.054100228345214324e-30,4.657962708601883968e-28,5.579216423431178053e-28,4.634912254415303792e-31,1.187360606326586837e-14,5.257570026681038706e-22,1.688168302579560175e-29,1.462716888460083290e-30,3.382180955821934294e-31,2.309055129631637250e-28,7.786141881255977119e-29,1.103074655480839232e-21,1.272577899260745309e-22,4.652861985708424117e-29,3.007321464539291923e-27,2.658744335591841451e-28,2.318266741293663474e-28,5.144002252892911304e-28,9.309482725473666166e-28,2.657871270672741669e-28,4.033368999734598065e-27,4.250958053770424290e-26,2.859014919834025675e-29,5.994763512818751129e-31,2.104126891098675065e-30,6.347408134870647759e-27,9.139878529829778574e-22,4.052924159293481024e-30,4.244154477298585124e-26,6.657788129860704836e-25,4.458615382576232195e-30,1.001895137937776029e-30,9.438648136997284698e-27,3.595189755161766730e-27,3.032377871456155459e-28,1.298984223524673846e-28,3.354188707575239560e-27,4.893445812177140880e-28,1.614814222385144865e-29,1.873480407694843523e-27,1.649700792541368513e-29,6.597040964661140316e-26,3.451438302598592870e-31,2.098546192866856539e-28,3.057091793096915431e-28,7.867755610044582353e-15,8.174436791870881112e-25,5.522742186433775178e-31,1.685795999825995018e-26,5.333150178791399789e-26,4.994308905856301275e-30,2.709482555450401644e-31,5.892505997366393123e-22,1.150323357012082568e-25,2.887328941768934669e-29,3.052139343460234025e-26,2.861624698850591498e-30,6.027925529313864537e-26,1.860935817737312923e-28,4.318554184887602930e-28,2.855810985083462937e-25,2.556232710053704088e-27,3.997590605141082360e-25,5.935248665364417196e-27,9.569789304209684748e-27,1.225428656478968089e-28,1.340345042157594485e-23,4.772577073521400837e-29,4.559841544052238651e-26,4.692786751194763203e-29,2.465015360238514542e-29,1.187479090846688655e-20,2.090475783114359171e-26,2.473390586453165885e-30,7.709918072597987586e-27,2.455114263432227415e-31,1.489081551410848547e-27,3.219136441725377713e-25,1.253940844799145396e-28,2.214109544646823790e-28,1.171950799002411246e-28,4.448458907663405686e-29,5.416809532518503147e-26,2.387040726324512082e-30,3.694255916614579842e-30,2.821870383662910040e-24,2.892604545904770850e-27,1.014249200881344927e-24,1.822627518613904680e-29,1.158492847130686134e-27,9.015484328528927658e-30,1.406557019945703702e-29,1.420111261943938689e-23,4.016811638538000661e-26,5.187112708614012171e-24,2.643159445943609477e-26,2.119264838254412849e-30,3.146784754688723931e-29,5.755984746479213830e-22,6.137571258284576665e-30,4.768505905658530725e-25,4.010498185670165216e-29,3.995212417503374437e-31,5.133895236273971799e-31,3.829854272581972782e-30,5.080532474443523451e-21,7.772670758032383691e-15,1.115648789711272073e-23,6.961708147057831131e-22,2.928134347407498032e-31,8.320037925362106675e-30
4.412288125102076080e-31,8.028857009968313377e-29,1.172477572659757607e-34,1.236000842812330372e-28,2.769666111592460896e-34,2.338395595449013712e-28,3.723322668366590197e-27,1.685727595227685441e-31,1.253335767421837436e-28,6.679342288862395674e-33,3.293156830448355979e-28,4.919759618980965278e-30,9.747078419931743742e-32,2.666440241332419940e-29,1.587226965995444777e-29,3.327049151937391941e-29,1.896126525208115028e-31,7.994861316703860647e-31,1.666554242289885809e-31,4.618106680920594838e-33,9.208764463710361813e-28,2.570795326088336486e-29,2.737678549555464250e-28,3.288467671877932505e-28,1.286826333468415541e-26,2.662588972435850736e-27,3.101987210843080070e-26,9.225927425445890822e-32,7.923587044878476099e-29,3.469829280698096441e-27,5.790249844965231440e-25,7.598470325670168507e-32,1.072053569691289218e-21,3.476809982815539237e-29,8.768740822417479970e-32,2.418858085246046273e-34,1.088237303930428554e-28,3.996237310357972916e-01,1.037247336276472825e-28,3.628234745272175869e-24,9.970635157388242139e-32,1.450278720064299825e-32,3.098077694626808645e-29,1.234523843021556915e-33,1.172536122570461668e-33,1.280939423670087047e-30,2.184793204731776612e-29,2.452521078518076673e-29,2.148479357304897217e-31,1.691028772030153705e-30,3.753845283041568628e-26,9.144619651930934629e-34,9.940102342824514956e-29,8.514199974661700415e-30,1.970730300506514710e-28,6.714091163711953022e-20,3.512795298907731461e-29,2.695751178446753713e-32,2.015319549621338390e-28,1.844941292985202784e-30,2.427153326311650381e-27,2.558248668948740664e-34,1.556314999170954587e-29,6.660604870176815554e-33,4.143190531054352762e-28,1.464268488947205855e-31,2.758091811537071149e-32,2.383931233870011920e-22,7.088395192238281352e-30,1.340571455784480494e-30,4.180994274462893943e-34,1.377670254492744090e-31,1.679654224013243515e-28,1.484417147125421764e-29,1.534110157628957888e-31,4.006485719494437547e-01,1.840393611770951348e-29,2.869058789555138143e-21,7.929917772563491168e-31,0.000000000000000000e+00,3.503113474372802930e-25,1.698648235633464064e-31,4.618811290142470863e-28,7.242971789199195260e-26,1.220226402432838495e-31,1.294632897370770578e-31,7.822148767088568385e-29,1.356508118420435246e-29,2.744987143088440856e-27,1.229911286662807491e-29,2.046133057479949171e-28,2.685646694420542101e-34,1.653861603147094148e-29,7.863260297183163142e-30,5.870942557426915184e-27,1.449673177006264233e-29,5.166936977709781717e-27,1.871814897141883021e-28,4.673676131040360550e-28,1.182965075423941750e-25,9.285380424191703222e-26,1.307177000736845809e-29,2.355528159022440809e-29,3.152632274017559640e-32,6.777419617322403444e-25,1.038499918616785046e-26,1.413927173833440682e-33,1.632005021789847483e-29,4.833984424764946637e-29,1.324516685402801184e-26,2.799443254987065604e-30,8.337719368471104827e-35,1.218683772983241553e-27,3.800108897357998831e-22,1.515043834191966334e-29,3.747931369841302147e-28,3.992625891200254245e-28,1.045217556970990639e-31,5.224465798743150930e-28,9.702404576852794532e-30,4.207972735819092033e-33,8.971874085134298356e-30,1.659156222716352132e-28,3.448266498946761227e-29,4.747627134463514170e-34,2.505683262916797211e-26,1.487453284303101473e-31,3.735768867175569449e-30,1.531025301587795060e-31,1.177110592196767025e-29,9.112740683274771252e-29,4.887676842606565194e-29,1.770672433804094811e-29,9.541743188078154602e-34,9.485487263748158536e-29,2.247756726289431101e-34,5.198189525372254599e-24,2.070452795520756667e-30,2.253618429849546396e-29,3.788376351178741778e-29,3.184707926718380968e-28,6.807937451663697829e-31,1.356609174310115169e-32,1.240875754677755079e-28,1.039308189853767770e-33,3.471857594007491158e-26,7.032700612102774598e-29,4.269884913086773837e-30,6.521123715123171592e-27,8.234393352519523744e-29,7.758583321537715555e-27,2.482826614700127515e-32,3.082110344172012510e-33,2.860134978947185171e-21,5.520710763932366671e-35,2.899515730007573653e-26,2.184470428548874414e-29,1.374584996999564642e-32,9.131495550191058209e-31,1.319983591566167185e-28,9.700241635106309765e-26,2.336600004097699658e-28,8.108903172628303859e-27,1.867061924790924816e-28,5.091238930694489144e-35,7.935955012998644748e-35,1.573350260947550117e-29,6.884383515447970462e-20,2.146315242146378014e-29,3.596158290689797816e-31,1.042515558633113641e-25,1.069696785312930670e-31,9.179207540299520580e-30,9.695888029712384387e-30,2.371055226419023093e-29,7.172280954219414769e-30,1.813666376739601939e-22,5.294534990984948377e-35,2.654316455666621562e-32,1.217811630204492428e-33,1.710444475031410322e-31,1.131624858195343776e-28,2.919229449615054011e-32,9.605510356759135997e-29,3.329359186018023888e-28,4.716448656532504147e-29,1.756463369515452353e-29,1.502230956153010914e-31,5.771903360457877546e-30,2.744081644394267935e-29,8.775067871085811593e-30,1.103844527699212850e-31
8.264279053507579988e-31,1.217447791898290224e-28,2.091983289239795340e-34,1.701537471214203182e-28,4.229987492003784902e-34,7.236150095411605864e-28,2.452950941988055706e-26,2.858361912057000222e-31,4.551105161954436958e-27,1.077705146689880322e-32,9.964194828505673312e-28,8.206706394167923118e-30,1.194559659412947919e-31,7.406397047915631466e-29,2.128115254600751394e-29,4.942291372304930356e-29,5.341523224766700236e-31,1.378486025715146449e-30,2.062804079848065329e-31,6.673196135593326007e-33,2.757862425048908735e-27,4.069636936546630753e-29,1.051948756003864353e-26,9.640583405993036060e-28,1.388996022581907631e-26,9.371170302444091814e-27,3.838483119461674916e-26,1.243536436143852232e-31,1.040019364588385835e-28,8.478639378653116780e-28,3.998116984514034633e-01,1.009160911045156297e-31,9.386089834824900828e-23,5.682663444856600539e-29,1.062986820926038333e-31,3.976731475726548707e-34,1.326822760109963844e-28,1.659472410905779330e-25,1.423709854007326460e-28,1.741340298739048870e-24,1.327445341568465272e-31,2.386893070148976178e-32,4.225475858152346808e-29,2.149351206060622027e-33,1.993098257184150503e-33,1.417477731909477026e-30,3.943439227456366272e-28,4.457236205069928996e-29,2.896375342022052177e-31,2.444730522463310686e-30,4.691069547350720183e-26,1.393682658635253955e-33,1.333056480891929223e-28,1.396004172003869852e-29,2.256566774836821462e-28,6.355230971882281064e-22,2.027011876025628253e-28,4.037898239074012675e-32,6.801508577519844463e-28,2.757645661597393073e-30,8.040278216815675144e-27,4.039897317404738349e-34,2.461219301766072651e-29,9.667995949175237172e-33,1.206019124029836124e-27,4.023644038173901796e-31,3.791742784504820399e-32,8.603261236324471237e-23,6.792574897854366426e-29,1.667066757149793836e-30,7.411123175504821699e-34,1.713766533626329351e-31,4.925995813204124150e-27,1.821364381577121386e-29,1.923347147208022960e-31,2.582091381793300649e-25,2.935592076144838472e-29,2.068911056044792609e-22,1.203305662853301344e-30,3.503113474372802930e-25,0.000000000000000000e+00,2.361069677680132680e-31,1.275303117562757898e-27,2.635018793691424245e-24,3.423374297371941442e-31,2.174193756425550895e-31,1.201397098095740769e-28,3.782073462369187610e-29,7.386094789290338009e-28,1.323835795440823147e-28,6.573734273965284937e-28,4.224012912188414847e-34,2.294328824966687769e-29,1.338464138655213335e-29,2.398982865433220740e-25,2.202130405671888297e-29,3.323483727386112446e-26,2.026552772448342657e-28,1.364976482107338227e-27,3.486809116963437122e-24,3.595509445136821478e-24,1.754643795442384275e-29,3.214340556826401036e-29,4.377439603314022741e-32,3.997784751725757535e-01,1.646509838330909922e-27,2.242724071834271274e-33,2.796567558729761042e-29,3.210667538253153557e-28,1.435573015122077883e-26,4.696331165713811229e-30,1.444422665606206536e-34,3.376984997987543609e-26,1.337226463091039151e-22,2.109581426143770248e-29,1.141220116497348547e-27,4.805118115924394731e-28,1.709577130464040677e-31,1.605732450001481839e-27,2.561471208533776554e-29,7.326099263489554596e-33,2.610244256762277725e-29,2.062309855121278655e-28,6.455340507548263811e-28,7.231691818824693573e-34,5.809855762468206657e-25,2.171118559303574898e-31,6.460602822774852734e-30,4.123442036308040042e-31,1.759078582521413034e-29,1.290618492813619742e-28,2.965341033037306910e-28,2.830954422721460847e-28,1.653799013922478474e-33,1.287219353131680565e-28,3.992444621117335720e-34,2.666236531725616881e-24,2.287052286263384856e-30,3.225001004993780066e-29,1.034912455149759140e-28,9.215763215772340612e-28,1.219658004790449596e-30,2.031756779140898734e-32,1.812290485214717520e-28,1.517109585217538666e-33,1.502166567079447049e-25,8.453089025806227246e-29,6.978000727460850178e-30,2.213731781371508845e-25,1.327926667299424582e-28,2.539518841060004089e-25,3.664055639492809474e-32,5.309484313533902081e-33,1.072500789833281465e-20,1.042743021303084959e-34,1.313828097414049785e-25,3.789922096337564263e-28,2.147712485772718755e-32,1.506502016062202373e-30,1.575828515485172260e-28,3.864863665756053736e-24,2.755252856726650766e-28,3.065720107924257481e-25,2.851949355767487464e-28,9.047992436932737266e-35,1.340775351180137627e-34,2.557041522718118973e-29,4.533528505237773574e-22,3.478100729311511560e-29,4.792088793807996093e-31,2.724143979458644734e-24,1.278312378345615759e-31,2.572918087997784657e-29,1.731868641180448320e-29,3.203124508301312708e-29,1.153323104648550350e-29,3.513607951011319430e-21,9.257250355252435499e-35,3.502556184031139978e-32,1.959159445651109402e-33,2.236351673451389220e-31,1.696746566718932565e-28,4.017473515956424406e-32,3.680711067596376450e-27,1.061567484094457879e-26,3.393118183408157560e-28,2.792555425603059167e-29,2.429297906055700869e-31,8.846665327205507366e-30,4.054692483442634410e-29,9.943764797407846841e-29,1.335989949095689276e-31
1.762452487415538768e-30,1.517840663535114295e-26,4.025550143234470910e-34,1.135083718007012615e-25,1.028760982286110836e-33,2.722030411609358507e-29,2.583804671331889855e-29,1.690311628820935451e-30,9.861418990541991763e-32,1.675646925416417924e-31,1.919344595049043889e-29,1.775596864518005084e-29,8.621741223006231515e-27,5.210849324145730993e-30,1.155972307754180509e-26,9.668284131010333814e-28,2.618656797413900689e-32,6.849187890375500521e-30,7.036828865783055747e-26,1.077197781851326569e-31,3.410722029025244682e-29,3.658190815858385796e-28,1.196786858263957166e-31,3.807077076135355712e-29,2.580262567297243941e-25,9.980023499769614900e-29,7.419482377503090476e-24,4.593913855740592167e-30,1.826176444329686517e-26,5.230650864125687329e-31,1.474993085129291582e-31,6.784465906608483792e-27,1.155321509764874525e-26,3.782373618749127373e-28,5.250460290595713763e-27,1.310310726694850330e-33,3.631455070685341059e-24,2.998903516199769098e-31,1.413440180271969041e-27,2.567579161474187105e-26,6.042780117191041614e-30,5.220698802578328916e-32,1.117767187852798625e-26,5.726854313839825823e-33,5.948869946611362964e-33,7.109838292511271691e-30,2.622624482330179905e-32,2.615078865059409152e-28,4.000105550281816691e-01,3.321056795211566361e-29,2.022055642378287929e-23,4.659115770650703004e-33,2.673446351630484357e-24,5.207309764548117005e-29,2.553755263375267338e-28,8.894542158441829756e-28,4.211386963267859333e-31,2.097150519743033551e-29,1.549999261732944884e-29,3.068170447127307147e-29,1.069735916723362016e-28,9.370796974741177409e-34,4.036209996293850914e-28,1.810505144074143082e-31,3.069412162933597201e-29,2.344396025085117926e-32,2.121581419647749434e-29,4.083137282986583759e-27,2.748683862659108940e-32,5.994310763793748062e-30,1.942087028493516997e-33,1.655123268570400501e-23,6.744088093688370716e-32,1.107965619068241655e-25,1.023174837009715301e-23,1.642099334185555824e-31,1.886575880488501610e-28,7.032398390585879949e-27,6.054100228345214324e-30,1.698648235633464064e-31,2.361069677680132680e-31,0.000000000000000000e+00,2.708520189851682597e-29,8.546150402140923328e-29,1.826762939870555076e-32,1.217660240070988128e-30,1.080833140499936980e-27,7.902624440195363224e-31,6.741532122772845083e-31,3.803885713888173987e-32,1.588700076631816955e-29,1.272809636060667359e-33,2.065082967419963398e-28,6.027103795076567075e-29,7.748978153020507603e-30,1.238040021258903775e-25,2.766728250749792387e-29,6.210635634272080032e-28,3.009833540550642328e-29,1.414685458389667448e-28,3.952465790997665821e-29,7.767275764773134095e-26,1.165892262817650807e-26,2.305888312930901528e-29,1.272532063823700409e-31,7.987460992695129885e-31,8.320038040575405208e-33,2.505710346331786832e-28,3.934661159564677860e-31,2.359396318912908139e-25,1.232435509094579061e-29,3.213719262543310817e-34,1.783423659822558944e-31,2.982848917098693239e-27,8.182216967369347508e-26,2.123765170627456438e-29,2.170250155095596777e-28,6.380958126642840323e-30,2.850672152974619507e-29,7.754006535167388779e-31,1.130749096614028893e-31,7.848063874277866417e-31,5.322167900167417313e-25,4.216263599216260933e-32,2.034146949188946299e-33,3.886282935210952691e-29,1.251476871151557824e-30,1.766016393368990417e-29,2.049805049306687521e-32,7.705922789020206581e-27,1.453562607644394200e-25,5.794322956186441292e-31,3.468321981126768273e-32,8.478207052914253113e-33,6.404187665190407088e-26,7.841604099610144891e-34,2.152161319339511795e-26,6.682980935060439092e-30,1.135537952193217955e-26,7.684374902853943874e-30,2.520128142966320268e-29,3.988791722625291217e-30,2.969338702733177902e-31,4.331143400586813982e-26,5.491658584365633624e-33,8.415121506873843158e-28,3.447766680733190413e-28,1.890893506521125028e-29,7.212888650870332594e-30,1.078606478495310754e-25,6.833258146512327933e-30,2.156965420412017277e-29,2.971994423818969128e-32,5.835894747765039919e-27,2.031330859827549027e-34,6.927473023238611262e-28,2.921321904001121319e-32,4.676920284309225874e-32,4.303123394235771881e-30,3.056780963723562619e-28,3.816518599099813562e-29,1.912708891661501302e-28,8.412755935303508496e-30,6.935724214600519033e-25,2.047566197009415748e-34,2.810127360721065621e-34,4.279478669638316253e-28,7.742423305649205733e-28,9.358218510445682762e-28,2.837285678818706952e-22,1.552848446495417990e-28,1.327047573480902098e-25,6.387675971731340716e-31,6.843480955979776073e-29,1.556404985720646710e-26,4.237328376771002242e-29,6.811217101151768363e-27,1.587371114592324446e-34,1.413141062269327183e-29,9.257688576178162594e-33,4.000343911096037597e-01,3.200238435398477334e-26,1.528277045538882482e-29,6.269460608021861551e-32,9.169571893185859977e-32,4.232682314131149667e-31,1.977177907246856686e-28,1.244847858475258339e-30,2.567542355038628925e-29,3.274663210636549685e-28,3.769090413838658864e-32,1.636741139076007621e-25
4.717227175676875787e-28,3.085343935643649728e-26,1.240331146849336197e-31,3.219413409722433148e-26,2.476783076397920540e-31,7.927592434032902282e-20,1.484392326642749426e-23,1.315127564978315747e-28,1.706355144970597250e-27,2.674312727895935532e-30,3.025098056259442010e-18,5.002912588398919512e-27,1.935972106466399500e-29,1.760909614967503208e-23,4.602101999118176113e-27,1.243379369102279975e-26,1.431598657275839590e-25,5.187496873315259790e-28,2.985169263909811571e-29,2.399833271818865193e-30,2.214037782194080072e-16,1.609116010337478742e-26,9.363156279404157542e-28,1.749105808501249874e-16,7.268880566493735419e-25,9.649890837233426874e-19,2.932946770519081593e-24,3.661234115048447806e-29,2.630217927514731075e-26,2.233286103929799571e-28,5.108664249096142896e-28,1.531292489140549079e-29,7.658671310148425415e-24,2.279967223594733824e-26,1.710514185423927110e-29,2.665118377607275435e-31,1.868490875223636439e-26,6.630692918723703759e-28,5.300606231169809524e-26,3.897182805646117305e-24,3.980945813446107270e-29,1.374149108276704825e-29,8.863724937594654025e-27,1.117569133395617379e-30,1.048481468821824269e-30,7.120451891177884371e-29,2.187811077561696143e-27,1.559538813989079497e-26,2.551169028159923496e-29,7.842595943770892866e-28,2.885779344447790323e-24,6.259280738538418084e-31,2.384513892628679150e-26,5.822777806382738410e-27,6.222918488658199835e-27,1.538936571606871941e-24,3.216847153583914631e-25,7.936436870874921667e-30,1.371837647842710908e-18,9.132609929202409150e-28,8.989762994569112977e-19,2.429252397593527439e-31,7.077218802699174265e-27,2.971661459479143953e-30,3.902240003416262536e-19,9.862654297886407168e-26,8.731827860934457788e-30,4.048483741529689210e-24,5.162636136364569650e-27,6.560523988909747605e-29,3.515181348068054360e-31,1.943924415514194680e-29,1.526286963891851594e-27,3.327618808746077152e-27,2.563984056629498701e-29,3.757731385123640780e-28,9.725157680831043872e-27,8.176628997989955654e-24,4.657962708601883968e-28,4.618811290142470863e-28,1.275303117562757898e-27,2.708520189851682597e-29,0.000000000000000000e+00,2.225275735604536097e-24,7.736259456060786158e-26,9.212423649281167166e-29,3.973208494513276436e-26,1.697814434503796319e-21,3.012180274727625155e-28,6.379267247707824027e-27,1.720630595330304248e-18,2.506278504221560724e-31,1.062692934593111857e-26,6.334051428392467736e-27,1.559491056016340393e-25,3.391186855482369956e-27,1.646762896209685484e-23,6.639604638785327111e-27,3.648392186852076795e-10,4.827362010382578560e-24,6.696590621563411759e-25,3.107686483175571129e-27,8.334843460354190590e-27,7.931218532555667925e-30,5.981016433192930572e-28,4.061178732814211161e-28,1.064392125459381448e-30,1.114550792133383702e-26,2.613404434772593088e-25,7.073997458863823661e-25,2.638824073237326393e-27,9.171118410294613276e-32,2.032625322143680320e-27,3.894933109192558151e-24,3.229694725643620496e-27,1.115722722193465091e-18,6.667393042726583731e-27,4.561234175015324575e-29,2.588645867931429530e-16,1.527735026213791132e-21,2.468094653587164947e-30,1.466060851161446774e-21,4.352437972400528483e-26,2.830261361132766117e-27,3.871907752388353723e-31,2.515272454948384249e-24,9.940708263879824145e-29,3.702119357372240660e-27,1.127818169788868056e-25,3.314366542382453009e-27,2.797608525376086626e-26,2.526841051986960486e-25,3.295668330573690909e-27,7.566473473537554886e-31,2.629072156748395232e-26,1.906579771216554792e-31,4.094499938893128737e-24,9.330709813174692883e-29,8.381804646804292701e-27,2.210294958347369835e-23,2.216185864020428550e-16,6.748350782665551036e-28,6.194618575742494042e-30,4.000193643700820543e-26,7.099004778645530947e-31,2.422647804247421139e-20,3.151673417494727126e-27,2.761501994240273510e-27,1.822997214981697763e-25,2.502762137727497141e-26,1.813371732354665331e-25,7.820249030111467103e-30,2.371548429324067495e-30,1.540928890931786383e-23,5.871940405009421816e-32,7.039110627935686185e-20,2.336560921879043959e-27,1.248444157681829000e-29,8.153571489666475776e-28,4.224694565582443246e-27,4.580838697789417475e-25,5.436433200582800665e-27,1.691429699490735503e-25,4.815215329974805235e-26,6.177515595337271362e-32,8.818548837629549132e-32,7.057028079692659317e-27,1.595572829418669605e-24,8.534920037069604203e-27,6.057497017546106304e-29,7.693770879283518230e-24,1.800201562503205308e-29,1.319606287157637189e-21,8.972725507419994701e-27,9.317541001935578867e-27,7.083808860488427481e-27,2.578901626446302829e-23,5.227122180044786646e-32,6.830174351550135088e-30,8.573730464620586867e-31,2.442086847204786834e-29,3.907773951026001437e-26,7.900414496231495270e-30,1.140001751836696300e-27,9.963747030901866872e-28,1.858661607463166673e-25,1.100092169865353072e-26,9.834393677064685286e-29,4.296951604239138038e-27,1.440447210644625230e-26,5.241442817029841262e-27,1.933660660241299133e-29
4.730558374491061985e-28,5.420002800549318087e-26,1.144829300155664707e-31,6.261535332744287375e-26,2.148437695239893007e-31,1.317457461048828453e-24,1.554462021284084214e-22,1.512278627982835624e-28,3.856101639989964978e-18,4.296523533125035705e-30,2.109585726384670673e-24,4.202768278991804563e-27,3.835510586073316980e-29,1.234922916960862619e-25,8.355660931827929715e-27,1.923053022121743699e-26,8.125002973756068535e-28,6.273978640434107064e-28,7.021036603134029965e-29,3.348227228336193312e-30,4.405919512080020639e-24,1.886412501495130363e-26,4.013549917678514983e-23,2.169580033174514905e-24,3.464874921624280300e-24,1.805140565693295494e-23,1.215841605677155924e-23,5.361526787291114980e-29,4.135304762662140758e-26,1.452030079344129191e-26,1.734110303632503909e-25,3.680078460414699376e-29,4.013463464141501133e-22,2.887237902314674675e-26,3.588939988651174328e-29,2.349083513662573701e-31,4.030271928818553360e-26,7.752800472681567466e-26,6.279149478654622974e-26,1.118550909313765393e-22,5.532070940283285781e-29,1.170504860652605440e-29,1.568785469894669146e-26,1.122651091004342027e-30,1.075919538769851779e-30,4.336302474620699335e-28,4.345183899803068890e-23,2.262576139430363619e-26,8.151212945404395216e-29,1.018994940010571467e-27,1.242495859173421501e-23,6.293459783131026867e-31,4.744510470722450382e-26,6.998583320364724152e-27,5.181320129158246492e-26,3.251568265168152610e-22,1.373950184941908076e-24,1.749133800609718212e-29,1.431642331912360096e-24,1.105903505771644125e-27,1.753000000732741093e-23,2.031549212958465593e-31,1.082484596245035480e-26,4.346393771069365562e-30,2.060865159440768690e-24,6.236370744108490996e-28,1.655049495926108287e-29,4.862214130002931477e-22,1.143961692289450511e-24,4.995521400057723790e-28,3.681025056339462004e-31,5.254013408380676029e-29,2.216360397455449036e-18,6.816763236548811748e-27,6.238381007645818835e-29,6.554120042574561011e-26,1.295090308802657506e-26,6.491431638554069890e-22,5.579216423431178053e-28,7.242971789199195260e-26,2.635018793691424245e-24,8.546150402140923328e-29,2.225275735604536097e-24,0.000000000000000000e+00,5.320965370844233644e-28,1.075466798731106798e-28,5.322331468157091947e-26,5.337284446368378786e-26,1.542078761739001997e-26,3.247168438689098681e-24,1.427394910131226870e-24,2.328247638847882578e-31,1.187754762848650356e-26,7.496206971840551456e-27,3.962932457768588637e-16,8.670952646695456310e-27,2.280331050813218531e-22,4.485432974419712621e-26,2.562234460917354317e-24,6.593626834263478147e-09,7.176655170027293205e-20,6.456055198493464250e-27,1.467437684183019381e-26,1.539336716998340351e-29,1.822493727272879080e-25,2.089204675773585907e-26,1.081102315287984812e-30,1.534626288270291109e-26,2.241430367295516679e-24,3.653192271411020525e-24,2.403258588876233811e-27,8.216637146524962250e-32,8.228990394612343298e-23,5.759431774686514996e-22,7.618452426771198377e-27,2.335014060001706390e-24,8.327796456300882474e-26,7.916551909810771623e-29,2.921971033591212778e-24,4.041075159756397877e-26,3.738523741574459820e-30,4.295551524134781936e-26,7.178742591528292850e-26,9.213305469028338124e-23,3.526251163374222782e-31,1.319090267162602509e-19,1.083296620453238082e-28,3.511308922180962279e-27,5.934856744049702929e-28,7.018661795123283469e-27,5.287975408834883952e-26,2.162276988971923253e-24,3.127896215092149870e-23,9.387109103610405470e-31,4.743268218235862313e-26,1.972487486022020114e-31,1.471712431484309283e-22,6.212773833118142890e-28,1.379631981088807279e-26,1.749306320532939428e-25,1.866060744622435152e-24,7.357534624393692060e-28,8.598668964725795248e-30,7.857603890468687177e-26,6.936231411931959283e-31,5.480145323087670863e-22,2.238980008692235370e-26,2.834722600696402728e-27,7.279986591740183981e-16,6.040860305173666517e-26,5.019691885877621740e-16,1.584512099694616445e-29,2.934255051540872383e-30,4.667265751318362828e-21,5.883003587022118775e-32,3.705371678037352486e-22,4.788060000914343530e-23,1.062498372713732001e-29,7.885955801166152105e-28,3.254636442072974506e-26,3.030196300982309378e-20,6.187003335556255310e-26,3.553477355196127774e-16,1.221718191791203689e-25,5.180822662227838656e-32,7.403298877953099410e-32,1.189279908893076863e-26,2.449120173087262450e-22,1.481191121279984166e-26,1.585792191694092193e-28,6.518479316955580194e-18,4.008612351360753506e-29,3.761806181535917632e-26,1.097308627384526249e-26,1.536931003185802260e-26,6.634860728175145233e-27,3.648029840943331827e-20,4.471963662370431799e-32,1.177990728701717883e-29,1.009997795895076898e-30,7.118564429041585518e-29,7.529757809917342954e-26,1.477262989607942835e-29,1.870581598090886983e-18,2.500516537162729268e-23,2.352618910643389409e-24,1.388392120393698954e-26,1.174347867164926380e-28,4.169745455243613271e-27,1.848329885159468212e-26,1.834454495457951664e-24,4.773287323206635845e-29
5.446832632930321587e-31,2.710296974336993687e-29,1.350044039247506108e-34,2.337844138941585081e-29,2.577672267414548558e-34,5.029617475779215988e-25,1.480123433779442273e-27,1.284746408147538725e-31,3.962009048728194975e-31,2.489520366849861726e-33,2.572043036978257952e-26,5.131103119362789659e-30,1.127397495770016355e-32,2.235959644870067444e-19,3.416123063173031334e-30,1.103834018574552838e-29,3.007240301177928292e-10,5.317169317497667063e-31,2.022941414088347533e-32,2.283851552783567191e-33,5.273353098314065765e-26,1.473029994733007787e-29,2.490985531525777483e-31,2.151450613511456458e-25,3.417157307990117831e-28,6.994822876826933320e-26,1.642970415139129553e-27,2.976243939972814820e-32,2.093834630189219009e-29,7.958894440513174878e-32,1.278873000355176634e-31,1.153408423786958773e-32,2.396280252889809922e-27,2.207268539209323286e-29,1.139383617553688061e-32,2.912700606205082714e-34,1.184224442944224606e-29,1.848100380569891097e-31,4.543726056154639551e-29,1.558749681538643951e-27,3.400059861836230478e-32,1.467622497177570957e-32,6.863406458752341351e-30,1.135792996644109153e-33,1.141264655358226222e-33,3.673060413368734113e-32,3.989570866914952787e-31,1.651708302461343341e-29,1.530224351528269343e-32,6.616838419770882198e-31,1.586301928208746286e-27,5.867877007182289851e-34,1.673484203399129470e-29,6.189073142885757534e-30,2.681975884944060308e-30,4.630484388786514928e-28,3.065090831694208857e-29,6.682892415755544855e-33,2.487058005064083324e-26,7.488200049309942190e-31,6.808043838872551598e-26,2.580668127095999199e-34,6.547800252996928099e-30,2.622588164645765582e-33,2.461751735300184537e-25,3.910053733658723323e-04,6.723778378574281483e-33,1.472009820857270060e-27,7.431346774297329580e-31,3.528912892499866304e-32,3.795638499768166198e-34,1.224829447505573996e-32,3.396002484056060040e-31,2.304516903754924076e-30,1.624968322436614308e-32,1.081943457804381722e-31,9.231580010047763226e-30,2.577621553805604373e-27,4.634912254415303792e-31,1.220226402432838495e-31,3.423374297371941442e-31,1.826762939870555076e-32,7.736259456060786158e-26,5.320965370844233644e-28,0.000000000000000000e+00,8.899877174595090153e-32,3.687010534843564127e-29,7.160161919357239785e-27,9.550089116161606901e-32,8.881927906223916831e-31,2.554487334001765671e-26,2.752216635082065929e-34,1.011200216767067517e-29,6.775815806206016187e-30,3.934086628098488648e-29,2.619255813952821566e-30,1.613657941421013484e-27,2.987515938937309631e-30,7.418603440726947161e-26,1.043330861758538823e-27,1.641726935063666866e-28,2.294955760187577381e-30,6.809993301270721508e-30,5.739431125736416463e-33,1.434132437781862978e-31,1.370117008520264205e-31,1.076189262717386770e-33,1.114416983548212961e-29,2.840518637062402621e-29,3.836624597250617768e-28,2.883558513610902637e-30,1.037032869309006449e-34,4.620744436391936591e-31,1.275869715360298248e-27,2.232614702142865045e-30,2.032757386347044235e-26,2.857535540003588284e-30,4.295827990522346560e-32,5.917760665351860106e-26,1.730434569036981801e-26,2.393335393944769036e-33,1.217248371456020895e-26,2.744415763829080744e-29,5.253166928285474082e-31,3.903774417331927630e-34,5.270863385441909120e-28,9.891472143204084966e-32,4.239705969879828454e-30,3.008461194886517664e-10,2.702270892677042537e-30,2.084255731665239975e-29,2.712074484956434751e-29,5.683870687180320608e-31,8.388487447288909553e-34,2.036791638408034936e-29,2.110780907756893903e-34,1.487316739905866679e-27,4.496323900476362792e-32,6.395671537025359213e-30,2.176334585186022628e-19,9.978837129390367330e-26,7.847979961788356320e-31,5.311576656729616639e-33,3.459045772901515722e-29,6.825781780955382118e-34,1.696875720692830408e-25,1.603087287217819295e-30,2.704261730924092964e-30,4.098946728406827408e-29,2.048026168369321623e-29,4.026624483661891995e-29,6.290049044989030290e-33,2.446258928914277899e-33,3.989431641274540841e-27,6.841838035396243378e-35,2.035119317421924851e-25,3.960885242998782460e-31,1.280897758230628102e-32,8.497502212196817376e-31,1.969408440333046376e-30,1.101524928976121625e-28,2.668051326129969530e-30,3.388324273157369659e-29,3.923746411599728725e-29,7.368208859762796402e-35,9.769245722204962509e-35,6.886189713681714841e-30,4.622912686734463964e-28,7.408517965332598722e-30,3.760770853409324474e-32,1.627090913915723038e-27,1.153979061289617947e-32,1.044263486455019476e-26,1.085355257933718159e-29,7.503419419088564846e-30,7.263241391589332464e-30,8.151063924912347804e-27,5.770163003020053433e-35,4.722337043149840749e-33,8.787370424480028128e-34,1.501305397268142001e-32,3.191839049967715964e-29,5.798473193740926545e-33,2.599539331117001307e-31,2.254555128775387016e-31,2.281059957637839910e-29,1.085724408018107011e-29,9.511152218774286857e-32,3.973726517538763342e-30,1.331187425775396723e-29,8.131126970128463919e-31,1.336189524079129983e-32
5.763841936161962873e-27,1.339727509899590683e-25,9.702804896662172363e-31,1.830773073411218401e-26,6.658906929789594542e-30,9.896847460857957053e-29,4.793568877893752366e-29,7.569070605072655176e-06,1.112582874152053762e-31,1.496502240475185366e-28,5.841732006034060953e-29,6.603526911591872904e-26,2.047247200584251223e-30,2.916401890008030133e-29,2.989170331576332512e-27,3.448480552012902776e-25,1.284157154694053627e-31,1.057384497151374337e-14,3.162110936172581696e-30,2.965313136496536111e-28,1.029649619584256015e-28,1.371179574733915625e-22,1.247749193652375383e-31,1.359319418960216293e-28,8.292550983146335510e-27,2.598023844986347188e-28,5.348633373713904399e-26,5.215968651056144242e-28,7.054301928302971221e-26,2.255655953503274620e-31,1.225315883465644506e-31,1.984900996426465427e-30,6.383930965824633359e-27,2.488479596663531590e-19,2.754715634929881728e-30,1.454882961808659206e-29,3.079143227954800981e-27,2.318104102501497251e-31,6.604525439890639791e-23,6.516360664258031232e-27,4.443495368983387572e-28,2.864807240135461099e-28,1.293500464643480400e-26,6.204199423564842670e-29,1.148969715110219703e-28,5.498110204535508385e-31,4.150045192135494772e-32,1.130866309747261075e-18,1.144294089834454453e-30,8.927921380410645554e-26,5.371813518594723017e-26,7.425400714219356758e-28,4.203239072896593887e-27,1.214334563522581252e-23,2.749716140227145605e-29,6.084991421194118014e-28,8.212016699679039080e-31,5.033995870827709752e-30,5.074091740028099060e-29,1.904953337140724397e-25,2.898122989412046412e-28,5.101646535190442066e-30,4.783968090771255877e-25,1.453566571738801450e-28,1.163823593413141658e-28,1.121269877471403944e-31,5.648999410346469874e-30,2.383577551183803745e-27,4.605030243048690649e-32,4.458773619939235961e-31,3.294334830368410485e-29,1.150019525009745192e-30,7.992693926448721354e-32,6.781056926803239209e-28,1.685967280234688752e-30,1.243977645853541912e-31,6.131675293533912882e-22,4.421096753063292668e-27,1.187360606326586837e-14,1.294632897370770578e-31,2.174193756425550895e-31,1.217660240070988128e-30,9.212423649281167166e-29,1.075466798731106798e-28,8.899877174595090153e-32,0.000000000000000000e+00,1.191563116872652090e-22,2.853572956496730825e-30,2.758111293819804407e-31,6.068611950189959997e-32,5.118811307327482845e-29,1.492004501421821798e-29,2.607455419327793708e-22,2.033749625313766759e-23,9.289356121424568580e-30,6.219880729434984478e-28,5.269775197800814330e-29,4.131155159605303741e-29,9.800042643275601430e-29,1.800378641197859375e-28,4.848335735203768318e-29,7.755250539973491365e-28,9.063376189894718820e-27,4.923005320746259612e-30,1.163984973340162612e-31,3.647585771263714037e-31,1.040367750731125536e-27,2.289971236892050903e-22,7.656433439340408588e-31,7.747608147118648041e-27,1.202615407191006315e-25,8.537771878133568270e-31,1.931159519496217273e-31,1.826566160030308317e-27,6.664562975246917516e-28,6.623213817485891553e-29,2.508401072781597518e-29,6.772457572445852277e-28,8.760751073497538095e-29,3.304356833653071791e-30,4.249341456409215599e-28,3.004185572052235283e-30,1.228926726561694830e-26,6.219018369150446510e-32,3.181782075365887861e-29,5.475610578137409528e-29,6.479677654714399144e-12,1.364530967335356308e-25,1.026987118642117269e-31,2.934965159131541931e-27,1.103040736736794254e-26,1.067387739393022314e-30,5.028470522060496077e-32,7.980218925835666266e-23,2.113255804824333044e-26,5.008157978713006312e-30,6.309229428666466433e-27,5.828554011890569554e-31,1.155189300834369339e-26,4.254458091058176938e-29,8.793647583929756180e-29,5.321739428656659131e-26,4.861099101893185459e-28,7.698522284797856894e-26,8.274277028870618691e-28,2.014290191292199123e-27,2.352354711676054858e-29,1.906148582064247207e-24,8.824886842318181121e-30,1.022488698210868919e-26,8.768468112114221092e-30,5.234245910952814054e-30,1.782498493069775542e-21,4.623120939047173496e-27,4.802987770487066988e-31,1.547700408136945270e-27,4.313581638033229003e-32,2.510281514367234668e-28,5.667715240666360083e-26,2.742288398180947564e-29,4.254105048285614398e-29,2.161478392223056243e-29,1.058490649776978211e-29,1.069618772492986767e-26,4.716988291586268165e-31,7.189223395140336445e-31,6.390182341516673628e-25,5.613521392874057788e-28,1.986675925177459987e-25,3.319930402583781742e-30,2.245106071362710646e-28,1.427574969534133144e-30,2.494455055890308145e-30,2.563842174398539439e-24,8.338096553190703516e-27,1.049714604798182357e-24,5.890252237594629991e-27,3.771077120714262447e-31,5.606372464740586150e-30,7.312207246494640554e-23,1.078267738375365322e-30,9.526369390447278557e-26,6.979930526405574370e-30,7.240268497913679741e-32,1.015006809497512513e-31,7.686016341172023992e-31,1.151663566886277840e-21,6.475773287001619502e-12,1.644572551072842529e-24,1.440776072561451914e-22,5.825896135135195314e-32,1.510792645963823008e-30
5.209513664917447897e-25,3.095434373009143309e-22,1.053432732298378741e-28,2.337474189485864841e-23,4.706122787455294898e-28,4.457356879304304264e-26,2.332019183373176705e-26,1.874189665099522229e-22,5.510715742683747545e-29,1.741987262117673701e-24,2.439985846001568680e-26,5.939114115301648109e-24,2.140894748839766180e-27,1.078431756368919415e-26,3.790765658198751914e-24,3.498151530417154160e-21,5.280054001268433584e-29,5.935744502439335039e-22,2.916511691564235925e-27,3.388475423780873058e-24,4.431574614157112220e-26,2.339189727398590257e-17,5.674219014017935872e-29,5.364051935644770946e-26,5.848378557163955383e-24,1.265698187569437360e-25,4.097876387490144630e-23,3.350810800955115316e-24,1.252788630846606619e-22,1.217720090658291756e-28,6.503209745930874360e-29,1.986994382545409988e-27,3.684960949487606493e-24,3.491990308900252329e-19,2.591771201999744144e-27,7.517767854669002456e-28,3.357816555243017885e-24,1.161634132579255392e-28,2.099105692425914532e-11,3.795809396836057695e-24,2.364466423578851570e-24,2.288701900154617721e-26,2.011645868585610295e-23,3.979160311203625522e-27,6.003120671786360870e-27,3.391864226466269692e-28,2.044816278273730880e-29,9.969127185607869351e-20,1.120441877278941126e-27,1.100786301241963279e-21,4.618148658859110172e-23,2.016105606540152090e-26,4.240417364500482367e-24,3.095341153765444766e-22,1.698931367647752149e-26,3.450554564950308300e-25,3.412402368418289227e-28,6.521141095531686081e-27,2.087596477200649903e-26,2.570525193082849925e-21,1.225645016328216362e-25,3.870060934514891815e-28,5.957085764100707063e-21,1.577109243951945261e-24,4.855197643245414196e-26,4.928171592344840288e-29,6.890770259645661095e-27,1.153587477987540598e-24,2.129707953943682276e-29,3.045357624019160939e-28,1.739895332734584759e-27,1.156575459153367360e-27,4.336903799188877378e-29,7.694071891993802667e-25,1.618857169292299670e-27,6.679289381606850665e-29,2.545872534001654539e-18,2.277307674195286231e-24,5.257570026681038706e-22,7.822148767088568385e-29,1.201397098095740769e-28,1.080833140499936980e-27,3.973208494513276436e-26,5.322331468157091947e-26,3.687010534843564127e-29,1.191563116872652090e-22,0.000000000000000000e+00,1.277425800923704913e-27,1.549317333376552414e-28,2.806663482064190006e-29,2.103321802657125323e-26,7.820057781355755409e-28,5.871458012654068100e-18,3.830383894674104334e-22,4.632911930336566043e-27,6.884696837736868645e-25,2.486348052066683255e-26,2.800213339435904800e-26,4.406869038972232416e-26,9.504309645003701843e-26,2.170564203848756947e-26,8.325179238021960046e-25,1.198394025591562824e-23,6.868127230382245487e-27,5.949007822888757521e-29,1.982435269778499577e-28,2.999682995283603024e-26,5.946514653193901740e-18,3.199750722747180649e-28,5.911274191043209184e-24,7.379334862270208532e-24,8.527937518621372305e-29,9.816372309011642369e-29,9.181124123996939372e-25,8.058248622517559675e-25,2.791298778828768656e-26,1.736126285169443602e-26,4.743910092724240604e-24,3.746207962970614815e-26,1.327793112537824094e-27,4.747943113805716762e-24,1.267358719067323345e-27,1.401067901822158129e-23,2.931396529665711629e-29,1.697790440797689845e-27,2.842509682691992604e-26,1.476464330000960228e-22,8.360305713408534083e-24,4.199800817801595936e-29,3.747648902653986566e-24,1.258300311517952842e-23,5.064125107870968735e-28,2.383180005904151167e-29,3.985198203617539580e-25,2.818940427441695683e-23,3.884823839792575642e-28,3.771411524791256198e-24,3.451380620240083224e-28,1.390788809235106209e-23,1.555054391488740786e-26,3.474583917193143680e-26,2.870190117668363538e-24,5.985888915000357850e-24,1.175377963098594021e-22,2.241919398518053777e-26,8.839215944305681932e-25,1.527160723624605272e-26,5.562063141790579053e-23,4.099312637420748215e-27,1.214530729622008641e-23,4.199489243865063680e-27,5.685442984612893490e-27,1.738502342023078708e-24,2.200076162333651061e-24,5.240933379446717154e-29,7.531159304432968427e-25,2.079505878526209365e-29,1.896584535153014879e-26,3.253047600223982343e-24,1.963281547181617396e-26,1.984903356324001651e-26,1.377401504555359607e-26,5.108267022395537228e-27,1.202549400608563574e-23,5.104385389299155159e-29,7.215771029248719319e-29,7.429718074370067982e-21,2.813387121836127263e-25,1.812667816760275395e-21,3.062395905523252814e-27,1.045614024549108069e-25,1.286914165185581058e-27,1.093425482101954248e-27,9.312386322226539501e-23,1.008290358114967900e-23,4.663266543949142149e-23,2.617501839529092004e-24,4.130264377543994691e-29,8.116085059654087056e-27,3.801484234327971907e-25,9.516900611774153337e-28,1.684298616190360156e-22,1.029641367619135382e-26,3.651871302668428326e-29,4.690509950589651227e-29,3.581632091692604394e-28,1.582278968625414539e-18,1.617231500430764334e-22,5.526167918741259158e-23,2.161350534742818362e-17,2.885448799986989300e-29,1.320335483512642188e-27
1.655543667580711274e-29,9.833708793198323441e-28,3.922167203146537719e-33,1.004651354343662177e-27,9.018859393887360461e-33,7.584449205872278541e-18,3.081103415534668177e-25,3.727883811675549438e-30,4.285025680375547723e-29,9.245139881423182719e-32,2.010718061498690291e-22,1.631044481451036399e-28,5.619858209290000952e-31,1.476477020896457564e-24,1.397624785830291784e-28,5.184820546863498325e-28,1.266750689822670417e-26,1.931926753276290335e-29,1.158486828347714383e-30,8.164345066476496045e-32,1.102886095370487738e-21,4.957839205565830787e-28,2.061487552756650800e-29,3.276594728240216449e-21,2.154028718808511563e-26,4.167758948624688233e-22,8.113756376512390387e-26,1.177167864859866919e-30,8.692450526506334221e-28,6.089462273975094953e-30,1.231605077564316164e-29,5.535922847177609460e-31,2.650651207693118565e-25,7.594381575254267671e-28,6.256999563771890011e-31,8.362983571194024144e-33,6.455025276203893167e-28,1.976253059145645916e-29,1.936903141322227773e-27,1.047513368915121042e-25,1.467058693647684434e-30,4.622128546762300654e-31,2.989372394088772182e-28,3.446530046346087774e-32,3.264859092333089599e-32,1.953772190732150237e-30,6.106911446092341988e-29,4.828705224337717993e-28,8.176080763593729109e-31,2.695445709364860173e-29,8.984514622197666375e-26,2.212289910602958574e-32,7.950985147226523783e-28,1.907528600332771991e-28,1.640903292134047849e-28,4.306085389585752633e-26,6.609674072539815491e-27,2.442794232544917840e-31,1.277810743526807784e-22,3.044275021752159868e-29,3.354015514564564023e-22,8.381444362986624285e-33,2.260256628998901740e-28,9.673470337639810687e-32,3.503357338455876804e-18,7.729231576936505333e-27,2.513907207012204345e-31,1.027738753344378645e-25,1.091576478166076137e-28,1.818317391584976107e-30,1.338806378904232361e-32,6.788332941514976914e-31,4.340904450197528020e-29,1.088228658000283910e-28,8.014953723457954432e-31,1.074954432759454829e-29,3.320224001350187182e-28,2.675837759344319224e-25,1.688168302579560175e-29,1.356508118420435246e-29,3.782073462369187610e-29,7.902624440195363224e-31,1.697814434503796319e-21,5.337284446368378786e-26,7.160161919357239785e-27,2.853572956496730825e-30,1.277425800923704913e-27,0.000000000000000000e+00,6.937590250980514188e-30,1.399149890816101673e-28,1.417175044266615780e-22,8.417504951711556001e-33,3.328136082466480364e-28,2.205253261740272164e-28,3.431612143782395732e-27,1.119985182483847684e-28,3.321315072448361203e-25,2.025031764381464473e-28,9.938786659608232667e-22,1.161347235271299032e-25,1.736070782615762626e-26,1.062584527386528640e-28,2.370300574472269420e-28,2.567484049522385664e-31,1.494963558983543905e-29,1.278015255079759836e-29,3.618639329896516897e-32,3.225613463438737096e-28,5.645026362564257947e-27,2.123336649876360658e-26,8.177329094564924141e-29,2.980579525166289661e-33,5.626491159315016339e-29,1.039165276837161663e-25,1.042642534497727449e-28,1.039728919404153804e-22,1.968921293184622700e-28,1.632743310380814914e-30,1.188183961441418896e-21,4.290892566528033007e-13,7.776270868159294766e-32,4.382554268946213241e-13,1.270122533084077238e-27,6.763198447790243004e-29,1.406409118407120552e-32,6.752696800646112813e-26,3.194838608743700891e-30,1.284645932687456740e-28,1.093398374826043457e-26,1.160339055012134095e-28,8.061396165378144806e-28,4.187729786008564828e-27,8.030707423181341072e-29,2.293621532099018471e-32,7.915079883462581117e-28,6.764722175966482131e-33,9.681990909280030507e-26,2.660455546389971755e-30,2.537293338803422144e-28,1.674010096730639030e-24,1.785425594753209445e-21,2.188729354418563590e-29,2.210019853774837736e-31,1.295477880245033301e-27,2.511718471584777724e-32,1.514646743082882513e-22,9.835657380189167954e-29,1.019992236910588664e-28,4.489425757809874188e-27,7.223292026022573369e-28,4.490297515466669305e-27,2.356406057115636579e-31,7.140649853057008739e-32,2.976780453589082990e-25,1.933734415873900002e-33,3.296304344485680407e-22,5.667916697364540564e-29,4.225820389237252549e-31,2.683940929973361751e-29,1.253304770027741137e-28,1.129878252625869711e-26,1.649667272824544353e-28,3.176243104392207401e-27,1.425401286824909854e-27,1.893641175947936081e-33,2.964967964417800682e-33,2.201028226575367533e-28,4.389608925461024871e-26,2.724895372811479331e-28,1.909521891708928160e-30,1.903900168296215965e-25,6.316574918271494407e-31,5.666691171662183618e-07,3.036066570893377857e-28,2.576808446614551818e-28,1.951683294113935182e-28,5.399007767176257071e-25,1.798892796535452751e-33,2.262075588978987388e-31,2.929089036745819731e-32,7.899442499464588738e-31,1.135118479221337627e-27,2.393046216507761834e-31,2.931952739073183236e-29,2.096362163247924885e-29,4.028528622310779585e-27,3.542552988092686041e-28,3.183411841152953117e-30,1.448431378336200915e-28,5.113996840497655146e-28,1.014796467017294716e-28,6.509220728107499058e-31
7.766322846083680265e-31,2.099188098621009239e-28,1.952063208639612757e-34,3.334047359205466911e-28,4.664502720346255889e-34,1.927294586620114698e-28,1.243800800712429651e-27,3.869265068782088170e-31,2.504402742930262547e-29,1.344099493657916960e-32,2.343682141971395301e-28,9.207546255127329182e-30,2.749636134787225024e-31,2.509208148682143473e-29,4.357126084011131397e-29,6.375233145579666327e-29,1.420251950427780085e-31,1.512216339792635960e-30,4.700702422000304890e-31,1.095489974901591007e-32,4.453410660503814849e-28,6.014229814192213411e-29,6.706071661061215188e-29,2.789777757050394660e-28,6.864846319491728407e-26,1.452727308004185613e-27,1.775257501858485427e-25,2.154826854360259102e-31,1.877528196289489083e-28,4.004506014758867916e-01,1.314069462278936547e-27,2.299713290662869700e-31,7.565302557339660860e-21,7.649898855602219263e-29,2.397738530368525316e-31,5.154715943230244874e-34,2.536231849811385244e-28,1.061326949852284490e-26,2.130951696754088788e-28,4.143529038130550950e-22,2.502502587104812303e-31,2.405825466870196419e-32,7.506260230526248292e-29,2.180578465627061232e-33,2.183882723010409693e-33,8.879053045719326178e-30,3.786323822664494653e-30,4.837935311166742432e-29,6.093099368424697754e-31,3.613667816358082783e-30,1.399363281027476252e-25,1.573904581679935115e-33,3.230186221087837050e-28,1.447251827266170049e-29,1.352458982125776314e-27,2.023333266001773571e-23,1.608560520415569750e-29,7.749030118105047132e-32,1.558874635784998759e-28,3.691269526969675284e-30,1.453758540013946761e-27,4.472251618744959119e-34,3.384519243492526171e-29,1.550669294541815286e-32,2.587284520639621765e-28,1.196226367127954113e-31,7.902459543537879374e-32,1.639713837209476022e-22,2.200519103545836594e-30,9.173560695897869550e-30,7.202758835021899180e-34,3.761863571276753545e-31,2.293223502109999425e-29,3.878390492884686416e-29,4.696538183467685168e-31,3.229385998070974285e-27,3.474792402200247082e-29,2.412001455829301332e-21,1.462716888460083290e-30,2.744987143088440856e-27,7.386094789290338009e-28,6.741532122772845083e-31,3.012180274727625155e-28,1.542078761739001997e-26,9.550089116161606901e-32,2.758111293819804407e-31,1.549317333376552414e-28,6.937590250980514188e-30,0.000000000000000000e+00,3.548707726053030966e-30,1.622784020026918261e-28,4.705476642412416468e-34,3.695820033527042291e-29,1.638344270493990383e-29,1.599491518154336108e-27,4.448897187647794683e-29,1.598245733796429067e-27,1.031831526668959626e-27,3.103951506318697570e-28,2.177997842720861275e-26,1.802350010380190748e-26,3.693005201132172990e-29,6.794448839665466914e-29,7.830781046369527467e-32,1.122651630702951143e-27,3.996727843254443413e-01,2.386629078520420072e-33,3.898200066334332068e-29,1.844634112183879518e-29,6.870974481891479738e-26,5.172223049261841813e-30,1.453940687825636033e-34,1.467422303405250394e-28,1.138649998730111274e-22,4.009788065586969815e-29,2.745970802579682671e-28,1.817840791484999756e-27,2.637104604404285365e-31,3.349697904750461818e-28,6.033396166421947425e-30,1.103295039412108610e-32,5.887447896625892027e-30,5.072135332110638091e-28,6.938598310745306822e-30,8.423325267355938711e-34,5.170210352882892337e-27,3.082758594821696327e-31,7.026863617733002574e-30,1.102377635991250951e-31,3.217542395476338492e-29,3.085724865762748265e-28,2.477652524418237503e-29,4.078752241491065275e-30,2.114710362541142107e-33,2.570965149077828426e-28,3.391202098034937545e-34,4.696469374459486833e-22,1.503114058969200265e-29,7.098900203289513154e-29,3.420564600458247174e-29,2.362650751265865965e-28,1.385818102927931038e-30,2.868978907764828530e-32,3.161375098095825130e-28,1.768155506648637564e-33,1.826323015141885177e-26,4.459917804106452013e-28,6.761240658306975457e-30,1.476015291541096605e-27,2.618786457942774675e-28,1.706991498314482415e-27,7.498358613909056917e-32,6.836129244992192153e-33,5.518805549002644755e-23,9.246606272657972013e-35,1.346698494166930404e-26,4.537888428001419269e-30,2.228727493929902706e-32,1.597292243776294197e-30,6.476365432184669842e-28,1.910217211776408340e-26,1.373052940331528483e-27,2.043404716035089787e-27,5.900580707746360724e-28,1.000837634847057030e-34,1.393758041909140808e-34,3.338149551960947462e-29,2.329778284726023582e-23,4.874235286824671381e-29,1.238691909719581425e-30,2.416233434760523890e-26,3.080286675272438843e-31,5.611920250270621876e-30,2.051208597129112627e-29,8.115900680525821247e-29,1.445343875911481810e-29,1.632191496511324572e-23,8.271109300522357315e-35,6.022178274530072548e-32,2.359332787793781579e-33,5.764102098390280787e-31,2.941777285091365891e-28,7.438114585936419979e-32,1.844929048895642221e-29,6.437147755466026801e-29,1.796160029064678620e-29,3.571702155698705709e-29,2.893234701653430139e-31,9.268306957658621404e-30,5.405048399289912654e-29,2.850015356839906873e-30,3.388623186989388106e-31
2.708483404955913831e-31,2.711868340735766941e-29,6.938901387844413107e-35,3.302321133700162372e-29,1.561264553641326936e-34,3.010586085943747814e-27,4.595143099889241614e-24,8.593323006654031096e-32,1.719518291740505801e-27,2.091138728986554048e-33,5.769389335778617442e-27,3.112701016010458513e-30,2.168573689618777374e-32,2.221572581267829890e-28,4.401445294888151203e-30,1.023074813701418987e-29,1.464057734583762407e-30,3.497453748566818381e-31,3.649205133694269391e-32,1.904447566406864546e-33,1.165382724371952737e-26,1.172720490404761069e-29,2.546908543927086278e-28,4.718717642480197949e-27,1.491427398881150254e-27,4.789898066991320979e-26,4.898596143050661276e-27,2.897011621763456157e-32,2.274100299644138870e-29,2.443055422896271101e-30,2.285525221137220579e-29,1.751102691636590900e-32,8.965712685527666239e-26,1.591603000491192761e-29,1.907656845213108703e-32,1.624037415391074092e-34,1.965707993951094663e-29,1.500497817459506489e-29,3.997907142234617220e-29,2.661419532816430882e-26,3.571131976411540898e-32,8.146279527755390623e-33,8.308628409058574030e-30,6.745437290614959206e-34,6.380026995838066720e-34,1.640060780502964556e-31,1.184976042710291438e-26,1.083904739567966973e-29,3.290059431250898375e-32,6.253210791236257822e-31,4.605216156416115370e-27,4.009826189149602412e-34,2.734112993468761634e-29,3.663061149828144046e-30,1.908027388090199842e-29,4.504961208988447873e-26,3.650334118899638909e-26,7.936711139496140792e-33,3.515309654006710532e-27,6.576120894016034062e-31,4.862108367993986816e-26,1.455058033122714645e-34,5.446223331631612002e-30,2.419025878365760105e-33,5.157278707248427644e-27,1.178824860770862919e-30,8.112065224743594279e-33,7.703256252677234377e-26,4.000151360903435593e-01,1.683237711477638454e-31,2.114411621970656335e-34,2.446010194121515643e-32,1.451161378567073846e-27,3.438430524111657135e-30,3.021048732888887868e-32,1.039319514596600601e-29,7.187832141979343888e-30,1.326210578904543761e-25,3.382180955821934294e-31,1.229911286662807491e-29,1.323835795440823147e-28,3.803885713888173987e-32,6.379267247707824027e-27,3.247168438689098681e-24,8.881927906223916831e-31,6.068611950189959997e-32,2.806663482064190006e-29,1.399149890816101673e-28,3.548707726053030966e-30,0.000000000000000000e+00,3.433753603359369986e-27,1.507157093673945843e-34,7.640671588880141201e-30,4.336429614087540360e-30,1.540936795622592511e-25,3.739931196975050086e-30,7.292583395332259013e-24,1.706671870383926695e-29,6.395773104621274135e-27,1.174077991588342308e-23,3.072085285889783930e-25,3.201792410807913228e-30,7.691833859713439203e-30,7.403424621617173863e-33,2.629016170341089231e-29,4.643000021533757896e-30,6.420602978591113776e-34,7.931884453731670700e-30,5.251119227848654792e-26,1.380719166229896783e-27,1.559410207029276601e-30,5.152746087344626274e-35,5.862127639521632429e-28,9.096623594644916682e-26,3.525510172448050634e-30,6.803150913818664343e-27,2.312206813803148019e-29,3.867738133750364157e-32,7.559977438428971956e-27,1.030189090891519670e-28,1.993366359063459780e-33,9.901266804070828418e-29,4.277301053954004402e-29,1.322975551553022903e-26,2.553181574442833923e-34,1.126893395638417912e-23,6.665253220924547660e-32,2.226925635199485643e-30,1.164231798500103518e-30,3.201297669471916917e-30,2.890503795804565284e-29,5.910565706813701870e-26,2.665286007747361948e-26,4.934095210060306793e-34,2.433323254735908450e-29,1.053262987826719898e-34,3.293920841858872764e-26,2.410789869061371073e-31,7.773604222112521229e-30,2.823156229233550026e-28,4.862461301186027277e-27,4.140797569288687482e-31,5.130704027891346840e-33,3.546925693167494826e-29,4.915841128743569840e-34,2.764759070112973927e-24,8.231668115303853339e-30,1.806378431362677444e-30,2.449269821848147212e-25,2.397496698596019391e-29,2.456913930481704046e-25,7.548743218449242722e-33,1.628347990544268818e-33,6.248428331891019921e-25,3.300223648337035241e-35,1.099377429693803107e-24,1.298691595087506877e-26,7.246373413001704282e-33,4.849454786599415447e-31,1.060566421915734760e-29,1.890162088558418438e-25,1.794208868358150213e-29,1.539237955809209260e-25,5.181096202611502097e-29,3.456678643170248986e-35,5.135138935387983663e-35,5.279331087480304752e-30,3.869081119428285251e-26,7.156557402387140513e-30,8.021598456423774818e-32,2.409008654872956511e-23,2.196497615161823407e-32,1.013018388414930896e-28,5.888224529070721883e-30,8.606728593641365584e-30,3.983180698745917627e-30,1.930348283499273785e-24,2.974581374964953147e-35,6.106992652671711862e-33,5.680397636705797850e-34,3.247311462680459496e-32,3.340340499608480304e-29,7.654122219685601776e-33,1.013103983221731960e-27,2.586511769882532918e-28,5.068714463237899357e-26,7.765412867088297983e-30,6.132319546265451885e-32,2.474749888277123844e-30,1.103599620262003369e-29,3.998295603116542307e-01,2.394960539937104544e-32
2.776554642925281938e-28,1.746798923140447177e-26,6.580029329185292109e-32,1.636323382152147333e-26,1.155661679459781336e-31,9.458292312714035362e-21,8.938471552848595870e-24,7.513866155157838674e-29,1.007384084532774934e-27,1.462541163080319673e-30,1.405554978154272383e-15,2.489587048995892998e-27,9.078206754762152552e-30,6.267394964644089613e-24,2.457992949230496116e-27,5.864788766085250321e-27,4.649937408754944531e-26,2.629376056986315163e-28,1.435625957332953578e-29,1.339015195534726772e-30,1.870031095988721626e-18,8.386952296838429669e-27,6.349916265006463551e-28,1.023886340974749463e-18,3.708907898656101852e-25,1.826608186390583964e-18,1.664661902366253018e-24,1.916204799046131292e-29,1.400172877571924548e-26,1.362851691106943266e-28,2.666740994987749446e-28,7.860688934312295230e-30,3.250047395511472729e-24,1.233031472915205108e-26,7.704358634548984715e-30,1.447752926534829144e-31,8.261844231810604909e-27,3.081308889289040618e-28,2.436190113013045168e-26,2.256661076342755272e-24,2.017317463548042090e-29,6.883659016653360894e-30,4.157414002075555032e-27,5.938649464162730789e-31,6.033639627058061297e-31,4.301788853896627813e-29,1.150290917823543890e-27,9.038671127934021424e-27,1.255925698466194362e-29,3.943004491888154013e-28,1.515489387494511601e-24,2.998034552880678968e-31,1.174052908049176391e-26,3.141328603732862324e-27,3.447738144389078919e-27,9.098234006852742271e-25,2.247559652692239030e-25,4.818536121965078513e-30,2.085232047672082639e-09,4.480750208551434894e-28,2.055301133404249624e-18,1.198569027475967782e-31,3.762351201038402958e-27,1.551377962805650764e-30,4.218319917649463695e-20,3.416107032497794873e-26,4.914713750556090067e-30,2.686356883366182115e-24,3.120246920901296277e-27,4.108089258581265091e-29,1.737550638652354067e-31,9.275478903100380713e-30,7.286564426330129504e-28,1.676078393920142848e-27,1.275297239052672374e-29,1.863914171797073730e-28,4.954304781062420676e-27,4.110436648628294740e-24,2.309055129631637250e-28,2.046133057479949171e-28,6.573734273965284937e-28,1.588700076631816955e-29,1.720630595330304248e-18,1.427394910131226870e-24,2.554487334001765671e-26,5.118811307327482845e-29,2.103321802657125323e-26,1.417175044266615780e-22,1.622784020026918261e-28,3.433753603359369986e-27,0.000000000000000000e+00,1.434002863173971599e-31,5.854612504645981432e-27,3.542878490482263510e-27,1.134607711302443037e-25,1.975112567412178168e-27,9.161984103030952941e-24,3.346908853481876938e-27,3.355887909196714197e-18,2.909813027529610178e-24,3.984188510283790294e-25,1.668918454087348353e-27,4.832381144827777909e-27,3.631521916535729959e-30,2.960613569758136471e-28,2.081099694388256574e-28,5.800036676328045726e-31,7.040783673871853062e-27,1.655922182777863060e-25,3.673093045204606885e-25,1.475528213331836598e-27,5.167579092036295953e-32,9.860861026307208828e-28,2.453173145212198913e-24,1.602215648219270385e-27,1.740360312907875883e-15,3.339526629772410616e-27,2.595670490883117132e-29,1.620458019649756181e-18,1.352016466897207928e-22,1.500597806236704639e-30,1.401871144208188744e-22,2.022049468253742440e-26,1.479007667220870971e-27,1.852812244073016787e-31,1.489958653832149590e-24,5.344022247570191404e-29,1.980333987334864529e-27,3.434229329132939553e-26,1.747598520013463264e-27,1.537035253945748900e-26,1.924622999506852326e-25,1.804626526001023340e-27,4.588508378224697225e-31,1.338906084224418080e-26,9.841999832145665352e-32,2.441105646568715499e-24,5.369591273187393449e-29,4.291815995953298597e-27,8.662035796299288877e-24,1.191374052811883014e-18,3.810026757020674141e-28,3.163283656025620426e-30,2.336014226672281734e-26,3.286044186181593603e-31,2.263470472543402683e-20,1.747324515810122713e-27,1.291870237642483814e-27,1.134361869136527472e-25,1.572651381907411056e-26,1.064442529904893504e-25,4.570815744117642939e-30,1.398705614520512184e-30,1.029898484853479659e-23,3.457093847485578121e-32,6.104406290439572188e-20,1.237664440819050813e-27,5.875830807510492147e-30,4.338895310278293855e-28,2.253292293726637958e-27,2.712826407795795015e-25,3.392071136219804118e-27,1.145465360322659810e-25,3.008323644615931828e-26,3.402113524365161903e-32,4.650329216655997828e-32,4.384002100136127435e-27,8.905651310722199724e-25,4.367537188903561755e-27,3.072897943462147517e-29,4.848778329573009774e-24,8.764346630361209157e-30,1.069621331386236143e-22,5.630209141236037396e-27,5.667808626715913100e-27,4.269153896962078018e-27,2.066279406248198940e-23,2.665920058943931291e-32,3.215154826974404861e-30,4.520680047906307107e-31,1.234715998079558598e-29,2.174342892902825415e-26,3.886318495302490955e-30,6.704167173296005736e-28,5.689944726832723649e-28,1.333149608793220746e-25,6.101853756342768434e-27,5.252332563621058095e-29,2.047026561928780634e-27,7.071273056204793595e-27,3.619332754623729246e-27,1.022465420914409882e-29
2.075490701593617688e-27,4.633375869591031101e-29,2.503906160986965151e-31,1.211992170470396495e-29,5.512130322209856993e-29,2.852291547501948315e-31,1.181895376705634720e-31,1.849091568847084137e-29,2.525908657791531235e-34,1.625152256889993463e-32,1.644207295589687833e-31,9.353064581613435333e-26,1.830792273718732752e-33,9.285199006223948111e-32,2.000682197524731141e-30,5.324110059550883264e-29,3.839673814171135431e-34,8.703763821553961306e-29,3.055424520821997280e-33,2.110803195778718832e-32,2.718216556508948125e-31,4.558274266462129827e-28,2.720197410478691608e-34,4.153997864026598764e-31,1.117456866185427949e-29,6.714752894325685899e-31,6.284681836989871803e-29,1.024338749565381895e-31,3.096850509780402561e-29,4.279693062165073939e-34,2.408578001769212702e-34,1.844629120763634725e-33,1.178248890577711268e-29,1.536838718416170203e-27,2.388172660490232621e-33,4.011402689083391482e-01,2.537684666869989189e-30,4.613676051452507631e-34,9.598145588657685440e-28,1.077650012143205852e-29,1.044054590064663095e-31,1.246123472954648035e-27,6.437815309456470062e-30,3.994531092731520849e-01,2.620480199327680053e-26,8.063530986346657144e-34,9.885687102264930042e-35,1.293325639940412878e-27,1.115810006646922738e-33,6.601131369371479834e-30,6.465400222223207791e-29,1.444222178567943925e-30,3.648907345927651221e-30,1.080969846263836173e-26,3.862728995730170984e-32,1.245349795472493752e-30,2.224778456700597809e-33,3.238929492296011557e-33,1.424447241053611445e-31,9.519005473306821104e-30,7.780733300558413651e-31,2.695060298873135716e-29,4.435747336567104246e-29,1.686557382563207926e-32,3.202652969268432168e-31,3.435661595619530464e-34,3.620371956601053985e-33,4.699581856198779372e-30,1.125682452452565841e-34,6.782634158156494808e-34,2.366522472820528265e-26,1.150168990644757639e-33,1.802191999568686188e-34,5.663571021295460309e-31,1.618557324175954487e-33,2.439864566567417020e-34,4.862770800364637271e-28,9.311180438538313758e-30,7.786141881255977119e-29,2.685646694420542101e-34,4.224012912188414847e-34,1.272809636060667359e-33,2.506278504221560724e-31,2.328247638847882578e-31,2.752216635082065929e-34,1.492004501421821798e-29,7.820057781355755409e-28,8.417504951711556001e-33,4.705476642412416468e-34,1.507157093673945843e-34,1.434002863173971599e-31,0.000000000000000000e+00,4.284791130407211367e-28,1.281114785626013987e-26,2.220688258971122435e-32,5.262461147884820720e-31,1.330316680587368735e-31,5.722962162416013168e-32,2.714418999424681474e-31,3.976809150853775586e-31,1.165550363638900846e-31,6.217517922364237417e-31,5.236042024430178861e-30,3.109557420779674005e-33,2.332842227586162173e-34,6.769062480267634980e-34,5.794857568502802694e-30,3.812515384529479395e-28,1.902931941017803162e-33,1.057311344975233079e-29,1.334772333687292832e-20,2.442074762975846393e-31,4.098124138319551375e-34,3.733191313134870849e-30,5.337099946818702094e-31,1.779583951775909449e-31,3.591935571792871852e-32,1.392062665325507043e-31,2.306168921884661217e-31,9.333722742792101236e-33,2.372741878459142902e-32,9.080700890757439210e-33,9.276704133446724154e-30,1.507433850756452823e-34,3.293372194895272365e-26,1.261068615702288669e-31,1.350013557118634591e-29,6.135430734508465592e-21,3.301166093618935513e-34,1.793222094468067035e-30,7.832081410025574411e-30,2.797231509298156490e-33,1.202543540618221923e-34,2.710297660819532147e-31,1.274607489388377199e-29,2.646068400615660107e-29,1.061800142201315606e-29,8.579566285506424636e-34,5.814996012872598925e-30,1.347784297878467804e-31,2.395271857612657407e-31,1.047523761994026209e-22,4.592114033858164516e-32,3.896627285308395836e-29,1.502835989446338046e-30,5.342098323075284331e-30,3.405335976884868852e-32,1.537453360825895306e-26,2.058201206408108056e-32,6.890422478178771626e-30,2.084560693319081095e-32,3.310433491346789985e-33,5.231589134080069654e-31,9.220651599726181161e-30,1.264039579633288973e-31,3.788842248643818004e-30,1.067321939623979997e-34,1.025790300726654665e-27,2.314475932036223386e-22,3.744443282615814402e-32,9.266088941920969281e-32,3.499985021401116051e-32,2.223883516558492678e-32,8.474566470903738594e-30,1.307453416769298473e-31,2.024705449247984180e-31,5.496073067589745951e-29,1.204399897569152448e-30,3.034726153329581622e-29,3.459567985490170106e-33,5.642366163658060310e-31,1.446256999063784209e-33,6.917806193605998502e-33,8.874366661422582805e-24,5.079762030358542560e-30,2.386852975076077226e-23,1.270659084151601111e-29,1.037122365460976670e-31,3.315450791192488181e-33,3.410543466357179273e-31,1.159139496392417902e-33,4.138278207825855646e-29,3.925259976602425125e-33,1.590479845723691415e-34,2.242576565664440217e-34,1.966664938813451245e-33,5.860899003359820880e-28,1.204605652035611025e-29,1.234486005688938992e-25,4.840523881911576380e-28,1.411547890125848947e-34,1.576745010619035642e-33
2.147454732417745773e-25,3.717150410594124682e-23,3.871487684572845548e-29,3.782546039065490725e-24,2.284608254501346910e-28,1.152427547305993056e-26,5.465544444873355377e-27,3.956097505838067794e-22,1.290514621418243675e-29,6.752281185562682888e-26,7.021711399980747022e-27,2.451804405144486736e-24,3.673585495518410368e-28,3.414014236445482437e-27,5.914157522685160743e-25,1.639395252427824295e-22,1.445621527215834936e-29,1.204756333925382102e-21,5.894544090994086004e-28,1.712233295708174365e-25,1.115616535742971976e-26,4.041189360935338316e-17,1.467846277865509427e-29,1.625008790002892635e-26,1.297238599987342797e-24,2.953857719956099215e-26,8.314681717216870989e-24,2.124470917191745966e-25,1.809490321616375982e-23,2.891839040282917378e-29,1.520815430818539463e-29,3.856064770903887209e-28,8.363280012577277163e-25,1.269481221181548894e-18,5.026929077148531039e-28,4.606973477125145585e-28,5.099167179632895303e-25,2.851031297974455778e-29,8.337520577630910879e-19,8.987261539027097403e-25,1.880972869169464393e-25,9.732446345643566720e-27,2.880480343599680121e-24,1.708829349806178239e-27,2.961685523789015273e-27,8.819196166522409429e-29,4.739525928395071344e-30,2.279636340998277434e-19,1.716549583755395682e-28,4.790362307237865794e-23,7.781026033670436629e-24,1.339289374726723985e-26,8.090240581553149252e-25,1.879199114289852490e-22,3.900640216683630037e-27,7.445779748792248129e-26,1.010716970115777527e-28,1.028850645888533327e-27,5.546208244909058467e-27,1.162054224893575025e-22,3.346966436068531299e-26,1.716114416984619366e-28,2.416710574731226703e-22,6.948637937235619543e-26,1.247295199777660861e-26,1.254921296921976813e-29,1.172275228677392453e-27,3.217923420184753968e-25,5.726855415018698683e-30,6.916970602387961302e-29,8.414308271556738375e-28,2.052882064470792545e-28,1.000250116821576998e-29,1.368713260028018956e-25,2.880296224249340359e-28,1.550570708492671143e-29,1.201105211001682937e-16,5.793420857199311821e-25,1.103074655480839232e-21,1.653861603147094148e-29,2.294328824966687769e-29,2.065082967419963398e-28,1.062692934593111857e-26,1.187754762848650356e-26,1.011200216767067517e-29,2.607455419327793708e-22,5.871458012654068100e-18,3.328136082466480364e-28,3.695820033527042291e-29,7.640671588880141201e-30,5.854612504645981432e-27,4.284791130407211367e-28,0.000000000000000000e+00,3.229532335334632572e-22,1.109850836656490974e-27,1.141711596955643407e-25,6.111655960734215726e-27,6.004199033201205093e-27,1.160823222031586944e-26,2.025809483086139416e-26,6.158328847500643068e-27,1.449774096375970282e-25,1.990285143915091188e-24,9.733495230576794028e-28,1.463529076799939773e-29,4.957333370571478299e-29,1.806511023280051354e-26,1.484761098182368096e-10,8.700767559272761724e-29,1.159447736826928633e-24,3.404577987544948713e-24,3.452010676077433484e-29,2.344850434164425096e-29,2.389850195152604627e-25,1.243138197922160876e-25,7.725557127417510463e-27,3.052677065371543415e-27,2.805978493976325685e-25,1.009030357379668956e-26,3.750218836617407062e-28,2.399182739448965883e-25,3.551688919750872698e-28,2.501328246598579936e-24,7.627480471049818866e-30,8.843420674670842734e-28,6.348498769592666041e-27,3.334566572769268520e-22,4.108853433645691273e-24,1.220293809090401477e-29,5.948716677775735088e-25,2.247213067945535415e-24,1.375213335544250183e-28,6.109687125209205806e-30,8.252518453489495429e-25,4.211681960705263483e-24,1.436614694751729345e-28,8.419401439944137818e-25,8.937389009408798482e-29,2.493641490743362564e-24,4.716543899975143631e-27,1.004595059265243671e-26,1.470648797863273330e-24,2.579446627173682500e-25,1.659839781821478524e-23,1.495804313165519125e-26,2.296612253187435969e-25,3.615579420042865685e-27,3.141312523185396776e-23,1.057091519186604482e-27,1.838485552540553747e-24,1.088635180254865355e-27,1.026501949899746409e-27,3.567470528688150337e-24,6.181965308222170497e-25,1.990593299581357173e-29,1.656653633341915460e-25,5.365790856192933977e-30,8.137865214394837659e-27,1.560432462524538300e-24,3.557318575887126929e-27,5.078490302926551895e-27,3.050019147757002647e-27,1.176510036225571181e-27,1.982219621929664090e-24,1.980047607195119309e-29,2.979209557948493761e-29,2.943038664684978281e-22,6.785774202582277061e-26,7.998177587573129258e-23,5.830231408947617011e-28,2.833496887905286159e-26,2.633178323794384741e-28,2.850540036633998112e-28,5.823122589407080912e-23,2.016286399981744281e-24,2.602612038997279594e-23,7.607348567173813231e-25,1.484221655017108171e-29,1.094599336682022040e-27,7.900292223568083987e-25,1.806418470492942518e-28,2.161907433409099401e-23,1.377650835864428076e-27,8.550269355913098833e-30,1.280213562664849197e-29,9.132765067770537939e-29,9.596885677275575601e-17,3.356945095950022580e-22,2.956427567161309614e-23,4.361032385489587466e-17,6.803786518633293876e-30,2.758500597959537107e-28
1.914987327088105745e-24,4.255340627434597628e-24,2.760262112831549022e-28,7.524829093295080804e-25,4.014121983367372762e-27,7.710550727580871369e-27,3.245752420481542720e-27,2.872119771519760242e-23,7.541947075523331054e-30,2.569586160722251848e-27,4.377411810359447343e-27,2.590424285707456961e-23,8.437195085821989447e-29,2.277985262725120900e-27,1.132384704338912572e-25,7.413063544607993732e-24,9.532299067852039857e-30,1.474572669630962280e-22,1.484869476610502139e-28,4.514396305361064861e-27,7.272009556285167841e-27,2.601565010588846313e-22,7.898010875454681192e-30,9.863909478373110882e-27,4.269793048973450479e-25,1.884199973757643284e-26,2.733308606949120738e-24,1.138638139485548265e-26,2.228746788475874863e-24,1.382462053884282374e-29,7.781973431644508809e-30,9.334252540785643104e-29,3.620778581705405795e-25,1.699618022546533739e-21,1.167967159285515890e-28,1.293078506690663971e-26,1.278021649062110735e-25,1.400307675599413027e-29,3.559800447629912993e-22,4.088826923839592280e-25,1.091646035976584505e-26,1.375999519768087912e-25,4.999012478293200784e-25,5.879204594081631280e-26,1.431078364007353849e-25,2.993952718962405227e-29,2.777264040343052808e-30,1.731810365367823942e-21,5.078214272286800557e-29,1.265832058266855670e-24,2.608968394689369256e-24,4.396950247833994016e-21,1.883091569442833635e-25,7.673582099717893551e-11,1.518556080697955652e-27,3.917274264712809048e-26,6.149811811298883912e-29,2.113951726782986236e-28,3.314595334782549853e-27,2.251593083389167823e-24,2.038309154909155856e-26,2.649764896869193377e-27,8.658937003918333695e-24,2.641550317796194941e-27,7.723714873744006362e-27,8.496750093451375022e-30,2.194680347421262071e-28,1.478697098990181997e-25,3.238504309889406276e-30,2.650172488034378650e-29,3.884872679907789970e-26,5.418518584901660408e-29,5.464502814736178423e-30,3.102490469569451253e-26,7.381903705892126353e-29,7.704047547521084035e-30,4.146627333092599090e-22,2.756944972889674425e-25,1.272577899260745309e-22,7.863260297183163142e-30,1.338464138655213335e-29,6.027103795076567075e-29,6.334051428392467736e-27,7.496206971840551456e-27,6.775815806206016187e-30,2.033749625313766759e-23,3.830383894674104334e-22,2.205253261740272164e-28,1.638344270493990383e-29,4.336429614087540360e-30,3.542878490482263510e-27,1.281114785626013987e-26,3.229532335334632572e-22,0.000000000000000000e+00,6.377198991825901343e-28,2.929289025410614992e-26,3.676907176972081198e-27,2.257755138378088153e-27,7.108830848093201098e-27,1.259142326285009606e-26,3.082014609143868114e-27,3.168551247516441660e-26,3.318208650710769086e-25,1.935559347203878690e-28,6.783936810534316685e-30,2.240282377703567461e-29,1.148866870945903120e-20,3.069208312723699389e-22,5.436859990697317427e-29,4.084290903250910025e-25,9.272013841810595085e-23,2.536511045836171010e-28,1.289733883192360714e-29,1.222916943825824185e-25,3.111911582279737543e-26,4.309742550820442896e-27,1.368630747806556632e-27,1.772363079735096085e-26,6.486486850040083758e-27,2.226203355946658307e-28,5.654923195452781788e-27,2.296820686839464233e-28,5.039059586317325013e-25,4.128388501768951079e-30,3.427126544697162696e-26,4.082525430669151289e-27,1.793225941827813248e-23,1.014527920254043185e-22,8.207189570592364585e-30,1.270511322477964811e-25,4.540821634526630932e-25,7.655994821967909692e-29,3.582935334924947559e-30,4.599745999968652097e-25,7.676836071220201936e-25,2.621759389129101236e-27,3.706256718981602255e-25,3.272891720470469361e-29,3.980250683623452666e-25,3.089562909980202287e-27,6.002973458479036937e-27,5.956393899247776344e-23,8.194102144983381097e-27,2.857638543061957407e-24,5.986508339539109377e-21,1.380875056384793911e-25,1.380579932596297643e-27,8.855805218945790618e-18,6.277228382786181249e-28,4.175795687108833164e-25,5.889764217989425001e-28,1.968880828226699704e-28,8.897497948214821793e-25,2.753650611112678165e-25,1.400981952851211468e-28,1.092382787071799860e-25,2.925355520508927097e-30,1.142360304060183260e-25,5.711532912255777767e-23,1.367912754040684853e-27,2.706058556111456034e-27,1.339452385309769664e-27,6.368007702001628320e-28,4.943409304555058418e-25,1.351156801779168283e-28,2.058025765717895178e-28,9.952248676719674318e-24,3.412135318420837016e-26,4.281769229960760072e-24,1.644335190107615914e-28,1.486422040662087245e-26,6.558698016737924932e-29,1.803923255953458142e-28,5.487295916494286096e-21,3.239923929560764940e-25,1.365910236531210828e-21,4.002840140863441741e-25,1.024971481368088515e-28,2.019342599956284882e-28,6.947076743211440043e-25,5.387199449882927060e-29,3.380545626021463468e-24,2.727798683657143630e-28,5.002574688634979392e-30,6.026896346595861913e-30,5.992372889570698250e-29,5.959070756368061617e-22,1.685801124559906236e-23,5.687933654700632668e-18,2.888882103746322941e-22,4.182656276631694474e-30,6.869960135371249183e-29
4.064827654245530041e-29,4.746124655354006275e-27,9.346909807476062559e-33,5.019489413773984987e-27,1.811377909955185198e-32,9.935860447107776121e-26,8.735817117139355399e-24,1.360083276367082450e-29,6.851797504396086089e-17,3.547393786364458300e-31,1.528164780354308320e-25,3.548733287531364942e-28,3.290000531483871278e-30,9.700150180569933968e-27,7.551539403732520887e-28,1.587603396387397301e-27,5.861184625061015407e-29,5.468059425520474983e-29,5.952731042998320505e-30,3.091580446639470366e-31,2.623968945641231751e-25,1.776354900136621389e-27,7.004131940246421682e-24,1.846857175600104423e-25,2.926835939415463883e-25,1.158753801691905751e-24,1.100200385097755911e-24,4.524582014165971844e-30,3.754247625849850640e-27,1.417433564657628575e-27,1.659001526711191806e-26,3.164358128676743456e-30,3.336337328067782471e-23,2.466940490132558318e-27,2.888019156803859340e-30,2.231353940831616099e-32,3.073146612803263387e-27,6.929742253954156963e-27,5.397957668741886620e-27,1.126205035466239573e-23,5.152313299283518138e-30,1.070872038244282761e-30,1.283999465937813374e-27,9.131925683478799649e-32,9.577814956309431681e-32,4.312724148842601437e-29,1.301891759107280235e-24,1.863583803767377375e-27,6.082422081921085377e-30,8.924128734161104771e-29,9.928774887090231444e-25,5.183011189220347396e-32,4.362258619006866634e-27,5.650911156186090951e-28,4.687810158446919691e-27,3.203192507678935716e-23,9.042201654774945416e-26,1.484271138238125365e-30,1.130333052071279460e-25,9.862322200864514968e-29,1.195926329416114620e-24,1.811802744044365367e-32,9.565618816471403786e-28,3.735629091074656109e-31,1.408484873093673840e-25,4.900065794263380413e-29,1.470570665308165976e-30,6.054580728142591225e-23,6.025534530675552358e-26,4.688160881493154099e-29,3.169630957069335850e-32,4.208790838073158727e-30,1.406159981423500265e-17,5.762766628631345285e-28,5.282866965813127316e-30,5.808645189288492872e-27,1.055826498674125519e-27,6.513961188001196020e-23,4.652861985708424117e-29,5.870942557426915184e-27,2.398982865433220740e-25,7.748978153020507603e-30,1.559491056016340393e-25,3.962932457768588637e-16,3.934086628098488648e-29,9.289356121424568580e-30,4.632911930336566043e-27,3.431612143782395732e-27,1.599491518154336108e-27,1.540936795622592511e-25,1.134607711302443037e-25,2.220688258971122435e-32,1.109850836656490974e-27,6.377198991825901343e-28,0.000000000000000000e+00,7.499998251250153913e-28,1.261984063303687285e-23,3.794860914838177910e-27,1.832735459763465004e-25,1.538818916425897467e-16,1.046372757903656410e-20,5.892689788839421474e-28,1.393743160299074936e-27,1.190922578864986308e-30,1.700578459601796923e-26,2.079210815071461570e-27,9.970765269586445133e-32,1.370557272959665991e-27,1.338360367771628693e-25,3.193115515242722653e-25,2.218848958128417848e-28,7.275407002736378455e-33,1.157891209760015741e-23,6.752184872453799850e-23,5.916670294321682955e-28,1.820177198190883695e-25,6.395932487380348312e-27,7.127025577979483515e-30,1.883688408919016686e-25,2.820915122798707345e-27,3.315851856577564616e-31,3.075343873650005881e-27,6.263896277984995418e-27,3.312096532103815832e-24,3.020710542738968185e-32,4.340364028559026384e-21,9.710036733054952891e-30,3.251831266619137266e-28,4.449651244862744635e-29,5.714974895786780787e-28,4.818050242694977006e-27,1.568467498262369733e-25,1.002625204528396932e-24,8.657136912318429741e-32,4.137539306635305286e-27,1.524473169954382322e-32,1.561870781165056971e-23,6.043854780735159036e-29,1.233157365115281479e-27,1.434137678097630240e-26,1.403335487095593009e-25,6.368343100230343243e-29,7.518671756653080215e-31,6.847184888549765907e-27,5.963871734672441588e-32,3.947581592376309250e-23,1.967953387205082688e-27,2.327843090131420306e-28,3.690088282879126257e-12,5.327313071915866495e-27,3.497078526513897067e-12,1.418513721487539264e-30,2.602466505228305481e-31,6.266937418419232583e-22,5.000434286492604662e-33,2.199281842224412709e-23,1.634246014367676598e-24,9.131047896084309459e-31,6.947684415910603369e-29,2.781879963133249468e-27,4.771086178524066315e-21,5.600855830297172668e-27,4.644528138064088592e-06,1.060246582719168227e-26,5.023235217018394491e-33,6.630799838460133715e-33,1.023389033418981002e-27,2.551391130382653366e-23,1.136502700264245823e-27,1.381605459245263207e-29,2.475739886687484810e-19,3.459831424321993452e-30,2.534325929413942987e-27,9.536508822052822045e-28,1.566997573546183110e-27,6.290750830654721964e-28,5.861792353968915722e-21,3.828877082341471507e-33,9.465126913981096583e-31,8.516566494285538521e-32,6.067465513745306353e-30,6.005090280792066657e-27,1.196734924296083153e-30,1.454376663612888518e-17,4.571741293063501998e-24,1.394814708632269525e-25,1.246685689322732188e-27,9.815745067519978711e-30,3.334302703817523875e-28,1.539769137482836634e-27,9.781225127732750467e-26,4.370252075470863234e-30
6.972361634897443106e-28,6.966153986346280581e-23,1.546249357833192366e-31,1.336750344988731926e-21,4.007299029082046261e-31,3.584297495002798193e-27,2.883488977871077240e-27,9.184521731590377692e-28,9.445573468932583902e-30,1.325609843228043358e-28,2.359806328319028765e-27,6.423087455846165359e-27,2.429361857677905571e-24,7.535821581065960156e-28,1.295597467545626443e-22,8.378372235642910517e-25,3.707172425396708924e-30,3.689310172363986966e-27,1.403054288667256678e-24,7.232076576205290707e-29,4.201680242624773800e-27,1.963136123146972229e-25,1.054275141990261103e-29,4.585415179494276225e-27,1.027051764938471204e-23,1.258675918270343597e-26,2.138477523536788020e-22,4.901312009770831983e-27,1.077813110640897007e-22,3.930343845158893784e-29,1.242238301195925141e-29,2.778888521971249605e-24,8.991756204659102456e-25,1.999953109328992088e-25,2.828377420620374784e-24,5.037580495543268689e-31,5.879763638184799284e-21,2.630619533970477317e-29,9.213930569076692000e-25,1.425086220346774555e-24,6.206526017967316971e-27,2.065587540501762090e-29,9.524393264634005458e-23,2.278513729483313621e-30,2.578179242091105717e-30,3.123006974550873492e-28,2.766210373763544649e-30,1.524533511242865912e-25,1.034461490462334980e-25,2.499695247652050908e-26,3.857292216448029849e-22,2.072651100502555919e-30,1.678392529981493703e-20,2.478540930800688054e-26,1.111729884140781509e-26,8.220073154091632546e-26,4.609367357942687616e-29,2.581124033101060250e-25,1.917833411508064405e-27,2.181317018045303452e-26,1.293968275324294394e-26,3.467130128029121628e-31,3.139726787615938142e-25,1.442676230331696497e-28,4.117682887014065698e-27,3.294915026342773150e-30,2.303446403592391714e-25,2.889361006155332468e-25,2.656839637701593358e-30,2.778334284697555762e-28,8.367499780725400080e-31,1.730102587465739263e-25,6.379943119295256926e-30,5.929467309576876066e-07,3.299915309325908022e-25,1.337805352533809172e-29,1.101988774255465436e-25,5.841002379540901977e-25,3.007321464539291923e-27,1.449673177006264233e-29,2.202130405671888297e-29,1.238040021258903775e-25,3.391186855482369956e-27,8.670952646695456310e-27,2.619255813952821566e-30,6.219880729434984478e-28,6.884696837736868645e-25,1.119985182483847684e-28,4.448897187647794683e-29,3.739931196975050086e-30,1.975112567412178168e-27,5.262461147884820720e-31,1.141711596955643407e-25,2.929289025410614992e-26,7.499998251250153913e-28,0.000000000000000000e+00,3.304330729695319917e-27,2.481177624198016961e-26,3.790961158590436996e-27,1.406071076188723465e-26,3.569409069705328012e-27,4.574183600466401084e-13,1.015959900738693847e-22,2.518258674185100260e-25,1.081151819867637235e-29,5.588681613760255843e-29,4.334731105712361344e-30,1.509423325283326113e-25,4.127911718881369285e-29,9.749742373212537377e-24,4.821340223074428103e-27,1.187755662921937066e-31,1.768948007734315029e-29,2.437635364023524259e-25,4.572427666979227849e-13,2.552825304920553347e-27,1.026241506251834038e-26,7.018214680959517453e-27,3.404235301306258078e-27,1.036342164828452782e-28,8.040379362998130770e-29,1.034185518896403214e-28,3.876416624417685267e-17,4.181666643824243167e-30,7.826778705410256839e-31,4.010301980229874871e-27,6.631588629477654534e-28,6.401117857925469076e-27,3.043595400258030162e-30,7.809415717950134061e-23,2.674669777257626324e-21,6.375427891726539982e-29,3.290690407856214345e-30,4.617975215192183871e-30,6.337767815006731929e-22,3.284538585205458266e-31,1.416078074663337782e-24,2.827003994469757192e-28,8.580893081508277483e-23,1.098156964823660262e-27,2.946386470823047478e-27,1.601877892932408479e-27,2.263609095142415009e-28,3.455852399268213744e-22,2.390266194732048977e-30,9.689498653494333718e-26,1.574192158608108788e-26,8.746310281448259851e-27,6.934827936691334229e-28,1.678183183623006399e-21,6.739346334735701996e-28,2.283193217359151636e-25,1.404153949117824494e-29,4.543241174294663983e-25,7.657538564476090110e-32,7.932681284236299507e-26,3.012522792381899867e-30,1.842217298152905961e-29,1.746932463994395225e-27,1.481238952443526517e-26,3.351325719484438056e-27,8.934444150215500488e-27,8.401393616999931166e-28,3.840291237187853512e-17,7.451306701457282095e-32,1.079500694689251689e-31,3.710988954270584185e-25,6.649420545773633101e-26,8.463435968582658743e-25,4.488581933987504404e-25,1.534547656754466053e-26,3.468664172423618726e-25,8.630437888690719210e-29,2.948276361791289713e-26,1.276450368486017871e-22,1.731581089392675236e-26,5.378274177386102614e-25,5.844919092354228554e-32,1.493753425825835007e-25,4.661336128604867067e-30,1.049219452141647122e-25,2.268461625530479696e-22,1.435928164981532959e-25,5.996524618256565514e-30,7.684022903692524664e-30,4.736625286583654168e-29,1.164179065573301478e-25,6.674507613773899674e-28,1.223043664080956508e-26,1.985259939430249008e-25,4.074433676620690788e-30,4.012302260147331647e-25
2.449802136107301588e-28,2.170148120329923353e-26,6.508749222065650474e-32,2.593081180166076346e-26,1.231356940233186913e-31,7.213075883409613647e-24,9.620006869323983821e-09,7.689076897440487848e-29,1.335413954431841668e-25,1.742337517707954096e-30,1.411017929028022030e-23,2.545786188279180523e-27,1.751218701953853328e-29,3.847015592992345479e-25,3.582855017521994030e-27,8.187982043647468396e-27,2.641625907043575206e-27,2.998900791422602121e-28,2.588366109710062414e-29,1.395804643955875228e-30,2.889405979627599324e-23,8.756988370209888953e-27,3.697969538991158827e-26,1.103792688412819216e-23,1.108490392827833344e-24,1.383152074747715530e-22,3.614415297387891031e-24,2.413887401328904820e-29,1.794176119807766104e-26,1.318506666719057585e-27,7.744226502461354664e-27,1.333588364386337026e-29,4.124055553950662301e-23,1.260478459892776797e-26,1.384320751916369318e-29,1.290355906800152578e-31,1.582752136674554614e-26,6.118518121373673600e-27,3.285647904186716011e-26,1.340069102597066166e-23,2.459796657996468803e-29,7.101496279703305018e-30,6.566357780168096901e-27,6.013626337596968464e-31,5.584372718474809872e-31,1.073938392759940830e-28,4.078155639263588318e-25,1.003098580121929353e-26,2.768295297221349426e-29,5.064253638043412877e-28,3.562328141348134082e-24,3.443986482438074657e-31,1.918684627516627399e-26,3.337550166510377912e-27,1.196616790927210855e-26,1.929764382242516073e-23,8.694565896731274516e-17,6.496451292662875799e-30,9.104415387000764191e-24,5.744530685223558379e-28,1.248594686846775738e-22,1.189528834686024397e-31,4.639075317988261214e-27,1.883206249613400979e-30,1.382452187056790968e-23,2.049537512019962050e-27,6.512449621921472226e-30,3.112491804482339176e-23,1.199312890240342280e-23,1.148508001057355522e-28,1.882053450090906344e-31,1.901033131309651665e-29,1.056881160023777928e-25,2.686582013230434714e-27,2.402295801137318737e-29,4.100236679022814040e-27,6.226167891623937079e-27,5.804671309126125342e-23,2.658744335591841451e-28,5.166936977709781717e-27,3.323483727386112446e-26,2.766728250749792387e-29,1.646762896209685484e-23,2.280331050813218531e-22,1.613657941421013484e-27,5.269775197800814330e-29,2.486348052066683255e-26,3.321315072448361203e-25,1.598245733796429067e-27,7.292583395332259013e-24,9.161984103030952941e-24,1.330316680587368735e-31,6.111655960734215726e-27,3.676907176972081198e-27,1.261984063303687285e-23,3.304330729695319917e-27,0.000000000000000000e+00,1.076643845865295602e-26,1.634017672065066033e-23,6.256455154951809295e-22,3.145123562069441880e-23,2.462631757770103132e-27,6.012374539481818393e-27,6.366566489230526273e-30,9.107078689050554000e-27,2.023707621540460681e-27,5.868584880797035835e-31,7.041204648627541970e-27,9.425336684354486254e-17,1.015344242169243781e-24,1.342678510580803942e-27,4.573082256567712443e-32,7.756962526559093049e-26,3.579063988894442180e-23,3.039980870891342839e-27,1.837346014474445275e-23,1.650204570538037285e-26,3.232572647474862407e-29,1.792876921225293182e-23,2.479934891486517818e-25,1.546300619764282687e-30,2.284123038711844536e-25,3.376167960982536596e-26,4.462071901942487034e-25,1.969847857468596674e-31,4.422213520658096856e-22,5.533037387343364073e-29,1.815669147818625820e-27,1.978342274514320461e-27,2.556446822688782965e-27,2.231615349427657725e-26,1.933750729516347735e-16,9.673257521285267929e-25,4.367666410617751582e-31,2.001506424696107215e-26,1.012904467895075834e-31,1.850930330804254386e-23,1.485508286688997348e-28,5.608656568116475595e-27,4.752063103553335452e-25,1.161656572456718286e-23,3.594899288599685531e-28,3.984887925058076741e-30,3.046842409095173148e-26,3.881894491157343715e-31,1.042198358936170740e-20,5.389760549435407630e-27,1.559012164501559006e-27,1.774481008761624416e-23,2.055068337104341762e-26,1.540966906066367263e-23,5.930486905458098418e-30,1.301153648846092494e-30,2.073052582822563246e-22,3.110262134647204903e-32,3.443289931474990547e-21,4.413969168488703963e-25,6.321311563721843202e-30,4.354214209519498102e-28,7.756033368927698432e-27,2.016262413165418308e-23,1.176733610772029032e-26,1.387586923611347908e-23,4.233018152003214732e-26,3.032076596922760344e-32,4.409631555110311006e-32,5.123281611551421674e-27,1.588148072373320557e-23,5.925588003860110374e-27,5.938888473206824285e-29,1.021758734739660746e-21,1.524094107492028164e-29,2.391370274869913042e-25,5.023482415806285649e-27,6.173246393877412554e-27,3.601220458596349238e-27,4.629258363115002427e-22,2.673283770180414378e-32,5.169155095924407971e-30,4.872728838099727457e-31,2.490472250779688846e-29,2.956141824503695024e-26,6.012694004960256930e-30,8.528316729771187846e-26,3.529077587254759152e-26,1.252852341919062524e-16,6.625114932304736371e-27,5.382643123089663893e-29,2.274039792066658896e-27,9.322755489926612191e-27,1.648994764991868532e-23,1.724551345839574381e-29
9.278162633932756088e-29,7.246231233508590649e-26,2.113127912553851630e-32,1.531708970811117072e-25,5.650251230254402910e-32,4.741330933601896046e-27,1.007339532270628293e-26,5.628931244777138493e-29,5.569361199671036799e-29,3.231193929053043946e-30,4.698495981181858858e-27,1.007286162418672492e-27,1.733040110882426433e-28,7.992512226647593485e-28,1.906925267763416115e-26,1.756749073765883592e-26,4.630212021595953698e-30,2.534412121831756838e-28,3.577293882572069065e-28,2.284901300021185356e-30,9.847139566957847086e-27,1.017961236815475847e-26,6.867797908061407890e-29,6.663593517555313358e-27,1.822829168151891634e-19,2.735049680172244195e-26,4.103325867156935252e-21,6.256817904427234048e-29,7.123609900460780958e-26,7.922919508453904696e-28,1.457902216208314096e-28,1.491695763717752277e-28,1.753391614664515177e-23,1.285263759053094783e-26,1.584840254375462870e-28,6.021074309215424122e-32,1.770106649059543692e-25,3.387687411476351897e-28,3.988250578909090801e-26,9.792768145343985151e-23,7.529576556198763732e-29,2.769625581397717513e-30,3.074117502407608958e-26,2.746171377550256659e-31,2.850924755082355039e-31,3.427170520336468522e-13,1.594001000179746546e-29,7.942248643931315998e-27,5.926788092717032849e-28,7.697915420888992480e-28,1.112970800812115045e-21,2.316316636610666530e-31,1.883853258500299736e-25,2.042656074032620559e-27,7.792347461278830311e-19,7.960023865261763711e-25,1.438836880003081629e-28,3.333427670854398690e-29,3.323536635162668188e-27,7.771873553397579339e-28,2.625910043537409335e-26,5.051905303379113624e-32,7.560181660156438000e-27,3.459146241909432025e-30,6.478989080771732266e-27,3.686903032465655144e-30,3.467172889174470103e-29,3.723687796520064699e-24,1.263996638092649081e-29,3.630570457490883716e-13,9.505323221073522210e-32,3.290730115399846041e-28,4.689961590792619949e-29,2.358130193142834901e-26,3.482996444077128614e-28,1.730601150511576863e-28,5.981800683071274564e-27,8.633568716518551514e-24,2.318266741293663474e-28,1.871814897141883021e-28,2.026552772448342657e-28,6.210635634272080032e-28,6.639604638785327111e-27,4.485432974419712621e-26,2.987515938937309631e-30,4.131155159605303741e-29,2.800213339435904800e-26,2.025031764381464473e-28,1.031831526668959626e-27,1.706671870383926695e-29,3.346908853481876938e-27,5.722962162416013168e-32,6.004199033201205093e-27,2.257755138378088153e-27,3.794860914838177910e-27,2.481177624198016961e-26,1.076643845865295602e-26,0.000000000000000000e+00,6.992580431868738802e-27,7.327491009377675833e-26,2.762509397489717580e-26,2.089127788948755346e-26,2.606925346850347753e-26,3.634400380230700937e-29,1.256513447806636829e-28,1.337577482177527296e-27,3.328017834368076036e-31,6.415156931503641911e-27,1.517830884795799585e-28,1.901073229303710780e-19,5.951892205490288848e-28,1.658645540068576297e-32,1.410879900179711227e-28,2.797651418604546720e-24,2.206629567310869989e-26,5.044774253421894912e-27,3.021150185598276979e-19,7.265684814592534519e-29,7.769497840962123200e-27,1.657476589301152714e-28,2.268174784303887036e-30,1.709763087550659801e-28,2.492161166267189261e-25,2.260331257422384407e-29,1.054320946286288397e-31,1.997600556269406066e-26,4.602735101547721035e-29,8.467126319197460696e-28,3.783024632173761736e-30,1.527757069442667830e-26,1.358276760473856135e-25,1.828411946309790634e-28,1.702777771541961903e-29,2.939812184099048128e-31,1.065736877470184190e-25,4.227893126028474935e-32,5.251390479610258501e-23,7.799538064487064129e-13,2.856894247587046548e-26,1.122739526007703791e-27,5.566654265907461108e-27,1.647971718902588354e-28,6.897588534193545726e-30,1.195571119549012619e-25,2.562061575534576475e-31,2.468882162815608235e-25,2.999130423510070259e-05,9.699857584590878437e-28,3.771036980460463647e-27,1.191936306453842568e-25,3.974631466405159927e-27,3.243230128203752348e-29,1.051950927648709309e-30,4.577328726307839049e-24,1.067215855153784518e-32,1.946673602380323098e-25,1.626774504717997095e-29,2.579332704726518900e-30,2.051253785477051899e-28,5.219480460527570560e-19,2.665123608775994901e-26,3.842617261913498171e-19,4.265363583514073536e-27,3.016819006578938187e-25,1.002333497113442317e-32,1.528837412372631669e-32,7.107570535233768406e-27,7.860913061376906220e-25,1.323010977251924232e-26,1.002558191779809932e-27,7.982020066386395607e-26,2.363345104881771153e-28,1.500479337290483442e-28,2.763707863489754252e-27,3.163978848541936280e-26,1.734901513648361855e-27,4.061865455365501128e-24,9.497465569675419342e-33,2.860690334735727561e-29,3.482124726502673172e-31,5.405111847867398900e-28,9.863048179878669182e-26,3.245442180957066297e-29,4.027931235069145198e-29,6.199922809920682521e-29,1.450942840642460317e-28,5.941715303533401698e-27,4.659284747681376032e-29,1.336324525858600292e-27,9.516429826007796984e-27,1.430373263549892825e-29,2.543505562696062202e-28
5.185508799834692817e-28,3.508475579505694618e-26,1.355167963794493763e-31,3.299675378877933292e-26,2.603322323950346862e-31,5.618430170695406831e-20,1.587094674969996443e-23,1.411391649533565194e-28,1.880666447776156635e-27,3.001978733049370698e-30,5.157718446312639098e-18,5.236560757400447820e-27,1.876263149603918568e-29,1.641488702415558074e-23,4.817948126721481822e-27,1.320397312321585005e-26,1.377859460769619911e-25,5.467086830731627339e-28,3.023549754616547928e-29,2.668080275105354920e-30,1.902791912009824072e-16,1.655617006379224409e-26,1.039636878373159044e-27,1.684264159568990628e-16,7.461926835689290106e-25,1.470364543737507625e-18,3.215402440462908728e-24,3.855646451386562193e-29,2.778804874243484544e-26,2.444463773287236989e-28,5.245862498132415277e-28,1.715503533542072899e-29,7.708448886601954938e-24,2.457916997398917125e-26,1.690273355354799917e-29,2.876286298952421351e-31,1.967434836259049246e-26,6.479861841534631723e-28,5.182837937892934902e-26,4.004696840880075592e-24,4.122662150809325056e-29,1.425401042941222601e-29,9.060699456484568332e-27,1.213042116666506532e-30,1.198210658836111186e-30,8.073806453341596825e-29,2.407468522802008542e-27,1.805298890128162588e-26,2.643542393727170607e-29,8.024563419976792874e-28,3.188985242536838746e-24,6.667751980512574446e-31,2.485858442666853755e-26,6.493732712507524124e-27,6.495872704002436879e-27,1.755286208750793131e-24,3.623091047181082579e-25,9.232515475389408773e-30,2.829824249366005299e-18,9.391718470431090966e-28,1.456282486692655293e-18,2.410880310888529692e-31,7.731985214255792678e-27,3.187071185769134601e-30,2.755107634435914665e-19,9.738362312556565698e-26,9.711836105035161156e-30,4.419103205256459379e-24,5.596657643356558651e-27,7.492452696578991970e-29,3.739428941288724161e-31,2.117086770331539955e-29,1.624333534752381553e-27,3.593736779970292009e-27,2.527121521052453726e-29,3.907238330402729124e-28,1.043390878131671331e-26,8.503990919874987495e-24,5.144002252892911304e-28,4.673676131040360550e-28,1.364976482107338227e-27,3.009833540550642328e-29,3.648392186852076795e-10,2.562234460917354317e-24,7.418603440726947161e-26,9.800042643275601430e-29,4.406869038972232416e-26,9.938786659608232667e-22,3.103951506318697570e-28,6.395773104621274135e-27,3.355887909196714197e-18,2.714418999424681474e-31,1.160823222031586944e-26,7.108830848093201098e-27,1.832735459763465004e-25,3.790961158590436996e-27,1.634017672065066033e-23,6.992580431868738802e-27,0.000000000000000000e+00,5.579007938602632443e-24,7.463857117182135350e-25,3.318200099008706778e-27,8.809380678726664798e-27,8.104799723978748988e-30,5.914457749543902566e-28,4.165462560073240705e-28,1.183267231904198837e-30,1.229965582842025842e-26,2.873074061615261311e-25,7.803106847954863298e-25,2.781792382137061740e-27,1.009133200583837375e-31,1.985807075641901463e-27,4.216936886652318837e-24,3.413897277098336860e-27,2.395454860036184117e-18,7.199343363121124963e-27,5.113071867822490052e-29,2.247561920120204781e-16,9.157065784119332904e-22,2.671317316789465612e-30,8.938638538471558996e-22,4.192463392324390016e-26,2.931698458595702258e-27,4.155583596556878999e-31,2.884927632725167953e-24,1.084984962627766663e-28,3.991574275864282009e-27,1.041050001472717583e-25,3.643814566706368575e-27,2.860798051413471728e-26,2.894615606956869609e-25,3.257540093923991474e-27,8.730549489336378497e-31,2.771175918089284342e-26,2.161340758301800873e-31,4.399392307749768638e-24,1.010189705079323734e-28,8.577024195546322141e-27,2.194017339941870635e-23,2.123810536034077720e-16,7.545364291703282798e-28,6.460996455823999826e-30,4.480759828711224448e-26,7.514082736600669203e-31,3.101653817053141050e-20,3.400210145039356896e-27,2.948373404670761569e-27,2.058216009035363999e-25,2.875215622980988066e-26,1.947337376648974661e-25,8.415994944160567758e-30,2.753544179832099373e-30,1.595902746379332736e-23,6.755697384708162609e-32,9.209715836584204845e-20,2.374889250684662471e-27,1.314155748464089556e-29,8.911924696669089601e-28,4.598512698730559916e-27,5.001079099288921935e-25,6.273211588633999187e-27,1.834322560951659323e-25,5.712304330531065831e-26,6.800985860011357847e-32,9.490567957114938331e-32,8.221425326555507756e-27,1.678624826858317737e-24,9.355720434988496398e-27,6.122683304758701703e-29,8.410115720906895159e-24,1.888795522575083161e-29,7.528277366414145979e-22,1.037102402497247772e-26,1.026226695083762428e-26,7.619525117561494307e-27,3.055515835995592381e-23,5.522247706169227451e-32,7.182120965368582104e-30,9.351263681710674648e-31,2.633681919166975697e-29,4.329831435347396109e-26,8.335423596278405017e-30,1.224058733294173308e-27,1.065477304770041841e-27,2.279632272880998486e-25,1.193015147823332256e-26,1.051732891102936191e-28,4.432011747342346905e-27,1.478207676060007795e-26,5.824829265548047665e-27,2.125463893186597469e-29
8.113812466242362532e-28,9.274930012915498928e-26,2.146369450358333389e-31,1.102817306066232276e-25,3.800521279007121754e-31,2.872661896562878069e-24,4.160786006000418044e-22,2.585452379559626281e-28,1.367507079582657874e-18,7.208831676449809980e-30,4.301101980593527879e-24,7.745008985400417605e-27,6.583173357719015264e-29,2.414733763671362688e-25,1.376970821263849042e-26,3.187521065987001551e-26,1.643310876910181233e-27,1.061886232682662419e-27,1.094516646746333949e-28,5.425864199316462132e-30,1.022701557783974762e-23,3.010021780589654643e-26,3.248421398121075098e-23,4.166366832855326481e-24,5.786513410415340861e-24,4.003500026674455523e-23,1.895648424713502940e-23,8.518821352602724189e-29,6.707074208397099001e-26,2.113559470087193291e-26,2.547727437412785746e-25,5.915092454565679714e-29,6.000179931224809203e-22,4.386404439433218491e-26,5.742931480414821771e-29,3.862958599039635429e-31,7.344955752553950529e-26,1.064100956812351898e-25,1.049605089951155598e-25,1.498170492496170691e-22,9.170274313961687202e-29,2.121902820906305405e-29,2.962505672462243803e-26,2.011725912745113911e-30,1.899161929952025013e-30,6.550193891222777763e-28,3.979462317893696341e-22,4.149150477603329170e-26,1.422916632888761079e-28,1.787589399910382658e-27,2.071698528162792428e-23,1.085526440981191569e-30,7.896566063285932142e-26,1.281160776444867179e-26,8.190840082549554571e-26,4.757636662989546399e-22,3.167320396326544279e-24,3.080665676726142939e-29,2.909264664862695661e-24,1.912874642258503081e-27,3.854311592636395987e-23,3.699940492011334130e-31,1.922233970309462973e-26,7.646788810966096753e-30,4.481987805570685338e-24,1.374938801252432733e-27,2.738687453407153473e-29,6.037242599374242381e-22,3.762572422975061200e-24,7.466608370336116012e-28,5.986756381413349784e-31,9.193272868328782681e-29,8.977949078277897798e-19,1.191751700258456707e-26,1.040917733585422088e-28,9.324149326884596397e-26,2.285569267749065363e-26,8.883121858024899372e-22,9.309482725473666166e-28,1.182965075423941750e-25,3.486809116963437122e-24,1.414685458389667448e-28,4.827362010382578560e-24,6.593626834263478147e-09,1.043330861758538823e-27,1.800378641197859375e-28,9.504309645003701843e-26,1.161347235271299032e-25,2.177997842720861275e-26,1.174077991588342308e-23,2.909813027529610178e-24,3.976809150853775586e-31,2.025809483086139416e-26,1.259142326285009606e-26,1.538818916425897467e-16,1.406071076188723465e-26,6.256455154951809295e-22,7.327491009377675833e-26,5.579007938602632443e-24,0.000000000000000000e+00,6.055721162163962653e-20,1.062696041638361187e-26,2.536738657881873521e-26,2.577234050393620504e-29,2.604057089701970323e-25,2.930563840284625910e-26,2.039723564607241975e-30,2.680403684443614375e-26,5.368886752720120923e-24,5.813020482008188603e-24,4.436467416550539062e-27,1.433116914319555669e-31,7.595663059066422894e-23,7.364097476542176462e-22,1.392171401904474853e-26,4.928362820964544534e-24,1.412386974823132742e-25,1.280201941707035606e-28,5.957221029095912713e-24,8.772055814125876861e-26,5.984340472299594871e-30,8.519542344382852819e-26,1.218045178442434429e-25,7.544746156995213402e-22,6.013854219443384071e-31,1.033212936070386016e-18,1.777026967744581796e-28,5.735493129691610165e-27,1.207279040743854241e-27,1.186203398438252612e-26,8.707522287380948460e-26,5.080074455219447184e-24,3.135960927986143841e-22,1.492450422529313768e-30,8.352329689451165567e-26,3.366685241811999222e-31,2.054884768427705768e-22,9.281832357894375192e-28,2.136976180566907376e-26,3.297348030770387731e-25,3.898797302925044469e-24,1.238746049529720145e-27,1.533182020735049963e-29,1.264179103732812502e-25,1.269928865249752262e-30,1.163396685288513635e-21,3.175990589117348665e-26,5.035839611065426557e-27,3.785159881995424430e-16,9.427750202854203006e-26,2.248381520844513548e-16,2.533893386354995294e-29,4.910701960631134395e-30,5.645129868191807803e-21,1.026838859284222413e-31,8.846730918049059356e-22,4.171831494007840518e-22,1.792746029990637971e-29,1.456046525316643547e-27,5.577678800002244524e-26,2.667467940551503712e-20,9.413543570306854207e-26,1.300221215852616478e-16,2.053227754049723314e-25,8.805790360774978641e-32,1.362019388769026832e-31,2.075685311902784341e-26,3.291610937589609450e-22,2.663145579216048210e-26,2.576149570330888071e-28,2.364347048376957702e-17,6.503156982073715114e-29,8.104084207340429655e-26,1.800943285165504388e-26,2.485795278232161267e-26,1.141809534393490012e-26,3.498791005283747883e-20,8.369318799084728487e-32,2.110174471680240826e-29,1.761169406574854041e-30,1.151047119001333059e-28,1.283768854825513246e-25,2.741746491191223011e-29,6.378687226075154780e-19,2.104216143218772078e-23,5.802029352551805471e-24,2.457601963822924781e-26,1.845514655982035144e-28,7.131012549810086921e-27,3.268618487107519706e-26,5.496624323106721733e-24,7.907099066088825515e-29
1.935720518574557228e-28,2.431553202208549731e-26,4.212575598838063868e-32,2.883835265991503854e-26,1.041975762494138335e-31,3.588487655474104680e-25,2.208825028756028668e-23,6.354107849352232814e-29,1.551906830554870269e-22,1.821539334733306970e-30,6.212579967961431809e-25,1.800310887111566440e-27,1.990431566955721634e-29,4.128688472526801019e-26,4.239884806732599618e-27,9.342172942481648942e-27,2.534536045421595984e-28,2.836082104533906939e-28,4.126245253620331790e-29,1.765841665639395988e-30,1.187565296797122497e-24,9.381067005192576379e-27,6.488397431591837885e-17,6.795612745813999849e-25,2.077076923185267173e-24,4.090345921849034668e-24,6.244520188895568342e-24,2.738909924601509095e-29,2.319636883188391460e-26,1.521200038066307781e-26,2.408365546348442640e-25,1.873434119503178059e-29,5.915423401507119008e-22,1.439089216991232364e-26,2.071964303075710230e-29,1.209233821045438760e-31,2.007318034867395313e-26,1.111081890768617347e-25,3.234158831754984607e-26,1.098872691669281363e-22,3.416245742136584630e-29,5.276939593634110674e-30,6.777784571761082845e-27,4.260685316125269202e-31,4.511274501676377515e-31,2.814992426568204310e-28,1.722160976345639056e-24,7.860194578938126068e-27,3.389156364328534767e-29,4.989611440024544094e-28,6.177196235144883737e-24,3.188949034942941893e-31,2.727817078735220709e-26,2.621531449052610208e-27,3.266406143093265278e-26,3.614521235877268959e-22,2.395849004552337257e-25,6.994012461505236608e-30,3.949923710239080854e-25,5.443566689296934836e-28,4.435291054045505907e-24,9.526738642723447584e-32,4.328234186277531172e-27,1.985442148863204115e-30,5.776671906579518142e-25,1.844430015060250667e-28,7.742904774755601333e-30,6.434070938447911333e-22,1.322781979242102038e-25,2.614951508642544790e-28,1.633466495911886584e-31,2.604665701844129317e-29,1.373610612876876590e-22,3.488853185306128700e-27,3.228445498766679806e-29,8.934517478917531439e-26,5.282655792324781872e-27,9.853927347570906009e-22,2.657871270672741669e-28,9.285380424191703222e-26,3.595509445136821478e-24,3.952465790997665821e-29,6.696590621563411759e-25,7.176655170027293205e-20,1.641726935063666866e-28,4.848335735203768318e-29,2.170564203848756947e-26,1.736070782615762626e-26,1.802350010380190748e-26,3.072085285889783930e-25,3.984188510283790294e-25,1.165550363638900846e-31,6.158328847500643068e-27,3.082014609143868114e-27,1.046372757903656410e-20,3.569409069705328012e-27,3.145123562069441880e-23,2.762509397489717580e-26,7.463857117182135350e-25,6.055721162163962653e-20,0.000000000000000000e+00,3.254318549834882306e-27,6.908697694000965336e-27,6.498170653535791612e-30,2.762700024590373030e-25,2.907890469489963544e-26,4.874577509163786997e-31,6.117981472331792231e-27,3.525272748550187087e-25,2.092103733842005280e-24,1.118690986202144252e-27,3.475967944622739594e-32,3.605570453962214875e-16,7.339644961657013301e-22,3.038830013338426848e-27,7.047405555742852815e-25,4.354784167702318678e-26,3.541260239369031639e-29,8.187698162394759600e-25,1.332985059154121460e-26,1.637428753983036388e-30,1.441394707178938506e-26,3.900116631121470018e-26,4.294591408492813545e-24,1.732022027512336352e-31,3.905909529499269696e-21,5.854815094022262978e-29,1.650500389302423808e-27,2.070650824365510279e-28,3.002773987119462475e-27,2.621313057267530627e-26,3.507265131224065771e-25,1.264167890492257878e-24,4.005103136573504696e-31,2.199104658499385316e-26,7.769382678066980912e-32,1.294150442326759771e-22,4.283023592870739394e-28,7.282437993387449934e-27,5.753384647457032057e-26,5.539486043241445429e-25,2.872537238735629325e-28,4.118511326933362617e-30,3.344344267430069255e-26,3.341486217829805947e-31,1.166603293820850638e-22,1.305625216235894300e-26,1.415978884273717930e-27,8.544439904738355660e-21,2.341641777393597297e-26,1.080469641780227047e-20,7.479649716625982378e-30,1.217284440873380667e-30,8.453714232057782920e-21,2.216963068228512461e-32,6.242977370899693382e-23,2.151441952548289643e-24,4.947803428112877467e-30,3.296046476880339605e-28,1.732697892904110585e-26,1.047480497868501960e-07,3.626510466326790916e-26,1.211493212644592358e-20,4.847118283160070626e-26,2.276435066713794035e-32,3.201791359764337161e-32,4.570271874529106038e-27,3.446747292012853364e-22,5.537975597361943456e-27,8.439208442521478053e-29,5.481431382079906842e-20,2.598629845307044002e-29,1.175971512081728988e-26,4.431215576563482624e-27,8.545503769813559301e-27,3.058108997318412238e-27,8.759328516308389075e-20,1.925059047527136464e-32,5.626804492814505647e-30,4.393887561732294018e-31,3.607288099636144812e-29,2.783640021400973893e-26,6.146567892739113052e-30,1.274899762923035075e-22,6.549161022778192113e-17,3.246384402018435733e-25,5.795809657147431494e-27,5.385050160114300489e-29,1.874124720159146408e-27,8.614159604980140250e-27,1.645949632217736737e-25,2.801768051111103258e-29
7.540916602419174241e-28,1.210048048358517319e-22,1.537462400649794308e-31,2.377465570030441269e-21,4.744844768445395357e-31,2.917000380228664505e-27,2.294681957645725694e-27,9.850941561217419119e-28,7.471934999786785191e-30,1.693130030465245443e-28,2.084280809038034926e-27,7.461217214628964592e-27,1.876980434089173161e-24,6.534456945580118992e-28,2.219830623169136295e-22,1.124604718836961994e-24,3.426276537639494199e-30,4.320564746880418052e-27,1.137201096202977595e-24,1.015542396497789432e-28,3.894159132440222281e-27,2.768826884951055282e-25,8.356900000561559058e-30,4.238004097884205643e-27,7.924849770399966977e-24,1.046069437158092808e-26,1.530382839408932931e-22,6.785449906936884919e-27,1.975270367723821289e-22,2.818498638901382393e-29,1.056736913016795780e-29,2.057590063995255761e-24,8.335823446742260627e-25,2.744552374856505282e-25,2.650181503264009994e-24,6.102876675267168804e-31,5.081987651877955088e-21,2.220690096996990683e-29,1.236487718719599770e-24,1.166643223993006060e-24,9.875253207618819327e-27,2.416799967671024675e-29,1.792642692713259884e-22,2.466993470585907651e-30,2.939174948412374734e-30,2.527124720010979659e-28,2.393262138635806913e-30,1.553718398901202528e-25,6.631165063440397700e-26,3.191876607339093620e-26,2.961720568270632545e-22,2.629252495030043966e-30,1.558582530287473996e-20,2.767523667456826153e-26,8.564015549494462914e-27,5.971602823912993212e-26,3.868361452105593462e-29,3.801869760944878599e-25,1.669252261983210168e-27,2.745795872883405139e-26,1.108939313271202155e-26,4.183346863754565767e-31,3.745683527090553909e-25,1.968509357307758132e-28,3.552727173534306786e-27,2.889722486416461381e-30,3.650182588510830717e-25,2.464928960632129253e-25,2.301984847209594613e-30,1.891537033560348053e-28,9.831600413474388748e-31,1.237930444502807884e-25,5.479232079205798410e-30,4.535205319304864861e-13,2.362169787736263099e-25,1.154137784664639294e-29,1.326414153325620162e-25,5.132080942210193608e-25,4.033368999734598065e-27,1.307177000736845809e-29,1.754643795442384275e-29,7.767275764773134095e-26,3.107686483175571129e-27,6.456055198493464250e-27,2.294955760187577381e-30,7.755250539973491365e-28,8.325179238021960046e-25,1.062584527386528640e-28,3.693005201132172990e-29,3.201792410807913228e-30,1.668918454087348353e-27,6.217517922364237417e-31,1.449774096375970282e-25,3.168551247516441660e-26,5.892689788839421474e-28,4.574183600466401084e-13,2.462631757770103132e-27,2.089127788948755346e-26,3.318200099008706778e-27,1.062696041638361187e-26,3.254318549834882306e-27,0.000000000000000000e+00,1.705418304420220374e-22,4.458592897013825118e-25,9.738917538784202100e-30,5.199189725326584336e-29,4.492062143440345002e-30,1.620173668393244915e-25,3.611733922484275245e-29,7.521939037095635220e-24,5.456652492049665448e-27,1.320783252275983545e-31,1.401722720038382795e-29,1.928307214865660955e-25,5.928805042822167412e-07,2.267696602589886409e-27,7.253809899201822386e-27,7.888494731927479608e-27,3.261259566543224723e-27,9.717359243298857914e-29,9.320124919306986920e-29,9.886726120729308703e-29,7.040803179999256955e-17,3.630459844999722725e-30,1.054921081958662252e-30,3.221395281737533492e-27,8.461088153230313000e-28,7.971543262491109992e-27,2.899860032129856586e-30,1.336741280640095288e-22,4.302191295219331251e-21,4.927005250466197537e-29,2.898765631476054795e-30,5.070743326833650710e-30,1.203113866278299254e-21,3.428714452233327401e-31,1.062128043583295194e-24,2.306392157261232654e-28,1.749783461627933983e-22,9.860727216890592713e-28,2.871622402864541383e-27,1.823894265358688553e-27,2.941721126572345078e-28,5.484171130415051204e-22,3.135638008235846819e-30,8.412995763866208905e-26,1.146857289607988919e-26,1.112641409169065433e-26,5.511603575971387842e-28,2.284887261311082468e-21,5.690606045143452194e-28,3.850674919185598995e-25,1.771911899019814766e-29,3.820447715504164014e-25,8.171644423020202894e-32,6.552873407573157535e-26,2.548330484202227678e-30,2.159490819396627700e-29,1.971524236877434575e-27,1.092639035260648604e-26,3.040776963995113459e-27,6.649288558189552461e-27,6.082784887179953222e-28,6.831897250544652390e-17,8.173482868558402488e-32,1.160626054922303348e-31,3.781893159540300164e-25,5.435591323521392967e-26,1.049879759622432315e-24,2.938478085185896508e-25,1.364726838062823283e-26,2.838193366108805999e-25,8.233357163948617936e-29,3.263725451392983417e-26,2.398722929371083399e-22,2.048708744184916458e-26,4.409884146667680452e-25,6.476348843134291247e-32,2.788985578664359790e-25,5.518135220121008202e-30,6.648257996795567802e-26,3.609648916729929969e-22,2.643643758142487938e-25,4.940668370671348295e-30,7.004219809150671106e-30,3.542685761520870185e-29,1.353333342445737602e-25,8.803973257547827351e-28,1.473855925205349505e-26,2.327322841944516721e-25,3.103309793435320397e-30,3.210734940006820627e-25
5.902561812433122088e-27,2.056821634680295799e-19,1.165395080686956071e-30,2.555920785300101758e-18,3.563035182753620530e-30,8.379555146828905987e-27,5.601399669950205209e-27,1.322369637808313605e-26,1.658011087448885424e-29,2.713426119371690124e-27,5.437089400139610641e-27,5.059285908366356297e-26,6.086567084999816635e-26,2.191904646692753118e-27,1.234929205602783496e-18,1.699139532276629786e-23,9.612659690917679836e-30,4.812643419859989094e-26,6.122716557318027077e-26,1.637662247724636171e-27,9.245175020266055962e-27,3.689091241324831039e-24,1.968414863639300863e-29,1.258103736237049716e-26,8.532020430893821909e-24,2.477713299518628686e-26,1.161371409883148157e-22,1.292632760699495830e-25,3.448140812361468225e-19,5.722917392112568166e-29,2.117262689106079762e-29,6.606604406492567021e-26,1.277186454847970454e-24,3.327520493892231663e-24,8.945459721652040736e-26,5.127026420921490646e-30,1.211811326547342565e-22,4.012029087674907393e-29,1.686557309039398484e-23,1.995085751360839085e-24,1.754924888056509061e-25,1.731927485683805049e-28,9.871444403121885598e-15,2.134855797449422574e-29,2.482771395975029820e-29,3.842127681282090228e-28,4.802384749287869252e-30,2.218744330088966117e-24,8.600581362932417488e-27,4.878040765928179393e-25,1.356455836164591046e-22,2.440045903431044739e-29,2.772755791832517297e-22,2.831623214959003943e-25,1.267582522605105825e-26,1.195949125198329812e-25,9.731881827214862620e-29,2.812292931656961256e-21,4.833546006163736477e-27,4.146322332099206457e-25,2.849132053759169156e-26,3.086593283380180427e-30,6.697446114275281800e-24,3.117475733085360515e-27,9.985377097675452120e-27,8.833512759874235188e-30,4.795645599803521026e-21,5.046446754098605584e-25,5.729044047347112295e-30,3.061821919683696950e-28,8.196448495064401334e-30,1.232904684939256865e-26,1.049282064267554309e-29,1.070382594855663069e-22,2.288914422146080297e-26,2.133419134566725564e-29,1.734232433354511228e-24,9.400924061327960321e-25,4.250958053770424290e-26,2.355528159022440809e-29,3.214340556826401036e-29,1.165892262817650807e-26,8.334843460354190590e-27,1.467437684183019381e-26,6.809993301270721508e-30,9.063376189894718820e-27,1.198394025591562824e-23,2.370300574472269420e-28,6.794448839665466914e-29,7.691833859713439203e-30,4.832381144827777909e-27,5.236042024430178861e-30,1.990285143915091188e-24,3.318208650710769086e-25,1.393743160299074936e-27,1.015959900738693847e-22,6.012374539481818393e-27,2.606925346850347753e-26,8.809380678726664798e-27,2.536738657881873521e-26,6.908697694000965336e-27,1.705418304420220374e-22,0.000000000000000000e+00,5.157665578615217302e-22,1.900602894008459890e-29,8.510827645756392176e-29,4.845644413299353681e-29,2.567093601805751926e-24,8.596711441828777267e-29,8.646985135700582544e-24,4.619287107784056578e-26,9.341060085381680430e-31,2.804010751298238501e-29,3.807574483524271922e-25,1.453585719973422897e-22,6.317780393679904845e-27,1.059288517635696785e-26,1.624743281611534805e-25,7.707377254294377292e-27,2.671444477827994676e-28,1.708329716623477325e-27,2.452309320166466301e-28,7.181392586126119748e-21,8.007560344700475194e-30,8.071775793642260184e-30,7.208631488202024222e-27,9.829571092806362376e-27,6.157474317863881207e-26,7.819553785921047220e-30,1.394825026883716177e-18,1.437632142560714623e-18,1.400050807384165228e-28,6.335863134465127455e-30,6.115849868573238901e-29,5.702062594152499319e-18,2.604750851362097280e-30,1.938002080929531524e-24,3.395385887095671200e-28,1.275437742440702199e-14,3.187508348464219528e-27,7.659052899855190987e-27,1.603061378305518387e-26,4.622292271517656787e-27,4.451179310160706980e-18,2.927912204137534558e-29,2.155205480134090045e-25,1.621001031399370699e-26,9.054603926451451850e-26,1.294442827850965282e-27,2.183292061722355992e-18,1.262985078066022164e-27,3.670176820938097950e-21,2.111547815535891576e-28,8.693232520002372605e-25,6.033651825153592629e-31,1.580600304459195055e-25,5.515562183977584163e-30,1.517489093253160812e-28,1.645093627837014384e-26,1.520406738020581343e-26,6.278054824611785819e-27,1.000439720648627965e-26,1.546046518398060213e-27,8.765369007687298020e-21,5.830779860538461353e-31,8.722734275199699919e-31,7.332116421385551519e-24,1.093744572009012596e-25,1.929801600663836865e-23,3.721140367553938957e-26,3.058588362755796186e-26,1.937868715452716201e-26,1.970151263794728020e-28,3.364458637391134789e-25,1.381296311279084187e-08,2.041406914912454994e-25,1.077333955438404491e-24,4.490236916047701082e-31,6.643155676654977586e-22,6.333644359587451609e-29,8.904160072541379951e-27,1.506071645229344334e-18,1.171465011981953493e-21,1.027616697888253750e-29,1.561463126648956513e-29,9.253411545427580545e-29,1.754061350449173540e-24,1.000424325347766350e-26,1.257335769305278739e-25,3.401558955217350353e-24,7.699527042246072033e-30,2.421393134809250331e-26
3.815951115879904750e-30,1.414333179270663926e-23,9.164052605477152298e-34,3.850333309427615136e-16,2.751381230645047455e-33,6.806044781938415939e-30,5.332460357033975095e-30,7.009567086047842671e-30,1.619009102820132635e-32,1.469065114395110871e-30,4.728561495350600496e-30,4.530497952615355712e-29,1.961698078827043132e-28,1.512968928335892440e-30,9.326254748462775833e-19,9.550544151894269280e-27,8.110283808167877831e-33,3.203316289002467564e-29,1.605582870909910953e-28,7.216144242108647718e-31,9.857848940120228364e-30,1.873183358224984709e-27,1.740202265705723320e-32,8.589470273023898215e-30,1.258513516411703706e-26,2.780120978960316108e-29,1.707025297215780392e-25,6.697057093181016243e-29,3.295822151445119586e-23,5.418521405769591112e-32,2.458604320911154926e-32,1.660986604089979705e-28,1.868090335747754327e-27,1.755926677158045733e-27,2.715061576350044511e-28,3.104261916851909536e-33,4.310182045595851769e-25,5.010152239952492919e-32,9.500059968986462761e-27,2.218250453254910149e-27,7.912802444570299104e-29,1.369165308176958001e-31,2.016491609959700877e-21,1.664441302304730238e-32,1.677684188382987221e-32,3.501762405962029559e-31,5.625116335710279187e-33,1.175545898417403197e-27,2.606988228680356976e-29,2.575834418819456826e-28,2.841544045876736432e-25,1.986932136427500941e-32,7.479610457067969181e-25,1.978082445916439087e-28,1.475388260842283204e-29,1.256106819007394170e-28,7.311964426788055957e-32,7.420251146139197266e-24,3.697965838892331855e-30,2.408425472960000218e-28,2.368471076210318819e-29,2.430586517048288690e-33,3.266505293062225350e-27,1.514002390077720163e-30,8.601812150038490809e-30,6.804036989375224562e-33,8.331335550386988433e-24,4.060548871066408872e-28,5.393257726074376118e-33,2.897926346117445858e-31,6.176331688496918064e-33,3.861358171263490013e-29,1.385736980724111217e-32,2.852914459028691992e-25,6.468385383285063756e-29,2.749177542430632206e-32,1.035419624848669077e-27,9.672912627815753617e-28,2.859014919834025675e-29,3.152632274017559640e-32,4.377439603314022741e-32,2.305888312930901528e-29,7.931218532555667925e-30,1.539336716998340351e-29,5.739431125736416463e-33,4.923005320746259612e-30,6.868127230382245487e-27,2.567484049522385664e-31,7.830781046369527467e-32,7.403424621617173863e-33,3.631521916535729959e-30,3.109557420779674005e-33,9.733495230576794028e-28,1.935559347203878690e-28,1.190922578864986308e-30,2.518258674185100260e-25,6.366566489230526273e-30,3.634400380230700937e-29,8.104799723978748988e-30,2.577234050393620504e-29,6.498170653535791612e-30,4.458592897013825118e-25,5.157665578615217302e-22,0.000000000000000000e+00,2.206250007777255630e-32,9.904172046631740151e-32,2.849202434619764028e-32,1.140849153839971650e-27,7.819095074862982601e-32,1.156393702360746319e-26,3.260090624366955088e-29,6.607337855627361758e-34,3.363820650418219361e-32,3.282743307126429885e-28,4.712104926146932683e-25,5.197074236176511603e-30,1.419141655013761778e-29,6.718259721231450390e-29,7.926790386425874845e-30,2.374948272080990113e-31,6.647388635863864518e-31,2.272207888411438583e-31,2.474136901214329055e-23,7.858663067261519227e-33,6.518547568085197832e-33,7.439732591329325663e-30,5.480052358832010561e-30,4.147453777299721025e-29,6.367115002941794902e-33,1.911754511888181966e-18,2.527422899113373586e-20,1.033090792043736563e-31,6.453405619861136870e-33,3.221636129707339906e-32,1.306941828152650520e-16,2.245000833835570430e-33,2.109478696245000960e-27,3.424037295628447433e-31,6.171771487479377904e-22,2.031542563589619000e-30,6.318920421740898279e-30,9.960425697201079138e-30,2.400736155994026010e-30,2.671110216695130012e-22,2.122799234884802211e-32,1.752920330628981204e-28,1.789601546835733895e-29,8.021780938657376986e-29,1.156742141338985928e-30,1.088822081757008033e-20,1.159910247522974554e-30,5.458883259674984711e-24,1.126611059689235718e-31,7.287143044015312069e-28,4.429574149746204484e-34,1.607251727297051871e-28,5.935528833259467083e-33,1.277083580586960832e-31,1.194483204117022022e-29,1.827861110929441522e-29,5.864917478323052390e-30,1.098205670558558980e-29,1.319850867088919937e-30,1.953537831672233556e-23,4.218718681964296135e-34,6.245568489579015204e-34,3.144160771865864872e-27,1.061663781491465998e-28,9.964804339104653278e-27,9.090422183606581048e-29,2.512372814945093347e-29,5.569488619731990063e-29,2.168872616104888100e-31,1.795755456407048071e-28,9.657455288534020495e-22,1.128056359248294981e-28,7.245970664143327444e-28,3.919252811589566531e-34,4.005778913939077590e-01,3.890279645723452250e-32,2.127332653899128038e-29,1.182091487327776726e-22,3.995573131607466633e-01,1.156743808890527502e-32,1.453323495517753576e-32,7.693275007753517042e-32,9.278065908481057186e-28,6.157022270806853958e-30,9.536491098011624936e-29,1.880879607941529459e-27,6.876684090608197633e-33,5.241463633971687205e-29
3.881444011308082394e-31,6.607591603536061082e-29,9.812730366294849820e-35,9.193313387208174637e-29,2.341669573282624951e-34,2.977284084162806467e-28,6.599228394120405335e-27,1.548154688780769868e-31,3.157608178870271850e-28,4.869447794129474872e-33,4.481721766738002022e-28,4.252554546692008312e-30,7.240985345899359823e-32,3.528659485663163202e-29,1.231728568354160804e-29,2.417073420121305150e-29,2.263431691362991643e-31,6.489104907039803097e-31,1.218235256689048456e-31,3.920960190299653308e-33,1.013721443481620104e-27,2.229386461077028667e-29,8.493351910898416738e-28,4.527822524360958917e-28,8.623554851042604439e-27,3.401605458487916733e-27,2.329824590777270274e-26,7.767309863639639084e-32,6.124273420507735573e-29,1.236879779856176758e-27,4.004095106200935006e-01,5.375435193669201759e-32,1.959337065658683510e-22,3.042091554877349634e-29,6.401057225149920160e-32,2.459823868415517111e-34,7.139066839457590395e-29,4.810407350208423771e-25,8.325874738662685930e-29,1.920195433604781383e-24,8.217605482880138823e-32,1.233292789038633569e-32,2.153540881583656984e-29,1.095986883729917260e-33,1.017227557283240616e-33,1.019049553453823275e-30,4.483944521151056841e-29,1.939120434686873096e-29,1.405761391996003911e-31,1.323406414405929665e-30,2.404608889098554853e-26,7.704220165244394841e-34,7.669938816457049633e-29,6.483098283814639167e-30,1.484431842437020212e-28,1.289850661025321689e-21,6.593313731826968841e-29,2.017482329824468346e-32,2.944330910299434375e-28,1.487947009706143113e-30,3.233933028787368521e-27,2.125708041568160594e-34,1.181853164081799392e-29,5.067327140435700834e-33,5.216204216626551554e-28,1.736903165277028119e-31,2.155001609243764726e-32,1.382593931313730166e-22,1.579581767664562209e-29,9.696861715371542291e-31,3.455630660270066879e-34,9.561540889883555715e-32,3.578186161779298924e-28,1.049934851684546509e-29,1.120299031470793940e-31,5.401368667901352809e-25,1.398535162937507194e-29,4.891828452437670371e-22,5.994763512818751129e-31,6.777419617322403444e-25,3.997784751725757535e-01,1.272532063823700409e-31,5.981016433192930572e-28,1.822493727272879080e-25,1.434132437781862978e-31,1.163984973340162612e-31,5.949007822888757521e-29,1.494963558983543905e-29,1.122651630702951143e-27,2.629016170341089231e-29,2.960613569758136471e-28,2.332842227586162173e-34,1.463529076799939773e-29,6.783936810534316685e-30,1.700578459601796923e-26,1.081151819867637235e-29,9.107078689050554000e-27,1.256513447806636829e-28,5.914457749543902566e-28,2.604057089701970323e-25,2.762700024590373030e-25,9.738917538784202100e-30,1.900602894008459890e-29,2.206250007777255630e-32,0.000000000000000000e+00,2.955322002772850199e-27,1.158476515824102351e-33,1.473313363200417965e-29,8.874767377796221707e-29,8.573079993180862734e-27,2.373445184291290078e-30,7.420308654042067428e-35,3.007143979312229789e-27,2.037334894604463437e-22,1.043783134904382933e-29,5.653731268823929789e-28,2.431439709835713079e-28,8.323141131202997832e-32,6.612324047645375363e-28,1.185218386980488716e-29,3.730870656726897674e-33,1.104286107909494318e-29,1.361493140492275187e-28,7.920313357243331051e-29,4.085260559782294044e-34,5.556015888303878902e-26,1.320230345004207865e-31,3.334863115675010972e-30,1.785838998719242587e-31,8.586887596809084105e-30,7.749122711732475271e-29,1.012607690694105025e-28,4.055566431515319069e-29,8.597796436903644788e-34,6.900727172906855095e-29,1.812970483187320124e-34,2.839046134431923414e-24,1.580565780127111580e-30,1.948393742263819604e-29,4.765578833693885653e-29,4.315421134218276255e-28,6.170627506872036539e-31,1.075988086616721184e-32,9.237517756125002487e-29,8.409888935390715686e-34,5.627285720440036318e-26,5.073601075687541689e-29,3.440048228243751094e-30,1.716420095015027891e-26,6.451100124948248242e-29,2.086510743512749493e-26,2.008001096141173722e-32,2.846430748510414606e-33,7.743401507868644646e-21,4.763546631401186137e-35,3.741200964166868851e-26,4.959420147950788869e-29,1.185722213591179480e-32,7.924042639592293557e-31,8.189731997173652864e-29,2.831970087634317624e-25,1.567867701647834330e-28,2.390782085884165121e-26,1.418087142279580614e-28,4.797354169379340455e-35,6.928040946745056636e-35,1.193159075035271146e-29,1.093082814830563885e-21,1.597361436692864458e-29,2.620473100329073695e-31,2.719102237291128671e-25,7.933830057166719192e-32,1.084465878668738178e-29,9.053425646992976680e-30,2.205494267836783252e-29,6.681817717410323729e-30,1.146803601495667152e-21,4.446805520829674079e-35,1.843082786954540871e-32,9.764165274833288960e-34,1.169109101082587092e-31,8.209603402598161888e-29,2.056146942119026157e-32,2.451484219319980131e-28,1.001572504717258124e-27,8.497923647043028067e-29,1.417921115011067174e-29,1.291915531536267517e-31,4.635586619531039901e-30,2.195616565279831183e-29,1.811338179799300256e-29,8.085047002545470261e-32
1.114959804725680796e-30,2.870027817306655854e-28,2.455488171954482079e-34,4.459876327400747087e-28,6.631029635575222036e-34,2.363457928028083133e-28,1.703817925472553564e-27,4.767153795355701772e-31,3.513468069032413261e-29,1.979610210490857223e-32,3.105121294047046615e-28,1.157755912208147522e-29,3.345977496247250719e-31,3.540716789942620272e-29,5.645519268532733622e-29,1.106247025301543232e-28,2.238594620108072932e-31,2.459676536132163908e-30,7.614675125526097088e-31,1.626490569984139897e-32,7.040159215633776535e-28,8.216014284572351253e-29,8.840857080401652937e-29,3.839935579754142139e-28,8.515460658399907391e-26,1.948233493540180407e-27,1.996541314970644289e-25,3.052106417988254884e-31,2.858179396579772261e-28,3.998762069672269770e-01,3.050385316307382840e-27,3.118934285537610207e-31,3.216011957599412708e-20,1.156820844854369745e-28,3.818678838712294230e-31,7.410040394844193226e-34,3.506809625662045361e-28,4.689229763959102537e-26,3.024085929564713465e-28,1.955181982022472330e-22,4.098216288392604538e-31,3.344879695877479436e-32,9.975819028306441420e-29,2.836420802122931238e-33,2.830782436726431344e-33,1.086399644652686421e-29,5.909680080272541757e-30,6.090724459978449266e-29,7.797200623898684802e-31,5.139602678025007943e-30,1.838597878689431773e-25,2.375695232572176732e-33,4.546405593290636008e-28,1.865804178619235143e-29,1.545468498348235988e-27,6.176596706661293520e-23,2.436696924046408708e-29,9.711618741210124979e-32,2.055556240845019241e-28,5.567661995249449666e-30,2.048076115877223495e-27,6.145811019559337448e-34,4.498482114688956807e-29,2.182646107976153046e-32,3.553943476930632448e-28,1.562650700306518071e-31,9.769914376500545803e-32,3.685076950174053556e-22,3.039371857344383013e-30,1.031260176218576564e-29,1.084561292832134545e-33,5.695764170188214257e-31,3.546856650890781402e-29,5.506283867861523573e-29,6.468444471681815275e-31,1.104008932947926223e-26,4.583930365241967730e-29,1.602796279249124120e-20,2.104126891098675065e-30,1.038499918616785046e-26,1.646509838330909922e-27,7.987460992695129885e-31,4.061178732814211161e-28,2.089204675773585907e-26,1.370117008520264205e-31,3.647585771263714037e-31,1.982435269778499577e-28,1.278015255079759836e-29,3.996727843254443413e-01,4.643000021533757896e-30,2.081099694388256574e-28,6.769062480267634980e-34,4.957333370571478299e-29,2.240282377703567461e-29,2.079210815071461570e-27,5.588681613760255843e-29,2.023707621540460681e-27,1.337577482177527296e-27,4.165462560073240705e-28,2.930563840284625910e-26,2.907890469489963544e-26,5.199189725326584336e-29,8.510827645756392176e-29,9.904172046631740151e-32,2.955322002772850199e-27,0.000000000000000000e+00,3.343098009543379056e-33,4.913054107539865552e-29,2.869767286726155888e-29,8.332130955021340632e-26,6.912003083151043642e-30,1.962273694609250655e-34,2.423272530799467211e-28,2.921408622362027988e-22,5.241088099750372179e-29,3.305344580168876457e-28,2.238150608748467415e-27,3.985745144244648274e-31,5.067665028009451887e-28,9.198164341540912434e-30,1.488878153891531135e-32,1.026484729176892558e-29,6.402606160589109880e-28,9.775962967914749549e-30,1.191845998216808314e-33,8.029088717567134086e-27,4.006828529995837827e-31,1.014678441741005757e-29,1.846966600280391531e-31,4.499849006847556444e-29,3.802471908359242821e-28,2.989104141387824921e-29,5.944285847594730369e-30,2.792400444954640885e-33,3.123425830825523698e-28,4.621905425452967185e-34,2.250716293748715250e-22,1.826030698909182741e-29,9.784482553233625450e-29,4.823403869915350879e-29,3.281968977851230248e-28,1.821233338713211826e-30,4.589935449023607331e-32,4.146809779733238077e-28,2.477904747157748540e-33,2.512087790079672587e-26,5.751423459798082825e-28,1.049681858588369761e-29,2.031533274920178003e-27,3.159048815258777685e-28,2.395546322745909690e-27,1.071409067143617639e-31,8.946882538920017959e-33,9.715126616960450490e-23,1.275281064649629964e-34,1.819882000930447674e-26,6.807230947504516301e-30,3.094489574332603481e-32,2.212952247709542973e-30,8.147525555377495883e-28,2.951749256196550636e-26,1.697431370346570050e-27,2.359093843625544401e-27,7.500123924922660815e-28,1.230966419640590176e-34,1.865953556256207574e-34,4.244104967669582164e-29,7.982856339859790878e-23,6.272597048781783935e-29,1.735869423061135928e-30,4.077874258137756063e-26,4.856037056408822105e-31,8.767123557818059863e-30,2.854938447323256063e-29,1.045545430889546026e-28,1.815560565647760514e-29,2.412826384299913669e-23,1.138633588165468437e-34,8.311894637611277208e-32,3.348347533357468302e-33,7.773727443695403116e-31,3.516110074555527444e-28,9.597164533381970512e-32,2.631220597189589864e-29,8.687781709258876039e-29,2.602789415490069746e-29,4.818610652554013306e-29,4.092052574548223583e-31,1.335397745173080137e-29,7.559020847841047720e-29,3.323498349989980226e-30,4.991913199691015546e-31
4.902866878435767211e-28,5.114213746916926674e-28,7.501162813552764659e-32,9.559181093593633117e-29,1.492003051007630183e-30,1.225556850713719901e-30,5.541134728000977168e-31,1.405123559626925653e-27,1.207694877199819203e-33,3.057854574421286644e-31,6.390807063225884415e-31,7.396543815067296599e-27,1.352732547347451553e-32,3.427112712264687475e-31,1.703354225990608681e-29,8.604347562535316048e-28,1.535192033852182388e-33,7.498073477053802832e-27,2.013816130537252601e-32,3.933298423279969815e-31,1.152049547461654076e-30,1.794709105798427293e-26,1.188051781293226460e-33,1.489957945513324548e-30,6.233125928407619356e-29,2.960229179148056356e-30,3.890359578816812110e-28,1.402620116180293126e-30,3.256595998700677357e-28,2.315900069502882403e-33,1.174499195562908760e-33,1.373941418133250558e-32,6.533686960835952174e-29,7.548567520263638653e-26,1.635712552421803099e-32,5.103005028616709213e-30,1.952567282110033241e-29,2.258480931384748472e-33,2.735674963016923752e-26,5.602756680982453717e-29,1.238986066719629380e-30,5.143062054457536530e-29,6.636929423240086412e-29,2.668986418533762579e-29,6.388200839250724881e-29,4.285486186429631153e-33,4.393713365069055804e-34,8.841860510772015332e-26,8.397925155811137869e-33,1.388918653457651044e-28,3.995093996964678053e-28,3.997095620039263220e-01,2.752061945089202272e-29,1.317117877918667573e-20,2.213645896652116328e-31,6.851806863941514954e-30,9.244733456389944996e-33,2.691143215473598034e-32,5.597235130051364836e-31,2.410473894476795536e-28,3.104911545672101542e-30,9.492854385491087658e-31,8.977354948503302823e-28,2.647939374471829876e-31,1.401159453331112053e-30,1.433004516054450457e-33,3.103370191226344653e-32,2.136628717702543704e-29,4.927516753666270664e-34,3.767805679807247527e-33,1.750465099384873601e-29,8.427621869557856219e-33,8.908863998542177757e-34,4.627879350098337272e-30,1.207811464233387966e-32,1.193402021337070722e-33,2.455708683238193346e-26,4.845584973433873319e-29,6.347408134870647759e-27,1.413927173833440682e-33,2.242724071834271274e-33,8.320038040575405208e-33,1.064392125459381448e-30,1.081102315287984812e-30,1.076189262717386770e-33,1.040367750731125536e-27,2.999682995283603024e-26,3.618639329896516897e-32,2.386629078520420072e-33,6.420602978591113776e-34,5.800036676328045726e-31,5.794857568502802694e-30,1.806511023280051354e-26,1.148866870945903120e-20,9.970765269586445133e-32,4.334731105712361344e-30,5.868584880797035835e-31,3.328017834368076036e-31,1.183267231904198837e-30,2.039723564607241975e-30,4.874577509163786997e-31,4.492062143440345002e-30,4.845644413299353681e-29,2.849202434619764028e-32,1.158476515824102351e-33,3.343098009543379056e-33,0.000000000000000000e+00,1.696532704505944182e-26,7.984442619509891549e-33,6.758068214769479947e-29,4.299695828709612016e-26,6.409719657768326031e-32,2.133672229138737621e-33,1.861159868705016761e-29,4.359717809347843832e-30,7.003979704392459491e-31,2.254247927299475466e-31,1.899907759443082949e-30,9.408769018449449027e-31,3.734608059894342284e-32,4.736820697831908544e-31,3.593746258703812643e-32,7.288140592990942972e-29,6.884559980957854214e-34,1.536686431424973592e-29,6.113606310451525653e-31,9.217148069795607730e-28,3.933309096525259854e-26,1.345947863283986643e-33,1.481380767716171167e-29,5.875708202779148818e-29,1.286545062668700989e-32,5.484492662881198246e-34,2.419288726491590654e-29,1.156205052203432913e-28,9.870378180337114529e-31,5.634786684572151659e-29,4.606372706366329461e-33,5.023915519459175414e-29,5.058214325199817781e-31,8.945023295741575750e-31,2.415593106349273199e-26,8.706358116434027458e-31,3.764872359220385887e-28,3.996702791620802553e-01,2.368838422841331390e-29,2.014305176410763541e-31,1.832416398257390060e-19,9.407972906663758948e-32,5.751772829798594439e-29,9.710326864658345986e-32,2.544577268173661551e-32,4.330799222743497767e-29,4.118887810057277747e-29,3.447355254226738636e-32,1.730927615134109284e-29,4.843192363860332791e-34,4.311876946577408418e-29,2.672269524086196214e-26,2.498520467816674643e-31,4.212648629499695891e-31,1.857391419216408855e-31,1.101026252819888042e-31,5.940980124394835860e-29,3.477429528556439668e-32,5.529426845843674769e-32,1.122507578890040978e-27,6.015716740928915319e-30,4.655847195882395631e-28,2.349490077267443031e-32,2.451052198752611808e-30,9.514771766975578322e-33,3.038357404049502730e-32,1.856476667851841770e-24,4.119454368169871445e-29,6.019825191745802037e-25,5.232872335725335381e-29,2.834789002733764058e-32,3.131558879536800976e-32,3.922826500486132207e-29,7.853186195534697010e-33,4.230496449753354143e-28,3.577525299458571074e-32,7.388066072277690426e-34,9.996714460406336864e-34,8.415153146919607088e-33,3.187524146192074578e-26,8.866023403066419934e-28,1.397871867719825343e-19,1.916958351638708461e-26,6.693399022977117938e-34,9.386954661903869841e-33
2.324891187778818722e-25,4.733698393184051375e-23,4.148569698365461452e-29,4.257117956936621218e-24,1.811241286034677937e-28,1.325659282220041986e-26,6.227480304749314810e-27,3.820925577090714216e-22,1.509387799015951023e-29,8.788325850923877585e-26,7.618692881811669460e-27,2.183700753813739302e-24,3.933979493793455764e-28,3.942491349022369959e-27,7.329681973003589528e-25,1.832296291019497464e-22,1.581789969399351981e-29,1.016100093328042010e-21,6.087987677535159148e-28,2.028254294010931509e-25,1.177260154589430905e-26,3.797435646469671881e-17,1.785073620034273938e-29,1.827215537480878559e-26,1.377023538227808310e-24,3.355791856302100815e-26,1.011020956867293745e-23,2.440524966602283193e-25,1.966739518445772267e-23,3.554606270955808405e-29,1.741254975121262585e-29,3.910141895921803636e-28,7.533355617271793892e-25,1.192515713105437904e-18,4.988566945321589739e-28,3.827737079749991417e-28,5.672479262331796754e-25,2.881516682753864720e-29,8.270397910613708346e-19,1.025383724943972891e-24,1.905711748726971758e-25,8.865733727004593908e-27,3.492989619655346780e-24,1.715438067738688167e-27,2.740069928411620045e-27,9.564376672820515153e-29,5.257448898845859196e-30,2.451526561027702677e-19,2.101417399600670030e-28,5.415030161363410890e-23,9.837612995214908680e-24,1.077858522689256338e-26,8.776466263903736990e-25,1.829325114895137586e-22,4.290324486487703896e-27,8.826020893369247466e-26,1.106342214330596614e-28,1.353325460261220200e-27,6.663456131062752479e-27,1.271800761940678879e-22,3.730362193960629113e-26,1.508638838740558051e-28,3.253149190368403702e-22,8.263178655009085324e-26,1.426350637348355382e-26,1.452080898124502374e-29,1.477096956761275945e-27,3.555744230190393916e-25,6.270147406980315147e-30,8.252664895738481861e-29,7.716431585827990448e-28,2.240267137582703142e-28,9.942708478438278466e-30,1.509386058322983882e-25,3.212372555160283428e-28,1.582043900665801796e-29,1.219572758209239706e-16,5.909617109889663256e-25,9.139878529829778574e-22,1.632005021789847483e-29,2.796567558729761042e-29,2.505710346331786832e-28,1.114550792133383702e-26,1.534626288270291109e-26,1.114416983548212961e-29,2.289971236892050903e-22,5.946514653193901740e-18,3.225613463438737096e-28,3.898200066334332068e-29,7.931884453731670700e-30,7.040783673871853062e-27,3.812515384529479395e-28,1.484761098182368096e-10,3.069208312723699389e-22,1.370557272959665991e-27,1.509423325283326113e-25,7.041204648627541970e-27,6.415156931503641911e-27,1.229965582842025842e-26,2.680403684443614375e-26,6.117981472331792231e-27,1.620173668393244915e-25,2.567093601805751926e-24,1.140849153839971650e-27,1.473313363200417965e-29,4.913054107539865552e-29,1.696532704505944182e-26,0.000000000000000000e+00,1.009316586335666888e-28,1.335656057498449759e-24,3.266409269540400431e-24,3.445162102628060562e-29,2.467257427598990883e-29,2.709988962339463097e-25,1.608454351813315613e-25,8.604606638799620466e-27,3.903718811667209851e-27,3.850236696007410051e-25,1.070999898320711689e-26,3.679813662805198682e-28,3.069294232299536731e-25,3.648813562946376438e-28,2.672668399228261790e-24,7.822508271684358058e-30,6.892187330912218152e-28,7.267908835112824169e-27,2.695418167059220620e-22,3.769522794050269622e-24,1.259799245508469650e-29,7.590781781945586373e-25,2.641063570727583554e-24,1.582592279777953764e-28,6.598669292670665752e-30,7.727230181672004816e-25,5.073823208134302207e-24,1.451800912922939125e-28,1.006775358223475643e-24,9.593505610968103440e-29,2.820004511776673297e-24,5.361079855125419158e-27,1.069684892193577990e-26,1.487438449733866850e-24,2.982402864419201166e-25,2.267276518125202665e-23,1.223843002613574159e-26,2.665280064321747844e-25,3.893039815918845556e-27,2.523571608416259044e-23,1.217860263626061594e-27,2.702377957610091661e-24,1.169973968125505720e-27,1.303405096147239478e-27,3.355712931813560062e-24,6.943231272241154933e-25,2.151058013368723767e-29,2.012676514347725749e-25,5.415318433366349030e-30,7.172713550138336153e-27,1.450270579044420102e-24,4.187662171875208811e-27,5.544755490493012915e-27,3.723053047062123466e-27,1.469039779406028147e-27,2.834047145993919138e-24,1.943920583343445656e-29,2.859552631561092876e-29,4.420022453779705390e-22,7.648114293588854195e-26,1.129065700434836076e-22,6.885279503467522259e-28,2.912036731716330098e-26,2.516197838560433975e-28,2.937257410367388443e-28,6.019900559762924736e-23,2.379457928047541470e-24,2.531936344217196179e-23,9.402216695101525269e-25,1.472973840705754921e-29,1.251990793678778515e-27,6.578104385958591201e-25,2.089192349367426111e-28,2.987688551905012015e-23,1.731836497698601411e-27,9.947754968976199322e-30,1.316391727815347592e-29,1.143835814300713632e-28,9.862630692499171706e-17,2.882049330738556337e-22,2.518736695131102674e-23,4.126413049365175009e-17,8.442230178923659585e-30,3.005941007649964547e-28
3.736167496901913111e-30,3.198629268004483179e-28,8.475870328772633646e-34,3.384765249134352054e-28,1.811741682717829477e-33,1.259416461908280179e-25,9.963275080744006031e-17,1.026104028814317376e-30,1.275669146503002542e-27,2.573405495613453775e-32,2.661099671414007724e-25,3.400164927700231567e-29,1.816463324440462700e-31,6.996292967840674983e-27,4.688503305507682239e-29,1.236573454575983964e-28,4.860513344888030393e-29,4.737926011747362010e-30,4.007309895138592897e-31,2.411359183924904909e-32,4.772114568650834868e-25,1.405929923496023393e-28,4.194864757617359675e-28,2.554506475376981518e-25,1.337955074488975634e-26,2.013736382688009566e-24,5.046679591117346186e-26,3.210771027279656983e-31,2.541196913732448543e-28,1.542852554080697854e-29,7.951760185716552082e-29,1.982792345762771709e-31,4.498609356417097732e-25,2.283453254288467157e-28,2.165000148729768363e-31,2.157301839079000995e-33,2.142981291827631263e-28,6.583367801079971233e-29,4.596106542103424983e-28,1.976538733587405061e-25,4.309272832906608591e-31,9.566366606909198127e-32,8.913813324296855830e-29,7.894920875379216317e-33,7.595005569659014000e-33,1.642918407277025757e-30,3.141732916480846821e-27,1.295838032377006371e-28,3.263810694340224209e-31,6.638430651340995328e-30,4.796518110349954113e-26,4.713969752029004161e-33,2.920505290331420086e-28,4.593151416018933995e-29,1.709747843542290413e-28,1.949559985228496157e-25,3.718830389773148553e-04,9.160686761310562677e-32,1.688128832429223992e-25,7.327030190158316710e-30,2.100792800547769147e-24,1.789609793563862014e-33,6.733158927307543423e-29,2.972879584535251171e-32,2.077716189437320016e-25,3.297554452455723327e-29,9.120953855979085812e-32,4.653350520303850272e-25,1.023760565317974763e-25,1.555248882494126278e-30,3.051396383060275034e-33,2.530422799811865029e-31,8.931120669237963493e-28,3.762289156827839799e-29,3.277675877634911829e-31,4.494400837781270358e-29,8.237377968199229170e-29,6.896456465599312687e-25,4.052924159293481024e-30,4.833984424764946637e-29,3.210667538253153557e-28,3.934661159564677860e-31,2.613404434772593088e-25,2.241430367295516679e-24,2.840518637062402621e-29,7.656433439340408588e-31,3.199750722747180649e-28,5.645026362564257947e-27,1.844634112183879518e-29,5.251119227848654792e-26,1.655922182777863060e-25,1.902931941017803162e-33,8.700767559272761724e-29,5.436859990697317427e-29,1.338360367771628693e-25,4.127911718881369285e-29,9.425336684354486254e-17,1.517830884795799585e-28,2.873074061615261311e-25,5.368886752720120923e-24,3.525272748550187087e-25,3.611733922484275245e-29,8.596711441828777267e-29,7.819095074862982601e-32,8.874767377796221707e-29,2.869767286726155888e-29,7.984442619509891549e-33,1.009316586335666888e-28,0.000000000000000000e+00,1.278038219491631328e-26,1.978975052206183850e-29,6.428790046708547315e-34,7.459222178796996813e-28,4.962350855096070357e-25,3.624514981421536350e-29,2.771037519267340509e-25,1.963913764173735523e-28,5.051242681137658703e-31,3.342923163972436359e-25,4.207707781018028601e-27,2.501488670370144032e-32,4.562294341931638129e-27,4.090092870522927988e-28,3.502905076396494215e-27,2.937017315368695957e-33,4.113172872313840809e-24,8.087709546139382743e-31,3.109063333693756373e-29,3.544998258278496940e-29,4.015180242474852384e-29,2.924367444256026379e-28,2.827012066087364834e-10,7.894553382029674329e-27,6.472524709959041042e-33,2.648320674161323592e-28,1.378616302792690674e-33,2.053600023431522152e-25,2.443520864951975554e-30,9.114645519355431638e-29,9.544136696948891448e-27,2.198883823160364426e-25,5.562337145686197494e-30,5.847082257437091203e-32,4.254503541579995679e-28,5.429710745203921294e-33,1.854032247564923981e-22,7.601248242165494912e-29,2.163358893555519873e-29,1.756717287743826565e-25,2.886354293697231795e-28,1.428857500623228317e-25,9.475114305056024392e-32,2.132449654837176612e-32,2.340243390124107542e-24,4.389317222928981825e-34,6.065353791909998647e-23,3.510757525098090528e-27,8.524096715255032671e-32,6.096279695653765409e-30,9.177226383216054102e-29,2.332387403421548381e-25,1.788768324528176744e-28,1.179580132791889967e-25,6.316021480060641911e-28,4.250697048099517074e-34,6.237816638717601396e-34,6.540523441773946585e-29,1.905312559954044819e-25,8.439159921262111290e-29,8.062267983206885616e-31,1.075227551117264011e-23,2.406030127270180765e-31,3.772860946298284354e-27,8.263487972328687160e-29,1.009039857597343981e-28,5.097972029145089606e-29,7.000409998194020940e-24,3.652946523101426458e-34,6.242900273892617803e-32,7.571565519209153561e-33,3.474582532482198089e-31,3.907336753369673503e-28,7.794672720262503032e-32,7.931594089256498962e-28,3.620399720142310382e-28,2.878035906151790767e-10,8.932858363914191547e-29,8.365146148126703308e-31,3.075697441509285692e-29,1.305643980043249992e-28,1.343481495614980485e-25,2.690470589694130210e-31
1.553592379713827172e-26,1.886788796683007149e-23,3.611134459032950355e-30,4.690073484844987622e-23,8.880073551324097942e-30,5.686569335521896060e-25,8.845431053228289215e-25,1.043262325943795417e-26,4.396770910885534418e-27,7.640844696619480697e-28,4.809443345474847344e-25,1.472305906889017606e-25,6.230675035597626581e-26,9.791479896428607936e-26,6.420091943007925044e-24,3.985334886823453005e-24,5.410262314755870770e-28,4.594602865434730025e-26,1.245939025225908223e-25,4.914748911263874640e-28,9.795629203624274546e-25,2.026188783603981083e-24,5.634180512289978115e-27,8.118972436824904774e-25,2.796472678850423270e-11,2.602107159943251527e-24,1.663657776368312926e-18,1.436452767487803128e-26,2.144399405298776801e-23,5.692425256028832666e-26,9.331817769779938882e-27,5.751169961878603664e-26,1.193270848957715881e-21,2.368323182016012733e-24,5.396480132815621131e-26,1.022244810520771454e-29,6.055928576047669900e-23,2.374628897253149404e-26,7.942944064551641497e-24,6.478593612115235385e-21,1.665556867589224324e-26,4.833122658714468366e-28,8.844523742338278836e-24,4.469639534702673743e-29,4.626295951635032008e-29,1.687428931580601789e-21,1.186580449793801054e-27,1.571340196225343959e-24,2.267321320539151592e-25,1.628611252287215952e-25,5.743394715984431071e-19,3.804880989721221472e-29,6.504408312260741137e-23,3.771304238976697169e-25,5.276156872361379902e-20,6.191163423277308087e-23,1.316272367992822812e-26,1.106941632978999357e-26,3.662382332625857472e-25,1.589707147161596972e-25,2.683656699784326901e-24,8.185580641542281411e-30,1.711735702551532239e-24,7.433820626398119826e-28,7.681133669468200927e-25,4.575372891830389912e-28,1.145967603701433362e-26,2.695599541246797080e-22,9.656524212348604082e-28,1.405420920410462813e-21,1.711385954769896923e-29,1.155444156818138423e-25,3.412511617701307381e-27,8.193682358832575410e-24,1.327949802944001343e-25,1.167751115996856754e-26,1.106566746564186478e-24,6.443712737289718189e-22,4.244154477298585124e-26,1.324516685402801184e-26,1.435573015122077883e-26,2.359396318912908139e-25,7.073997458863823661e-25,3.653192271411020525e-24,3.836624597250617768e-28,7.747608147118648041e-27,5.911274191043209184e-24,2.123336649876360658e-26,6.870974481891479738e-26,1.380719166229896783e-27,3.673093045204606885e-25,1.057311344975233079e-29,1.159447736826928633e-24,4.084290903250910025e-25,3.193115515242722653e-25,9.749742373212537377e-24,1.015344242169243781e-24,1.901073229303710780e-19,7.803106847954863298e-25,5.813020482008188603e-24,2.092103733842005280e-24,7.521939037095635220e-24,8.646985135700582544e-24,1.156393702360746319e-26,8.573079993180862734e-27,8.332130955021340632e-26,6.758068214769479947e-29,1.335656057498449759e-24,1.278038219491631328e-26,0.000000000000000000e+00,1.038360567938123551e-25,2.713019423300223582e-30,9.831808914429051837e-27,2.051581021258551278e-22,7.874618397873921954e-24,5.457561439039252931e-25,3.741499723363094439e-20,1.831716800557390983e-26,7.291232797756601265e-25,1.938448720108405117e-26,4.724638661857951487e-28,1.876963891435301709e-26,8.386695214279286502e-23,1.989668692508490933e-27,1.775799366459860207e-29,1.723634140875428578e-24,8.822140214958668945e-27,1.452410012956990717e-25,4.631623322465080679e-28,4.391077975290675646e-24,4.453936971399275886e-23,1.809083632172371712e-26,1.342320048869611497e-27,6.095745585215258748e-29,3.510528294004028604e-23,7.403952266103255145e-30,3.702302767196413729e-21,1.612969326710838665e-21,8.101810403405027388e-24,1.465199842442133545e-25,5.572290022561335800e-25,2.925101431478420280e-26,1.372227209520688255e-27,3.932193759762806871e-23,4.234219390988253343e-29,2.521798143743747486e-23,9.610507546143304994e-20,1.634124645826239054e-25,3.032861315802820605e-25,4.295274146937270405e-23,3.135083072210332485e-25,1.090384072853955155e-26,1.857620169752549304e-28,3.231061885228481902e-22,1.739405584680882385e-30,1.924132005575098262e-23,1.261984952389020233e-27,4.558280850343598939e-28,3.427773705585369235e-26,6.812097163061463815e-20,1.925206505347165210e-24,3.575314725977891190e-20,3.552931880446104642e-25,1.113890651298893740e-22,1.741045050470097410e-30,2.557602527123639044e-30,1.833678503820109242e-24,5.698956776988307124e-23,2.845369333508153161e-24,3.766240148753800570e-25,6.846701103152501021e-24,7.965103276897144945e-26,1.686269550454811773e-26,4.710866987975927085e-25,9.674885104798817807e-24,3.266915665671416765e-25,3.209516729491726511e-22,1.479140656748417981e-30,8.711456997063003855e-27,6.312626812642391105e-29,2.018822627049070646e-25,3.018844533746989268e-23,9.106002628759092299e-27,2.860327946924097751e-27,4.809450907409595257e-27,1.329820459684192195e-26,1.204233335307184865e-24,9.084440835619914761e-27,2.282705526087043819e-25,1.869045377317859154e-24,1.295931185639674108e-27,9.375891243166362388e-26
2.396995063331991613e-23,4.372988828433218238e-25,3.200494219632440809e-27,1.202318833393604211e-25,1.034332344620383215e-24,2.996994039637054357e-27,1.175800135839585913e-27,1.551635483424271092e-25,2.623208784410665797e-30,1.526005001520952153e-28,1.664074205688251536e-27,1.783395782088281509e-21,1.783677981840542716e-29,9.005268048304673356e-28,1.948100763334483790e-26,4.677490329487763717e-25,4.078100663588334982e-30,7.755453623364899899e-25,2.836240556473594041e-29,1.816976900636920367e-28,2.950598451528478119e-27,4.088801318200736110e-24,2.602641329163838744e-30,4.010457812012122084e-27,1.037102847573868542e-25,7.018106456859596746e-27,6.157156332455257453e-25,9.650090349782606343e-28,2.820958583013499128e-25,3.947179191964146366e-30,2.699740390651547184e-30,1.729599983079449535e-29,1.209712237431020519e-25,1.260663063476747265e-23,2.290134529172073168e-29,1.408159088092958485e-20,2.529080214074430730e-26,4.531831262935270482e-30,7.967397221153810672e-24,1.163505271513773531e-25,9.268612952849294264e-28,2.602054684575996973e-23,6.401288767892313912e-26,2.160631623192922854e-20,9.101960207611743101e-23,7.132855123600036233e-30,1.015388355628729794e-30,1.131149561688490525e-23,1.198732267648237830e-29,5.702236204447066079e-26,6.624466577008908770e-25,1.198011896880681376e-26,3.667609340702707616e-26,9.226104747831296288e-23,4.012693569679366099e-28,1.170262937001180771e-26,2.033003033568377576e-29,2.916976090489991212e-29,1.419869182942780895e-27,8.824957553356423534e-26,7.437431136455722977e-27,5.863593317778868549e-25,4.238916283735960295e-25,1.465284142782769188e-28,3.151229379185856064e-27,3.682276029535855681e-30,3.209243727162530581e-29,4.368909606300167739e-26,1.181559301115253467e-30,6.143075485501677841e-30,8.863509077820928190e-23,1.175145348479341965e-29,1.912131331361048362e-30,5.348041596487562064e-27,1.795379193240062719e-29,2.570559270394707903e-30,4.148934743862417519e-24,8.551784515015183576e-26,6.657788129860704836e-25,2.799443254987065604e-30,4.696331165713811229e-30,1.232435509094579061e-29,2.638824073237326393e-27,2.403258588876233811e-27,2.883558513610902637e-30,1.202615407191006315e-25,7.379334862270208532e-24,8.177329094564924141e-29,5.172223049261841813e-30,1.559410207029276601e-30,1.475528213331836598e-27,1.334772333687292832e-20,3.404577987544948713e-24,9.272013841810595085e-23,2.218848958128417848e-28,4.821340223074428103e-27,1.342678510580803942e-27,5.951892205490288848e-28,2.781792382137061740e-27,4.436467416550539062e-27,1.118690986202144252e-27,5.456652492049665448e-27,4.619287107784056578e-26,3.260090624366955088e-29,2.373445184291290078e-30,6.912003083151043642e-30,4.299695828709612016e-26,3.266409269540400431e-24,1.978975052206183850e-29,1.038360567938123551e-25,0.000000000000000000e+00,2.843858586015943359e-27,4.211379479114059092e-30,3.528671452232847724e-26,5.091822075323624500e-27,1.799446903603146035e-27,3.795245067392005146e-28,1.221971306134160232e-27,2.504428848327197146e-27,9.477040533106587355e-29,1.981616085202353947e-28,9.201335221489152481e-29,9.088971920437354865e-26,1.529690899565574386e-30,1.299446082424911673e-22,1.364868253985991366e-27,1.109454203397595848e-25,9.012907557959438424e-11,3.236869409498964568e-30,1.744316065389437123e-26,7.492008536237020742e-26,2.667621249257308044e-29,1.297956814746111750e-30,2.074173781778255507e-27,1.387103068312556868e-25,5.397557368377006930e-25,1.110750664594924204e-25,8.036714430320777171e-30,5.458256360025529209e-26,1.283707786533863923e-27,2.440736536473678099e-27,3.784687813594560158e-19,3.962221097998636655e-28,3.386161265835595333e-25,1.246998462928705803e-26,5.167249318387550052e-26,3.105909095260837335e-28,1.270556449103773588e-22,1.975858417678751409e-28,6.337445912210806245e-26,2.057410265528130021e-28,2.894741685291893472e-29,4.481340638882406236e-27,9.222017482541408665e-26,1.473145876501180170e-27,4.125490078369516964e-26,1.117019663808247679e-30,2.141357745781034648e-23,8.750430114789755770e-19,3.678016868444499015e-28,9.463748850938655339e-28,3.368509520720689636e-28,2.212441778299867789e-28,7.969491530559727665e-26,1.620298552621770379e-27,2.465446884733827756e-27,4.610821597051166451e-25,1.136530685206610795e-26,2.914625082831455218e-25,3.673391109768308141e-29,5.362709403354116485e-27,1.418826514541774577e-29,7.566936289994429472e-29,3.652619736998853075e-20,4.493111676508019002e-26,1.068392681141818072e-19,1.180976585435641660e-25,1.397267261744376873e-27,3.394404668954818029e-29,2.744863641681083514e-27,1.135273078027375891e-29,3.805882031961543188e-25,4.336440530756833313e-29,1.686954463004258498e-30,2.209005296292082134e-30,1.867031777586544711e-29,4.875695929233241791e-24,1.020666973878125556e-25,8.593815824660236373e-22,4.128027190113611360e-24,1.444780073902201294e-30,1.419242952272384837e-29
6.740517643244365697e-19,8.001186666047791523e-30,3.965073886479937859e-01,2.485504818245815958e-30,7.802322060327801810e-31,1.125542889030964317e-31,4.350265353215095509e-32,1.192638938469133119e-30,8.203027759983316256e-35,2.202520668035321184e-33,5.963123293897203278e-32,1.266784597128418817e-19,4.398324612923422131e-34,3.429779337938270409e-32,3.946762762017708752e-31,7.495924480471002958e-30,1.478655440497391169e-34,4.913474680256853412e-30,6.939969755037498980e-34,2.401291361636585482e-33,9.779522679312442677e-32,4.204779067909003891e-29,8.079340405161793146e-35,1.444862094398907086e-31,2.782844618196807597e-30,2.603392034753386498e-31,1.650969094970777121e-29,1.568676869638644029e-32,5.238715039561797626e-30,1.207616037058164071e-34,8.145251205130900912e-35,4.015528173491487344e-34,3.561729679437581279e-30,1.039958607988873220e-28,5.093820176641162078e-34,2.404959311921564810e-31,5.981684845610740338e-31,1.376038711709426715e-34,9.416330146279985640e-29,3.264074442173352903e-30,1.469811084056406037e-32,9.817771682391510689e-29,1.272917236856762771e-30,8.984317945548569135e-31,3.318423714089720605e-31,2.068026259926131766e-34,3.443711222500732436e-35,9.929720437180323527e-29,2.949312720181868544e-34,7.990354782657487099e-31,1.721015817643067296e-29,2.530851645740129544e-32,8.039921036152693811e-31,2.289874998934574138e-28,1.135438676572441655e-32,3.843980488900820108e-31,7.285602897431836055e-34,6.601256249384722751e-34,5.137192508846099915e-32,1.100139746756899625e-30,2.836622462065347375e-31,1.507902429372883954e-30,5.926762766710414314e-30,2.172079289127925640e-33,1.176413807303646912e-31,1.379314949239995725e-34,6.889190477262728695e-34,1.376910849273973239e-30,4.105410396978003907e-35,1.788802271457149663e-34,1.115572647564591510e-31,2.913236949961038697e-34,6.086357001730874443e-35,1.237999044247825734e-31,4.059876973287502286e-34,7.773198700843356199e-35,4.017864690194250544e-29,2.557898338567722408e-30,4.458615382576232195e-30,8.337719368471104827e-35,1.444422665606206536e-34,3.213719262543310817e-34,9.171118410294613276e-32,8.216637146524962250e-32,1.037032869309006449e-34,8.537771878133568270e-31,8.527937518621372305e-29,2.980579525166289661e-33,1.453940687825636033e-34,5.152746087344626274e-35,5.167579092036295953e-32,2.442074762975846393e-31,3.452010676077433484e-29,2.536511045836171010e-28,7.275407002736378455e-33,1.187755662921937066e-31,4.573082256567712443e-32,1.658645540068576297e-32,1.009133200583837375e-31,1.433116914319555669e-31,3.475967944622739594e-32,1.320783252275983545e-31,9.341060085381680430e-31,6.607337855627361758e-34,7.420308654042067428e-35,1.962273694609250655e-34,6.409719657768326031e-32,3.445162102628060562e-29,6.428790046708547315e-34,2.713019423300223582e-30,2.843858586015943359e-27,0.000000000000000000e+00,1.364564072938048660e-34,1.106880824956103376e-30,1.225898077850290597e-31,6.547992501570627644e-32,1.082260039072866392e-32,2.024830134181175330e-32,9.203352202203494007e-32,3.295914960661629503e-33,2.667646775162366717e-33,3.270949715317430188e-33,1.997256688307362774e-30,5.036588156328726349e-35,1.204845805017583328e-31,4.404344870919473236e-32,7.652058241703923263e-31,7.580614130237449956e-27,1.246283395302125139e-34,3.533029306817385311e-31,1.678925692017464701e-30,9.926269456457398734e-34,4.275542860890984382e-35,1.207964867092029470e-32,2.663134563823011486e-30,1.181556492211435133e-30,3.188883903758813644e-30,2.199297423139179361e-34,1.065332674030794735e-30,4.839625109618523355e-32,8.795066250301374731e-32,3.439950681416210877e-28,5.750279481304780597e-33,7.089868924623070245e-30,2.603054741776679098e-32,1.913640519099776598e-30,9.295235326705758254e-33,1.729389271536878264e-28,6.596686608378539333e-33,1.526195792656999791e-30,6.628124127647714967e-33,6.065619043614585741e-34,2.822895731543577850e-32,2.970466102629492361e-30,4.066898682572108181e-01,1.412855410947610075e-30,3.471856228497317310e-35,1.061344635031046642e-28,4.384804028398450540e-28,1.070844261755504081e-32,2.936656982949122509e-32,9.816775867785248480e-33,7.467894141987336026e-33,1.870258974877947252e-30,9.137830171763253209e-16,2.120459269908229720e-15,6.558618671108684016e-30,3.296626888475943091e-31,4.785685739836274939e-30,8.179203008504947269e-34,1.803459192115405677e-31,3.228854124500604903e-34,2.693847469581620120e-33,1.374897253002883429e-27,9.416707776617034878e-31,1.544166699957256622e-27,3.887814521520191691e-30,9.493617522316721070e-16,6.898996869081991698e-34,1.414039903733882215e-32,2.802899434539596686e-34,7.382833262835839925e-30,8.700884171124643452e-34,5.552330262389313245e-35,7.027944019408474542e-35,6.828730061674641521e-34,4.770271932569537617e-29,7.358279424466516274e-31,4.299459557127450897e-28,4.093907951778428961e-29,5.058004911240548128e-35,3.440323121665181747e-34
7.283435119070181695e-31,1.011434093161949039e-28,1.850546148390197718e-34,1.297535215931295795e-28,4.295434773634712561e-34,1.034406743418380357e-27,5.293542559043996832e-26,2.631001497007956623e-31,2.166713252509110115e-25,7.907403988985013326e-33,1.549729491935088728e-27,7.951708864817426908e-30,9.794936521739511484e-32,1.097911012286530902e-28,1.716726262177483439e-29,4.147508632901787098e-29,7.282945917077508482e-31,1.221056466717410619e-30,1.687719078177678779e-31,6.176896874989657503e-33,3.719673301052864272e-27,3.668123989632757609e-29,3.987992048521548094e-01,1.465974054751169676e-27,1.003055496083298568e-26,1.332111698742040517e-26,2.956192943706780664e-26,1.117072930140804890e-31,9.089510414570195226e-29,1.319877999271334582e-28,2.729304609517764502e-27,8.878895928249733070e-32,6.478430025358051045e-24,4.951101271846527628e-29,9.074162202509157810e-32,4.236655402470466657e-34,9.898744564191118878e-29,1.236309730216187973e-27,1.421228755481521785e-28,6.926189399764504588e-25,1.282543919151257163e-31,2.198639035974273033e-32,3.393466713919411153e-29,1.855654048202856827e-33,1.765825595692531994e-33,1.151364365715872322e-30,2.976060730582799124e-27,3.511225628206408599e-29,1.844360841769080342e-31,2.224414820306125517e-30,2.808636711116282454e-26,1.204031339925034252e-33,1.150057641655530331e-28,1.150659934332042521e-29,1.662352117417439115e-28,4.334547105514113972e-24,4.823150322475089553e-28,3.211501311000822946e-32,9.771611350047989409e-28,2.477256151899959101e-30,1.175155630312903054e-26,3.925034721973740804e-34,1.984222602847299505e-29,8.403521669530713058e-33,1.671741379689376932e-27,5.439994082318958253e-31,3.249003247546601102e-32,4.998821320937045482e-24,2.523251304805925816e-28,1.212070070354767936e-30,6.716444975910520487e-34,1.302059405554864078e-31,2.333835018595939567e-25,1.620427777370356399e-29,1.568637636525133463e-31,1.057296406846846305e-27,2.373534298824418774e-29,9.206158537195693245e-24,1.001895137937776029e-30,1.218683772983241553e-27,3.376984997987543609e-26,1.783423659822558944e-31,2.032625322143680320e-27,8.228990394612343298e-23,4.620744436391936591e-31,1.931159519496217273e-31,9.816372309011642369e-29,5.626491159315016339e-29,1.467422303405250394e-28,5.862127639521632429e-28,9.860861026307208828e-28,4.098124138319551375e-34,2.344850434164425096e-29,1.289733883192360714e-29,1.157891209760015741e-23,1.768948007734315029e-29,7.756962526559093049e-26,1.410879900179711227e-28,1.985807075641901463e-27,7.595663059066422894e-23,3.605570453962214875e-16,1.401722720038382795e-29,2.804010751298238501e-29,3.363820650418219361e-32,3.007143979312229789e-27,2.423272530799467211e-28,2.133672229138737621e-33,2.467257427598990883e-29,7.459222178796996813e-28,9.831808914429051837e-27,4.211379479114059092e-30,1.364564072938048660e-34,0.000000000000000000e+00,6.400682694122808628e-24,1.625110863216466934e-29,1.731765340174554522e-27,2.556954902167075581e-28,1.436022886363688251e-31,2.407447223484872570e-27,3.791265059350899388e-29,6.493944312472278727e-33,3.817829007367133502e-29,1.826372240837170504e-28,6.518897618186663883e-27,6.829989488227173670e-34,5.790925209985600562e-24,2.056836070350182866e-31,6.024979679782664565e-30,5.882952182729632697e-31,1.367598708138186696e-29,1.089213669137873041e-28,7.378324969788026634e-28,2.044886368626179394e-27,1.480418601383396305e-33,9.626303011805604006e-29,3.230713920539854627e-34,9.493729276164877870e-25,1.897952848297723107e-30,2.918700901212101493e-29,1.474001964487453064e-28,1.405182096696531830e-27,1.168918005801298422e-30,1.806198817779527633e-32,1.408473462990903251e-28,1.384713178099234225e-33,2.741898567742347181e-25,6.247775067697212473e-29,5.450613130886937039e-30,9.534923208825856321e-24,1.006853714393924045e-28,1.260728062169288801e-23,2.887024070812075396e-32,4.624817371082074563e-33,6.368708129772397670e-23,8.792043007934362520e-35,1.896175582549138638e-25,3.496868955558971470e-27,1.999732862722353119e-32,1.424829210437215925e-30,9.891860372451349550e-29,3.803375215121568061e-16,1.788189746473822302e-28,1.569675070730772608e-23,2.057280836542582481e-28,8.809467393039362856e-35,1.332979450540873580e-34,1.922275193438975716e-29,3.543820095134447892e-24,2.567094352528924865e-29,3.831291093944790345e-31,5.902252453106303766e-23,1.020327889388590841e-31,3.588439651757393187e-29,1.607540928386640682e-29,3.035154714867862851e-29,1.076528314347476415e-29,4.537528475141511089e-22,8.213755289566451042e-35,2.727425607747222323e-32,1.839691215040322810e-33,1.707983769199276392e-31,1.330131107193379299e-28,2.991731050615927203e-32,1.900849672462748283e-25,3.988939876202020618e-01,7.119678550671459665e-28,2.448638828878751078e-29,2.117286226299107053e-31,7.828196963863946471e-30,3.619388820927669994e-29,3.503384339355369249e-28,1.062740805360603538e-31
6.435399746455137269e-27,1.208077945328910104e-24,1.395034315436185684e-30,1.466240365353761568e-24,3.140245098494347710e-30,2.716009171749509822e-24,2.885839608898741773e-23,2.515419977459486686e-27,9.845265143365564590e-25,8.508004957383688263e-29,3.364165127037076429e-24,5.541371466074468785e-26,1.094946139843703363e-27,3.544569485442216812e-25,2.146046164469683426e-25,4.310101329267277082e-25,2.039254751084458727e-27,1.132209054209431682e-26,2.369645651456295841e-27,7.118341562591522787e-29,6.160461834325962381e-24,3.970152756550313062e-25,3.610292125212578948e-24,4.455316830072222621e-24,1.962244284938225930e-22,2.123423856134763083e-23,5.711601634068347483e-22,1.076723657176727387e-27,1.059993074066772372e-24,1.633859679570873847e-22,2.588047081389025188e-22,1.184363900718972069e-27,8.723027529205844931e-18,5.164141544741048183e-25,1.056530973162770640e-27,3.868693341829307865e-30,1.035579438228208653e-24,1.265386443687910624e-21,1.329421931024655887e-24,1.482712454420568670e-19,1.466810736427234447e-27,1.706845079773855658e-28,3.675878633309054148e-25,1.423506899728787958e-29,1.440899458892259039e-29,3.007832940257705761e-26,1.068117109186233364e-25,3.402750696149476645e-25,2.277009728675414910e-27,2.167967584809393858e-26,4.476743337192798024e-22,9.322378290916334465e-30,1.493154674292854015e-24,9.696566225336619999e-26,4.008184492263563203e-24,6.957419978818661676e-18,4.385138905178312934e-25,4.281250896744872498e-28,2.542619981414929788e-24,2.289402510719418070e-26,2.360697988135270936e-23,3.005826684219314507e-30,2.105646741479374497e-25,9.262066841894725862e-29,3.530959641032523277e-24,1.599821050378690844e-27,4.262681911132813004e-28,3.918639641175853705e-11,5.744098694413470887e-26,3.263180433252060770e-26,5.454831948930810032e-30,1.529871597492553474e-27,7.134974807956723361e-25,1.890576411087901057e-25,1.926146436506014651e-27,5.384969949405855398e-22,2.167377386263328898e-25,2.528005276126920425e-17,9.438648136997284698e-27,3.800108897357998831e-22,1.337226463091039151e-22,2.982848917098693239e-27,3.894933109192558151e-24,5.759431774686514996e-22,1.275869715360298248e-27,1.826566160030308317e-27,9.181124123996939372e-25,1.039165276837161663e-25,1.138649998730111274e-22,9.096623594644916682e-26,2.453173145212198913e-24,3.733191313134870849e-30,2.389850195152604627e-25,1.222916943825824185e-25,6.752184872453799850e-23,2.437635364023524259e-25,3.579063988894442180e-23,2.797651418604546720e-24,4.216936886652318837e-24,7.364097476542176462e-22,7.339644961657013301e-22,1.928307214865660955e-25,3.807574483524271922e-25,3.282743307126429885e-28,2.037334894604463437e-22,2.921408622362027988e-22,1.861159868705016761e-29,2.709988962339463097e-25,4.962350855096070357e-25,2.051581021258551278e-22,3.528671452232847724e-26,1.106880824956103376e-30,6.400682694122808628e-24,0.000000000000000000e+00,1.891270891345201286e-25,3.674036607756179237e-24,5.707934819354133907e-24,1.830323036330280582e-27,4.636759290408465579e-24,8.148203849870397397e-26,7.605855236255633855e-29,8.739521602148652126e-26,1.973777163089357141e-24,2.128586716584559295e-25,5.121552712432442495e-30,1.705170094131065239e-22,1.848150542683589140e-27,5.415619256551739697e-26,1.650989267058669117e-27,1.671947854713235619e-25,1.440018191075633375e-24,6.199216321254252847e-25,1.190786133637829365e-25,1.528535895490718636e-29,1.143321686019201905e-24,2.280356759882326447e-30,2.217757561698902382e-19,4.842509322119096286e-26,3.748848873923977182e-25,5.359380053503954804e-25,3.255151408757979434e-24,1.037981320540357841e-26,1.917428257880568704e-28,1.836592781843032135e-24,1.067696364934774476e-29,3.750362414802014279e-22,1.535069307577327209e-24,4.124247928549824320e-26,6.105903359342183315e-23,1.496830527478801440e-24,6.292840618786626838e-23,4.389987785049304382e-28,4.570312954453012498e-29,2.275513446944543197e-17,7.075585479889607183e-31,2.548174140209798185e-22,1.310800605700921108e-25,1.515076797357280634e-28,1.129675137205756376e-26,2.154403373431945097e-24,8.189307404326673755e-22,4.751702559953776287e-24,7.588462645970924249e-23,3.170596166275171201e-24,7.134971653607641644e-31,1.032608918006672300e-30,2.249552823957069958e-25,6.821195714800088588e-18,2.722899677958806436e-25,5.487486522672514895e-27,1.059293750621577543e-21,1.281961690194315338e-27,7.120418007238363238e-26,1.589493365285045271e-25,4.288068690256047118e-25,1.017216851969494143e-25,4.962588965763585452e-18,5.598277761020694821e-31,2.682558429995204792e-28,1.665577969827309817e-29,2.593768629357422173e-27,1.539888103350224380e-24,3.165650348247188769e-28,6.795687376343981955e-25,2.655666104898803551e-24,5.180035489573352078e-25,2.490185899485411640e-25,1.887763744701071082e-27,6.108524410525085969e-26,3.428259048197144911e-25,8.388928243562961879e-26,1.581463341600211532e-27
7.235146625973861045e-28,1.047546585801344102e-22,1.678833591146296079e-31,2.402785719809186948e-21,4.389104272973472056e-31,3.047219087080479499e-27,2.449307995176619142e-27,9.542692778282439276e-28,8.537579555485377763e-30,1.507895126135481392e-28,2.039940297744978005e-27,7.425798885680323949e-27,1.803559984911244971e-24,6.528831866578159660e-28,2.017532006049487426e-22,1.013981169162890673e-24,3.273676440714692548e-30,3.890422817146248963e-27,9.559814004112856248e-25,7.763351783497555026e-29,4.382139828070320397e-27,2.132537097108026823e-25,8.851094205176372839e-30,3.609499051197030061e-27,9.630580181117076416e-24,1.168098749838355557e-26,1.655232242812739352e-22,5.881685340071120329e-27,1.630137747313552439e-22,3.541162988693608339e-29,1.210285913112033045e-29,1.808614958681467258e-24,9.139780905744956282e-25,2.184203116719521308e-25,2.195934730208749985e-24,5.008823088671861449e-31,4.833914305340452097e-21,2.377384641275531186e-29,1.060338725414437420e-24,1.191773304652563892e-24,7.505229558838602157e-27,2.237403212364302001e-29,1.781234008646977989e-22,2.605952300724493464e-30,2.682706667756978387e-30,2.505143602406796255e-28,2.656692011777776638e-30,1.647232042680447489e-25,7.958790620796716424e-26,2.899064645488677755e-26,3.434029554450393173e-22,2.564078074834684859e-30,1.356343729332519120e-20,2.708637148935771023e-26,9.383671976673830902e-27,7.004983536451142480e-26,3.766667577906050385e-29,3.720614874570286003e-25,1.589866448437209039e-27,2.604088171242590678e-26,1.174469008968896483e-26,3.835026186296535447e-31,3.538544032072454762e-25,1.714808689420398840e-28,3.859593228279175396e-27,2.879500687685599030e-30,3.373014205848034541e-25,2.351840163486123102e-25,2.467854083115401896e-30,2.168576482989941794e-28,8.976153303505001136e-31,1.365665007184629999e-25,6.634635610814347306e-30,4.528798895864763286e-13,2.358795645123458166e-25,1.290922092870500289e-29,1.297251349356615577e-25,5.020997244749493241e-25,3.595189755161766730e-27,1.515043834191966334e-29,2.109581426143770248e-29,8.182216967369347508e-26,3.229694725643620496e-27,7.618452426771198377e-27,2.232614702142865045e-30,6.664562975246917516e-28,8.058248622517559675e-25,1.042642534497727449e-28,4.009788065586969815e-29,3.525510172448050634e-30,1.602215648219270385e-27,5.337099946818702094e-31,1.243138197922160876e-25,3.111911582279737543e-26,5.916670294321682955e-28,4.572427666979227849e-13,3.039980870891342839e-27,2.206629567310869989e-26,3.413897277098336860e-27,1.392171401904474853e-26,3.038830013338426848e-27,5.928805042822167412e-07,1.453585719973422897e-22,4.712104926146932683e-25,1.043783134904382933e-29,5.241088099750372179e-29,4.359717809347843832e-30,1.608454351813315613e-25,3.624514981421536350e-29,7.874618397873921954e-24,5.091822075323624500e-27,1.225898077850290597e-31,1.625110863216466934e-29,1.891270891345201286e-25,0.000000000000000000e+00,2.212733513121296566e-27,9.277836165749718434e-27,7.243137202569308320e-27,3.087951306602327719e-27,9.696577454136105574e-29,8.155631128561891988e-29,9.097498832575322606e-29,7.191632481554909944e-17,3.722064331285765293e-30,8.877315398881684775e-31,3.520774480446154084e-27,6.650377527359945390e-28,6.665589689864538125e-27,2.611428557944052157e-30,1.285790646440269367e-22,3.974569342375813741e-21,4.968895535064299897e-29,3.093230942295018300e-30,4.505285914078445672e-30,1.118903120065325536e-21,3.501482696579739813e-31,1.137486802125670802e-24,2.247626526410236749e-28,1.353108720124538379e-22,8.465251518379165405e-28,2.644902555584890078e-27,1.720197701298113872e-27,2.629679618977360917e-28,4.745067648231663850e-22,2.910456982275366072e-30,8.011837557997129347e-26,1.255547597495364585e-26,1.031198966439737624e-26,6.181919961594655148e-28,2.200673273690993934e-21,5.844727412111833250e-28,3.385352511398121046e-25,1.546119518503366862e-29,3.670857103198977275e-25,8.424185508715963779e-32,7.276208183595155014e-26,2.735659901298675116e-30,1.944002504114670114e-29,1.986532113585274644e-27,1.285885430037456394e-26,2.871530095450169256e-27,7.070410190504687221e-27,7.001858860064192356e-28,7.075280959158644828e-17,7.260961535441757318e-32,1.125374390491020552e-31,3.702743455203968130e-25,5.591464978356040284e-26,1.047520644461979914e-24,3.157914785781504185e-25,1.300462901383792094e-26,2.497126730525604071e-25,8.140012979544073563e-29,2.947261192994557356e-26,1.880880138271592997e-22,1.782020990338430825e-26,3.856607471338298970e-25,6.574383840934739372e-32,2.816177295662034676e-25,5.485526698715583717e-30,7.182109919224764799e-26,3.820977408223542611e-22,2.813382906363854986e-25,5.420681501184076416e-30,6.958545673070564632e-30,4.191680493190935871e-29,1.250802755956733721e-25,7.374837450292391820e-28,1.351144707922903167e-26,2.221228679685290514e-25,3.401296808145713162e-30,2.765451348327281848e-25
3.287817568541246911e-28,2.333122895382817826e-26,8.575604669316390913e-32,2.363013226263945590e-26,1.586604752573398984e-31,5.499913763598062338e-21,1.720342631807702901e-23,9.974929422283998629e-29,1.729140230469257262e-27,1.802846144537191832e-30,2.068074775117941631e-09,3.360593662726297530e-27,1.425384557170893984e-29,4.977163224624625266e-24,3.409603790230738339e-27,7.446129555123022994e-27,3.787639563926139989e-26,3.274929657850190399e-28,2.094839391889145919e-29,1.746999085597104426e-30,1.850530853962573064e-18,1.077050216640967884e-26,1.036213985162324210e-27,4.557467908633035297e-19,5.626582642701266406e-25,5.961991259396951520e-18,2.342988341222983157e-24,2.591416694798956437e-29,1.815829478913857579e-26,2.013015075986219186e-28,5.047366883072386482e-28,1.052671193134258836e-29,5.696817175479562446e-24,1.507577926315820662e-26,1.070801712603480427e-29,1.941582257026218059e-31,1.248061352737093811e-26,5.554103186564107763e-28,3.342209495536691020e-26,3.273105995407637561e-24,2.598548239116631477e-29,9.186882231510989693e-30,5.695274146501132349e-27,7.801261225538915640e-31,7.822828533972341606e-31,6.197697964802017197e-29,2.174178475413110748e-27,1.136337945397958086e-26,1.760060115257304175e-29,5.213599377665670216e-28,2.208577530505770104e-24,4.295086490694398686e-31,1.693624890368870526e-26,3.948891852074206485e-27,5.004801231357590468e-27,1.460295725396911982e-24,3.770219698709387357e-25,6.074543501912596536e-30,1.789331205876700575e-15,6.055586729981012428e-28,6.361081575855611033e-18,1.515569628660732637e-31,4.736882239375356889e-27,1.972410789457880667e-30,2.741079466905576283e-20,2.812044276904667131e-26,6.544297570702325203e-30,4.027603566626499711e-24,6.077012346452639857e-27,5.675401551500867724e-29,2.184177652141382884e-31,1.336757576120824290e-29,1.306668576396771018e-27,2.310075577985269640e-27,1.759489494261629681e-29,3.290592838539738617e-28,6.491460271001496824e-27,7.020671209895467647e-24,3.032377871456155459e-28,3.747931369841302147e-28,1.141220116497348547e-27,2.123765170627456438e-29,1.115722722193465091e-18,2.335014060001706390e-24,2.032757386347044235e-26,6.623213817485891553e-29,2.791298778828768656e-26,1.039728919404153804e-22,2.745970802579682671e-28,6.803150913818664343e-27,1.740360312907875883e-15,1.779583951775909449e-31,7.725557127417510463e-27,4.309742550820442896e-27,1.820177198190883695e-25,2.552825304920553347e-27,1.837346014474445275e-23,5.044774253421894912e-27,2.395454860036184117e-18,4.928362820964544534e-24,7.047405555742852815e-25,2.267696602589886409e-27,6.317780393679904845e-27,5.197074236176511603e-30,5.653731268823929789e-28,3.305344580168876457e-28,7.003979704392459491e-31,8.604606638799620466e-27,2.771037519267340509e-25,5.457561439039252931e-25,1.799446903603146035e-27,6.547992501570627644e-32,1.731765340174554522e-27,3.674036607756179237e-24,2.212733513121296566e-27,0.000000000000000000e+00,5.228480497210512958e-27,3.253160671185497268e-29,1.335672975542330825e-18,9.022726407377233900e-23,1.790132349410631157e-30,8.812468350153855867e-23,3.042105267459015633e-26,2.941034197032809091e-27,2.531191295823684537e-31,2.492079234886494981e-24,7.522365831824236092e-29,2.412939017142370146e-27,2.679175122741464385e-26,2.248147586976477182e-27,2.207263240759969829e-26,3.472989421673310026e-25,3.339630521944780563e-27,5.646487632633293838e-31,1.935794165335405346e-26,1.240336971220237694e-31,4.047177942719298637e-24,7.700718676111243037e-29,5.819440007131255438e-27,6.482442170902249803e-24,6.404859961453660771e-19,4.715060601372815153e-28,4.164465238281577558e-30,2.976302384358900197e-26,4.645153092221865562e-31,4.855282543562228588e-20,2.489719458935772252e-27,1.808030733566711776e-27,1.962114537263489011e-25,2.006280936015165143e-26,1.875827787274928654e-25,5.888636698931117092e-30,1.833896399439953844e-30,1.941150024596241284e-23,4.407352592856942907e-32,1.295631868754734541e-19,2.261899108465817824e-27,8.203009226659540874e-30,5.527336459443363367e-28,3.305793858577968641e-27,4.919252232502619883e-25,4.443370106918229137e-27,2.035643541665803067e-25,3.899482600798751635e-26,4.562789930581811519e-32,5.903444083454515847e-32,5.284027758845903504e-27,1.484421062606893168e-24,6.059799231171595502e-27,4.306982536418412734e-29,8.313628796897078910e-24,1.198778219034307096e-29,7.760859636696283730e-23,6.780617252180080246e-27,7.639941820982374065e-27,5.309201035927797477e-27,3.051393612787838247e-23,3.501407984301049866e-32,4.529950448239528644e-30,5.519060295247527610e-31,1.689951593318781260e-29,2.807381063534077631e-26,5.419068222111800229e-30,1.145053323570575339e-27,1.083394375889362595e-27,2.285108238553463545e-25,7.854476669903233290e-27,6.501555508775717289e-29,2.730012163477485976e-27,9.711658762260787171e-27,6.146511185829452430e-27,1.488694394523896755e-29
6.338584742573514751e-29,3.124682797091465759e-26,1.544633619201724526e-32,5.818022783032171142e-26,3.333989551297875370e-32,5.080592375576731170e-27,1.426915060650189823e-26,3.328497417933128288e-29,1.022062266860220646e-28,1.822777164125035733e-30,4.565622188033417089e-27,5.903407947188377858e-28,5.964015019496700974e-29,7.186392968405530212e-28,7.271983457575857699e-27,8.979905946358380974e-27,4.306549161648183675e-30,1.474728245408310237e-28,1.062166220308365411e-28,1.106741019245773278e-30,1.097225980810391577e-26,5.315834322142663642e-27,1.244564044906189889e-28,6.264503314077875577e-27,3.317610414908694520e-20,3.181637717130349708e-26,1.018789569690509825e-21,2.542912807739268831e-29,2.852181049752030745e-26,1.647755435752736626e-27,2.698678923403433907e-28,5.247042972171672475e-29,3.342640723191217580e-23,6.634542560127687361e-27,4.723775396006229368e-29,3.373676587387499294e-32,6.407186234752437886e-26,6.942219508309956238e-28,2.054832266092020556e-26,1.398273237495046197e-22,2.847141782356051570e-29,1.827830321339995990e-30,1.300406673064345718e-26,1.840728075311504963e-31,1.724150143341727537e-31,4.249986821326071028e-22,2.589141470121969828e-29,5.515498185756690202e-27,2.206285646690809914e-28,3.920145044533776854e-28,3.161613836363109958e-22,1.306645727086810889e-31,5.929056655518837650e-26,1.365280251015454461e-27,2.020394852611294497e-11,1.862541299344841242e-24,1.744967871162121991e-28,1.420270399285330551e-29,3.443339650470141043e-27,4.289644085601427514e-28,2.978788814368495208e-26,3.045379258496752212e-32,4.068283824504583197e-27,1.741411909796295929e-30,6.938751949688009239e-27,3.598849268206329528e-30,1.388698327411397835e-29,7.371336415698052269e-24,1.609393502513358245e-29,6.575853215450759396e-22,5.980890332281174130e-32,1.071276321819651957e-28,8.514091851362659152e-29,8.096742620481024564e-27,1.096531936897412901e-28,3.557722019507611091e-28,3.542806772617900423e-27,1.740994587241250168e-23,1.298984223524673846e-28,3.992625891200254245e-28,4.805118115924394731e-28,2.170250155095596777e-28,6.667393042726583731e-27,8.327796456300882474e-26,2.857535540003588284e-30,2.508401072781597518e-29,1.736126285169443602e-26,1.968921293184622700e-28,1.817840791484999756e-27,2.312206813803148019e-29,3.339526629772410616e-27,3.591935571792871852e-32,3.052677065371543415e-27,1.368630747806556632e-27,6.395932487380348312e-27,1.026241506251834038e-26,1.650204570538037285e-26,3.021150185598276979e-19,7.199343363121124963e-27,1.412386974823132742e-25,4.354784167702318678e-26,7.253809899201822386e-27,1.059288517635696785e-26,1.419141655013761778e-29,2.431439709835713079e-28,2.238150608748467415e-27,2.254247927299475466e-31,3.903718811667209851e-27,1.963913764173735523e-28,3.741499723363094439e-20,3.795245067392005146e-28,1.082260039072866392e-32,2.556954902167075581e-28,5.707934819354133907e-24,9.277836165749718434e-27,5.228480497210512958e-27,0.000000000000000000e+00,3.586683347896712977e-29,7.003823217830277338e-27,1.643622465680679846e-28,1.181447323057200178e-30,1.563821556862729332e-28,8.028451444859300861e-26,3.700516866371587836e-29,5.895921773190851841e-32,3.332560186052538963e-26,2.549219533512318534e-29,5.207490321470964377e-28,3.471470976225340263e-30,5.752436158365238511e-27,4.889083039525129908e-26,2.320670951295227578e-28,2.575766392260321598e-29,1.793793999779571654e-31,4.233089611871389657e-26,3.057498515974309524e-32,8.663324533042854228e-23,9.747193220882848487e-22,9.688902675528520786e-27,1.026060640385011070e-27,5.119424967579109445e-27,1.048067263942169555e-28,3.467486197355071888e-30,5.305770654386238708e-26,1.459666075872067734e-31,2.998356802935521732e-25,3.586469051117425731e-20,6.276466582007761550e-28,6.454114336719956706e-27,5.190226284741666193e-26,6.375672528835888124e-27,1.285853819346222905e-29,5.975804694228067723e-31,7.878954743971162832e-24,7.376014228873427780e-33,2.714567731917376528e-25,2.365215237132909466e-29,1.635370453834438619e-30,1.291297602052642968e-28,2.662547709811083512e-05,4.279791361121155825e-26,2.093080842028997508e-11,7.872174138719723434e-27,1.260270057546816506e-25,6.606077375522524795e-33,9.804192648617360421e-33,4.571851482318711250e-27,1.621282297457884828e-24,7.220229428560749173e-27,3.320941645632338098e-28,1.254201769689525303e-25,6.772058759949052349e-29,1.468307506487936873e-28,1.650438574119676873e-27,1.082807955860691658e-26,1.061804538353422872e-27,6.795547747388213761e-24,6.318626001950010965e-33,1.136842313771358851e-29,2.132718281245338199e-31,1.790329966409520675e-28,4.752887523583743082e-26,1.277837010358741807e-29,6.944226272539840300e-29,1.017899127912233956e-28,2.206156300308056747e-28,3.452807118773619586e-27,2.692285796094848994e-29,8.216248274709033718e-28,5.314218649845758782e-27,2.174314837331600433e-29,8.060960677389293658e-29
1.388409260850639038e-28,5.501420354963338422e-24,2.533388344764214044e-32,2.595183965036877504e-25,8.962827202717889479e-32,5.024242072588559396e-29,2.893331186621208465e-29,9.847641582242986959e-28,8.768391255735927818e-32,4.919855553132357007e-26,3.290726808537364721e-29,1.160117765117804682e-27,1.386976525812915882e-29,1.426610951249989972e-29,4.697972202619133016e-26,3.617777818961538472e-21,6.385378414229740099e-32,4.417218490511015866e-27,2.435129986992621827e-29,1.341550435495524946e-26,5.653056785589647956e-29,7.405355718379186694e-25,9.479164414980985501e-32,7.070935524273684093e-29,1.864333904304885717e-26,1.433338155139327762e-28,1.641624786696768933e-25,2.053917939895507858e-09,1.906473538787755427e-24,2.306043579893386770e-31,9.544751317361792278e-32,1.699878389857490030e-29,5.885991643886080897e-27,3.746668172712474932e-25,2.119962497976053288e-29,1.410449311256929018e-31,2.410778107739368457e-26,2.022743125854659906e-31,1.786159477481415053e-23,7.947643285184811274e-27,2.053087016810252541e-09,4.253877937319159341e-30,2.499777222632158007e-25,5.651386118085356398e-31,7.225453398425375438e-31,1.018008489443008921e-30,2.646123078601981033e-32,2.048329788760927931e-25,5.026354271981451231e-30,3.751765743931362345e-24,1.708046175687844189e-25,1.151586090479746889e-30,4.168862995681088344e-26,1.246902531501932847e-26,4.048936116172490080e-29,5.751156805248408323e-28,5.546775208616406180e-31,8.271724146219592700e-29,2.563704451016725912e-29,2.414440126742913838e-24,1.620438012320775008e-28,7.510884866157516784e-32,7.805429427043443729e-23,6.330943881585731190e-26,5.478790378666502265e-29,5.409425978638325916e-32,8.922450950139441661e-29,2.180564328752241282e-27,2.793929493699656648e-32,8.682148832988441254e-31,2.732249704325845705e-31,6.804090467502460045e-30,5.654330257869882097e-32,7.570990452225509225e-27,1.017054583237151710e-29,1.028619535132645708e-31,2.210726770564798742e-25,4.434078407104223414e-27,3.354188707575239560e-27,1.045217556970990639e-31,1.709577130464040677e-31,6.380958126642840323e-30,4.561234175015324575e-29,7.916551909810771623e-29,4.295827990522346560e-32,6.772457572445852277e-28,4.743910092724240604e-24,1.632743310380814914e-30,2.637104604404285365e-31,3.867738133750364157e-32,2.595670490883117132e-29,1.392062665325507043e-31,2.805978493976325685e-25,1.772363079735096085e-26,7.127025577979483515e-30,7.018214680959517453e-27,3.232572647474862407e-29,7.265684814592534519e-29,5.113071867822490052e-29,1.280201941707035606e-28,3.541260239369031639e-29,7.888494731927479608e-27,1.624743281611534805e-25,6.718259721231450390e-29,8.323141131202997832e-32,3.985745144244648274e-31,1.899907759443082949e-30,3.850236696007410051e-25,5.051242681137658703e-31,1.831716800557390983e-26,1.221971306134160232e-27,2.024830134181175330e-32,1.436022886363688251e-31,1.830323036330280582e-27,7.243137202569308320e-27,3.253160671185497268e-29,3.586683347896712977e-29,0.000000000000000000e+00,4.791540429216647483e-29,1.539750758775404443e-30,1.008264981612074256e-26,1.634611912026754266e-30,1.300461774263366372e-25,4.145932684373349064e-32,2.350913187020765633e-31,4.107457678523192501e-29,7.580262260273289071e-28,1.679272105942804260e-27,5.159866635079739615e-32,5.295217991376996692e-26,1.402079901286562341e-25,6.517614616869225815e-31,3.328520903981958605e-32,4.105184740207302622e-30,3.058021715736527080e-25,6.497036744126538383e-32,7.167228120417494889e-27,1.026517177088084095e-30,2.024921907946179619e-25,1.942955254252464218e-29,4.233433398805769350e-29,4.556321521896535251e-28,5.413144767910646540e-26,1.695655407365965195e-24,1.218520346140968061e-30,1.147582093088265166e-27,4.732773133438111625e-29,3.789965354210785359e-27,6.654646920997537862e-30,1.501825283580864437e-25,6.228199680602389718e-30,8.384705462117888875e-29,1.379421984554519090e-29,3.460653876716821316e-27,1.289842205471157505e-32,8.916758257347891596e-28,2.841872050660185641e-32,3.685116630681449721e-30,4.858295171576414697e-28,4.382929464861178165e-29,3.176953891251371390e-29,3.404816222023976161e-29,6.897246229137179696e-30,1.336521380306297660e-25,1.211614764473263425e-32,1.801941650362512628e-32,6.336731398923309244e-23,4.919235189200783763e-28,1.539892100723181485e-03,2.036976995589792527e-29,1.627968134050845696e-28,9.153401796101122409e-30,1.301013135601834921e-30,1.134740956064124014e-26,1.377819855915022677e-25,5.603651268187581978e-27,4.938531280685588012e-27,9.206402294830070460e-33,7.784611038971863699e-29,4.385211547075415819e-30,5.993825098607865849e-30,2.039382779350002615e-24,1.053194685198469058e-28,5.544147879201951854e-32,6.996402550971133520e-32,5.486357210175888423e-31,2.193016547536361384e-25,8.091546138467803786e-28,4.641037189079775533e-27,6.808523261644848903e-25,3.811155696122567024e-32,1.002871192734265057e-29
4.712933916794939930e-28,3.166000257067342678e-26,1.168391203491595091e-31,3.341535595959694077e-26,2.485814715568668293e-31,4.104177500104559816e-20,1.827312518817441503e-23,1.215216096798727399e-28,2.123442113026816014e-27,2.809282856503975001e-30,3.826280839201974475e-18,4.997160560547359291e-27,1.740363912998243685e-29,1.225485205186149106e-23,4.457087159542114885e-27,1.348944241787991849e-26,1.142876128315102936e-25,5.279158325877375303e-28,3.603376826289570853e-29,2.533323635079756113e-30,3.049132749466327826e-10,1.641704148835298458e-26,1.100422251960642059e-27,2.072072142616155205e-17,7.289477897433972675e-25,1.656223737651855149e-18,3.113641538247325740e-24,3.773006473419909793e-29,2.570791896594782623e-26,2.347474070619858213e-28,5.799828078990765437e-28,1.620797253783610367e-29,8.748459070423633254e-24,2.357210810378186313e-26,1.976326082709748375e-29,2.613264498694333485e-31,1.923937517766094976e-26,7.578785549322485067e-28,5.201905748053537078e-26,4.638510089719985358e-24,4.289592620794720825e-29,1.318016966003219362e-29,9.164903430095549319e-27,1.075373900299297467e-30,1.028564962697442850e-30,7.335822647625981038e-29,2.908236704111168075e-27,1.479745266705092288e-26,2.676382181306005821e-29,7.464598596338231264e-28,3.217452389575167451e-24,6.391689088863637960e-31,2.524042896944783595e-26,5.608740136637592584e-27,6.661493102776883519e-27,1.730095621845531209e-24,3.996675975705326604e-25,8.205746823535452561e-30,1.328737782287540063e-18,8.222132709931252501e-28,1.532126151718218189e-18,2.421755256945210003e-31,7.034156813322320872e-27,2.967172849997405712e-30,2.155530807899470801e-19,6.995490350726847372e-26,8.170174555701444807e-30,4.619430589934156889e-24,6.676035464778112797e-27,6.794731228950609051e-29,3.631466184374704222e-31,2.153394936044221795e-29,1.927479448491984640e-27,3.307216271679304199e-27,2.735920322832393422e-29,4.533173532452632134e-28,9.569917317802579218e-27,9.516653541713571223e-24,4.893445812177140880e-28,5.224465798743150930e-28,1.605732450001481839e-27,2.850672152974619507e-29,2.588645867931429530e-16,2.921971033591212778e-24,5.917760665351860106e-26,8.760751073497538095e-29,3.746207962970614815e-26,1.188183961441418896e-21,3.349697904750461818e-28,7.559977438428971956e-27,1.620458019649756181e-18,2.306168921884661217e-31,1.009030357379668956e-26,6.486486850040083758e-27,1.883688408919016686e-25,3.404235301306258078e-27,1.792876921225293182e-23,7.769497840962123200e-27,2.247561920120204781e-16,5.957221029095912713e-24,8.187698162394759600e-25,3.261259566543224723e-27,7.707377254294377292e-27,7.926790386425874845e-30,6.612324047645375363e-28,5.067665028009451887e-28,9.408769018449449027e-31,1.070999898320711689e-26,3.342923163972436359e-25,7.291232797756601265e-25,2.504428848327197146e-27,9.203352202203494007e-32,2.407447223484872570e-27,4.636759290408465579e-24,3.087951306602327719e-27,1.335672975542330825e-18,7.003823217830277338e-27,4.791540429216647483e-29,0.000000000000000000e+00,8.400426960956036206e-22,2.482066172806028163e-30,9.123848310481050423e-22,4.148824069851666288e-26,3.326418897762993272e-27,3.992213163122491264e-31,3.309050087534864345e-24,9.664374660786520868e-29,3.718166817598126016e-27,8.720804909002356752e-26,3.723781522720868646e-27,2.916653534144504230e-26,2.788908037795369492e-25,4.269068665767007943e-27,7.192021284231874596e-31,2.678863547328768731e-26,1.818972675660075496e-31,4.186950521651568539e-24,1.034608316647253318e-28,8.670284781397478135e-27,1.541745418421793985e-23,3.481489230542608273e-17,6.834033349479456429e-28,6.313120533391413730e-30,4.214640849210637200e-26,6.938599441719448171e-31,3.227338576747389919e-20,3.606364008872789229e-27,2.773952112862386188e-27,2.294868189212011256e-25,2.533526922314420463e-26,2.202475078222067506e-25,7.934111790626973656e-30,2.439089187623538218e-30,1.672973034928471973e-23,5.759523874751568234e-32,1.088506265381534937e-19,2.825778215083611695e-27,1.193141844827101619e-29,7.703863910447982669e-28,4.253040737981047541e-27,5.852849316349618397e-25,6.291220438025088315e-27,1.699393960922468786e-25,5.051167188847550196e-26,5.681746538072792792e-32,8.258364746620808202e-32,6.638928507632515164e-27,1.742339644949142118e-24,8.764862421542280211e-27,6.226337849558284570e-29,9.398587264890815663e-24,2.018153012927521861e-29,8.425167703951735073e-22,9.650711698687898754e-27,9.483524258959818037e-27,6.175271445657507488e-27,2.983416416024446797e-23,5.078717531443964266e-32,6.707139850966935281e-30,8.280636700116972549e-31,2.569673816238227960e-29,3.638338219309041582e-26,8.162725002448677723e-30,1.502122505554067855e-27,1.073342145972859064e-27,2.271873420387597702e-25,1.066143039740123174e-26,9.618759472719378345e-29,3.993114685371884268e-27,1.489412465235970725e-26,6.135918604356884397e-27,2.134733997017315927e-29
1.696159006278760330e-29,1.042440827426797308e-27,4.329941613215887000e-33,9.907041577692563279e-28,9.048940588095273651e-33,1.302000956156594450e-17,2.244303098772255499e-25,4.200953389673626773e-30,3.218448934587816011e-29,9.125514420808256849e-32,1.541166729195105104e-22,1.708793065956656506e-28,5.362160916254926771e-31,4.207315119838298286e-24,1.402531450393758019e-28,4.269371681616609653e-28,2.847495761520208624e-26,1.840599874590972070e-29,9.438280485653933102e-31,8.097441060240590564e-32,7.275367731291267971e-22,5.245538650704983307e-28,1.779096769394506091e-29,4.182266732402882815e-21,1.927695865884231478e-26,2.543467711293173370e-22,7.746285312207093258e-26,1.176887601538307703e-30,8.622406463878278136e-28,4.983536129384919984e-30,9.885560803068473045e-30,4.905630023767170689e-31,1.803589945926937253e-25,8.140829591702579814e-28,5.293053207092777199e-31,9.833777864787413993e-33,5.739642608336939253e-28,1.350467874368029919e-29,1.803463708815338415e-27,8.622302763721420580e-26,1.392431085274355810e-30,4.887632591367635911e-31,2.779292811370623998e-28,3.805810218568260073e-32,3.616469002999866673e-32,1.942187838251319312e-30,4.060718781853862722e-29,5.301001554906077713e-28,7.217558634293756255e-31,2.581189127153126572e-29,7.755226391472473081e-26,2.205620981632703283e-32,7.203292472692333674e-28,1.993755545589330946e-28,1.511704456440973934e-28,3.154759034216140630e-26,5.070785933283840914e-27,2.525961626828017358e-31,1.234969197157291674e-22,2.949999408297743717e-29,2.257871712646895767e-22,8.581748649568578163e-33,2.322122407905084846e-28,9.630547205572351901e-32,6.682924040607982431e-18,1.994187559058263804e-26,2.804475489441561533e-31,8.828107426196685659e-26,8.503720772874845255e-29,1.693285775321183827e-30,1.280706242419602413e-32,5.666528640731529811e-31,2.983254288898645742e-29,1.053583005740572987e-28,7.339590333671541457e-31,7.885424653242006819e-30,3.390542667721654204e-28,1.854302393973936329e-25,1.614814222385144865e-29,9.702404576852794532e-30,2.561471208533776554e-29,7.754006535167388779e-31,1.527735026213791132e-21,4.041075159756397877e-26,1.730434569036981801e-26,3.304356833653071791e-30,1.327793112537824094e-27,4.290892566528033007e-13,6.033396166421947425e-30,1.030189090891519670e-28,1.352016466897207928e-22,9.333722742792101236e-33,3.750218836617407062e-28,2.226203355946658307e-28,2.820915122798707345e-27,1.036342164828452782e-28,2.479934891486517818e-25,1.657476589301152714e-28,9.157065784119332904e-22,8.772055814125876861e-26,1.332985059154121460e-26,9.717359243298857914e-29,2.671444477827994676e-28,2.374948272080990113e-31,1.185218386980488716e-29,9.198164341540912434e-30,3.734608059894342284e-32,3.679813662805198682e-28,4.207707781018028601e-27,1.938448720108405117e-26,9.477040533106587355e-29,3.295914960661629503e-33,3.791265059350899388e-29,8.148203849870397397e-26,9.696577454136105574e-29,9.022726407377233900e-23,1.643622465680679846e-28,1.539750758775404443e-30,8.400426960956036206e-22,0.000000000000000000e+00,8.404282241398258578e-32,5.665893089291301046e-07,1.222518105291733651e-27,5.130304214108588411e-29,1.396541700871436435e-32,4.707771788584469425e-26,3.584640306839784159e-30,1.368238660861013659e-28,2.362529704019079689e-26,1.041628110007286852e-28,8.382074603567878371e-28,3.628360930096681683e-27,5.699277854428325874e-29,2.635684106947791012e-32,8.206422323203095789e-28,7.006663007675588915e-33,8.694521398839757182e-26,2.413012188916616726e-30,2.619051358333802382e-28,4.807078821878836255e-24,1.803097942500810634e-21,2.421089539240938087e-29,2.045637621630654760e-31,1.272894210796428152e-27,2.511796614748519758e-32,1.142400702791299776e-22,8.354450768595471044e-29,1.012578274465338902e-28,3.307263870784596427e-27,7.641909626471368551e-28,3.346947045292447650e-27,2.484958514987205516e-31,8.157565298338951253e-32,2.894902422050274140e-25,2.105018493102845384e-33,2.075240599980081220e-22,4.086884009267912728e-29,4.418479420954851538e-31,2.854863339572254300e-29,1.106586104241645567e-28,8.780191184816876242e-27,1.371674196596966469e-28,2.905690837080558675e-27,1.523066964896211601e-27,2.181560764931293181e-33,3.218205567644078791e-33,2.372246422158182140e-28,3.263682302749604980e-26,2.704797942070847368e-28,1.737804526449867066e-30,1.454869002752065787e-25,5.549385808444313991e-31,4.320452908580302379e-13,3.321527629219609031e-28,2.931417573311978254e-28,2.484322889222950117e-28,5.155857149536793699e-25,1.905249065372745815e-33,2.059785778418591587e-31,2.984125411638480288e-32,6.885746228292763574e-31,1.231076332472797863e-27,2.327818558300153123e-31,2.110958919198665408e-29,1.899018857141870280e-29,3.071399312878345028e-27,3.522906471918783559e-28,3.396105805713769933e-30,1.460683689350672901e-28,5.015863493750578960e-28,8.271621233961737916e-29,6.096757555709773928e-31
1.839660102015237432e-29,5.669536808243975981e-26,3.187825150924820589e-33,2.662561663938731630e-27,1.335873703197048895e-32,2.810686839003331072e-30,1.482743510289565294e-30,5.966373203378517177e-28,3.943041992253006897e-33,1.342717845159141830e-24,1.715770826687588808e-30,1.750326461231220838e-28,1.930940492953637216e-31,8.085563981632568451e-31,4.554823193957690337e-28,2.024358505778881496e-22,3.405781013648040905e-33,2.261339116273894173e-27,3.281844727935015842e-31,4.021330380506353830e-01,2.853813250740595583e-30,6.655507530376631745e-25,4.405855645995744793e-33,3.980183141415652318e-30,5.027981252218901604e-28,7.333870514660207728e-30,3.826347787291379792e-27,4.583442236745650811e-27,1.801521415614269979e-26,9.460156310415845720e-33,4.420925153592543643e-33,2.183410983027056065e-31,2.165994607625866796e-28,2.638005417575047440e-25,2.876913694161933685e-31,2.481054789792215696e-32,2.953993040835979284e-28,7.933883116425686853e-33,3.382845009536582671e-23,3.061453755865993631e-28,3.518846161638177325e-27,6.322787418886376623e-31,2.503659095382976652e-27,9.464408271554355901e-32,1.425428309668932661e-31,3.119183570583330010e-32,1.219082848500386885e-33,1.331853805105328026e-25,8.940651202222180492e-32,5.098755179655032039e-16,3.540436552958226147e-27,3.037832528852756140e-31,5.087914640087452505e-28,3.902020620682377681e-27,1.431217044230234730e-30,2.239342167753873705e-29,2.763912655668410747e-32,8.519199403796147111e-31,1.451173936445947793e-30,5.199168507940618167e-16,8.601286064784226053e-30,1.102485596207148620e-32,8.665717044500863933e-21,1.426000845666672299e-24,3.006041451542203184e-30,2.994839734637794862e-33,8.936036143382820749e-31,9.816039140444708581e-29,1.476569440390159900e-33,2.707865571527653773e-32,4.527325629744006874e-32,1.001661525977748541e-31,2.465833721022399666e-33,8.381651581852095681e-29,1.531527742435146407e-31,4.300181555253394064e-33,1.786436263574248643e-25,1.703364381738772757e-28,1.873480407694843523e-27,4.207972735819092033e-33,7.326099263489554596e-33,1.130749096614028893e-31,2.468094653587164947e-30,3.738523741574459820e-30,2.393335393944769036e-33,4.249341456409215599e-28,4.747943113805716762e-24,7.776270868159294766e-32,1.103295039412108610e-32,1.993366359063459780e-33,1.500597806236704639e-30,2.372741878459142902e-32,2.399182739448965883e-25,5.654923195452781788e-27,3.315851856577564616e-31,8.040379362998130770e-29,1.546300619764282687e-30,2.268174784303887036e-30,2.671317316789465612e-30,5.984340472299594871e-30,1.637428753983036388e-30,9.320124919306986920e-29,1.708329716623477325e-27,6.647388635863864518e-31,3.730870656726897674e-33,1.488878153891531135e-32,4.736820697831908544e-31,3.069294232299536731e-25,2.501488670370144032e-32,4.724638661857951487e-28,1.981616085202353947e-28,2.667646775162366717e-33,6.493944312472278727e-33,7.605855236255633855e-29,8.155631128561891988e-29,1.790132349410631157e-30,1.181447323057200178e-30,1.008264981612074256e-26,2.482066172806028163e-30,8.404282241398258578e-32,0.000000000000000000e+00,8.376523509684498510e-32,1.461459490261125209e-27,1.898466914070227113e-33,4.320621990378321537e-32,1.819464143769116923e-30,4.664325638677009419e-28,2.680277085648239554e-28,2.812879336561216947e-33,4.914292055034166617e-28,1.570441275727579815e-27,3.466000453809340711e-32,1.576226843778054857e-33,2.108453160681337194e-30,3.010466515243172315e-27,9.614014760095274844e-33,2.887315965918607297e-28,3.294688338901944052e-32,2.115944862910240704e-27,1.144133960969415129e-30,2.436368453605476993e-30,8.224101098225041773e-29,3.988020343923786570e-01,1.639948953310964507e-26,3.473037592277573758e-31,5.780456453139384057e-29,1.444687114296877670e-30,9.128469140149196508e-28,3.061452953308835277e-31,1.464747465643871220e-27,3.049920243877001426e-31,8.424477515049044728e-31,7.813321129069815826e-30,1.725828072338107420e-28,1.665050564390139584e-33,4.686972994438193355e-29,1.351732557373586440e-33,5.274323333213597747e-31,8.268180643242372380e-29,1.347651557132630534e-30,1.509335710435074252e-30,1.142375309470757310e-30,3.506589468490750512e-31,1.461269036799385292e-27,1.633467163006717829e-33,2.451236760851560444e-33,1.403379673847004869e-20,2.027770174597237050e-29,1.600351183041573892e-23,3.157560201788804452e-31,7.484175498272190834e-30,1.371263013924953864e-31,6.436264568320388458e-32,2.613965762954463997e-27,1.475515806753826360e-27,1.165660982509433778e-27,2.380151138442745806e-28,1.248616438248562616e-33,7.704719921179512120e-31,2.034435275256150363e-30,9.477349348000156256e-32,2.107519094653173930e-26,1.005115693269379373e-30,2.542838900432795538e-33,3.293449972134027650e-33,2.591592932834977821e-32,1.589806926784054233e-25,4.857773451643396199e-28,9.801482971053035136e-28,5.706782904233821827e-25,1.919292468153594358e-33,1.468697054218170389e-31
1.797276615783106282e-29,9.938295322016492129e-28,4.116153051388280411e-33,9.372603232883127434e-28,8.747030733191429196e-33,1.028258313803141924e-17,2.272090721264304216e-25,4.184715516679267281e-30,3.147796038911668797e-29,9.149867351859508723e-32,1.629552295130963246e-22,1.656972875804922322e-28,4.924399312119265383e-31,2.849233352752974537e-24,1.352426483605626290e-28,4.526603627707151536e-28,2.055524360863643854e-26,1.900276212854855211e-29,9.951147750402623470e-31,8.677175828210574352e-32,7.407732523546500885e-22,5.282536767300346415e-28,1.810089078814997256e-29,4.110107439222964478e-21,1.798676731325389412e-26,2.654637774237893383e-22,7.724602294933646390e-26,1.182847855942272996e-30,8.638472768188767610e-28,5.087482769974387367e-30,9.318330415651140228e-30,4.897398426528716320e-31,1.730617679277924397e-25,8.137261733396361306e-28,5.373161762266992064e-31,9.524537561331321811e-33,5.232279341371235890e-28,1.385471745863881160e-29,1.740223882707723180e-27,9.664337153300495221e-26,1.412472267329919596e-30,4.659077909290542166e-31,2.636661047358065359e-28,3.601842972281149248e-32,3.614072398839297706e-32,1.926679759802870563e-30,4.016275197639233905e-29,5.107467406980787100e-28,6.959501136541576138e-31,2.538910298438188112e-29,7.958409982384099463e-26,2.142671852004216422e-32,7.259858520724889862e-28,2.021762625678510565e-28,1.448369110675280486e-28,3.159851624406874083e-26,5.512403136403877553e-27,2.454677620852874414e-31,1.256674767900500463e-22,2.902279662746667097e-29,2.382437306128543634e-22,8.368193087659954833e-33,2.221039223071329636e-28,9.479256574938448144e-32,4.953915078900831472e-18,1.341867944362890586e-26,2.586842923483702104e-31,9.497638306977647166e-26,8.501173756872621368e-29,1.743005225409996136e-30,1.337173691210213351e-32,5.756894473679691690e-31,2.840624726997299993e-29,9.715588055721216897e-29,7.233924060098713812e-31,7.852153180235653781e-30,3.162928756818840490e-28,1.942718607673223943e-25,1.649700792541368513e-29,8.971874085134298356e-30,2.610244256762277725e-29,7.848063874277866417e-31,1.466060851161446774e-21,4.295551524134781936e-26,1.217248371456020895e-26,3.004185572052235283e-30,1.267358719067323345e-27,4.382554268946213241e-13,5.887447896625892027e-30,9.901266804070828418e-29,1.401871144208188744e-22,9.080700890757439210e-33,3.551688919750872698e-28,2.296820686839464233e-28,3.075343873650005881e-27,1.034185518896403214e-28,2.284123038711844536e-25,1.709763087550659801e-28,8.938638538471558996e-22,8.519542344382852819e-26,1.441394707178938506e-26,9.886726120729308703e-29,2.452309320166466301e-28,2.272207888411438583e-31,1.104286107909494318e-29,1.026484729176892558e-29,3.593746258703812643e-32,3.648813562946376438e-28,4.562294341931638129e-27,1.876963891435301709e-26,9.201335221489152481e-29,3.270949715317430188e-33,3.817829007367133502e-29,8.739521602148652126e-26,9.097498832575322606e-29,8.812468350153855867e-23,1.563821556862729332e-28,1.634611912026754266e-30,9.123848310481050423e-22,5.665893089291301046e-07,8.376523509684498510e-32,0.000000000000000000e+00,1.175921923289826228e-27,4.783407107183059076e-29,1.352272273182107122e-32,5.108851152963217411e-26,3.306010802918912695e-30,1.378107018008441196e-28,1.759653669167703364e-26,1.102162110161819234e-28,8.360312150188339410e-28,3.854286578818424395e-27,5.777794165814060197e-29,2.644831845364906850e-32,7.665768624176483709e-28,6.885139429200003880e-33,8.482442691249325004e-26,2.530798889313691051e-30,2.603553559329597262e-28,3.350662333671410198e-24,1.764463627268792960e-21,2.417385324458180552e-29,2.096563455433456264e-31,1.309599267158723595e-27,2.336223718548200267e-32,1.223327723551653823e-22,8.600031302052588448e-29,9.472712068821110915e-29,3.443413393340088023e-27,7.626569374067838080e-28,3.341921942137021626e-27,2.482345600309786117e-31,8.003073264353612833e-32,2.799165942491863817e-25,2.147534131198775174e-33,2.223471592637640376e-22,4.003267131121864173e-29,4.262459906289870750e-31,2.764719371103472236e-29,1.016484657139939164e-28,9.040617577324998550e-27,1.525713292648170242e-28,2.674201487622462848e-27,1.475164912030941692e-27,2.156460484720671875e-33,3.084819237872565114e-33,2.325415253130207118e-28,3.428598010719901009e-26,2.643548749518444314e-28,1.785180030063644355e-30,1.553544437145392663e-25,5.467894778535471720e-31,4.408990381418372447e-13,3.458077789140749408e-28,2.933829193948064602e-28,2.344450242820800039e-28,5.741766193372680277e-25,1.816002191271451908e-33,1.956824109661339005e-31,2.930729697545267540e-32,6.991402929386030683e-31,1.132261193647906187e-27,2.231955468986269594e-31,2.159744740105934787e-29,1.762963428525412916e-29,3.216250798339962043e-27,3.657352904361788310e-28,3.323913012470455454e-30,1.381192005728841813e-28,4.820815609650625258e-28,8.079577001224924021e-29,6.012890041381994305e-31
1.107715668149191883e-26,3.695999500261391445e-21,2.504079005063309420e-30,1.236368383891335384e-19,8.155364616521909054e-30,3.520542754664746363e-26,2.972140989156719157e-26,1.767589457694792542e-26,8.425819174145112366e-29,2.853203139080703306e-27,2.539476182373700460e-26,1.297637966409814280e-25,1.356912141617030244e-23,8.210589870986316760e-27,1.148897727560801589e-20,1.897455806363950006e-23,3.925413063407123772e-29,7.236484619541313904e-26,7.364991979176734957e-24,1.611398078822494373e-27,4.827917541122021551e-26,4.422026371166014457e-24,9.286447220073913299e-29,4.396382326795758702e-26,9.631765459210295715e-23,1.331660387456974971e-25,1.637132923386429378e-21,1.360375307199373639e-25,7.399125491633534965e-21,3.147502227334140697e-28,1.367336639002529288e-28,1.222334368928209064e-23,1.103625069995629523e-23,4.164220521660856946e-24,1.717237320724259336e-23,9.716304671081374367e-30,3.657366840783932416e-20,2.894223093842796089e-28,2.126292802311889044e-23,1.424001580300931529e-23,1.716557416075315423e-25,4.007510620411227485e-28,9.347202141853925272e-21,4.189745611873799188e-29,4.667127412998071316e-29,2.586580798288898344e-27,2.995755191652496027e-29,2.448173630712247922e-24,5.310679055380690490e-25,5.700540488496693990e-25,2.843693537998881301e-21,5.138236861192004307e-29,1.118915875694015043e-19,4.364749670078737699e-25,1.015170223083901341e-25,6.698960246189565900e-25,4.286008348590582591e-28,1.705435869734798161e-23,2.005450258164677609e-26,5.128451237366896416e-25,1.267518011052324312e-25,7.070970664258810650e-30,6.121564123814224895e-24,3.188111999098699984e-27,4.489302249465526920e-26,3.332048833891898283e-29,1.682852152947141916e-23,2.493251583711064879e-24,2.930546875661961747e-29,1.973406670110965354e-27,1.524191176951242586e-29,1.013354293327875692e-24,6.955741032827717116e-29,3.771062219112957300e-17,1.856762279147061575e-24,1.474657421179539888e-28,2.206776309806246149e-24,5.898487184344841354e-24,6.597040964661140316e-26,1.659156222716352132e-28,2.062309855121278655e-28,5.322167900167417313e-25,4.352437972400528483e-26,7.178742591528292850e-26,2.744415763829080744e-29,1.228926726561694830e-26,1.401067901822158129e-23,1.270122533084077238e-27,5.072135332110638091e-28,4.277301053954004402e-29,2.022049468253742440e-26,9.276704133446724154e-30,2.501328246598579936e-24,5.039059586317325013e-25,6.263896277984995418e-27,3.876416624417685267e-17,3.376167960982536596e-26,2.492161166267189261e-25,4.192463392324390016e-26,1.218045178442434429e-25,3.900116631121470018e-26,7.040803179999256955e-17,7.181392586126119748e-21,2.474136901214329055e-23,1.361493140492275187e-28,6.402606160589109880e-28,7.288140592990942972e-29,2.672668399228261790e-24,4.090092870522927988e-28,8.386695214279286502e-23,9.088971920437354865e-26,1.997256688307362774e-30,1.826372240837170504e-28,1.973777163089357141e-24,7.191632481554909944e-17,3.042105267459015633e-26,8.028451444859300861e-26,1.300461774263366372e-25,4.148824069851666288e-26,1.222518105291733651e-27,1.461459490261125209e-27,1.175921923289826228e-27,0.000000000000000000e+00,4.696310908616295951e-29,1.778091330366312098e-29,3.848751069080741076e-26,1.415619202001455974e-26,1.187776462400381191e-25,3.385315640778155676e-29,6.895315357757960497e-21,1.737124049005370219e-19,6.151776897371109312e-28,3.573804534477070555e-29,8.112394543689214467e-29,6.417936257846496500e-20,5.673180915334531769e-30,1.231668151355137589e-23,2.499232041663585741e-27,8.018103029849493699e-21,1.084112712098170017e-26,3.349718362405734650e-26,2.628135440323988447e-26,4.990477223368171739e-27,2.051395828762839480e-20,5.310298943849656889e-29,9.707281738857837247e-25,1.236269044596824088e-25,1.965756588352401000e-25,6.122014491685958298e-27,8.557307827308541494e-20,6.663745407141319802e-27,1.646411626309506754e-23,2.730850032714311620e-28,4.832810307057481643e-24,1.247608928918172424e-30,6.905146982744874437e-25,3.434961753825901446e-29,3.736226797148785647e-28,3.151563720506905662e-26,1.149259791866132232e-25,3.493259167080144630e-26,6.918826991796550344e-26,7.436272349022504885e-27,9.849147566419074519e-10,1.263685084183803520e-30,1.835750945207352615e-30,5.933866879102018334e-24,6.402401265793622305e-25,1.804208739166726541e-23,2.311730489258504437e-24,1.486747766690552936e-25,2.093213093195458298e-24,1.087454656825209083e-27,4.729524017968043135e-25,1.075987266859996968e-20,3.274215283996982968e-25,4.482533009885742764e-24,1.094111366709453764e-30,1.621716158555937667e-23,9.086569755843453622e-29,5.059261153509314326e-25,1.424946029632969958e-20,1.572994846886375660e-23,5.650525621021574722e-29,8.714999816710110165e-29,3.943631005755761029e-28,2.249172996120567270e-24,1.444850378918589147e-26,2.528820498458527045e-25,4.030064532020282715e-24,3.575070876823445295e-29,1.988430541362533337e-24
2.564936114620458872e-31,2.715699968175088122e-29,6.526138706822021358e-35,3.394402834225400996e-29,1.469720571603779778e-34,1.392039746325106257e-27,2.862205257648960571e-25,8.193421172458540479e-32,3.862408281735359218e-26,2.341057593818717502e-33,2.459552251068730078e-27,2.632619525060045242e-30,2.429213653391432577e-32,1.239861550355486501e-28,4.803943446731456796e-30,1.119154432026051348e-29,7.896047125719321191e-31,3.590178580693348885e-31,4.467230250223440615e-32,1.989969601956593807e-33,5.193724658380022333e-27,1.192142710658132964e-29,2.527711679546899493e-27,2.137967435604941842e-27,1.911158088284641693e-27,1.963051100382790700e-26,5.827112673902264419e-27,3.110070796481827340e-32,2.583317393291571117e-29,5.476369944827551016e-30,6.478786894063721895e-29,2.125037517716846241e-32,2.187418058417082853e-25,1.601484309721346340e-29,2.169706282271712474e-32,1.529892623561407319e-34,2.410817275515508574e-29,3.821562909360080088e-29,4.103512393521576967e-29,4.673859695194676475e-26,3.767529069112384468e-32,7.779342892393492909e-33,8.701399572294857838e-30,6.063104292377356808e-34,6.141608814261871211e-34,2.173048635364331942e-31,2.879880245070335909e-01,1.052445118794550042e-29,3.967462633984833666e-32,6.416744458852415047e-31,6.045799173004528539e-27,4.184935270798159877e-34,3.050413142056662931e-29,3.569207060416226624e-30,2.498603698542820576e-29,1.135827619199709173e-25,2.254216059888752279e-27,8.321283290570657825e-33,1.500929312195635991e-27,6.853569309888789454e-31,1.951699830838125291e-26,1.384455009537989948e-34,5.601982991504454122e-30,2.412664030343884542e-33,2.389090754403739058e-27,6.241342205115026943e-31,8.856399076076310752e-33,1.692566668164565122e-25,3.668282933561958730e-27,2.146903957054623713e-31,2.100456271030969270e-34,2.877157646052364250e-32,3.994883738458559462e-26,3.960284830044217575e-30,3.624047998587590184e-32,2.774934920269363360e-29,7.033522512915041577e-30,3.285887423088074021e-25,3.451438302598592870e-31,3.448266498946761227e-29,6.455340507548263811e-28,4.216263599216260933e-32,2.830261361132766117e-27,9.213305469028338124e-23,5.253166928285474082e-31,6.219018369150446510e-32,2.931396529665711629e-29,6.763198447790243004e-29,6.938598310745306822e-30,1.322975551553022903e-26,1.479007667220870971e-27,1.507433850756452823e-34,7.627480471049818866e-30,4.128388501768951079e-30,3.312096532103815832e-24,4.181666643824243167e-30,4.462071901942487034e-25,2.260331257422384407e-29,2.931698458595702258e-27,7.544746156995213402e-22,4.294591408492813545e-24,3.630459844999722725e-30,8.007560344700475194e-30,7.858663067261519227e-33,7.920313357243331051e-29,9.775962967914749549e-30,6.884559980957854214e-34,7.822508271684358058e-30,3.502905076396494215e-27,1.989668692508490933e-27,1.529690899565574386e-30,5.036588156328726349e-35,6.518897618186663883e-27,2.128586716584559295e-25,3.722064331285765293e-30,2.941034197032809091e-27,3.700516866371587836e-29,4.145932684373349064e-32,3.326418897762993272e-27,5.130304214108588411e-29,1.898466914070227113e-33,4.783407107183059076e-29,4.696310908616295951e-29,0.000000000000000000e+00,2.326343406131848078e-34,1.573965820475628081e-16,7.398966194719462291e-32,2.194648974118768357e-30,6.666692974211528605e-31,3.436221848497260861e-30,2.838352009808781357e-29,3.502501536786103753e-27,2.513841962087826620e-01,4.888264698764108498e-34,2.806632559289684115e-29,1.096229632544041441e-34,5.723276049297590996e-26,3.223462495651852611e-31,7.937254036490764271e-30,1.660471568338482182e-28,2.044219947758872627e-27,3.842628750246648333e-31,5.049752313389224225e-33,3.917324432156303609e-29,4.656796401766230099e-34,7.131313458060531570e-25,1.084842670786271481e-29,1.903077167394106999e-30,5.955168034419887338e-24,2.676490711453969081e-29,6.296467733838029473e-24,8.121562121679216014e-33,1.497517292316095201e-33,1.645590723926205875e-24,3.053075298742552319e-35,3.554164477420776529e-25,2.522660169372257788e-01,7.035120228139936176e-33,4.586201117831818855e-31,1.587853160338614982e-29,2.260194688171156662e-24,2.596141489572959325e-29,3.053831753591459621e-24,5.462311347775973374e-29,3.150144027923974769e-35,4.617074394696336699e-35,5.743979505062644664e-30,1.016979068880087716e-25,7.190512685074627201e-30,8.911297880316315189e-32,4.459484156238089857e-17,2.567340916042102387e-32,4.850126189760923917e-29,5.559643460583759531e-30,8.890770236641589820e-30,3.943483676268625371e-30,7.635330417302776240e-24,2.785683668902116957e-35,6.757969873621867211e-33,5.524966337502513188e-34,3.858085702540379832e-32,3.463639584181396183e-29,7.731089293888080668e-33,2.236163918642331912e-26,2.468659049388829503e-27,3.307301845479580512e-27,7.965601577223804583e-30,6.652182844631429506e-32,2.683752115164211578e-30,1.116072411876783089e-29,4.191996001471316121e-27,2.970564540447413488e-32
1.008966932650859787e-27,8.171802373092116774e-29,1.324859723473067017e-31,2.318747886734686426e-29,2.624860523961723230e-29,3.957994093654569532e-31,1.783326121957220156e-31,3.976910734494947756e-29,4.038697549245900670e-34,3.188863726692813063e-32,2.456086268381352026e-31,4.742459088550293451e-26,3.259465835140073294e-33,1.194303705969679717e-31,3.517821296672898243e-30,1.074286820733346937e-28,5.663968523258377498e-34,2.191845475648308695e-28,5.694846581717795672e-33,4.197167367825091988e-32,4.634443979671320589e-31,1.047837396385131920e-27,3.639313519973631262e-34,5.267037604059299652e-31,1.727598656162665182e-29,1.090017227107791545e-30,1.037501271053986589e-28,2.059410648071126784e-31,5.377055037446408752e-29,5.666104333976203265e-34,4.305198393829208238e-34,3.048800294302924948e-33,2.135937394517087011e-29,3.485837462598894359e-27,4.929758546625882097e-33,3.171037722845060938e-26,4.895283837896509280e-30,7.875914937460336395e-34,2.152825089582100573e-27,1.843404416322602284e-29,2.125640944454682570e-31,5.598644580755943473e-28,1.305047768209565851e-29,1.355774853541628027e-24,3.995660091155034954e-01,1.131044414974409538e-33,1.587128232040196741e-34,2.614683099791359925e-27,2.118432770349574993e-33,1.298708259994347828e-29,1.128277736308401712e-28,5.070784851748693057e-30,6.973460265567252934e-30,3.241508419582911474e-26,6.549295538770343638e-32,1.758076955418231779e-30,2.978451452882891449e-33,4.988870406632941201e-33,1.821087513130770464e-31,2.026195172002003067e-29,1.105706022459231910e-30,1.199541678356240845e-29,8.954276936357303088e-29,3.191418701863276420e-32,4.505037541440944038e-31,4.883196904812666073e-34,5.533677138633337081e-33,6.440034852402713685e-30,1.783248731347226660e-34,9.074561997547677706e-34,4.006595098699149426e-01,2.224239340592962135e-33,3.066306037571880776e-34,9.818798547818728682e-31,3.136317271452697978e-33,4.252474240114581113e-34,1.107352358102765370e-27,1.430921470257607149e-29,2.098546192866856539e-28,4.747627134463514170e-34,7.231691818824693573e-34,2.034146949188946299e-33,3.871907752388353723e-31,3.526251163374222782e-31,3.903774417331927630e-34,3.181782075365887861e-29,1.697790440797689845e-27,1.406409118407120552e-32,8.423325267355938711e-34,2.553181574442833923e-34,1.852812244073016787e-31,3.293372194895272365e-26,8.843420674670842734e-28,3.427126544697162696e-26,3.020710542738968185e-32,7.826778705410256839e-31,1.969847857468596674e-31,1.054320946286288397e-31,4.155583596556878999e-31,6.013854219443384071e-31,1.732022027512336352e-31,1.054921081958662252e-30,8.071775793642260184e-30,6.518547568085197832e-33,4.085260559782294044e-34,1.191845998216808314e-33,1.536686431424973592e-29,6.892187330912218152e-28,2.937017315368695957e-33,1.775799366459860207e-29,1.299446082424911673e-22,1.204845805017583328e-31,6.829989488227173670e-34,5.121552712432442495e-30,8.877315398881684775e-31,2.531191295823684537e-31,5.895921773190851841e-32,2.350913187020765633e-31,3.992213163122491264e-31,1.396541700871436435e-32,4.320621990378321537e-32,1.352272273182107122e-32,1.778091330366312098e-29,2.326343406131848078e-34,0.000000000000000000e+00,2.097744767755542360e-31,3.153859409000184242e-29,3.897344059642119539e-23,4.695610798082037102e-34,3.247715558534082471e-30,1.357234384298142257e-29,3.772654803732296823e-33,1.944423499906821497e-34,5.610333731308943827e-31,2.529681708680488657e-29,1.180877344100297323e-29,1.748442527307448553e-29,1.305819533444592376e-33,1.116063660426111679e-29,1.644239106977411453e-31,3.517654692949495613e-31,1.375768704873776091e-18,9.115190602123756930e-32,6.128589419693191798e-29,5.368366497303886077e-30,7.070487292372125715e-30,5.309429080036376328e-32,5.169837003719139594e-26,3.044471191940016690e-32,1.012333454405400429e-29,3.169387672455904044e-32,5.058320244695712284e-33,1.270419822493357427e-30,1.340736808371422612e-29,6.217842738484082651e-32,5.880025479502901807e-30,1.749930415680599948e-34,4.540295096843255469e-28,1.113545029654854020e-18,5.501983173718682952e-32,1.497832451643052652e-31,5.196906899890666042e-32,3.022919010368641057e-32,1.287620414575356865e-29,6.849281121874700500e-32,1.064507438728947481e-31,8.516781731458941874e-29,1.716005713512904606e-30,6.045655944933383748e-29,5.917986807466148528e-33,7.678599612219538787e-31,2.808285297526847519e-33,1.218434739394602532e-32,6.600492537103110846e-23,8.111696815128374705e-30,1.441879224204899418e-22,1.617647849780465097e-29,5.909597690626728514e-32,6.449582629374502908e-33,8.355920301436790131e-31,2.004108298314174051e-33,6.661872840310722073e-29,7.887810865219898735e-33,2.654568763991590007e-34,3.484406001270589416e-34,2.664481758966344702e-33,1.232062513694101852e-27,2.804052193520016739e-29,3.685790636939579843e-25,1.070659358755484372e-27,2.022844038340669169e-34,2.571409203520221367e-33
2.528123609201856462e-28,2.589439317327257952e-26,6.071613894109437008e-32,3.158089010061251465e-26,1.283468853024145392e-31,1.400689073446170347e-24,3.052229161091835497e-22,7.780585266276575454e-29,4.831885570949812682e-23,2.214650772175543938e-30,2.293219592174994229e-24,2.385833084418378267e-27,1.826428424613223481e-29,1.181536759846350687e-25,4.057953958102234164e-27,1.041933956362093731e-26,8.116916879141712709e-28,3.508247693334287232e-28,3.639777901553915020e-29,1.786115524056455505e-30,5.209140211722269844e-24,1.001916792558524177e-26,2.455825495709679506e-24,2.281961516830490100e-24,1.517496762856887911e-24,1.962116969115715545e-23,5.440453873211775598e-24,2.702194738818734852e-29,2.246457462195726653e-26,4.355374662887372514e-27,4.847214604518253936e-26,1.812900106405431733e-29,1.476815085132686378e-22,1.510229258671428645e-26,1.869246847728025555e-29,1.305411129191549204e-31,2.148554407095939060e-26,2.652357127986166569e-26,3.389384031727351643e-26,4.134839545208683022e-23,3.154870873529049458e-29,6.780919342182353999e-30,8.317499078936683635e-27,5.836467862998155993e-31,5.714398254622650732e-31,1.840397219996967953e-28,7.917781594904922989e-17,1.081848504906074473e-26,3.786537235348458229e-29,5.566138338232068356e-28,5.730306215186501463e-24,3.654566508896575719e-31,2.575695599559487308e-26,3.629164881022778507e-27,2.216838933153964264e-26,9.546051039892039610e-23,2.503128408575044687e-24,8.288515051672954396e-30,1.462621304734418990e-24,6.023469676728751062e-28,1.918107277727397813e-23,1.242718109879941346e-31,5.573574037967653956e-27,2.219740662911400347e-30,2.168121848622397674e-24,6.201943127506232918e-28,7.507314239495369478e-30,1.421131602735783627e-22,3.300424827439713202e-24,1.967043641843483706e-28,2.069569877926689841e-31,2.605615117278645045e-29,4.551503496297119797e-23,3.464180220138302923e-27,3.143944064648406397e-29,2.100137687046724991e-26,6.522483351317799824e-27,2.260446309738202446e-22,3.057091793096915431e-28,2.505683262916797211e-26,5.809855762468206657e-25,3.886282935210952691e-29,2.515272454948384249e-24,1.319090267162602509e-19,5.270863385441909120e-28,5.475610578137409528e-29,2.842509682691992604e-26,6.752696800646112813e-26,5.170210352882892337e-27,1.126893395638417912e-23,1.489958653832149590e-24,1.261068615702288669e-31,6.348498769592666041e-27,4.082525430669151289e-27,4.340364028559026384e-21,4.010301980229874871e-27,4.422213520658096856e-22,1.997600556269406066e-26,2.884927632725167953e-24,1.033212936070386016e-18,3.905909529499269696e-21,3.221395281737533492e-27,7.208631488202024222e-27,7.439732591329325663e-30,5.556015888303878902e-26,8.029088717567134086e-27,6.113606310451525653e-31,7.267908835112824169e-27,4.113172872313840809e-24,1.723634140875428578e-24,1.364868253985991366e-27,4.404344870919473236e-32,5.790925209985600562e-24,1.705170094131065239e-22,3.520774480446154084e-27,2.492079234886494981e-24,3.332560186052538963e-26,4.107457678523192501e-29,3.309050087534864345e-24,4.707771788584469425e-26,1.819464143769116923e-30,5.108851152963217411e-26,3.848751069080741076e-26,1.573965820475628081e-16,2.097744767755542360e-31,0.000000000000000000e+00,5.708703629670567556e-29,1.999987904938280535e-27,6.450627794632361577e-28,3.435749279066555071e-27,2.538891134246780125e-26,3.766798568162696284e-24,7.346563919089335905e-17,4.757787424274425070e-31,2.392625474566586362e-26,1.073320649405677884e-31,4.629808064569922130e-23,2.751270424791280656e-28,6.643235610142113129e-27,1.640088754249082983e-25,1.980392324840192161e-24,3.754880848602708354e-28,4.518635112624441290e-30,3.814788189638634385e-26,3.988192857223412378e-31,7.337601931420308015e-22,9.240938187242449850e-27,1.622944214880534695e-27,7.378229517695730248e-21,2.587448455575798969e-26,6.958209327394962857e-21,7.557983830357285058e-30,1.461509441302197403e-30,1.170359701116853617e-21,3.058230282435931254e-32,4.464377317678720068e-22,7.933411133758928338e-17,6.119990398479769485e-30,4.282067015003463211e-28,1.383252143354983074e-26,2.044884766809776669e-21,2.503584474462327128e-26,3.627714824628905030e-21,5.476039255889438697e-26,2.876110481885476430e-32,4.259655945137643535e-32,5.699776887885684477e-27,7.572984399067965172e-23,6.905621799689511401e-27,7.655985845583280259e-29,3.864974199656849332e-08,2.263929694345076904e-29,4.423308316407337405e-26,5.429857065231936479e-27,7.619672342897908641e-27,3.484941631934313863e-27,6.682510323220980293e-21,2.541055411539471405e-32,6.066155913287295961e-30,5.448035224008931661e-31,3.483566666877422206e-29,3.341007925224654956e-26,7.580281397578137717e-30,2.742256517091883911e-23,1.935267749580267310e-24,4.004839022450443272e-24,7.192648128995292171e-27,6.009220943703537548e-29,2.343911698422943176e-27,9.709804483867224401e-27,4.210719520346331096e-24,2.413985156736460938e-29
4.966515497386718850e-27,1.502812455354703369e-25,8.604314575509260383e-31,2.010211728841606826e-26,6.680845094475281444e-30,1.034255372411879353e-28,5.102821332211511370e-29,5.201327444996798220e-12,1.154138744152543732e-31,1.646612298099257643e-28,6.881049094441336395e-29,6.103281848428350830e-26,2.348325928485142442e-30,3.043548136528275373e-29,3.513191262903061461e-27,3.971880758679976362e-25,1.313174308021574381e-31,6.747059543110718867e-15,3.780617273026667385e-30,3.789999202078540278e-28,1.099469775909055068e-28,1.801980699147671095e-22,1.219378115193700753e-31,1.493856042540825833e-28,8.895782407879788017e-27,2.762893529566076196e-28,5.691812418672469181e-26,6.342864647764602886e-28,8.168006405241537829e-26,2.230698926700132773e-31,1.368396752717177614e-31,2.311871661157238962e-30,7.347991059542315564e-27,2.981041840478067377e-19,3.214929609963055155e-30,1.382644715712851264e-29,3.466748315658851066e-27,2.573490014723198565e-31,8.625438112464021947e-23,7.275418768020503816e-27,5.730603567143714833e-28,2.667750426802451011e-28,1.454614835607273383e-26,5.314136638932831240e-29,1.053168109005514123e-28,5.951447104614148404e-31,4.768913469443690412e-32,1.179061297875509575e-18,1.187279635145069101e-30,1.014619001875125977e-25,5.967925107718459339e-26,7.168107296437253181e-28,5.098822969944949664e-27,1.048645197634508786e-23,2.805343906329478618e-29,5.955671177461758785e-28,8.636682768135563018e-31,5.193767877215981686e-30,5.056029779003253360e-29,2.206493343473708422e-25,2.982394335490262057e-28,4.908917656215951390e-30,5.465052819487291339e-25,1.682420247147431844e-28,1.183197939303054710e-28,1.200158629478938207e-31,6.202208385852187951e-30,2.381907889053775671e-27,5.191970234951319112e-32,4.590029405830597859e-31,3.059026099462132533e-29,1.268828331131855039e-30,8.929932393692578609e-32,7.996073332850894378e-28,1.904384667899084840e-30,1.356688693078624908e-31,7.043386366749592489e-22,5.019855674963398970e-27,7.867755610044582353e-15,1.487453284303101473e-31,2.171118559303574898e-31,1.251476871151557824e-30,9.940708263879824145e-29,1.083296620453238082e-28,9.891472143204084966e-32,6.479677654714399144e-12,1.476464330000960228e-22,3.194838608743700891e-30,3.082758594821696327e-31,6.665253220924547660e-32,5.344022247570191404e-29,1.350013557118634591e-29,3.334566572769268520e-22,1.793225941827813248e-23,9.710036733054952891e-30,6.631588629477654534e-28,5.533037387343364073e-29,4.602735101547721035e-29,1.084984962627766663e-28,1.777026967744581796e-28,5.854815094022262978e-29,8.461088153230313000e-28,9.829571092806362376e-27,5.480052358832010561e-30,1.320230345004207865e-31,4.006828529995837827e-31,9.217148069795607730e-28,2.695418167059220620e-22,8.087709546139382743e-31,8.822140214958668945e-27,1.109454203397595848e-25,7.652058241703923263e-31,2.056836070350182866e-31,1.848150542683589140e-27,6.650377527359945390e-28,7.522365831824236092e-29,2.549219533512318534e-29,7.580262260273289071e-28,9.664374660786520868e-29,3.584640306839784159e-30,4.664325638677009419e-28,3.306010802918912695e-30,1.415619202001455974e-26,7.398966194719462291e-32,3.153859409000184242e-29,5.708703629670567556e-29,0.000000000000000000e+00,1.303711901077115788e-25,1.149207074866510345e-31,3.159039598693136572e-27,1.203511747129756844e-26,1.145157643791400257e-30,5.624326499524115106e-32,5.604786858635922975e-23,2.435584847843861936e-26,4.502245337755175306e-30,6.679744157219282407e-27,6.340792928525698802e-31,1.280481412142961938e-26,4.479060749157295121e-29,9.388102463501217910e-29,4.635983801774624433e-26,5.523809181085266935e-28,8.412221271823446405e-26,8.010146030008718418e-28,2.178503901463383350e-27,2.481974554645502372e-29,1.749563851681532565e-24,9.342977010077564772e-30,1.042629689663096350e-26,9.976390582714509298e-30,5.228370252779070781e-30,1.362475548606361218e-21,5.209287434018684829e-27,4.203618025652682624e-31,1.488851510905185534e-27,4.966358307251447261e-32,2.423944224861729623e-28,5.022550321094101412e-26,2.591435836473615166e-29,4.657205977566823784e-29,2.290089854023039779e-29,1.032657039619139464e-29,1.103078540023693185e-26,4.607386907893142830e-31,6.424874828272102668e-31,6.582310833772188550e-25,6.218812374307218173e-28,2.154814559478886067e-25,3.591708788177548996e-30,2.379963405877636912e-28,1.767994728256691167e-30,2.813895002017944772e-30,2.255413877275617066e-24,9.683529204600122588e-27,9.118098929324138067e-25,6.230111617408453500e-27,3.530196907835140756e-31,6.168704544429897788e-30,5.165752512194375711e-23,1.192392649317099843e-30,9.724189101366056056e-26,7.465652548759132143e-30,7.492196116880570857e-32,1.162970912761549901e-31,7.650787897436452422e-31,1.395358803757628861e-21,7.634717271272021676e-06,1.510561277934166129e-24,1.879073826721025906e-22,6.063921464100503017e-32,1.790548868115558903e-30
6.714843312458600095e-23,5.600128392878092308e-25,8.136091211020341694e-27,1.577161922052879436e-25,1.220716070838548881e-23,4.244313719474521612e-27,1.633343989719395290e-27,1.713170438317080190e-25,3.904700379720683538e-30,1.871343193008418319e-28,2.580956713808194987e-27,1.148103762567879811e-20,2.228420919586963349e-29,1.371683009474771062e-27,2.527660145467685292e-26,6.531081270383017328e-25,5.725408460760409710e-30,9.408358978053577610e-25,4.356421546217423040e-29,2.501809728990692263e-28,4.344736134941070881e-27,5.368300798049333275e-24,3.818058661648856785e-30,6.021520255632499066e-27,1.433639134164986566e-25,9.902388726175832583e-27,8.530991284819401263e-25,1.194896994318058663e-27,3.666668010949020448e-25,5.428308694199218814e-30,3.538042458794025478e-30,2.459150971998468835e-29,1.644226866161044790e-25,1.645750774465770614e-23,3.583889045758278456e-29,6.714218832892543814e-21,3.507942011774174973e-26,6.701474671414671125e-30,1.097203487643532948e-23,1.731708277730400804e-25,1.397146573647824237e-27,4.151717804748921324e-22,8.886009301772907016e-26,7.940233128933852302e-21,2.376214958850356492e-23,1.054870699237495916e-29,1.424964237991584481e-30,1.223851626682146566e-23,1.507553331921767528e-29,7.214076749109519615e-26,8.932450276329720514e-25,1.204197129725016947e-26,5.374518124730751426e-26,8.371896742128782183e-23,5.649283067426231380e-28,1.581003009942073561e-26,3.244890250961470859e-29,3.774142887688143297e-29,1.919202764886998670e-27,1.061093915248609445e-25,1.095746400127251156e-26,8.868629320874072682e-24,5.265496737049026111e-25,1.948852058058290497e-28,4.405483674209929261e-27,5.164578634487019848e-30,4.253488273181939554e-29,6.691987080374174176e-26,1.716322636541964768e-30,8.573483259824391279e-30,2.571236224156285732e-23,1.575120323373659128e-29,2.636924130648196105e-30,7.211908773122615286e-27,2.357187881445262357e-29,3.577896100413023400e-30,4.970869564529212252e-24,1.323828058393928960e-25,8.174436791870881112e-25,3.735768867175569449e-30,6.460602822774852734e-30,1.766016393368990417e-29,3.702119357372240660e-27,3.511308922180962279e-27,4.239705969879828454e-30,1.364530967335356308e-25,8.360305713408534083e-24,1.284645932687456740e-28,7.026863617733002574e-30,2.226925635199485643e-30,1.980333987334864529e-27,6.135430734508465592e-21,4.108853433645691273e-24,1.014527920254043185e-22,3.251831266619137266e-28,6.401117857925469076e-27,1.815669147818625820e-27,8.467126319197460696e-28,3.991574275864282009e-27,5.735493129691610165e-27,1.650500389302423808e-27,7.971543262491109992e-27,6.157474317863881207e-26,4.147453777299721025e-29,3.334863115675010972e-30,1.014678441741005757e-29,3.933309096525259854e-26,3.769522794050269622e-24,3.109063333693756373e-29,1.452410012956990717e-25,9.012907557959438424e-11,7.580614130237449956e-27,6.024979679782664565e-30,5.415619256551739697e-26,6.665589689864538125e-27,2.412939017142370146e-27,5.207490321470964377e-28,1.679272105942804260e-27,3.718166817598126016e-27,1.368238660861013659e-28,2.680277085648239554e-28,1.378107018008441196e-28,1.187776462400381191e-25,2.194648974118768357e-30,3.897344059642119539e-23,1.999987904938280535e-27,1.303711901077115788e-25,0.000000000000000000e+00,5.043910395106778437e-30,2.461569180410893461e-26,1.001149799321148401e-25,3.720326897471445808e-29,1.895264661752311795e-30,2.384455897998582411e-27,1.709089906805031310e-25,7.434145725460717111e-24,1.496609777104425914e-25,1.213769809726348333e-29,8.304764729456865554e-26,1.947986691762767038e-27,3.576906159387514599e-27,1.080504574810262741e-19,5.328131773322660694e-28,4.577102230721239106e-25,1.289861458854322688e-26,7.486034463246609616e-26,4.736299852754613303e-28,1.198390983917155109e-22,3.044470118268859641e-28,8.579408481635799555e-26,3.100542832277973648e-28,4.052168954672993990e-29,5.112176531540682770e-27,1.255108269863342110e-25,3.868479894473205265e-27,5.759818504402800245e-26,1.545465702654172669e-30,3.757959058431237777e-22,2.596834098252294857e-19,4.869418910955954578e-28,1.405077820532263865e-27,4.700830527431534960e-28,2.886881268018824614e-28,1.100809409202017756e-25,4.428887212910564459e-27,6.553133768487800987e-27,5.224914688856351786e-25,1.691825484946225367e-26,3.693627106727685263e-25,4.826124122198521088e-29,7.983872836855976184e-27,2.073284271470450612e-29,1.114360649645908503e-28,1.548980182289675345e-20,6.236041055343075298e-26,3.897705568022695935e-20,1.862933996118696465e-25,3.630746403314172602e-27,4.222433207936486721e-29,3.187060619088112675e-27,1.632850091145896310e-29,4.772351828549441943e-25,5.356827950799434452e-29,2.463353146992285348e-30,3.195766436292395214e-30,2.804603903014529424e-29,5.798128719344176936e-24,1.181001264239242614e-25,6.898387081062753634e-22,5.249775066118077118e-24,2.008103676118813698e-30,2.102377536313734536e-29
6.593350987663426693e-31,3.171952829725433080e-29,1.570329031325109399e-34,2.685912841589409338e-29,3.198325531717391773e-34,6.723818895760728665e-25,1.944976974961881012e-27,1.457944102830826485e-31,4.815185752862916200e-31,3.032449994498492955e-33,3.585301462871583206e-26,6.070442437655284139e-30,1.389844680245624617e-32,1.766167297817586315e-19,3.963987159189392542e-30,1.475420340035498220e-29,3.910094650921221463e-04,6.376958657968911800e-31,2.581821373935552953e-32,2.808198586703522038e-33,7.907850281624422676e-26,1.811377080264491927e-29,2.822548553544969725e-31,2.803597159422666725e-25,4.192255442780441397e-28,9.369472456963575603e-26,1.896340412150971830e-27,3.526960294132691243e-32,2.689397095264176995e-29,9.720942290158692055e-32,1.542036266873416591e-31,1.397790559503629913e-32,3.312885932829342309e-27,2.667497156252028905e-29,1.435129783943643004e-32,3.401132629247391351e-34,1.452578086013706826e-29,2.401276990672739887e-31,5.735747456752768046e-29,1.852156574309852749e-27,4.459649175911826552e-32,1.756088144338741995e-32,8.296511393336668155e-30,1.278129583142910425e-33,1.349447620297401757e-33,4.579661434480223074e-32,5.260924845771817070e-31,1.787358031796596478e-29,1.758530121246917804e-32,8.736399734427902850e-31,1.882224390196244786e-27,7.007399867293893722e-34,2.097705075667362981e-29,6.671161094816306003e-30,3.309253394602204666e-30,5.739261323650594321e-28,4.315548062701365085e-29,7.673890312252436637e-33,3.322668610878032594e-26,9.537251890534006756e-31,9.509994010344310625e-26,2.997471582973218237e-34,7.288368307892280253e-30,3.215862247116784993e-33,3.435022707692562015e-25,2.996857042072682257e-10,8.104663920055475831e-33,1.723159929285032651e-27,9.176210558561655383e-31,4.052761725910296547e-32,4.460332116813933706e-34,1.519063777014070470e-32,4.266543986359502808e-31,2.836259300729297463e-30,1.903465438265908786e-32,1.297555491091696712e-31,1.073688034723665276e-29,3.620700700517345484e-27,5.522742186433775178e-31,1.531025301587795060e-31,4.123442036308040042e-31,2.049805049306687521e-32,1.127818169788868056e-25,5.934856744049702929e-28,3.008461194886517664e-10,1.026987118642117269e-31,4.199800817801595936e-29,1.093398374826043457e-26,1.102377635991250951e-31,1.164231798500103518e-30,3.434229329132939553e-26,3.301166093618935513e-34,1.220293809090401477e-29,8.207189570592364585e-30,4.449651244862744635e-29,3.043595400258030162e-30,1.978342274514320461e-27,3.783024632173761736e-30,1.041050001472717583e-25,1.207279040743854241e-27,2.070650824365510279e-28,2.899860032129856586e-30,7.819553785921047220e-30,6.367115002941794902e-33,1.785838998719242587e-31,1.846966600280391531e-31,1.345947863283986643e-33,1.259799245508469650e-29,3.544998258278496940e-29,4.631623322465080679e-28,3.236869409498964568e-30,1.246283395302125139e-34,5.882952182729632697e-31,1.650989267058669117e-27,2.611428557944052157e-30,2.679175122741464385e-26,3.471470976225340263e-30,5.159866635079739615e-32,8.720804909002356752e-26,2.362529704019079689e-26,2.812879336561216947e-33,1.759653669167703364e-26,3.385315640778155676e-29,6.666692974211528605e-31,4.695610798082037102e-34,6.450627794632361577e-28,1.149207074866510345e-31,5.043910395106778437e-30,0.000000000000000000e+00,3.164950494698260073e-30,2.442761290007145116e-29,3.382277964962890723e-29,7.072291412650268098e-31,9.449894966034028588e-34,2.216534736795326624e-29,2.371467894109042386e-34,1.676653854144872808e-27,5.717254483743846951e-32,7.862811190334944852e-30,1.719280075866735096e-19,1.361337757299613659e-25,8.886467912549353535e-31,7.020904605676729856e-33,4.079507534944482885e-29,7.988856648856135713e-34,2.321596585472742827e-25,2.024747959581375992e-30,3.241318586715499216e-30,4.944617530122021172e-29,2.332934682703485016e-29,5.097798988136826381e-29,7.365244176376794033e-33,2.789414049389686555e-33,4.779973607977586624e-27,7.842806043110889939e-35,2.522824383722865839e-25,5.240418201137097190e-31,1.550492611403743963e-32,9.966344453618337436e-31,2.475434592590841261e-30,1.385430750279896695e-28,3.170323764112941801e-30,4.072435997760393483e-29,4.345094627644772897e-29,7.998461139257624421e-35,1.161255864766511622e-34,7.535495341604563341e-30,5.760326148446368955e-28,8.436700052239482083e-30,4.605716949309644065e-32,2.172444800841317003e-27,1.471792427731156890e-32,1.529642543686382595e-26,1.222955828366475193e-29,8.926519656500701663e-30,8.355640330478930735e-30,9.463686236075494444e-27,6.543381789870300148e-35,5.846552515412964749e-33,1.031155610821600879e-33,1.870881888010260589e-32,3.556916557498817949e-29,6.528048856742376391e-33,3.123021248532044686e-31,2.720393084872646879e-31,2.917186581445385801e-29,1.271273798118297255e-29,1.115965927714397831e-31,5.054346594043109568e-30,1.535782315682568782e-29,9.718040849625094743e-31,1.617414981574027934e-32
2.234886986350591155e-27,1.921899616342165653e-20,4.619393450970948250e-31,9.189456078540417950e-14,1.396314876640850764e-30,3.300140406437445056e-27,2.327174381805277439e-27,3.897748032112609975e-27,7.451355733707551718e-30,9.293391496834951255e-28,2.312254027284493639e-27,2.158997353242445295e-26,4.890630899774920915e-26,7.875546898137064333e-28,1.717978331314880914e-07,6.329418552415837657e-24,3.858388545274227342e-30,1.848042281663563214e-26,5.230410009807684177e-26,5.204412795955438463e-28,4.446721504847932601e-27,1.140669449288469940e-24,8.156422884326590083e-30,4.429370097194778133e-27,4.969439252679122081e-24,1.135648188794162769e-26,6.681141217117486697e-23,4.136103880686440816e-26,3.911994271204072859e-20,2.435169671231024635e-29,9.919823909782415183e-30,5.276611832219012023e-26,7.054876751535934776e-25,1.212206498480699731e-24,7.646957801303107971e-26,1.803663214153624381e-30,1.202730529585577861e-22,2.053537396522876692e-29,5.806830925855083244e-24,1.022776932093830043e-24,5.721229580345959414e-26,6.571984178234413730e-29,3.366926049716128716e-18,7.878678379222673249e-30,9.076061733003794928e-30,1.637856042245815972e-28,2.555611528887156042e-30,7.078383188763040875e-25,6.842966154143965382e-27,1.539805228295910281e-25,9.515089150373614183e-23,1.023241558806990813e-29,2.278538741249655331e-22,1.010542253618138366e-25,6.291009019271014812e-27,5.282439783163111893e-26,3.822057163520767340e-29,1.984329739836125021e-20,1.747203594376686772e-27,1.352311749441453072e-25,1.121364809442821969e-26,1.242048170959119912e-30,2.132836469883553218e-24,1.061606015897295276e-27,3.717235969981958294e-27,3.253572595443013179e-30,2.371589595362219920e-20,2.008486161680915598e-25,2.448403722027061929e-30,1.359806514157430408e-28,3.346048647935913351e-30,1.068517278476231447e-26,5.636840546511485771e-30,8.342058930477581863e-23,1.758586580377200921e-26,1.101852873979121121e-29,5.840550646551464113e-25,4.137314499348679714e-25,1.685795999825995018e-26,1.177110592196767025e-29,1.759078582521413034e-29,7.705922789020206581e-27,3.314366542382453009e-27,7.018661795123283469e-27,2.702270892677042537e-30,2.934965159131541931e-27,3.747648902653986566e-24,1.160339055012134095e-28,3.217542395476338492e-29,3.201297669471916917e-30,1.747598520013463264e-27,1.793222094468067035e-30,5.948716677775735088e-25,1.270511322477964811e-25,5.714974895786780787e-28,7.809415717950134061e-23,2.556446822688782965e-27,1.527757069442667830e-26,3.643814566706368575e-27,1.186203398438252612e-26,3.002773987119462475e-27,1.336741280640095288e-22,1.394825026883716177e-18,1.911754511888181966e-18,8.586887596809084105e-30,4.499849006847556444e-29,1.481380767716171167e-29,7.590781781945586373e-25,4.015180242474852384e-29,4.391077975290675646e-24,1.744316065389437123e-26,3.533029306817385311e-31,1.367598708138186696e-29,1.671947854713235619e-25,1.285790646440269367e-22,2.248147586976477182e-27,5.752436158365238511e-27,5.295217991376996692e-26,3.723781522720868646e-27,1.041628110007286852e-28,4.914292055034166617e-28,1.102162110161819234e-28,6.895315357757960497e-21,3.436221848497260861e-30,3.247715558534082471e-30,3.435749279066555071e-27,3.159039598693136572e-27,2.461569180410893461e-26,3.164950494698260073e-30,0.000000000000000000e+00,3.016993832372311934e-17,4.545799203820245754e-29,2.881511922943994633e-30,1.947975230580274946e-29,2.262307990856139508e-13,1.118852595045308859e-30,8.452206319405752646e-25,1.631668521246744524e-28,1.509079980161250120e-18,1.074057814993222186e-27,3.008191004679483726e-27,5.653798777186651910e-27,1.580966991044212474e-27,4.256904192298045611e-19,1.098444145066421521e-29,8.097907931432892714e-26,7.918977058757091294e-27,4.031242889728601204e-26,5.579992191485618669e-28,2.072360716386285985e-17,5.147046806065569121e-28,1.664165301198052664e-20,6.835148280910522385e-29,3.196803741110921814e-25,2.257377558734690886e-31,7.254312369123545751e-26,2.518804093944391442e-30,5.955812819992290371e-29,6.337826278805271820e-27,7.320733559748614879e-27,2.828115062611263359e-27,5.286406983944328286e-27,5.496542284471135612e-28,7.282118624299824127e-21,2.087674887361484719e-31,3.168645244663875995e-31,2.074514846842694192e-24,4.880766073678084548e-26,6.616616159258273704e-24,2.855228022116087689e-26,1.216390116626161366e-26,1.680818035133153699e-26,8.850877108823854415e-29,1.204530990325862390e-25,2.395189287994597283e-18,6.221348798325231730e-26,3.984684134205611623e-25,1.860687047583567466e-31,1.668529076519210942e-18,2.284772264483077296e-29,6.984093594246847388e-27,1.528890924466703401e-19,3.279301539896482732e-18,5.049389434766963796e-30,6.170173823743653194e-30,3.966957736129674532e-29,5.837125261835473221e-25,3.413394112307794733e-27,4.972903934770036777e-26,1.119551522412064812e-24,3.044858151176446815e-30,1.806883632181135373e-26
9.478876564733252137e-27,1.760239737584657393e-20,2.077898211083282821e-30,2.718917542293730683e-16,6.155592979427076427e-30,2.737704444309183047e-26,2.001427605476189962e-26,1.599112525178506615e-26,5.985037505069803704e-29,2.573689119622932387e-27,1.893420269946087251e-26,1.039875693469318677e-25,1.226299279611914494e-24,6.469348710640613717e-27,1.058388514998957839e-16,1.643138005450628347e-23,3.013422622373924794e-29,6.079447343199148593e-26,1.005351416075963437e-24,1.538618013519895905e-27,3.162148921698376880e-26,4.063385087121383867e-24,7.056160086253113566e-29,3.757492775790407799e-26,5.041290263778515901e-23,9.285017657802742254e-26,7.971305422559226452e-22,1.229834110288653157e-25,3.983562241951161107e-20,2.085371096521341181e-28,8.759450618999137035e-29,1.164147965012123342e-24,5.626754852209251073e-24,3.902297709502542790e-24,1.595080433443983038e-24,8.437273153390755421e-30,2.478684902894963761e-21,1.627840583611159607e-28,1.858432494034635443e-23,9.353841209997083271e-24,1.677375466567881689e-25,3.196432713465488779e-28,1.975295659809939416e-18,3.464623543792862812e-29,3.920686786538074025e-29,1.727710820948888573e-27,1.854030140318098271e-29,2.403748960231950062e-24,1.150649228674721721e-25,4.803832720082446694e-25,1.139746091946099662e-21,3.717734664255521864e-29,5.719309463811885199e-21,3.811685977591044172e-25,6.472430999386717908e-26,4.371116321328360728e-25,3.312350293599006318e-28,1.208942818446748558e-18,1.516916490192708950e-26,4.311283330735114346e-25,9.667708428728464762e-26,5.386269776504502926e-30,5.931869490108704241e-24,3.032670654339999368e-27,3.209155217801497145e-26,2.646153083209980405e-29,8.940643891990348259e-19,1.888811632121059111e-24,2.104216992969904499e-29,1.335183080163053525e-27,1.262449778420339884e-29,1.797937118523093350e-25,4.164064612596474138e-29,2.641842816202151716e-21,3.324130052362620066e-25,9.032553348814159801e-29,1.956410176376301316e-24,3.668857442229416215e-24,5.333150178791399789e-26,9.112740683274771252e-29,1.290618492813619742e-28,1.453562607644394200e-25,2.797608525376086626e-26,5.287975408834883952e-26,2.084255731665239975e-29,1.103040736736794254e-26,1.258300311517952842e-23,8.061396165378144806e-28,3.085724865762748265e-28,2.890503795804565284e-29,1.537035253945748900e-26,7.832081410025574411e-30,2.247213067945535415e-24,4.540821634526630932e-25,4.818050242694977006e-27,2.674669777257626324e-21,2.231615349427657725e-26,1.358276760473856135e-25,2.860798051413471728e-26,8.707522287380948460e-26,2.621313057267530627e-26,4.302191295219331251e-21,1.437632142560714623e-18,2.527422899113373586e-20,7.749122711732475271e-29,3.802471908359242821e-28,5.875708202779148818e-29,2.641063570727583554e-24,2.924367444256026379e-28,4.453936971399275886e-23,7.492008536237020742e-26,1.678925692017464701e-30,1.089213669137873041e-28,1.440018191075633375e-24,3.974569342375813741e-21,2.207263240759969829e-26,4.889083039525129908e-26,1.402079901286562341e-25,2.916653534144504230e-26,8.382074603567878371e-28,1.570441275727579815e-27,8.360312150188339410e-28,1.737124049005370219e-19,2.838352009808781357e-29,1.357234384298142257e-29,2.538891134246780125e-26,1.203511747129756844e-26,1.001149799321148401e-25,2.442761290007145116e-29,3.016993832372311934e-17,0.000000000000000000e+00,4.726620438049999634e-28,2.426590905707002799e-29,7.381193550836692668e-29,1.761883225173528600e-16,4.274263042907786163e-30,8.624785613499505259e-24,1.608165245562335594e-27,1.130969096020138123e-18,8.750212988684619941e-27,2.575059975461861747e-26,2.435797002408276964e-26,4.574296524489879982e-27,3.899913185469690200e-19,4.280763004340896604e-29,7.111215447647079175e-25,7.785578671990926381e-26,1.473520306182960716e-25,4.496513252842744310e-27,2.805563492736440039e-09,4.622881150609643420e-27,9.421013101972050594e-19,2.666130495827609853e-28,3.626932001821256777e-24,1.053509649414526573e-30,5.428917923789027188e-25,2.158716435251979516e-29,2.730671085989177837e-28,2.563886286513862038e-26,6.892856902235050460e-26,2.405244165156852773e-26,4.410634073962181768e-26,5.323226980020135405e-27,1.884314787316875352e-19,1.116937922254429463e-30,1.518323675286148684e-30,6.019428949003840983e-24,4.021904302760117644e-25,1.879580387459337596e-23,4.952875327734351854e-25,1.063347149738839218e-25,3.077574266674948111e-25,7.221293710177851898e-28,4.624119148725516286e-25,3.867754453893527761e-18,2.815530093683929258e-25,3.696102721840376203e-24,8.439540488093107038e-31,1.740813351866622075e-20,7.749638330282711325e-29,1.143828850673175293e-25,1.385171448078925650e-19,2.262562206237085618e-20,4.013639855473317861e-29,5.831325898427039574e-29,3.068276151124111493e-28,2.034325360937956752e-24,1.167271591065613586e-26,1.864917840023258641e-25,3.613102005088090992e-24,2.598839196325815456e-29,3.538044463921168153e-25
5.110616594069871312e-30,4.503618266515237009e-28,1.265779183273792477e-33,4.276057988880596719e-28,2.400891692045020222e-33,1.396527582286260261e-25,2.024956069221575764e-16,1.734055987950232426e-30,1.277940173117962521e-27,3.283449451555312213e-32,2.499505743467179996e-25,4.701586022398369302e-29,2.913067562346389957e-31,7.264557365648372525e-27,6.768076271640176161e-29,1.469546984362262178e-28,4.643106057433720201e-29,5.581911281851223744e-30,4.615163200300785588e-31,3.134400721001697280e-32,3.486329532750142585e-25,1.967353699008795186e-28,5.017565536922712102e-28,2.693209361810001664e-25,1.664887969659656784e-26,2.069911101916096279e-24,7.226567182835139491e-26,4.788697311346091366e-31,3.663895764350133181e-28,2.081729740910855661e-29,8.942781397408403242e-29,2.555449811735450475e-31,4.454967252056537082e-25,2.460099755647557179e-28,2.255521266666495667e-31,2.962667773723058846e-33,2.415979305899961768e-28,6.973034833860882192e-29,5.966921061246106508e-28,2.387056908977016798e-25,4.840031336554984636e-31,1.380154043696816714e-31,1.123396117673265118e-28,1.223836241963367720e-32,1.202856594327700943e-32,2.440462583109221329e-30,2.755577417776269005e-27,2.024996179063971034e-28,4.227570549979995902e-31,9.668578888556992810e-30,5.732438175877603157e-26,6.035114879244889874e-33,3.594694002893185838e-28,6.594832980412268688e-29,2.205132798323010798e-28,2.640528514589164777e-25,2.832929198496981716e-10,1.345975435074700557e-31,1.967800986087295585e-25,1.080338080120823525e-29,2.132604087464514304e-24,2.274263872603233319e-33,9.144270510403094264e-29,3.547968787838953597e-32,2.197361478683218637e-25,3.822245523230184775e-29,1.416869908700151755e-31,6.121149994153228924e-25,1.178160478995212461e-25,2.457048714971223216e-30,3.613347284284191219e-33,3.130141500286880516e-31,7.570659422788493712e-28,5.082283773781043432e-29,4.045718271627795500e-31,4.589620061645962127e-29,1.133298872155310897e-28,8.015014867947262430e-25,4.994308905856301275e-30,4.887676842606565194e-29,2.965341033037306910e-28,5.794322956186441292e-31,2.526841051986960486e-25,2.162276988971923253e-24,2.712074484956434751e-29,1.067387739393022314e-30,5.064125107870968735e-28,4.187729786008564828e-27,2.477652524418237503e-29,5.910565706813701870e-26,1.924622999506852326e-25,2.797231509298156490e-33,1.375213335544250183e-28,7.655994821967909692e-29,1.568467498262369733e-25,6.375427891726539982e-29,1.933750729516347735e-16,1.828411946309790634e-28,2.894615606956869609e-25,5.080074455219447184e-24,3.507265131224065771e-25,4.927005250466197537e-29,1.400050807384165228e-28,1.033090792043736563e-31,1.012607690694105025e-28,2.989104141387824921e-29,1.286545062668700989e-32,1.582592279777953764e-28,2.827012066087364834e-10,1.809083632172371712e-26,2.667621249257308044e-29,9.926269456457398734e-34,7.378324969788026634e-28,6.199216321254252847e-25,4.968895535064299897e-29,3.472989421673310026e-25,2.320670951295227578e-28,6.517614616869225815e-31,2.788908037795369492e-25,3.628360930096681683e-27,3.466000453809340711e-32,3.854286578818424395e-27,6.151776897371109312e-28,3.502501536786103753e-27,3.772654803732296823e-33,3.766798568162696284e-24,1.145157643791400257e-30,3.720326897471445808e-29,3.382277964962890723e-29,4.545799203820245754e-29,4.726620438049999634e-28,0.000000000000000000e+00,7.432475295162196248e-27,9.619999199285143320e-33,3.670990477131021543e-28,1.831022405178817698e-33,3.209959440561385802e-25,3.084929913552097547e-30,1.140737775907813999e-28,1.041919924714067556e-26,2.111829065922631104e-25,7.960165158299347771e-30,7.689045823655544971e-32,6.384076354519307008e-28,7.033630437818764593e-33,2.296468451672619535e-22,1.052095024241110072e-28,2.402151768247167026e-29,1.816324036069295946e-25,4.540269149714931787e-28,1.533272635955947092e-25,1.232735163109214319e-31,3.012888862015705483e-32,3.717325587487291761e-24,6.572828896234691140e-34,5.991584727781985526e-23,3.336309986339881444e-27,1.204800191260498698e-31,8.797210880106982897e-30,1.316771133159585763e-28,2.319232794479827035e-25,2.158175849816669519e-28,1.620633996582981466e-25,8.309689619613419269e-28,7.017844078172753299e-34,9.177706088092684957e-34,1.049662494250675299e-28,2.231440516993790641e-25,1.078058359451985668e-28,1.028426361481076929e-30,1.104180280456346683e-23,2.582505967102358709e-31,3.145940307594053130e-27,1.133714206849448619e-28,1.642219123272606773e-28,8.328414437783938020e-29,9.291754981589104574e-24,4.892000303006515944e-34,8.531682906125855834e-32,9.390661582893919590e-33,4.380912358602088132e-31,5.577914389729220274e-28,1.009376667006649514e-31,7.610026136686138914e-28,4.215783779875372735e-28,3.718457813631017585e-04,1.410962354402359184e-28,1.079448062011904956e-30,4.031591752289714521e-29,1.676846388868376214e-28,1.695631401854083919e-25,3.240583555041949067e-31
2.251354811691357389e-31,2.327483006554588125e-29,5.579294941832414424e-35,2.888313009734771455e-29,1.224421298891018694e-34,1.644089265397562173e-27,6.197040483264189326e-25,7.035907238470514120e-32,1.140702592057643437e-26,1.815507773121727389e-33,2.938986751826007282e-27,2.300890999332102801e-30,1.739327792641257615e-32,1.342735755959768548e-28,3.673911188589763783e-30,9.064361665161420571e-30,8.966542719356422731e-31,3.041776310022323692e-31,3.420487459520974534e-32,1.594290109982985089e-33,6.279652573176644167e-27,9.850032175797319458e-30,7.991073297512338654e-28,2.562485574232391526e-27,1.383112855738303401e-27,2.467505142372338470e-26,4.495043023542914081e-27,2.514770262826793660e-32,1.935763050608247294e-29,3.311861112529216774e-30,3.320435429837066430e-29,1.573827003679571282e-32,1.147536827448686516e-25,1.334794479502448583e-29,1.839352080419156334e-32,1.318554671548960844e-34,1.836331799266543443e-29,1.949868744079065215e-29,3.362922312143496789e-29,3.204834841238907324e-26,3.001689008609213311e-32,6.426568734046460498e-33,7.088822810889198826e-30,5.497707641446795894e-34,5.121268611110934576e-34,1.585237627741856743e-31,2.524527438747352637e-01,8.804303852801787329e-30,3.236846264120563640e-32,4.927620516371656607e-31,4.707583713196705847e-27,3.389999618299724822e-34,2.393329537369919225e-29,3.004196344165149931e-30,1.883594303916088021e-29,6.090378424512971930e-26,4.956768852667098203e-27,6.713525545450135411e-33,1.756778624450081330e-27,5.460797643140999345e-31,2.424776091530308623e-26,1.182278968229325871e-34,4.766397859579240668e-30,2.010755614938536740e-33,2.692898018198190168e-27,6.820170535549952194e-31,6.657228032594578488e-33,1.005223547715729983e-25,9.757797099584635999e-27,1.541888512710757991e-31,1.798147306850735713e-34,2.261315481392759404e-32,1.201250038038355678e-26,3.099681232415769362e-30,2.941978966613607272e-32,1.500582701409291762e-29,5.768491026954462758e-30,1.702189059228547872e-25,2.709482555450401644e-31,1.770672433804094811e-29,2.830954422721460847e-28,3.468321981126768273e-32,3.295668330573690909e-27,3.127896215092149870e-23,5.683870687180320608e-31,5.028470522060496077e-32,2.383180005904151167e-29,8.030707423181341072e-29,4.078752241491065275e-30,2.665286007747361948e-26,1.804626526001023340e-27,1.202543540618221923e-34,6.109687125209205806e-30,3.582935334924947559e-30,1.002625204528396932e-24,3.290690407856214345e-30,9.673257521285267929e-25,1.702777771541961903e-29,3.257540093923991474e-27,3.135960927986143841e-22,1.264167890492257878e-24,2.898765631476054795e-30,6.335863134465127455e-30,6.453405619861136870e-33,4.055566431515319069e-29,5.944285847594730369e-30,5.484492662881198246e-34,6.598669292670665752e-30,7.894553382029674329e-27,1.342320048869611497e-27,1.297956814746111750e-30,4.275542860890984382e-35,2.044886368626179394e-27,1.190786133637829365e-25,3.093230942295018300e-30,3.339630521944780563e-27,2.575766392260321598e-29,3.328520903981958605e-32,4.269068665767007943e-27,5.699277854428325874e-29,1.576226843778054857e-33,5.777794165814060197e-29,3.573804534477070555e-29,2.513841962087826620e-01,1.944423499906821497e-34,7.346563919089335905e-17,5.624326499524115106e-32,1.895264661752311795e-30,7.072291412650268098e-31,2.881511922943994633e-30,2.426590905707002799e-29,7.432475295162196248e-27,0.000000000000000000e+00,3.826994964138828192e-34,2.172302142872006436e-29,8.953038999336486130e-35,3.511742255216740901e-26,2.337215365390082704e-31,6.501804593984750898e-30,1.747551717914074551e-28,2.554532200538408308e-27,3.391703956212068412e-31,4.183688760636698610e-33,3.080100893271938911e-29,3.765611347510585762e-34,1.045767942440408491e-24,8.099315411046389176e-30,1.531091732382613068e-30,1.912796675453544789e-24,2.150691729209808610e-29,1.907918463178055565e-24,6.549758783524524855e-33,1.278627908452564938e-33,8.764360062610291377e-25,2.640751086295804584e-35,5.196196925766614328e-25,2.881299365435262549e-01,5.530027415657685500e-33,3.960451290554165442e-31,1.094558092883626046e-29,6.898079951783816975e-25,1.885069023767088702e-29,8.813451821798422538e-25,4.493623726311118483e-29,2.642158542740212046e-35,3.788523896361905306e-35,4.534696720723328409e-30,5.329550769126926941e-26,6.045017373605149437e-30,6.948997992139378962e-32,1.002542973451632245e-17,2.017142019480170736e-32,5.679617645226672682e-29,4.912109892670974790e-30,7.316757661323480095e-30,3.209977133061275901e-30,3.457645560612417865e-24,2.384102554029198426e-35,5.180286187402899353e-33,4.620291326790292618e-34,2.938390801430945718e-32,2.817268112140974714e-29,6.388386257435120714e-33,6.644733999316326450e-27,7.493087922872477373e-28,7.044981229862090366e-27,6.401324749911687747e-30,5.405567813623354454e-32,2.115294932144449487e-30,9.687599087506363752e-30,1.033506739034161266e-26,2.236371867005769781e-32
8.779460283443028656e-29,8.545588617724168704e-28,1.364939041547632620e-32,1.172757247757468991e-28,1.054632434367021602e-31,8.906953212038296903e-31,3.799748580042958177e-31,1.380204177378838625e-22,9.083716072366287294e-34,7.652123914816196642e-31,5.205879073549177600e-31,9.569559839953716424e-28,1.303366338445651344e-32,2.675501264447390026e-31,2.047238454998362389e-29,1.746333039663475522e-27,1.144251279109037811e-33,1.140187297746323152e-21,2.102970837830754214e-32,1.501253565524730911e-30,8.071976777143012703e-31,4.190972419384647123e-25,1.068915232097139163e-33,1.303816408880350933e-30,5.813487182631567556e-29,2.170591471210023511e-30,4.092272795214577446e-28,2.711566781613759749e-30,4.379985041285550792e-28,1.745375295714102728e-33,9.703222066418936212e-34,1.345824847156690137e-32,4.407896156963172271e-29,2.385972464391633461e-22,1.675684736193079359e-32,2.661009538385083108e-31,1.893975758733377233e-29,1.737947016094156288e-33,2.273024237120212105e-25,5.257915235855780235e-29,2.345726852006622793e-30,4.460984386917202311e-30,8.247340705084718495e-29,1.102214165220472481e-30,2.248964026719653034e-30,4.182210735317808107e-33,3.125489461740094114e-34,9.689811696796713188e-22,7.498588244749311401e-33,4.055583258013024613e-28,3.749939741194714187e-28,1.563569081322492801e-29,2.804180925624518416e-29,2.643320440215838382e-25,2.004024841491130599e-31,4.961206998132691952e-30,7.201427188465447287e-33,3.628021539065750554e-32,4.536910752615496627e-31,8.503775610061972776e-28,2.413021542497133426e-30,7.765127207185758867e-32,2.546174727188179982e-27,7.393171221666769894e-31,9.320195810371908224e-31,1.022577021846806374e-33,3.887484726168719276e-32,1.904753737113838737e-29,3.692542782843382263e-34,3.698001260462923170e-33,6.326191840457730872e-31,8.067093250729030351e-33,6.113210765531980015e-34,4.647296136337976557e-30,1.154031041469306107e-32,9.346515138717787400e-34,1.854179433517362949e-24,3.497112713665591497e-29,5.892505997366393123e-22,9.541743188078154602e-34,1.653799013922478474e-33,8.478207052914253113e-33,7.566473473537554886e-31,9.387109103610405470e-31,8.388487447288909553e-34,7.980218925835666266e-23,3.985198203617539580e-25,2.293621532099018471e-32,2.114710362541142107e-33,4.934095210060306793e-34,4.588508378224697225e-31,2.710297660819532147e-31,8.252518453489495429e-25,4.599745999968652097e-25,8.657136912318429741e-32,4.617975215192183871e-30,4.367666410617751582e-31,2.939812184099048128e-31,8.730549489336378497e-31,1.492450422529313768e-30,4.005103136573504696e-31,5.070743326833650710e-30,6.115849868573238901e-29,3.221636129707339906e-32,8.597796436903644788e-34,2.792400444954640885e-33,2.419288726491590654e-29,7.727230181672004816e-25,6.472524709959041042e-33,6.095745585215258748e-29,2.074173781778255507e-27,1.207964867092029470e-32,1.480418601383396305e-33,1.528535895490718636e-29,4.505285914078445672e-30,5.646487632633293838e-31,1.793793999779571654e-31,4.105184740207302622e-30,7.192021284231874596e-31,2.635684106947791012e-32,2.108453160681337194e-30,2.644831845364906850e-32,8.112394543689214467e-29,4.888264698764108498e-34,5.610333731308943827e-31,4.757787424274425070e-31,5.604786858635922975e-23,2.384455897998582411e-27,9.449894966034028588e-34,1.947975230580274946e-29,7.381193550836692668e-29,9.619999199285143320e-33,3.826994964138828192e-34,0.000000000000000000e+00,1.321267470357333164e-28,7.907484281302025237e-32,5.268521728052263424e-29,4.413416852625369645e-33,7.191915990855205140e-29,4.035279714980825250e-31,7.411612948549807397e-31,1.045677530133821643e-27,2.444212935364300261e-30,5.437795613284586160e-28,1.671080519275588638e-29,1.747755633693122301e-29,1.794022696318585386e-31,3.944544922747751363e-26,7.386260219089288464e-32,7.524150386313581012e-29,7.411039033161756737e-32,3.641854130432639016e-32,3.993817370891208363e-01,3.665888417929301825e-29,7.185805708136867398e-33,1.297530853465990032e-29,3.552587029715564277e-34,3.960618137570541253e-30,1.047170172235016237e-27,1.886636292638082064e-31,3.470166967979725652e-31,1.769504496527142486e-31,8.517740292210918462e-32,8.199293181179612628e-29,7.147282224653614572e-33,1.036816561988266575e-32,3.383151694637609725e-27,4.355451229413494941e-30,1.033621188026968133e-27,2.383366140981557306e-32,1.933933214360594838e-30,9.550816705002979672e-33,2.091314480159016295e-32,5.664231398360756525e-26,5.825213566500777024e-29,2.091619395301718022e-26,5.298130190655751042e-29,5.081527768379397055e-33,3.599409936422941652e-32,4.013077581650909553e-01,7.577506013849392046e-33,6.448328078180120369e-28,4.434225518963643443e-32,5.962225453805428887e-34,7.871381505537179148e-34,7.008967725616410053e-33,3.841409047644515332e-24,5.371283564901453538e-23,3.699301621231068718e-26,4.444948644360148684e-25,5.190396626757426177e-34,9.951596396635901758e-33
1.483888957645881793e-26,9.669632769322322130e-20,3.607345023455964458e-30,6.675257475049937375e-08,1.050117219795516315e-29,2.514678718647429141e-26,1.787990057608212411e-26,2.801234375478443912e-26,5.485792379885222238e-29,6.156141815819560878e-27,1.704666547218077824e-26,1.656850476585976723e-25,4.697933897501964883e-25,5.737973927334808440e-27,1.944920600499085864e-13,3.867220995269287738e-23,2.879721863308877080e-29,1.185268029693448499e-25,4.185398537561157377e-25,3.286731863487757877e-27,3.202460096285838912e-26,8.644948219121768039e-24,5.838267065820186786e-29,3.232304382039321110e-26,3.540086493156173084e-23,8.348965083202567064e-26,5.136193507304285063e-22,2.827455546583122720e-25,2.123579317205695120e-19,1.684627413486943142e-28,7.763620362500652404e-29,4.215664272261123421e-25,5.484669218516410449e-24,7.443921143597604761e-24,6.640731742749175658e-25,1.314628436811615363e-29,1.040631029534607746e-21,1.487246962717888964e-28,3.776970792540227964e-23,7.087015792133601380e-24,3.642726129266498787e-25,5.505537069118017131e-28,1.571649148249262641e-17,5.969417197342178883e-29,6.691552757879515289e-29,1.176525321707732308e-27,1.772598714562292543e-29,4.736282242977050150e-24,6.161967335849741461e-26,1.038374567790570901e-24,8.059915385809798175e-22,7.372415983277586053e-29,1.985308764083068863e-21,7.718049401904931155e-25,4.664393070493535581e-26,3.823136127708956075e-25,2.592560133978447405e-28,7.856889721114139600e-20,1.343336782162562531e-26,9.243535547965404856e-25,8.629504183447158499e-26,9.905625284709852557e-30,1.402381659714486907e-23,6.581733259876659124e-27,3.045844811569733673e-26,2.641248084213558649e-29,9.353390225152687329e-20,1.445174751404013351e-24,1.783391199533790075e-29,9.598312633604904757e-28,2.294129109795980169e-29,8.857756820674124436e-26,4.146389285373062151e-29,7.226551062993643250e-22,1.572835524316323971e-25,8.200226542421957860e-29,4.016467160106503741e-24,3.103441631064681685e-24,1.150323357012082568e-25,9.485487263748158536e-29,1.287219353131680565e-28,6.404187665190407088e-26,2.629072156748395232e-26,4.743268218235862313e-26,2.036791638408034936e-29,2.113255804824333044e-26,2.818940427441695683e-23,7.915079883462581117e-28,2.570965149077828426e-28,2.433323254735908450e-29,1.338906084224418080e-26,1.274607489388377199e-29,4.211681960705263483e-24,7.676836071220201936e-25,4.137539306635305286e-27,6.337767815006731929e-22,2.001506424696107215e-26,1.065736877470184190e-25,2.771175918089284342e-26,8.352329689451165567e-26,2.199104658499385316e-26,1.203113866278299254e-21,5.702062594152499319e-18,1.306941828152650520e-16,6.900727172906855095e-29,3.123425830825523698e-28,1.156205052203432913e-28,5.073823208134302207e-24,2.648320674161323592e-28,3.510528294004028604e-23,1.387103068312556868e-25,2.663134563823011486e-30,9.626303011805604006e-29,1.143321686019201905e-24,1.118903120065325536e-21,1.935794165335405346e-26,4.233089611871389657e-26,3.058021715736527080e-25,2.678863547328768731e-26,8.206422323203095789e-28,3.010466515243172315e-27,7.665768624176483709e-28,6.417936257846496500e-20,2.806632559289684115e-29,2.529681708680488657e-29,2.392625474566586362e-26,2.435584847843861936e-26,1.709089906805031310e-25,2.216534736795326624e-29,2.262307990856139508e-13,1.761883225173528600e-16,3.670990477131021543e-28,2.172302142872006436e-29,1.321267470357333164e-28,0.000000000000000000e+00,7.972562199551967423e-30,6.562281790899942757e-24,1.099528123468011158e-27,6.162813559796767891e-18,8.057626761827594994e-27,2.256006083539101175e-26,3.997739517459037967e-26,9.536642864829021155e-27,2.085793688759740768e-18,8.531580999865823214e-29,6.241265392437498552e-25,5.523027604888362607e-26,2.953787594497386246e-25,3.909661901263701929e-27,9.736452676910795092e-17,3.919147016085962183e-27,6.429864829522033829e-20,4.933145094422325817e-28,2.666425384576699762e-24,1.662072993469676353e-30,5.236268270056542601e-25,1.915425689900767909e-29,4.853425762248229781e-28,4.477397041479853597e-26,5.517497220367817571e-26,2.133363045746763471e-26,3.381568899693785761e-26,4.429548950069505871e-27,5.955434544752430749e-20,1.717556967567636247e-30,2.402828689607671367e-30,1.363067247571965405e-23,3.578259217665678598e-25,4.230811911661797305e-23,2.247247998031237627e-25,8.982229350062557369e-26,1.391701765489244597e-25,7.071210304543846041e-28,7.267993393011259933e-25,1.036255915989317748e-17,4.746542579399316589e-25,2.762606482793809922e-24,1.460720065260600881e-30,1.128045583078807821e-16,1.482135984367332322e-28,5.408523751360551218e-26,7.667998750402087933e-19,1.999052999650718635e-16,3.500891736958220764e-29,5.170918122143326512e-29,2.562253754385976589e-28,4.042041993193539619e-24,2.432569624306517179e-26,3.580676026350862712e-25,7.609394973980713079e-24,2.313830329651573482e-29,1.494892648601128498e-25
9.606056340535679897e-27,2.409027669746285855e-29,1.404267849245228793e-30,7.391739477586633559e-30,4.032515346290597158e-01,2.183679111282649935e-31,9.232719134943583437e-32,6.370291254726115152e-30,1.866548203236898771e-34,8.811670181077220800e-33,1.178140737313196093e-31,4.849474197954904262e-24,1.199259072684745083e-33,6.011506251684447644e-32,1.181452973003251386e-30,2.721576661333762146e-29,2.918899706614521273e-34,3.136114464225253626e-29,1.835159309940586422e-33,8.709534411248175459e-33,2.293702409846481902e-31,1.746841843404312964e-28,1.729244690128887372e-34,2.675157835234883685e-31,7.025885292102684903e-30,5.715515732955829816e-31,4.167268479050100324e-29,5.462934247840179132e-32,1.573073394487023135e-29,2.872336800936375547e-34,1.902614812602889181e-34,1.074830725250690825e-33,9.470782687673760400e-30,5.317962458615863248e-28,1.459885076497537319e-33,2.675226769951530199e-29,1.846426645415115420e-30,3.457931791501906066e-34,3.953918247513161846e-28,7.544859477426976215e-30,4.647268619906197240e-32,1.248277350451276596e-13,3.979993169405310550e-30,9.939002808418825427e-29,1.902477304907339201e-29,4.421081387544858780e-34,8.331908119614307333e-35,5.290079777096756426e-28,9.442988439311818279e-34,3.052131781029178859e-30,4.975516157570550414e-29,3.454741276042529859e-31,2.064187005638301139e-30,2.838275850958668810e-27,2.557425116345358815e-32,8.791498670223095477e-31,1.384091895650470765e-33,1.820866021372176964e-33,9.563006739855160876e-32,4.557868888102187537e-30,5.392577392968660660e-31,3.983379814045306944e-01,2.322572721830838061e-29,7.509688250746285167e-33,2.496341333853010038e-31,2.567699062652199162e-34,1.921134447031507502e-33,2.710492469660462102e-30,8.137989386414727593e-35,4.014077243316561113e-34,9.407838347040733249e-30,8.308627884170574341e-34,1.517739215757351459e-34,3.385491066833533986e-31,1.112965851141259004e-33,1.895618342841967115e-34,2.049349096392445044e-28,5.893610886263596886e-30,2.887328941768934669e-29,2.247756726289431101e-34,3.992444621117335720e-34,7.841604099610144891e-34,1.906579771216554792e-31,1.972487486022020114e-31,2.110780907756893903e-34,5.008157978713006312e-30,3.884823839792575642e-28,6.764722175966482131e-33,3.391202098034937545e-34,1.053262987826719898e-34,9.841999832145665352e-32,2.646068400615660107e-29,1.436614694751729345e-28,2.621759389129101236e-27,1.524473169954382322e-32,3.284538585205458266e-31,1.012904467895075834e-31,4.227893126028474935e-32,2.161340758301800873e-31,3.366685241811999222e-31,7.769382678066980912e-32,3.428714452233327401e-31,2.604750851362097280e-30,2.245000833835570430e-33,1.812970483187320124e-34,4.621905425452967185e-34,9.870378180337114529e-31,1.451800912922939125e-28,1.378616302792690674e-33,7.403952266103255145e-30,5.397557368377006930e-25,1.181556492211435133e-30,3.230713920539854627e-34,2.280356759882326447e-30,3.501482696579739813e-31,1.240336971220237694e-31,3.057498515974309524e-32,6.497036744126538383e-32,1.818972675660075496e-31,7.006663007675588915e-33,9.614014760095274844e-33,6.885139429200003880e-33,5.673180915334531769e-30,1.096229632544041441e-34,1.180877344100297323e-29,1.073320649405677884e-31,4.502245337755175306e-30,7.434145725460717111e-24,2.371467894109042386e-34,1.118852595045308859e-30,4.274263042907786163e-30,1.831022405178817698e-33,8.953038999336486130e-35,7.907484281302025237e-32,7.972562199551967423e-30,0.000000000000000000e+00,7.294598978879730269e-30,5.071211397203589892e-34,2.990062294312065686e-30,8.799616751969840139e-32,1.649971312638622407e-31,2.355774894555447928e-26,2.079927472002015917e-32,2.132621370657972149e-29,3.485305793687296036e-31,3.754214269077899018e-30,2.140857715660511665e-32,3.241220423287327918e-27,1.391438411197922024e-32,3.979054811056671121e-30,1.402858507932620828e-32,1.656942501614814059e-33,1.685209787158593106e-31,5.718838758056374051e-30,6.707738333298266139e-31,3.215733780836256530e-30,7.630409796479397781e-35,1.252731182802397815e-13,3.891226136438268441e-26,2.805217268456983753e-32,6.434290824068569681e-32,2.435694664203766970e-32,1.611031370846119838e-32,5.011037707516364592e-30,6.703425934625705791e-31,9.971889497115127286e-31,2.650085460097081162e-29,7.910024118344431917e-31,1.719894943156954687e-29,2.166024711522796674e-33,3.546443266576847149e-31,8.982492910569454178e-34,5.655307822851691502e-33,4.713412927589598965e-26,2.351111517992791466e-30,7.160113845322095012e-26,7.364759486469842033e-30,6.408249603055922561e-31,2.281780487334944516e-33,1.003913808876601341e-31,7.618039758136972694e-34,2.368722125978249898e-29,2.719140249080697784e-33,1.253116473838710608e-34,1.451234297674982581e-34,1.420153798933845097e-33,2.227503017556604404e-28,4.448699718708565602e-30,1.185747917342285196e-26,1.950043955374543020e-28,1.056893614912834258e-34,8.611470545535686777e-34
1.792425392496616283e-26,5.853663972414414491e-24,4.307953441284071595e-30,8.482606480428751990e-24,9.127651007860704658e-30,2.917396876425512462e-24,1.359359814996788169e-23,9.306630496545301252e-27,2.202915218854037549e-25,3.262541338893160518e-28,3.206569654302929466e-24,1.892210298474425801e-25,7.671391127279104045e-27,4.135244179008785085e-25,1.205880626422782069e-24,1.523964171073196577e-24,2.261978577394517335e-27,3.512246966189717105e-26,1.226063119361852786e-26,2.548733702410050868e-28,5.651767226033951095e-24,1.343587830875230139e-24,5.492044816319562819e-25,4.400429090137575172e-24,3.561382152520964335e-21,2.156599011246907576e-23,8.245572967036964112e-21,5.097750885178913088e-27,4.726656355883704119e-24,2.173631906221819241e-22,3.794954063946534583e-24,6.571524819054685154e-27,1.247702791266736174e-18,1.718694089206756768e-24,5.802485992143343741e-27,1.110005947811049137e-29,6.425702622425857061e-24,1.580033195003292228e-23,4.822506636708881494e-24,7.542305607865533100e-12,5.672437394300451101e-27,5.387012630099797369e-28,1.894783569645446470e-24,4.850654637668876629e-29,4.895627790648417869e-29,5.163740130743170176e-25,3.104720294535451028e-26,1.242596531310647235e-24,1.782060985368969391e-26,8.625873219620885175e-26,5.406801152827778769e-21,3.140283895429875500e-29,8.437597896031665239e-24,3.429488555203754074e-25,6.803096583287588537e-23,4.372326511846091174e-20,1.924216533846666148e-25,2.237021102346106490e-27,2.491361783094439671e-24,9.109526573143578697e-26,1.984686320447694106e-23,8.636117978530164741e-30,8.575400364244510881e-25,3.604752781636762090e-28,3.958923506403304393e-24,1.989222904514056423e-27,2.262609625000103146e-27,3.494144548095023895e-19,2.149864106619023537e-26,5.370035712128302000e-25,1.671171781698692961e-29,1.018309578734088892e-26,1.586069462356960864e-25,1.063851363337147032e-24,1.282900278180038933e-26,6.538355403556317465e-24,8.332821957895077569e-25,7.888717922958632906e-19,3.052139343460234025e-26,5.198189525372254599e-24,2.666236531725616881e-24,2.152161319339511795e-26,4.094499938893128737e-24,1.471712431484309283e-22,1.487316739905866679e-27,6.309229428666466433e-27,3.771411524791256198e-24,9.681990909280030507e-26,4.696469374459486833e-22,3.293920841858872764e-26,2.441105646568715499e-24,1.061800142201315606e-29,8.419401439944137818e-25,3.706256718981602255e-25,1.561870781165056971e-23,1.416078074663337782e-24,1.850930330804254386e-23,5.251390479610258501e-23,4.399392307749768638e-24,2.054884768427705768e-22,1.294150442326759771e-22,1.062128043583295194e-24,1.938002080929531524e-24,2.109478696245000960e-27,2.839046134431923414e-24,2.250716293748715250e-22,5.634786684572151659e-29,1.006775358223475643e-24,2.053600023431522152e-25,3.702302767196413729e-21,1.110750664594924204e-25,3.188883903758813644e-30,9.493729276164877870e-25,2.217757561698902382e-19,1.137486802125670802e-24,4.047177942719298637e-24,8.663324533042854228e-23,7.167228120417494889e-27,4.186950521651568539e-24,8.694521398839757182e-26,2.887315965918607297e-28,8.482442691249325004e-26,1.231668151355137589e-23,5.723276049297590996e-26,1.748442527307448553e-29,4.629808064569922130e-23,6.679744157219282407e-27,1.496609777104425914e-25,1.676653854144872808e-27,8.452206319405752646e-25,8.624785613499505259e-24,3.209959440561385802e-25,3.511742255216740901e-26,5.268521728052263424e-29,6.562281790899942757e-24,7.294598978879730269e-30,0.000000000000000000e+00,7.911812208768592225e-25,1.819264531479290842e-24,5.741140210080747415e-25,3.337642283597984310e-24,3.242738134474459785e-26,7.002510015543571439e-28,8.867563456686685126e-24,3.685609776971736003e-29,2.509782483885433827e-22,2.492182523697854081e-23,1.364330030196378554e-25,1.366476249312998378e-23,8.162932687547990111e-24,1.432836885230351903e-23,2.070086263204744604e-27,1.679023947647570940e-28,1.740889075742963216e-19,2.200829755223388715e-30,1.866819132119010060e-22,3.800399830121075540e-26,4.588717599473891816e-28,3.673424518576210744e-26,3.709778382901578262e-23,1.405728109748527711e-22,6.852714453604986632e-23,2.018926773647746058e-23,1.766207807474450779e-23,2.359315815450210718e-30,3.195806066984401982e-30,9.032180246556947803e-25,4.238933633453194391e-20,1.249674603189097055e-24,3.580793588525388615e-26,2.243683653784870132e-22,7.379432190154949929e-27,7.762998104493522027e-26,4.933508526608576487e-25,2.155515165393695939e-24,3.327025853155510391e-25,8.134077602506872704e-20,1.785965149862836671e-30,1.613412874295138780e-27,5.371646256564990156e-29,1.695432348423554862e-26,8.231016774274511066e-24,1.796775883762855642e-27,1.599431346185101382e-25,4.413260524633131654e-25,2.297333758830385063e-25,9.058067965343225223e-25,6.531020511034776470e-27,1.948111498801598987e-25,1.223856130520867016e-24,3.285871626882717432e-26,9.179995208908748059e-27
1.297220418173368241e-30,8.676651093526910048e-28,2.763436604873282474e-34,1.565369923624066085e-27,7.126866226481236003e-34,7.374544487814793293e-29,1.317958287924244451e-28,7.722140699327387471e-31,7.789801182006591141e-31,3.949172698809080588e-32,7.386276658223681198e-29,1.210381876705750773e-29,1.553484661932308735e-30,1.413348412953017494e-29,2.079220472786142072e-28,2.128655576075880964e-28,7.081442770238322711e-32,3.347065425863911707e-30,3.577395200577054084e-30,3.303747812242813798e-32,1.225414746977577954e-28,1.387453634712796381e-28,1.207052017674830089e-30,1.215510055000221802e-28,1.523071577218061784e-21,3.527734530878443537e-28,3.715393648387614309e-23,6.869244795455687807e-31,8.482798906284896184e-28,1.199659192019747291e-29,1.799648746701283287e-30,1.718100274658932596e-30,2.064990988907493207e-25,1.803739261123100170e-28,1.526672518417175658e-30,9.381774908100413099e-34,1.526799047199982500e-27,4.586030683032372579e-30,5.478639739469060722e-28,1.479076668663124775e-24,9.795026902399619696e-31,3.595179466713938838e-32,3.174480614444666107e-28,3.255714558475459683e-33,3.507411546309995193e-33,3.984272217753251355e-01,1.865385919873463047e-31,1.022563026914267665e-28,4.683263499178871930e-30,9.633827277302642463e-30,8.487635015227681386e-24,2.738931652967787284e-33,2.009131603025666940e-27,2.501586748752160194e-29,4.120955525251901271e-21,1.170260864217024310e-26,2.515492705704119694e-30,3.995790229569928010e-31,5.301319375496007461e-29,9.660541843392582644e-30,3.899790106504245039e-28,6.409054370362463854e-34,9.184580685734795998e-29,4.518099237604774696e-32,8.927930728488524671e-29,5.497095619471625825e-32,4.442981833188731178e-31,7.013472043693234068e-26,1.781868047864642182e-31,3.982353899227832339e-01,1.289282978726380995e-33,2.768425569808363799e-30,5.695973476779451322e-31,2.494407175629898869e-28,3.299901177264002300e-30,2.323598208085266874e-30,7.159869698641425751e-29,1.301834527116472722e-25,2.861624698850591498e-30,2.070452795520756667e-30,2.287052286263384856e-30,6.682980935060439092e-30,9.330709813174692883e-29,6.212773833118142890e-28,4.496323900476362792e-32,5.828554011890569554e-31,3.451380620240083224e-28,2.660455546389971755e-30,1.503114058969200265e-29,2.410789869061371073e-31,5.369591273187393449e-29,8.579566285506424636e-34,8.937389009408798482e-29,3.272891720470469361e-29,6.043854780735159036e-29,2.827003994469757192e-28,1.485508286688997348e-28,7.799538064487064129e-13,1.010189705079323734e-28,9.281832357894375192e-28,4.283023592870739394e-28,2.306392157261232654e-28,3.395385887095671200e-28,3.424037295628447433e-31,1.580565780127111580e-30,1.826030698909182741e-29,4.606372706366329461e-33,9.593505610968103440e-29,2.443520864951975554e-30,1.612969326710838665e-21,8.036714430320777171e-30,2.199297423139179361e-34,1.897952848297723107e-30,4.842509322119096286e-26,2.247626526410236749e-28,7.700718676111243037e-29,9.747193220882848487e-22,1.026517177088084095e-30,1.034608316647253318e-28,2.413012188916616726e-30,3.294688338901944052e-32,2.530798889313691051e-30,2.499232041663585741e-27,3.223462495651852611e-31,1.305819533444592376e-33,2.751270424791280656e-28,6.340792928525698802e-31,1.213769809726348333e-29,5.717254483743846951e-32,1.631668521246744524e-28,1.608165245562335594e-27,3.084929913552097547e-30,2.337215365390082704e-31,4.413416852625369645e-33,1.099528123468011158e-27,5.071211397203589892e-34,7.911812208768592225e-25,0.000000000000000000e+00,3.499653709341950159e-28,2.021740945585702305e-29,8.219778653824021205e-29,2.413693250244771739e-30,8.735191229826808419e-32,1.423169564762264197e-27,2.957091751095306991e-33,3.802024914329804523e-27,8.476107820679776293e-13,1.100256723618720201e-29,5.974615764977162608e-29,1.454619004427999630e-27,5.984959829890293822e-29,4.251536799724241969e-31,1.413683992962964736e-32,7.859755962877003461e-26,1.386650862330104549e-34,2.596300236297002285e-27,2.160569378413054003e-31,3.217570517809689546e-32,2.678726225427860249e-30,2.075592463129456230e-21,3.913525429469557981e-28,1.644947806009888550e-21,6.578764810487813195e-29,3.623400425416231774e-27,1.426452389523951952e-34,2.090256266698068434e-34,9.434087599789717117e-29,1.197573874777834390e-26,1.492312565264845703e-28,1.041316572444514471e-29,1.317870668447629484e-27,2.234086593545341669e-30,1.998807534614225581e-30,4.044052777235841543e-29,4.471413802373177734e-28,2.643100552401984230e-29,8.326967455914918883e-26,1.109403833608968981e-34,2.726583106196520540e-31,4.960025234174610217e-33,5.312824245559816416e-30,1.199226574333739474e-27,3.045969943692342328e-31,5.311240618798057727e-31,9.527329547977610298e-31,2.335710631872789184e-30,7.830698555851180580e-29,6.194300215547218455e-31,1.603800122018571572e-29,1.241935476797966206e-28,2.126698669804072757e-31,2.816359432313148368e-30
6.411496992282163257e-27,2.812803832651734682e-19,1.281206502537068464e-30,2.726867209884358672e-18,4.420620798891375658e-30,7.775775750645177586e-27,4.984880812663321247e-27,1.462088923042168386e-26,1.579782713280478567e-29,3.639370422103471174e-27,5.743414265917542164e-27,6.688471386661413497e-26,6.632881522607782318e-26,2.095578246564814264e-27,1.172482963000357927e-18,2.552265795115534316e-23,9.405677457850120006e-30,6.709611680515634111e-26,7.778409386052495947e-26,2.265152263386194033e-27,9.611660918981300415e-27,5.360851530154298765e-24,1.871953210271655450e-29,1.127314559403301246e-26,8.989962848660786694e-24,2.367649631893120988e-26,1.118691716149854706e-22,1.731388887389064852e-25,4.674338618366876619e-19,4.937089378163472532e-29,2.230537926799277186e-29,7.180468496722462308e-26,1.473768591082724900e-24,4.699269918073420920e-24,1.222384543228265640e-25,6.523021386492420124e-30,1.427575217500843969e-22,4.478507932878415243e-29,2.545818627263286118e-23,2.129848554810028841e-24,2.736834259053648240e-25,2.241848135359275786e-28,1.368489610727903364e-08,2.324919565282215121e-29,2.844837562700720354e-29,3.549169637792850426e-28,4.915738437368159274e-30,2.210223274483096852e-24,9.021122379092841636e-27,6.716127763378872437e-25,1.386725762088871650e-22,3.371774780984250824e-29,3.362718412819573001e-22,3.117665933658350262e-25,1.365203024534774781e-26,1.022196409982721391e-25,9.461809076715563671e-29,1.990203271933065073e-21,4.337929184174654251e-27,5.769963131825050498e-25,2.663402656736766618e-26,3.841484028040841556e-30,7.998629989805764685e-24,4.383956058747907473e-27,9.042247419600054850e-27,7.900884598610832049e-30,3.599454594293001597e-21,4.877693025853923854e-25,5.935685448550345392e-30,2.587990948378301009e-28,1.067225390740240826e-29,1.454927043825636290e-26,1.086988575318669126e-29,1.044786189195506218e-22,2.650147889815185637e-26,2.310665204836661713e-29,2.097963715514119954e-24,1.007392150316313544e-24,6.027925529313864537e-26,2.253618429849546396e-29,3.225001004993780066e-29,1.135537952193217955e-26,8.381804646804292701e-27,1.379631981088807279e-26,6.395671537025359213e-30,1.155189300834369339e-26,1.390788809235106209e-23,2.537293338803422144e-28,7.098900203289513154e-29,7.773604222112521229e-30,4.291815995953298597e-27,5.814996012872598925e-30,2.493641490743362564e-24,3.980250683623452666e-25,1.233157365115281479e-27,8.580893081508277483e-23,5.608656568116475595e-27,2.856894247587046548e-26,8.577024195546322141e-27,2.136976180566907376e-26,7.282437993387449934e-27,1.749783461627933983e-22,1.275437742440702199e-14,6.171771487479377904e-22,1.948393742263819604e-29,9.784482553233625450e-29,5.023915519459175414e-29,2.820004511776673297e-24,9.114645519355431638e-29,8.101810403405027388e-24,5.458256360025529209e-26,1.065332674030794735e-30,2.918700901212101493e-29,3.748848873923977182e-25,1.353108720124538379e-22,5.819440007131255438e-27,9.688902675528520786e-27,2.024921907946179619e-25,8.670284781397478135e-27,2.619051358333802382e-28,2.115944862910240704e-27,2.603553559329597262e-28,8.018103029849493699e-21,7.937254036490764271e-30,1.116063660426111679e-29,6.643235610142113129e-27,1.280481412142961938e-26,8.304764729456865554e-26,7.862811190334944852e-30,1.509079980161250120e-18,1.130969096020138123e-18,1.140737775907813999e-28,6.501804593984750898e-30,7.191915990855205140e-29,6.162813559796767891e-18,2.990062294312065686e-30,1.819264531479290842e-24,3.499653709341950159e-28,0.000000000000000000e+00,2.882741005143327718e-27,7.630634807886082937e-27,1.789842322438551591e-26,6.694173411556456485e-27,4.999427371522984697e-18,4.007449934734211447e-29,1.950754001078805714e-25,1.607730227724289536e-26,1.311555169565776305e-25,1.232217769830846562e-27,1.439594195194899862e-18,1.274931536182218471e-27,2.717744495159790633e-21,2.558694548948958287e-28,8.287911156630434117e-25,6.323152588867473678e-31,1.400006476279794754e-25,5.794183649968173709e-30,1.939851515550250219e-28,1.933251527847769457e-26,1.343741465313234475e-26,6.632929329200119504e-27,9.234614670162426370e-27,1.273010614335109678e-27,7.612938910456835067e-21,6.621443462851164001e-31,9.951414403343186959e-31,7.095638227497117301e-24,1.038347496252491147e-25,2.458804999498390410e-23,4.168441630101437456e-26,2.974254930941723569e-26,2.538838812157925225e-26,2.239707545314056789e-28,3.647255382107492021e-25,1.124806970401836262e-14,2.145583991083996147e-25,9.887967466966464651e-25,5.488010739487187828e-31,8.421699603385203533e-22,7.722713243435711562e-29,9.923872690195641573e-27,1.829793520074244929e-18,1.437482065043824374e-21,1.046460929428270792e-29,1.630755829910693181e-29,8.173800179344536784e-29,2.088972882315970933e-24,1.285158069592483713e-26,1.566512894888508994e-25,4.385230086320940717e-24,6.692971664174989270e-30,2.775610378297643545e-26
2.638162323837637258e-28,1.169512837055989210e-26,6.164959609655244522e-32,8.867993559685641739e-27,1.077014586117501126e-31,1.578508069645489193e-22,4.716955070261633710e-25,5.973552276955744935e-29,1.335962202591371563e-28,1.074346700388767089e-30,7.858894726097875628e-24,2.124271295569445055e-27,4.296717374968230751e-30,9.840257241998343252e-11,1.411027735658823074e-27,4.373180191923097968e-27,1.723483804561224250e-19,2.211530835161232739e-28,7.946883882624971027e-30,1.059277398543734099e-30,1.250608129776201276e-23,6.929805782544997297e-27,1.010803946308916257e-28,7.475354501275610949e-23,1.308431727836386688e-25,1.790537584473376056e-23,6.994491676355712061e-25,1.230240449074632099e-29,9.194404387635390634e-27,3.121801856888036455e-29,4.360986575406809511e-29,4.729166239920150709e-30,7.457935095469230729e-25,1.028989756281849493e-26,4.340928453237730417e-30,1.419723222906285833e-31,4.458715385849033834e-27,6.174508325888052819e-29,1.910055138026019275e-26,5.739477367579332724e-25,1.422850046980931569e-29,6.162326384587268822e-30,2.627309570753680280e-27,4.956018964046470283e-31,5.104081088527203253e-31,1.689741496742388492e-29,1.142261943230119201e-28,7.122428383566496937e-27,5.521229941267713164e-30,2.787901228016817463e-28,5.974018685868431023e-25,2.345880865319314682e-31,6.578228606154534822e-27,2.603864144973796917e-27,1.094670068449801887e-27,1.651987295761324248e-25,1.165182760166641668e-26,2.954242074025786981e-30,8.611380309241620089e-24,3.144552397079141217e-28,2.049724529548338515e-23,1.054348911438470971e-31,2.747369053267277925e-27,1.128177568645422723e-30,7.013991551984955334e-23,3.036774561884844867e-19,3.196601513736876707e-30,6.233453930093670584e-25,2.424339805366095067e-28,1.528055763103210494e-29,1.631549050528635582e-31,4.350628695317320355e-30,9.798946767447590523e-29,9.626251016805188666e-28,6.071049286373326129e-30,3.424618436045811715e-29,3.781193991382111076e-27,9.413461583245708150e-25,1.860935817737312923e-28,3.788376351178741778e-29,1.034912455149759140e-28,7.684374902853943874e-30,2.210294958347369835e-23,1.749306320532939428e-25,2.176334585186022628e-19,4.254458091058176938e-29,1.555054391488740786e-26,1.674010096730639030e-24,3.420564600458247174e-29,2.823156229233550026e-28,8.662035796299288877e-24,1.347784297878467804e-31,4.716543899975143631e-27,3.089562909980202287e-27,1.434137678097630240e-26,1.098156964823660262e-27,4.752063103553335452e-25,1.122739526007703791e-27,2.194017339941870635e-23,3.297348030770387731e-25,5.753384647457032057e-26,9.860727216890592713e-28,3.187508348464219528e-27,2.031542563589619000e-30,4.765578833693885653e-29,4.823403869915350879e-29,5.058214325199817781e-31,5.361079855125419158e-27,9.544136696948891448e-27,1.465199842442133545e-25,1.283707786533863923e-27,4.839625109618523355e-32,1.474001964487453064e-28,5.359380053503954804e-25,8.465251518379165405e-28,6.482442170902249803e-24,1.026060640385011070e-27,1.942955254252464218e-29,1.541745418421793985e-23,4.807078821878836255e-24,1.144133960969415129e-30,3.350662333671410198e-24,1.084112712098170017e-26,1.660471568338482182e-28,1.644239106977411453e-31,1.640088754249082983e-25,4.479060749157295121e-29,1.947986691762767038e-27,1.719280075866735096e-19,1.074057814993222186e-27,8.750212988684619941e-27,1.041919924714067556e-26,1.747551717914074551e-28,4.035279714980825250e-31,8.057626761827594994e-27,8.799616751969840139e-32,5.741140210080747415e-25,2.021740945585702305e-29,2.882741005143327718e-27,0.000000000000000000e+00,2.895775191874931433e-23,3.679930481015805906e-28,2.302088959164485061e-30,1.573039770371554949e-26,2.656400084561909813e-31,5.875077918071545234e-23,6.418636028729995769e-28,1.017851932562198149e-27,1.479503318691973788e-26,9.893148135273209208e-27,1.355081649547272385e-26,3.059249690048340224e-30,1.173251328225840902e-30,1.671744987489594494e-24,3.252653363378539623e-32,5.617869777270303920e-23,1.256539423965471340e-28,5.675809664266133621e-30,3.841856756180559626e-28,7.840788137931238847e-28,3.963343857391871880e-26,1.084294176118242218e-27,1.388671191263377069e-26,1.773623661898100013e-26,3.352463963793025769e-32,4.518155086842140360e-32,3.205126574491700251e-27,1.757952744728930449e-25,3.110507641474800042e-27,1.467065009114672830e-29,5.983784479749489952e-25,4.309402135854091807e-30,2.586438943179308824e-24,5.166738948118745316e-27,3.764756911286612552e-27,3.880896876328008808e-27,3.881764714066192072e-24,2.316281559518537900e-32,1.791644699115748314e-30,3.913650250056172843e-31,6.184747596540375644e-30,1.409803823934653893e-26,2.160686872081452105e-30,8.300065443172197182e-29,8.418029630233595644e-29,8.132713962359732700e-27,4.760306303572787690e-27,4.399614280237640508e-29,1.745214662952003686e-27,5.414227543869157729e-27,2.938087246818419656e-28,5.547882366359139731e-30
4.692335723879368369e-28,2.952658924870578724e-26,1.109745309468733464e-31,2.811928870306153859e-26,2.227415369309714207e-31,1.051308941381088174e-19,1.137429105937550660e-23,1.190241144363788695e-28,1.381730025630690320e-27,2.341327540670704190e-30,1.625754533891766471e-18,4.687989355500989405e-27,1.509595146227910096e-29,2.278837551192361073e-23,3.936095024178703721e-27,1.057538417759741126e-26,1.818291534588972511e-25,4.598620774921641047e-28,2.604945520160416396e-29,2.342148056659913265e-30,2.457242619672148868e-17,1.446524947152034107e-26,8.267288896034591839e-28,2.718386732979754447e-10,5.905574105900144101e-25,5.548299562393809322e-19,2.598834664087765858e-24,3.175579793298584971e-29,2.197099207783263006e-26,1.742198301609272943e-28,3.842975572746315642e-28,1.294912758955548371e-29,5.248746379820872275e-24,2.209193418087118205e-26,1.461775194252789976e-29,2.663356549131353142e-31,1.508615125047105285e-26,4.641748500396487102e-28,4.682880961559686791e-26,3.209035346849671659e-24,3.809097530711769097e-29,1.233881822291828331e-29,7.635102957142574213e-27,9.847102505963590436e-31,1.019088965479292276e-30,6.389717416699707546e-29,1.679352028337473180e-27,1.473680937481129512e-26,2.034973696566642345e-29,6.910736741424369830e-28,2.412170353899978586e-24,5.495124872609784223e-31,2.094350201022911867e-26,5.252094315671351550e-27,4.994512619250732718e-27,1.209841488206986426e-24,2.810100449135211554e-25,7.478393553914824040e-30,9.405917841216763741e-19,7.230061302027034718e-28,5.562964895820018170e-19,2.186657557294510231e-31,6.211713795336215603e-27,2.815162948282883193e-30,4.553658786136002063e-19,1.218601952177955893e-25,7.831837643867258626e-30,3.547825939474557229e-24,4.262633213950177351e-27,5.926506181816908344e-29,3.119333448691910797e-31,1.626894636874954747e-29,1.102115280313276289e-27,2.782153233137864809e-27,2.092471277852082612e-29,2.698758541951474938e-28,9.271859192176477373e-27,6.149509955861419073e-24,4.318554184887602930e-28,3.184707926718380968e-28,9.215763215772340612e-28,2.520128142966320268e-29,2.216185864020428550e-16,1.866060744622435152e-24,9.978837129390367330e-26,8.793647583929756180e-29,3.474583917193143680e-26,1.785425594753209445e-21,2.362650751265865965e-28,4.862461301186027277e-27,1.191374052811883014e-18,2.395271857612657407e-31,1.004595059265243671e-26,6.002973458479036937e-27,1.403335487095593009e-25,2.946386470823047478e-27,1.161656572456718286e-23,5.566654265907461108e-27,2.123810536034077720e-16,3.898797302925044469e-24,5.539486043241445429e-25,2.871622402864541383e-27,7.659052899855190987e-27,6.318920421740898279e-30,4.315421134218276255e-28,3.281968977851230248e-28,8.945023295741575750e-31,1.069684892193577990e-26,2.198883823160364426e-25,5.572290022561335800e-25,2.440736536473678099e-27,8.795066250301374731e-32,1.405182096696531830e-27,3.255151408757979434e-24,2.644902555584890078e-27,6.404859961453660771e-19,5.119424967579109445e-27,4.233433398805769350e-29,3.481489230542608273e-17,1.803097942500810634e-21,2.436368453605476993e-30,1.764463627268792960e-21,3.349718362405734650e-26,2.044219947758872627e-27,3.517654692949495613e-31,1.980392324840192161e-24,9.388102463501217910e-29,3.576906159387514599e-27,1.361337757299613659e-25,3.008191004679483726e-27,2.575059975461861747e-26,2.111829065922631104e-25,2.554532200538408308e-27,7.411612948549807397e-31,2.256006083539101175e-26,1.649971312638622407e-31,3.337642283597984310e-24,8.219778653824021205e-29,7.630634807886082937e-27,2.895775191874931433e-23,0.000000000000000000e+00,6.548190266971457045e-28,5.670575739765993628e-30,3.675708039841181645e-26,6.363939834092705992e-31,1.884861647761905718e-20,2.728557963254181835e-27,2.432810967129531982e-27,1.508400415298654111e-25,2.388599898948095197e-26,1.467096963487795682e-25,7.577713891056455814e-30,2.441474985311117329e-30,1.309970348968024454e-23,5.724462952299296880e-32,5.322272018387210249e-20,1.773563793600260569e-27,1.089763890231307387e-29,7.498973333768010491e-28,3.230221995243378569e-27,3.724721856700220917e-25,4.758687601983551359e-27,1.273022302325380922e-25,4.624052017532377915e-26,5.901979833720835476e-32,8.232326350476240204e-32,6.422110339522660450e-27,1.194588240894392037e-24,7.759393745509508158e-27,4.901206063245665386e-29,6.407236169814587943e-24,1.543718700224297809e-29,1.456902961763401237e-21,9.727105601758360607e-27,9.014382214927198604e-27,6.577679724643691385e-27,2.415693904044460440e-23,4.754696825004050095e-32,5.363387776935794409e-30,8.013838592003541289e-31,1.990505856915849700e-29,3.413161919087749316e-26,6.919840666521247460e-30,9.423518829418291389e-28,7.589253658200635094e-28,1.588009741826774849e-25,9.778547293948265868e-27,8.436319986127225173e-29,3.489299194497554615e-27,1.309459132133061210e-26,4.172605102570383046e-27,1.795798507861006020e-29
2.860384240041240877e-24,1.525103546087051714e-25,3.660333994787543246e-28,3.724627869287763693e-26,4.938104999255045002e-26,8.386959745570525803e-28,3.286356417849901091e-28,7.403406197121921618e-26,7.408406567304071304e-31,5.231828062487029675e-29,4.582459178044271788e-28,9.765756114173313258e-23,4.904632101384771064e-30,2.641939899790329668e-28,5.531160641474852215e-27,1.676071471255870886e-25,1.099720032973220444e-30,3.288995074521600462e-25,8.446256746446154766e-30,7.031235658430014481e-29,7.416802867820380213e-28,1.615013592626566053e-24,7.526955978323041879e-31,1.125769888897487256e-27,2.921299018738083908e-26,2.011202573198079072e-27,1.995224063558680551e-25,3.122759057731499031e-28,8.436438858431219528e-26,1.137938724746920917e-30,6.936826887143153121e-31,5.379858533575345035e-30,2.928538069658325412e-26,5.401711301455951126e-24,6.946657463796976680e-30,1.012448334218309352e-22,7.161526232459919990e-27,1.165112898691716915e-30,3.076903716728015503e-24,3.276774541919625282e-26,3.057191115072064761e-28,1.093806677622821400e-24,2.126239188108630139e-26,4.229678758905798553e-21,2.090854493379492989e-18,2.263467472502051362e-30,2.602976918517747005e-31,5.302030653195488499e-24,3.356108179851964524e-30,2.022872998310389644e-26,1.864847555058304832e-25,5.830441365063131774e-27,1.056849957555761485e-26,4.914509760531498516e-23,1.187012826296897656e-28,3.404395547874186197e-27,6.049213008261021104e-30,1.025702829544042137e-29,3.772338759739262761e-28,3.062997957474642270e-26,2.223389340809107888e-27,2.280588423962895906e-26,1.616160387380357648e-25,5.336212698488797919e-29,8.508041106878460667e-28,1.011236236215218232e-30,1.072181597175430295e-29,1.354648382699366844e-26,3.224293109990789563e-31,1.921043613098960457e-30,1.210829013301068309e-18,3.345270418592776602e-30,4.932127949218887607e-31,1.672677926996470514e-27,4.767636842532549467e-30,6.638947642877990243e-31,1.738536699065897772e-24,2.248236133292554786e-26,2.855810985083462937e-25,6.807937451663697829e-31,1.219658004790449596e-30,3.988791722625291217e-30,6.748350782665551036e-28,7.357534624393692060e-28,7.847979961788356320e-31,5.321739428656659131e-26,2.870190117668363538e-24,2.188729354418563590e-29,1.385818102927931038e-30,4.140797569288687482e-31,3.810026757020674141e-28,1.047523761994026209e-22,1.470648797863273330e-24,5.956393899247776344e-23,6.368343100230343243e-29,1.601877892932408479e-27,3.594899288599685531e-28,1.647971718902588354e-28,7.545364291703282798e-28,1.238746049529720145e-27,2.872537238735629325e-28,1.823894265358688553e-27,1.603061378305518387e-26,9.960425697201079138e-30,6.170627506872036539e-31,1.821233338713211826e-30,2.415593106349273199e-26,1.487438449733866850e-24,5.562337145686197494e-30,2.925101431478420280e-26,3.784687813594560158e-19,3.439950681416210877e-28,1.168918005801298422e-30,1.037981320540357841e-26,1.720197701298113872e-27,4.715060601372815153e-28,1.048067263942169555e-28,4.556321521896535251e-28,6.834033349479456429e-28,2.421089539240938087e-29,8.224101098225041773e-29,2.417385324458180552e-29,2.628135440323988447e-26,3.842628750246648333e-31,1.375768704873776091e-18,3.754880848602708354e-28,4.635983801774624433e-26,1.080504574810262741e-19,8.886467912549353535e-31,5.653798777186651910e-27,2.435797002408276964e-26,7.960165158299347771e-30,3.391703956212068412e-31,1.045677530133821643e-27,3.997739517459037967e-26,2.355774894555447928e-26,3.242738134474459785e-26,2.413693250244771739e-30,1.789842322438551591e-26,3.679930481015805906e-28,6.548190266971457045e-28,0.000000000000000000e+00,1.466489529551151312e-28,1.195832806098135867e-25,6.233422612675785872e-27,1.436301466049525526e-26,9.707952765487686086e-29,5.899432030440841976e-23,5.887691414011423372e-29,2.233020439645485127e-26,5.749822892021351901e-29,9.833048459251109638e-30,2.163193109890509035e-27,2.608667233448536853e-26,1.852729871231654779e-28,1.194053323118033164e-26,2.749054807802009723e-31,8.508622509782174944e-25,3.046368586544093811e-09,1.029564520803435675e-28,2.609647431914040951e-28,9.820860350297569649e-29,6.439092605545196250e-29,2.675662022303701414e-26,1.928296257512170216e-28,2.789801461037919921e-28,1.752755153881404506e-25,2.980317127853760197e-27,1.086433625376553689e-25,9.828708047968334312e-30,1.445399047794266530e-27,3.794388770618550599e-30,1.951620655267719371e-29,1.562431743797673208e-19,1.568268671939549002e-26,3.338480965922675032e-19,3.684072213070606701e-26,1.422164560585345403e-28,9.481737696578492406e-30,1.379291336148651515e-27,3.318453876358354410e-30,1.372768605253591337e-25,1.290558957406204411e-29,4.620554607597858227e-31,5.999092313784685037e-31,5.683171921544602243e-30,2.162256574331612596e-24,4.428845118095002105e-26,5.552664849301799217e-22,1.679066860208463963e-24,4.226002360067045130e-31,4.190430102047736549e-30
3.744658003363692026e-29,1.857209427783498797e-25,7.148834702819584823e-33,8.711475708207507649e-27,3.062416575058918130e-32,6.242707931604907196e-30,3.598683568855774878e-30,6.705959980356898675e-28,1.022232780842974170e-32,2.661564602131799521e-23,4.143497647258265031e-30,3.945321036469395804e-28,6.697310710297918511e-31,1.664648803935986837e-30,1.427632092973123318e-27,2.460970234044676738e-21,7.932180929714686445e-33,3.191121182536925789e-27,1.098639724989426839e-30,3.990562543621871128e-01,7.696628789840942938e-30,7.532048305393175867e-25,1.014898177418200341e-32,7.891482007372329526e-30,1.555032640482467867e-27,1.961840335553011096e-29,1.037121538254704600e-26,2.576896951308354339e-26,6.586128769620312832e-26,2.340562347138519893e-32,1.138302916344470467e-32,6.802248976169509281e-31,7.505401724529960712e-28,2.786499964811750094e-25,9.854789429096326068e-31,4.634539088500748009e-32,1.064791022758527517e-27,2.404481274003248845e-32,5.283813101257174406e-23,7.496446660089162637e-28,2.064770343991576504e-26,1.480067506167090701e-30,8.903385281025407720e-27,1.919520319986427880e-31,2.670162493248396792e-31,7.742850401784476008e-32,3.605949081607325580e-33,1.444318138677638577e-25,2.847403821326575063e-31,1.333014197327968146e-15,1.087378079439960248e-26,5.905421232856486223e-31,1.695895316612340171e-27,6.338557709487420807e-27,3.712632837592314119e-30,6.238647118948254864e-29,6.387506203961087973e-32,2.351835470548482422e-30,3.204666572403429725e-30,1.320751204566796239e-15,2.081401079519574758e-29,2.436963210970506879e-32,1.262533925623299411e-19,2.744154211303009563e-23,7.524832873981000545e-30,6.700433396224516877e-33,2.670366097064752631e-30,2.230386443735915526e-28,3.761400169698522005e-33,6.459530125753662109e-32,9.320104716163758461e-32,3.861646787908291757e-31,7.095138121686065611e-33,2.633855655572385830e-28,5.168055966344676930e-31,1.222550237852606496e-32,2.086524078777193018e-25,5.137994131516387608e-28,2.556232710053704088e-27,1.356609174310115169e-32,2.031756779140898734e-32,2.969338702733177902e-31,6.194618575742494042e-30,8.598668964725795248e-30,5.311576656729616639e-33,4.861099101893185459e-28,5.985888915000357850e-24,2.210019853774837736e-31,2.868978907764828530e-32,5.130704027891346840e-33,3.163283656025620426e-30,4.592114033858164516e-32,2.579446627173682500e-25,8.194102144983381097e-27,7.518671756653080215e-31,2.263609095142415009e-28,3.984887925058076741e-30,6.897588534193545726e-30,6.460996455823999826e-30,1.533182020735049963e-29,4.118511326933362617e-30,2.941721126572345078e-28,4.622292271517656787e-27,2.400736155994026010e-30,1.075988086616721184e-32,4.589935449023607331e-32,8.706358116434027458e-31,2.982402864419201166e-25,5.847082257437091203e-32,1.372227209520688255e-27,3.962221097998636655e-28,5.750279481304780597e-33,1.806198817779527633e-32,1.917428257880568704e-28,2.629679618977360917e-28,4.164465238281577558e-30,3.467486197355071888e-30,5.413144767910646540e-26,6.313120533391413730e-30,2.045637621630654760e-31,3.988020343923786570e-01,2.096563455433456264e-31,4.990477223368171739e-27,5.049752313389224225e-33,9.115190602123756930e-32,4.518635112624441290e-30,5.523809181085266935e-28,5.328131773322660694e-28,7.020904605676729856e-33,1.580966991044212474e-27,4.574296524489879982e-27,7.689045823655544971e-32,4.183688760636698610e-33,2.444212935364300261e-30,9.536642864829021155e-27,2.079927472002015917e-32,7.002510015543571439e-28,8.735191229826808419e-32,6.694173411556456485e-27,2.302088959164485061e-30,5.670575739765993628e-30,1.466489529551151312e-28,0.000000000000000000e+00,4.757232184121554345e-26,6.484714317706118141e-31,1.387417780324470932e-28,3.824367567214020008e-30,1.954900351292927616e-27,7.507755902712476088e-31,3.856853901335170982e-27,7.904351344223214246e-31,2.303279067489554142e-30,8.714637089474431490e-30,3.926586357194114532e-28,3.552285645968846981e-33,1.061408789560843891e-28,3.757507861584839048e-33,1.275192565480398554e-30,1.765158132994090597e-28,4.045347882634816473e-30,3.755633253180068618e-30,2.899697491482864422e-30,7.928350921860187409e-31,3.873951946746803032e-27,3.343162690180394721e-33,5.324712754982573455e-33,1.545736396293948178e-19,5.537848758539776815e-29,1.169317669995051526e-22,9.805272463872187868e-31,1.966993462318108642e-29,4.634954062589770425e-31,1.818269597733170164e-31,4.020408296927017798e-27,4.014507833445557546e-27,2.007837490008710827e-27,4.513471257265415965e-28,2.878100658467632351e-33,2.914425712364831675e-30,2.756472498724320237e-30,3.002586971178646726e-31,6.485087227144884625e-26,3.520490785222534971e-30,6.510670358501927685e-33,8.146212359092066182e-33,5.792694956073536259e-32,1.760594898814380806e-25,5.896395836919936989e-28,2.056783598909505061e-27,6.832113198507502829e-25,4.339290059011933393e-33,4.357663481855809620e-31
4.307937167842316982e-26,1.120594879307178168e-16,8.613137665600317088e-30,9.936247218118336728e-19,2.591549194753824859e-29,4.319958736011526763e-26,2.850199536402791259e-26,1.091592057419818747e-25,8.346994081805036719e-29,3.012931841333351942e-26,2.730989597045544259e-26,3.746737978882016660e-25,2.246953552687438328e-25,1.013079956206605161e-26,3.213430949796687905e-19,1.907776966361222291e-22,5.002679482705290223e-29,4.281988354879051495e-25,2.382937047014214233e-25,1.674106265193164012e-26,4.875339545613457648e-26,3.379992347367007085e-23,9.584640497081914731e-29,5.899526940444063921e-26,3.690568710492750960e-23,1.318695035861090868e-25,5.020439201967271485e-22,1.294934387428247024e-24,1.279219096625435641e-16,2.705361739692175665e-28,1.018280228658380995e-28,2.389708180004902831e-25,6.533412619223514278e-24,3.011836996799431752e-23,3.220758339516798293e-25,3.592539298841924198e-29,4.853577152206546592e-22,2.032849020645364412e-28,1.643149421838451236e-22,9.389488931428884243e-24,1.598609902161711167e-24,1.272865300823231092e-27,6.018712628123181588e-18,1.616044387965585035e-28,2.025997930973432425e-28,1.576451012037623955e-27,2.528614926893139237e-29,1.894124101708566821e-23,3.542007873169604270e-26,4.892327050335702214e-24,6.161077856165318499e-22,2.093861281974327984e-28,9.326170058609695914e-22,2.423689303616417187e-24,5.680043627917159426e-26,6.248992298366469377e-25,4.597566100473912290e-28,6.471765608889420395e-22,2.303958483163372714e-26,4.098624798927805079e-24,1.419881097380706045e-25,2.267389540312950213e-29,7.070968099480096783e-23,3.298340301386052234e-26,4.892312386231532147e-26,4.417624319694992970e-29,8.001969552949759069e-22,2.230239495269941247e-24,2.591059709289434672e-29,1.366956639828625568e-27,6.575071502785113562e-29,4.929495382329835186e-26,5.558053837156015786e-29,3.424324529202375152e-22,8.524769235968895938e-26,1.058215568124028092e-28,1.598403710237146826e-23,4.434910336635084373e-24,3.997590605141082360e-25,1.240875754677755079e-28,1.812290485214717520e-28,4.331143400586813982e-26,4.000193643700820543e-26,7.857603890468687177e-26,3.459045772901515722e-29,7.698522284797856894e-26,1.175377963098594021e-22,1.295477880245033301e-27,3.161375098095825130e-28,3.546925693167494826e-29,2.336014226672281734e-26,3.896627285308395836e-29,1.659839781821478524e-23,2.857638543061957407e-24,6.847184888549765907e-27,3.455852399268213744e-22,3.046842409095173148e-26,1.195571119549012619e-25,4.480759828711224448e-26,1.264179103732812502e-25,3.344344267430069255e-26,5.484171130415051204e-22,4.451179310160706980e-18,2.671110216695130012e-22,9.237517756125002487e-29,4.146809779733238077e-28,3.764872359220385887e-28,2.267276518125202665e-23,4.254503541579995679e-28,3.932193759762806871e-23,3.386161265835595333e-25,7.089868924623070245e-30,1.408473462990903251e-28,1.836592781843032135e-24,4.745067648231663850e-22,2.976302384358900197e-26,5.305770654386238708e-26,1.695655407365965195e-24,4.214640849210637200e-26,1.272894210796428152e-27,1.639948953310964507e-26,1.309599267158723595e-27,2.051395828762839480e-20,3.917324432156303609e-29,6.128589419693191798e-29,3.814788189638634385e-26,8.412221271823446405e-26,4.577102230721239106e-25,4.079507534944482885e-29,4.256904192298045611e-19,3.899913185469690200e-19,6.384076354519307008e-28,3.080100893271938911e-29,5.437795613284586160e-28,2.085793688759740768e-18,2.132621370657972149e-29,8.867563456686685126e-24,1.423169564762264197e-27,4.999427371522984697e-18,1.573039770371554949e-26,3.675708039841181645e-26,1.195832806098135867e-25,4.757232184121554345e-26,0.000000000000000000e+00,2.270150917358283490e-28,1.092151954747062751e-24,7.430282653980039689e-26,7.608287767805515754e-25,6.509426497725865083e-27,5.990121128624048853e-19,5.791696458647894544e-27,6.673259915605297358e-22,1.787667416314654325e-27,3.790124990881938221e-24,4.479067285972694494e-30,8.468164005567491859e-25,2.754683937355921018e-29,1.210234920041760362e-27,1.284185785844257850e-25,7.024563270013203017e-26,3.027035238054831761e-26,5.018564556947812821e-26,7.075332733379686083e-27,2.427048339644034983e-20,4.123080733151897376e-30,5.923274480607529931e-30,7.892999028850557605e-23,5.251342558324628525e-25,2.012324772661569174e-22,1.313897908778133193e-25,1.446641908676396427e-25,7.546548717143087292e-26,1.049912555998035492e-27,2.592417377568121246e-24,2.722158885677949467e-18,1.480032788024554337e-24,4.747315140197249126e-24,3.243115903776213836e-30,3.890444804144574156e-22,5.442008217332216366e-28,3.583130809740688732e-26,2.646953728818166852e-10,6.386589549885330800e-22,5.327460704502520278e-29,6.987106848143353439e-29,4.682800198570452177e-28,1.704080244844880260e-23,9.158847079949283684e-26,1.080863442763782995e-24,3.045280842854561966e-23,3.870212326562290749e-29,8.624554372690864331e-26
1.868437827450916497e-28,3.526020807466963632e-28,3.098327593960159182e-32,7.370570740125617913e-29,5.783098760561988029e-31,6.863193477173580183e-31,3.357197706340790833e-31,1.036608733007935936e-27,7.841389245437365128e-34,2.056828761499783993e-31,4.603111188763748004e-31,3.499291349891678496e-27,9.733226216945424496e-33,2.064047853658684545e-31,1.205741595872289283e-29,6.179952167233712831e-28,9.595557832987033398e-34,6.008371040762186609e-27,1.593218142332462586e-32,3.180722118782293618e-31,8.801877109252614145e-31,1.487682400157517162e-26,7.316744249747282682e-34,8.794471717323252321e-31,4.480032938092166051e-29,2.022653723523109483e-30,2.575398733555702941e-28,1.053111201845380522e-30,2.053365741425343405e-28,1.234339597128528858e-33,9.097885127357172274e-34,8.675775798761190488e-33,4.655026563231112376e-29,7.041224334121282409e-26,1.376187102121651111e-32,1.519158449215001836e-30,1.493596086705588790e-29,1.591446201551311576e-33,2.377851938301081661e-26,3.966117209468475334e-29,1.030934370780920271e-30,1.995907148656092433e-29,5.129489810651492427e-29,7.495763699457003256e-30,1.755069855215619500e-29,2.647818631285455815e-33,3.267439087003246286e-34,6.463689638791883922e-26,5.778393363159804503e-33,1.016047590234912949e-28,2.916455515192026060e-28,4.006194365084334574e-01,2.013558106840254858e-29,6.945491743797270298e-21,1.536780058506328361e-31,3.700754169051764721e-30,5.406893043903337970e-33,1.657761704982995797e-32,3.174508608775346967e-31,1.783068303907642257e-28,2.080385569807471968e-30,3.822348759537909187e-31,6.323271084284082498e-28,2.032131305095415299e-31,8.646449593130849129e-31,8.686584509815384036e-34,1.936760649922665156e-32,1.320177861079841910e-29,3.551125007710582706e-34,2.198640002273737178e-33,5.165794168092160813e-30,6.139905270357262302e-33,6.209927466529393890e-34,3.039609583220098898e-30,8.228116871199887760e-33,8.792121398530276755e-34,2.096400249153334536e-26,3.030389770448486385e-29,5.935248665364417196e-27,1.039308189853767770e-33,1.517109585217538666e-33,5.491658584365633624e-33,7.099004778645530947e-31,6.936231411931959283e-31,6.825781780955382118e-34,8.274277028870618691e-28,2.241919398518053777e-26,2.511718471584777724e-32,1.768155506648637564e-33,4.915841128743569840e-34,3.286044186181593603e-31,1.502835989446338046e-30,1.495804313165519125e-26,5.986508339539109377e-21,5.963871734672441588e-32,2.390266194732048977e-30,3.881894491157343715e-31,2.562061575534576475e-31,7.514082736600669203e-31,1.269928865249752262e-30,3.341486217829805947e-31,3.135638008235846819e-30,2.927912204137534558e-29,2.122799234884802211e-32,8.409888935390715686e-34,2.477904747157748540e-33,3.996702791620802553e-01,1.223843002613574159e-26,5.429710745203921294e-33,4.234219390988253343e-29,1.246998462928705803e-26,2.603054741776679098e-32,1.384713178099234225e-33,1.067696364934774476e-29,2.910456982275366072e-30,4.645153092221865562e-31,1.459666075872067734e-31,1.218520346140968061e-30,6.938599441719448171e-31,2.511796614748519758e-32,3.473037592277573758e-31,2.336223718548200267e-32,5.310298943849656889e-29,4.656796401766230099e-34,5.368366497303886077e-30,3.988192857223412378e-31,8.010146030008718418e-28,1.289861458854322688e-26,7.988856648856135713e-34,1.098444145066421521e-29,4.280763004340896604e-29,7.033630437818764593e-33,3.765611347510585762e-34,1.671080519275588638e-29,8.531580999865823214e-29,3.485305793687296036e-31,3.685609776971736003e-29,2.957091751095306991e-33,4.007449934734211447e-29,2.656400084561909813e-31,6.363939834092705992e-31,6.233422612675785872e-27,6.484714317706118141e-31,2.270150917358283490e-28,0.000000000000000000e+00,1.339931790191705220e-29,1.253346395132690625e-31,5.871424796459396178e-20,5.954468215925429231e-32,3.288851654754746156e-29,6.356191900241648208e-32,1.626089541972125362e-32,3.550440000364043188e-29,2.828484108338086908e-29,1.394613104012180353e-32,1.085043401680639389e-29,3.329985484012064323e-34,1.661257878747455831e-29,7.300580746201130911e-27,1.404026985025442960e-31,2.957556656371029293e-31,1.143693679643332335e-31,6.194973900400419092e-32,4.036216400070161017e-29,1.491238100764506062e-32,2.364151482563322901e-32,6.297797185427427665e-28,3.634085716667397687e-30,3.657543711182664429e-28,1.604056782732426135e-32,1.472397548894104396e-30,7.322969879598697909e-33,2.110175047561403531e-32,5.584065868352739102e-25,2.770446590742883229e-29,1.478358469470102958e-25,3.173467319921882339e-29,1.325021180984149541e-32,2.274407871034320435e-32,2.919234890506146906e-29,5.293864749312911448e-33,2.611111925481384696e-28,2.851825029794154090e-32,5.230817349225446693e-34,7.127317448748493846e-34,5.078528955410785454e-33,2.474305082446876019e-26,6.909378423029135401e-28,3.404018629860046354e-20,1.654272319930846323e-26,3.881675734166572249e-34,7.229010124440455522e-33
9.724155314072815862e-27,7.718005100119739762e-25,2.433468641286391211e-30,7.275935933465949838e-25,4.688007453764083449e-30,4.965170396287737638e-21,1.109670994150072970e-20,2.845809595923542804e-27,3.503189599940800477e-25,6.450552531223419279e-29,3.740267248955590698e-20,8.906284790276995800e-26,4.741048718625429937e-28,4.014104268065027452e-23,1.111030277623703872e-25,2.858898794150057187e-25,3.066223874342365449e-25,1.066259713403269257e-26,7.895303537795935012e-28,5.657217663125400165e-29,4.867739968766864283e-20,3.530191935735152525e-25,1.656148302232534360e-25,1.841748185501596372e-20,2.304495812047346784e-23,4.808842673270301695e-19,1.005455880571710749e-22,8.270977819983089328e-28,6.399080411010167601e-25,1.598687021616708096e-26,4.867735787504288310e-26,4.256290821038440242e-28,4.361226746693568661e-22,4.752990806477887176e-25,3.960885313248928256e-28,5.324352941769774766e-30,4.603023279832266752e-25,4.930836076151302443e-26,1.085937887695670822e-24,2.166880686577384119e-22,8.747767004975690516e-28,2.602363383310388773e-28,1.973093264006557441e-25,2.172514202147839194e-29,2.230077628885078948e-29,2.990837674831229392e-27,5.637997260030334899e-25,3.579708389883767459e-25,6.788824848268831040e-28,1.716724470045681667e-26,9.258084998374762173e-23,1.202841419365618434e-29,6.169764550468742046e-25,1.197665694030102844e-25,2.543930686972728997e-25,1.556708049339568307e-22,2.388791885499662687e-22,2.136843420524714944e-28,2.473413288655866633e-20,1.944482219704929877e-26,4.543966785352319896e-19,4.384906654892403791e-30,1.578293593771899242e-25,6.605762537721286758e-29,1.212123365565966078e-20,2.276210862104683004e-25,2.306676525255954097e-28,3.847106791380550418e-22,3.051558644577092619e-24,2.804615955342821359e-27,7.172150631602258281e-30,5.268282359980161209e-28,2.373314573849837911e-25,8.302796309359036592e-26,6.574986200949299783e-28,3.065516938446943291e-26,2.026445249506481371e-25,6.173952907178775688e-22,9.569789304209684748e-27,3.471857594007491158e-26,1.502166567079447049e-25,8.415121506873843158e-28,2.422647804247421139e-20,5.480145323087670863e-22,1.696875720692830408e-25,2.014290191292199123e-27,8.839215944305681932e-25,1.514646743082882513e-22,1.826323015141885177e-26,2.764759070112973927e-24,2.263470472543402683e-20,5.342098323075284331e-30,2.296612253187435969e-25,1.380875056384793911e-25,3.947581592376309250e-23,9.689498653494333718e-26,1.042198358936170740e-20,2.468882162815608235e-25,3.101653817053141050e-20,1.163396685288513635e-21,1.166603293820850638e-22,8.412995763866208905e-26,2.155205480134090045e-25,1.752920330628981204e-28,5.627285720440036318e-26,2.512087790079672587e-26,2.368838422841331390e-29,2.665280064321747844e-25,1.854032247564923981e-22,2.521798143743747486e-23,5.167249318387550052e-26,1.913640519099776598e-30,2.741898567742347181e-25,3.750362414802014279e-22,8.011837557997129347e-26,4.855282543562228588e-20,2.998356802935521732e-25,1.147582093088265166e-27,3.227338576747389919e-20,1.142400702791299776e-22,5.780456453139384057e-29,1.223327723551653823e-22,9.707281738857837247e-25,7.131313458060531570e-25,7.070487292372125715e-30,7.337601931420308015e-22,2.178503901463383350e-27,7.486034463246609616e-26,2.321596585472742827e-25,8.097907931432892714e-26,7.111215447647079175e-25,2.296468451672619535e-22,1.045767942440408491e-24,1.747755633693122301e-29,6.241265392437498552e-25,3.754214269077899018e-30,2.509782483885433827e-22,3.802024914329804523e-27,1.950754001078805714e-25,5.875077918071545234e-23,1.884861647761905718e-20,1.436301466049525526e-26,1.387417780324470932e-28,1.092151954747062751e-24,1.339931790191705220e-29,0.000000000000000000e+00,1.272088101774998286e-25,5.169354172526553301e-26,4.474217596576642827e-23,7.463320069700005356e-25,3.746706258656601956e-23,2.015479265078563096e-28,5.450492757139314247e-29,1.729871995461058216e-21,1.232798865154026965e-30,2.611601638794505787e-12,6.042790517591001280e-25,2.393851247724119086e-28,1.631996616841220268e-26,1.781610373974248965e-25,7.734094581616785925e-23,2.538037172560933950e-25,3.866138471954423804e-23,1.383926172789738117e-24,1.293104118604823689e-30,1.678055118364875176e-30,1.747771771556641443e-25,1.451309270554375158e-22,1.988448919714384764e-25,1.565724184079323900e-27,2.288990433426351418e-21,4.496605766109957996e-28,1.016310348650047617e-22,2.056448780535677110e-25,2.519110944957688168e-25,1.532453692160380936e-25,3.829743946045395461e-21,9.791303944115847085e-31,1.510027196423036528e-28,1.769527137588013863e-29,6.853958808715119908e-28,9.468767811574571927e-25,1.755605289380505804e-28,2.181270096868624173e-25,1.468092864484485173e-25,1.651410905048286453e-22,2.466494018055972305e-25,2.124323967645226155e-27,8.394610603763744153e-26,2.976097942228220593e-25,3.529324596793721244e-24,5.346675980288969086e-28
5.390017882322481427e-29,4.190102582578765259e-26,1.147078161690314336e-32,8.001177572581830582e-26,2.965550938706059718e-32,2.560017798395760107e-27,4.870932849538111579e-27,3.304132556273437487e-29,2.724132106354245919e-29,1.772562122130414176e-30,2.321435502271338251e-27,4.770335339818022779e-28,8.380992174766966350e-29,4.594523868364800072e-28,1.065433301794457193e-26,1.056044558174729885e-26,2.469580206292957839e-30,1.433919314591611174e-28,1.856674976051524962e-28,1.333501246787387426e-30,4.428053946380734219e-27,6.101821480305851810e-27,3.648749330236111362e-29,3.713114724230853992e-27,9.133671404100462342e-20,1.280361103318833820e-26,1.965904452315553955e-21,3.300686843969642452e-29,4.166816969123916255e-26,3.978545183401684811e-28,5.607662308445455860e-29,8.739472079696264053e-29,7.051034965105443323e-24,7.395038559918294503e-27,7.775345801890375313e-29,3.547195665582949328e-32,7.939571535400170801e-26,1.530448054733379715e-28,2.298513923666068449e-26,4.533614798577121547e-23,4.197560371279802483e-29,1.510119495888121724e-30,1.587110449743590423e-26,1.433255041013571143e-31,1.488253702919360128e-31,3.902835923356403865e-13,6.463121514175363967e-30,4.554906176542987708e-27,2.700802054687760660e-28,4.257842176017229001e-28,4.824687238838075634e-22,1.120243181208634953e-31,1.003475478886954696e-25,1.043783473616881255e-27,1.463940315093479633e-19,3.988891879508469311e-25,8.225213581317416626e-29,2.056037612375854892e-29,1.743900106762230998e-27,4.345836033364633523e-28,1.379779143660349913e-26,2.554796804942954355e-32,4.475147602630961333e-27,1.935549423168459227e-30,3.241884115982368405e-27,1.952956521871621668e-30,2.081052181585372814e-29,2.010618208580174358e-24,5.759013497226508401e-30,4.109482828974787716e-13,5.332640419925071985e-32,1.532423107978287293e-28,1.950801074305644143e-29,1.286590285355004388e-26,1.719024955075102624e-28,7.317663053109527019e-29,3.317067691181314896e-27,4.271019417583746288e-24,1.225428656478968089e-28,7.032700612102774598e-29,8.453089025806227246e-29,3.447766680733190413e-28,3.151673417494727126e-27,2.238980008692235370e-26,1.603087287217819295e-30,2.352354711676054858e-29,1.527160723624605272e-26,9.835657380189167954e-29,4.459917804106452013e-28,8.231668115303853339e-30,1.747324515810122713e-27,3.405335976884868852e-32,3.615579420042865685e-27,1.380579932596297643e-27,1.967953387205082688e-27,1.574192158608108788e-26,5.389760549435407630e-27,2.999130423510070259e-05,3.400210145039356896e-27,3.175990589117348665e-26,1.305625216235894300e-26,1.146857289607988919e-26,1.621001031399370699e-26,1.789601546835733895e-29,5.073601075687541689e-29,5.751423459798082825e-28,2.014305176410763541e-31,3.893039815918845556e-27,7.601248242165494912e-29,9.610507546143304994e-20,3.105909095260837335e-28,9.295235326705758254e-33,6.247775067697212473e-29,1.535069307577327209e-24,1.255547597495364585e-26,2.489719458935772252e-27,3.586469051117425731e-20,4.732773133438111625e-29,3.606364008872789229e-27,8.354450768595471044e-29,1.444687114296877670e-30,8.600031302052588448e-29,1.236269044596824088e-25,1.084842670786271481e-29,5.309429080036376328e-32,9.240938187242449850e-27,2.481974554645502372e-29,4.736299852754613303e-28,2.024747959581375992e-30,7.918977058757091294e-27,7.785578671990926381e-26,1.052095024241110072e-28,8.099315411046389176e-30,1.794022696318585386e-31,5.523027604888362607e-26,2.140857715660511665e-32,2.492182523697854081e-23,8.476107820679776293e-13,1.607730227724289536e-26,6.418636028729995769e-28,2.728557963254181835e-27,9.707952765487686086e-29,3.824367567214020008e-30,7.430282653980039689e-26,1.253346395132690625e-31,1.272088101774998286e-25,0.000000000000000000e+00,4.710842738868842074e-28,1.979197830833695167e-27,7.535886217241765608e-26,1.950020462646327843e-27,2.120461511507935263e-29,5.658630108407551667e-31,2.185426084144362288e-24,5.896236122454751832e-33,9.480291669674428763e-26,7.209120363243846987e-30,1.349897217782297504e-30,1.118479185174795748e-28,8.330654703909786441e-20,1.173727269667159055e-26,5.676293068851549934e-20,2.144878027851111009e-27,1.749562167983645967e-25,5.550267015274912380e-33,8.424156544504801000e-33,4.459422055344263364e-27,3.602960631832840489e-25,6.848753580181283270e-27,5.310004770518333088e-28,4.278004480429978276e-26,1.142480688104920803e-28,7.338319885200101180e-29,1.606576721075604893e-27,1.920762400268532758e-26,9.717632810551015343e-28,2.233696064783537382e-24,4.675526069050793530e-33,1.396683079378783945e-29,1.994894131752571106e-31,2.776125226997388597e-28,5.798645292788867056e-26,1.507891837491184157e-29,1.861218349365142232e-29,2.883937464097277273e-29,7.983343580783471546e-29,3.393536497346453158e-27,2.633260366194955196e-29,6.700864438553810979e-28,5.523776642099654929e-27,7.403028597488351596e-30,1.343104922521831346e-28
1.269578302442076543e-24,1.165108571452704818e-24,1.978284602406251905e-28,2.859675972773013706e-25,4.934424050844700943e-27,2.678949294589321351e-27,1.361597243539423045e-27,2.133835808553251711e-24,3.006563443719970877e-30,7.025866270800770609e-28,1.699359399928292593e-27,2.623214767651872453e-23,3.686457090431800110e-29,7.541905718755795736e-28,4.230257581716503617e-26,2.025157385473254788e-24,3.774193846648995359e-30,1.401597860043102029e-23,5.989759196409994342e-29,8.517220540062467812e-28,3.621712751720914371e-27,3.343840629320473071e-23,2.723203294838360633e-30,3.405722580500237003e-27,1.799434113883480226e-25,8.209926458013201278e-27,9.518771732914557601e-25,3.409490349427120768e-27,7.317889386487356408e-25,4.924990630375179616e-30,3.511492378050503975e-30,3.144897976948966051e-29,2.194277105554044678e-25,1.600296265974627953e-22,5.201903079519857525e-29,1.461596550208385509e-26,5.916167863759967633e-26,6.952685268344940603e-30,5.912037188465788309e-23,1.534976234444578571e-25,3.274580429311449229e-27,1.645740670518972461e-25,1.676157436677469009e-25,7.391105293003692983e-26,1.712991969186645262e-25,9.631250747565811701e-30,1.468445156705125106e-30,1.344461986251348106e-22,2.333979181304825074e-29,2.984767328551700116e-25,1.193542597883321814e-24,6.689516328001242595e-20,7.222062776880111751e-26,1.131945086972925402e-17,5.681330824111547449e-28,1.450679206598550189e-26,2.067759703094787983e-29,5.812126237445069943e-29,1.309343641653139701e-27,5.231145938828942092e-25,8.223749478806211515e-27,3.093011584707316043e-27,1.807169249941989949e-24,6.422699414628534740e-28,3.407744125242559713e-27,3.177494891710298232e-30,6.647513966271715807e-29,4.913567311741948448e-26,1.314206899078352935e-30,7.959929219847751076e-30,4.901839560380312745e-26,2.436802812959714477e-29,2.680466812571133216e-30,1.047802478578257695e-26,3.222148996331505490e-29,3.701331354926021879e-30,4.766901232629196258e-23,1.219401712883288956e-25,1.340345042157594485e-23,4.269884913086773837e-30,6.978000727460850178e-30,1.890893506521125028e-29,2.761501994240273510e-27,2.834722600696402728e-27,2.704261730924092964e-30,1.906148582064247207e-24,5.562063141790579053e-23,1.019992236910588664e-28,6.761240658306975457e-30,1.806378431362677444e-30,1.291870237642483814e-27,1.537453360825895306e-26,3.141312523185396776e-23,8.855805218945790618e-18,2.327843090131420306e-28,8.746310281448259851e-27,1.559012164501559006e-27,9.699857584590878437e-28,2.948373404670761569e-27,5.035839611065426557e-27,1.415978884273717930e-27,1.112641409169065433e-26,9.054603926451451850e-26,8.021780938657376986e-29,3.440048228243751094e-30,1.049681858588369761e-29,1.832416398257390060e-19,2.523571608416259044e-23,2.163358893555519873e-29,1.634124645826239054e-25,1.270556449103773588e-22,1.729389271536878264e-28,5.450613130886937039e-30,4.124247928549824320e-26,1.031198966439737624e-26,1.808030733566711776e-27,6.276466582007761550e-28,3.789965354210785359e-27,2.773952112862386188e-27,1.012578274465338902e-28,9.128469140149196508e-28,9.472712068821110915e-29,1.965756588352401000e-25,1.903077167394106999e-30,5.169837003719139594e-26,1.622944214880534695e-27,1.749563851681532565e-24,1.198390983917155109e-22,3.241318586715499216e-30,4.031242889728601204e-26,1.473520306182960716e-25,2.402151768247167026e-29,1.531091732382613068e-30,3.944544922747751363e-26,2.953787594497386246e-25,3.241220423287327918e-27,1.364330030196378554e-25,1.100256723618720201e-29,1.311555169565776305e-25,1.017851932562198149e-27,2.432810967129531982e-27,5.899432030440841976e-23,1.954900351292927616e-27,7.608287767805515754e-25,5.871424796459396178e-20,5.169354172526553301e-26,4.710842738868842074e-28,0.000000000000000000e+00,2.257032054678516334e-28,1.148846767253049702e-25,2.403606044509628902e-28,5.827103681796075644e-29,7.556231223496465871e-26,1.030313198597559115e-25,9.480776958103358997e-29,4.447540152792961294e-26,1.395845018830899547e-30,1.397830988864750282e-25,7.109092960662842141e-23,5.783131014142740794e-28,1.208036919225061120e-27,4.572814527854750246e-28,2.393169625884982896e-28,1.438151123518334922e-25,9.344218557143604040e-29,1.466268552991181706e-28,1.923431858739037610e-24,1.437427016654146409e-26,1.135575408634522228e-24,6.230735078009413243e-29,6.097773819558707470e-27,2.985826072418861534e-29,8.887960669162491203e-29,4.491866594970971561e-21,8.602986359960042460e-26,1.392205898605768149e-21,1.154624436089388892e-25,9.135732840304414331e-29,8.844180191389461223e-29,6.939545878574894696e-26,2.005273338700384931e-29,9.290554764592690928e-25,1.062553764787923630e-28,2.167147301155128404e-30,2.720169048943331752e-30,2.012604251370869509e-29,5.041328539094406207e-23,1.624865387256763819e-24,4.367220615794748505e-10,3.678286024107720941e-23,1.439032564836155637e-30,2.637554629347708378e-29
3.808316139380276252e-29,4.474194951681553248e-27,8.956797574037317034e-33,5.018653660131981847e-27,1.864453510837174172e-32,1.067948475819526543e-25,1.140381282712662118e-23,1.204465790244909413e-29,8.722897792980386419e-17,3.229598403287410498e-31,1.847822573575417785e-25,3.462473796018445109e-28,3.160702154690462854e-30,1.081570431523095370e-26,7.129574754699444400e-28,1.598379296078478918e-27,6.500160617856085616e-29,5.114295592387311909e-29,6.295238261514507564e-30,2.817751155159939982e-31,3.454691066614185125e-25,1.688362147992380823e-27,5.137632181688358963e-24,1.824824519960459253e-25,3.170657981268923176e-25,1.368724722319647604e-24,1.020714881720748549e-24,4.130866710650940628e-30,3.544754030730511891e-27,1.363184112589261779e-27,1.627205279292823425e-26,3.290614534432050884e-30,3.652237718353135018e-23,2.331588982518018765e-27,3.270862892942246230e-30,2.104373876857901968e-32,3.326889411068299830e-27,7.373974256322095422e-27,5.850279964500690228e-27,1.020987720399434356e-23,5.254605246606693062e-30,9.889901348260998919e-31,1.295861299391202613e-27,8.539653784611703478e-32,8.432436760729014817e-32,3.982957382197942892e-29,2.432494964367524558e-24,1.657450153090510845e-27,5.911587696784558018e-30,8.820968357058296948e-29,9.645128074132735316e-25,5.151464452968267582e-32,4.458460853203508159e-27,5.190509763279406238e-28,4.785848970881922624e-27,3.071365940837083429e-23,1.163918376462644120e-25,1.416518840287583578e-30,1.136783164882100819e-25,9.459378212370877025e-29,1.435585838019045620e-24,1.755960578210666158e-32,8.276488556063656597e-28,3.872913399969432490e-31,1.593542292856743457e-25,5.158218667529508931e-29,1.409242990817238950e-30,5.042650431034317130e-23,8.891171597332888920e-26,4.212079958797922606e-29,3.147678119843264277e-32,4.197596329979276922e-30,1.924697911688295227e-17,5.768156036486211905e-28,5.298393846475055649e-30,6.033107079109329671e-27,1.010108939969122767e-27,7.147463510505692020e-23,4.772577073521400837e-29,6.521123715123171592e-27,2.213731781371508845e-25,7.212888650870332594e-30,1.822997214981697763e-25,7.279986591740183981e-16,4.098946728406827408e-29,8.824886842318181121e-30,4.099312637420748215e-27,4.489425757809874188e-27,1.476015291541096605e-27,2.449269821848147212e-25,1.134361869136527472e-25,2.058201206408108056e-32,1.057091519186604482e-27,6.277228382786181249e-28,3.690088282879126257e-12,6.934827936691334229e-28,1.774481008761624416e-23,3.771036980460463647e-27,2.058216009035363999e-25,3.785159881995424430e-16,8.544439904738355660e-21,5.511603575971387842e-28,1.294442827850965282e-27,1.156742141338985928e-30,1.716420095015027891e-26,2.031533274920178003e-27,9.407972906663758948e-32,1.217860263626061594e-27,1.756717287743826565e-25,3.032861315802820605e-25,1.975858417678751409e-28,6.596686608378539333e-33,9.534923208825856321e-24,6.105903359342183315e-23,6.181919961594655148e-28,1.962114537263489011e-25,6.454114336719956706e-27,6.654646920997537862e-30,2.294868189212011256e-25,3.307263870784596427e-27,3.061452953308835277e-31,3.443413393340088023e-27,6.122014491685958298e-27,5.955168034419887338e-24,3.044471191940016690e-32,7.378229517695730248e-21,9.342977010077564772e-30,3.044470118268859641e-28,4.944617530122021172e-29,5.579992191485618669e-28,4.496513252842744310e-27,1.816324036069295946e-25,1.912796675453544789e-24,7.386260219089288464e-32,3.909661901263701929e-27,1.391438411197922024e-32,1.366476249312998378e-23,5.974615764977162608e-29,1.232217769830846562e-27,1.479503318691973788e-26,1.508400415298654111e-25,5.887691414011423372e-29,7.507755902712476088e-31,6.509426497725865083e-27,5.954468215925429231e-32,4.474217596576642827e-23,1.979197830833695167e-27,2.257032054678516334e-28,0.000000000000000000e+00,4.671778700361778202e-27,4.640796847432063667e-06,1.372384399983930871e-30,2.403939511218449494e-31,5.003492594423775278e-22,4.570287966869353821e-33,2.543970613010934315e-23,3.028604181214020561e-24,8.876826910147982100e-31,6.501072751817530109e-29,2.612990947048275518e-27,3.719657660817070483e-21,5.034505727053070953e-27,3.631369727349594360e-12,9.942066316304439287e-27,4.378250550358607718e-33,6.534917683031130719e-33,9.077237095549121028e-28,2.461836886819598287e-23,1.149850745950571557e-27,1.334923299397781409e-29,3.939590166776388565e-19,3.575505719000315194e-30,3.018372343222768290e-27,8.905181645813399448e-28,1.417251057771633744e-27,5.473398506362697920e-28,4.085321773843697968e-21,3.579543498961896551e-33,9.340242812564543488e-31,8.570182417872812570e-32,6.264774553414851486e-30,5.874575488605778666e-27,1.127710959972951601e-30,1.888098534002797869e-17,3.265271537718515576e-24,1.815110184257278144e-25,1.179583143280453972e-27,8.969121276244666165e-30,3.372440363892879052e-28,1.605719799192483824e-27,1.306107607396110131e-25,4.411823956933231659e-30
9.313363398150726939e-27,2.238316680839046358e-20,1.943535962199207104e-30,1.399160359690522792e-16,4.729778401356582612e-30,2.786999332056116023e-26,1.915412302587722105e-26,1.443507693843480459e-26,5.850508101639251554e-29,2.493796075496171950e-27,1.767864862710183753e-26,7.594856503676140867e-26,6.474549075915433926e-25,6.468632775881127206e-27,8.508190500041412357e-17,1.479085437613794039e-23,2.981127759590416070e-29,5.289849692394124961e-26,5.661211635440872780e-25,1.387184673252647049e-27,2.887045619943925373e-26,3.460056098931065393e-24,7.384368484017788346e-29,3.865127298570288163e-26,4.223837836173820048e-23,8.602914405263459131e-26,7.155577531698373999e-22,1.039689586289376001e-25,4.829456495704597118e-20,2.281360822447001403e-28,7.666084690584728417e-29,7.135287338390351139e-25,4.742362641975518459e-24,3.312211090293969738e-24,7.898825571950224206e-25,6.753178299851976254e-30,1.358221173074688660e-21,1.476474522796540337e-28,1.457084731052573634e-23,8.361529984633633421e-24,1.288855546616954405e-25,2.579027550011728012e-28,2.116899107685314450e-18,3.056767367955578710e-29,3.573002665771564101e-29,1.659953184393130719e-27,1.722650474664416326e-29,2.455118863890908267e-24,8.198419175195963775e-26,4.052298912764964041e-25,9.665127100362467031e-22,3.006271082606651309e-29,2.861629207195010825e-21,3.502404251911334783e-25,5.751232210666544413e-26,4.847937766200301958e-25,3.219546299031100397e-28,1.767552339803381129e-18,1.566879724927389243e-26,3.520732122773900477e-25,9.491963665664545405e-26,4.216813075027971489e-30,5.928300754595561564e-24,2.703351110575011348e-27,3.096052157998434752e-26,2.749220261469512603e-29,1.379190830726231300e-18,1.881183973597866211e-24,1.833617196144185618e-29,1.476621950704650808e-27,1.108520572086732615e-29,1.125357750001093707e-25,3.799966398536745207e-29,1.405047089035122216e-21,1.984589512554085641e-25,7.923817052327762500e-29,1.724751234252757307e-24,3.358990179726046236e-24,4.559841544052238651e-26,8.234393352519523744e-29,1.327926667299424582e-28,1.078606478495310754e-25,2.502762137727497141e-26,6.040860305173666517e-26,2.048026168369321623e-29,1.022488698210868919e-26,1.214530729622008641e-23,7.223292026022573369e-28,2.618786457942774675e-28,2.397496698596019391e-29,1.572651381907411056e-26,6.890422478178771626e-30,1.838485552540553747e-24,4.175795687108833164e-25,5.327313071915866495e-27,1.678183183623006399e-21,2.055068337104341762e-26,1.191936306453842568e-25,2.875215622980988066e-26,9.427750202854203006e-26,2.341641777393597297e-26,2.284887261311082468e-21,2.183292061722355992e-18,1.088822081757008033e-20,6.451100124948248242e-29,3.159048815258777685e-28,5.751772829798594439e-29,2.702377957610091661e-24,2.886354293697231795e-28,4.295274146937270405e-23,6.337445912210806245e-26,1.526195792656999791e-30,1.006853714393924045e-28,1.496830527478801440e-24,2.200673273690993934e-21,2.006280936015165143e-26,5.190226284741666193e-26,1.501825283580864437e-25,2.533526922314420463e-26,7.641909626471368551e-28,1.464747465643871220e-27,7.626569374067838080e-28,8.557307827308541494e-20,2.676490711453969081e-29,1.012333454405400429e-29,2.587448455575798969e-26,1.042629689663096350e-26,8.579408481635799555e-26,2.332934682703485016e-29,2.072360716386285985e-17,2.805563492736440039e-09,4.540269149714931787e-28,2.150691729209808610e-29,7.524150386313581012e-29,9.736452676910795092e-17,3.979054811056671121e-30,8.162932687547990111e-24,1.454619004427999630e-27,1.439594195194899862e-18,9.893148135273209208e-27,2.388599898948095197e-26,2.233020439645485127e-26,3.856853901335170982e-27,5.990121128624048853e-19,3.288851654754746156e-29,7.463320069700005356e-25,7.535886217241765608e-26,1.148846767253049702e-25,4.671778700361778202e-27,0.000000000000000000e+00,4.208414417193831297e-27,1.441223096511384802e-18,2.491949841899517036e-28,3.082916893422627440e-24,9.993598293219067288e-31,5.680893215205102433e-25,1.809398888866042304e-29,2.229083819797007240e-28,2.335812366848558076e-26,7.312749808616857366e-26,2.233379729826042929e-26,4.595878200772867387e-26,5.638394002017926364e-27,1.338361854498907553e-19,9.342450592687973456e-31,1.294069026670824130e-30,6.911540231764683213e-24,3.878393688153275517e-25,1.760138915890588263e-23,3.199554822859982712e-25,1.028095336241256052e-25,1.663746064651160240e-25,6.440079329354786025e-28,4.316465499438697098e-25,5.333908525517505831e-18,2.611857736504072086e-25,3.998256066129093660e-24,6.752995889277242618e-31,7.712235485387574877e-21,7.113002679709725867e-29,8.240444730774312546e-26,1.965573950455659164e-19,1.073674189135737008e-20,3.900708567272262539e-29,5.403367130362609256e-29,3.352301579589220829e-28,1.921831903824016639e-24,1.099202836206207388e-26,1.644769050779990716e-25,2.969566750440216419e-24,2.807122609902963960e-29,2.192857689414797677e-25
3.753721929420649792e-29,4.264519730492970728e-27,8.716476647277898630e-33,5.039011832246377102e-27,1.954735376763030173e-32,1.020416477335711391e-25,1.019836515712166896e-23,1.209906143620234352e-29,1.166181037004038524e-16,3.278574888735765187e-31,1.672827209324901612e-25,3.696509771525563007e-28,3.452361737715894039e-30,1.026124606759885914e-26,7.261464897210327684e-28,1.630531727757565410e-27,6.237519840585392963e-29,5.274465328550656563e-29,6.354953872527388554e-30,2.957179691829650390e-31,3.254437564482041680e-25,1.736949045001237749e-27,5.763613457095494713e-24,1.599930457765798728e-25,3.154515796221074716e-25,1.263933383056922261e-24,9.684785409051744637e-25,4.334136966372543402e-30,3.728564404992900518e-27,1.375181762892725946e-27,1.869559279643176442e-26,3.223708243800265547e-30,4.687088578218058607e-23,2.322110730705664480e-27,3.295948995687220378e-30,2.171545361024674448e-32,3.307309122708696725e-27,8.886527717455484231e-27,5.891092254263434149e-27,1.081461908824054466e-23,5.862959662744920168e-30,1.089259497366781165e-30,1.332301913870739243e-27,8.464340930882802758e-32,8.459378182350923411e-32,3.956737351452918636e-29,2.582062232043636300e-24,1.584294142569559566e-27,5.938551914976235671e-30,9.257495730765623697e-29,9.177406213755082222e-25,5.319715750012858955e-32,4.691672894405505139e-27,5.133254167399238519e-28,4.962526430553499418e-27,3.250196250855128528e-23,9.681539045554233723e-26,1.304822205912516635e-30,1.032470226720414657e-25,1.004971252731880973e-28,1.320394078573759553e-24,1.838702928284881719e-32,8.152229449485636798e-28,3.687510483870274871e-31,1.531961624426945740e-25,5.033812265647605119e-29,1.396014007002853411e-30,5.128610912625455139e-23,8.433175285041215672e-26,3.984697442180687631e-29,2.947835410724455494e-32,4.372874299729797832e-30,2.980472989172364285e-17,5.915092245045997820e-28,5.420747066419957501e-30,6.999411036870975442e-27,1.040495589304966551e-27,8.150067275177444742e-23,4.692786751194763203e-29,7.758583321537715555e-27,2.539518841060004089e-25,6.833258146512327933e-30,1.813371732354665331e-25,5.019691885877621740e-16,4.026624483661891995e-29,8.768468112114221092e-30,4.199489243865063680e-27,4.490297515466669305e-27,1.706991498314482415e-27,2.456913930481704046e-25,1.064442529904893504e-25,2.084560693319081095e-32,1.088635180254865355e-27,5.889764217989425001e-28,3.497078526513897067e-12,6.739346334735701996e-28,1.540966906066367263e-23,3.974631466405159927e-27,1.947337376648974661e-25,2.248381520844513548e-16,1.080469641780227047e-20,5.690606045143452194e-28,1.262985078066022164e-27,1.159910247522974554e-30,2.086510743512749493e-26,2.395546322745909690e-27,9.710326864658345986e-32,1.169973968125505720e-27,1.428857500623228317e-25,3.135083072210332485e-25,2.057410265528130021e-28,6.628124127647714967e-33,1.260728062169288801e-23,6.292840618786626838e-23,5.844727412111833250e-28,1.875827787274928654e-25,6.375672528835888124e-27,6.228199680602389718e-30,2.202475078222067506e-25,3.346947045292447650e-27,3.049920243877001426e-31,3.341921942137021626e-27,6.663745407141319802e-27,6.296467733838029473e-24,3.169387672455904044e-32,6.958209327394962857e-21,9.976390582714509298e-30,3.100542832277973648e-28,5.097798988136826381e-29,5.147046806065569121e-28,4.622881150609643420e-27,1.533272635955947092e-25,1.907918463178055565e-24,7.411039033161756737e-32,3.919147016085962183e-27,1.402858507932620828e-32,1.432836885230351903e-23,5.984959829890293822e-29,1.274931536182218471e-27,1.355081649547272385e-26,1.467096963487795682e-25,5.749822892021351901e-29,7.904351344223214246e-31,5.791696458647894544e-27,6.356191900241648208e-32,3.746706258656601956e-23,1.950020462646327843e-27,2.403606044509628902e-28,4.640796847432063667e-06,4.208414417193831297e-27,0.000000000000000000e+00,1.285983628976697200e-30,2.235909153310877952e-31,5.648230995763493973e-22,4.223405553101625967e-33,2.187633197008798408e-23,3.216638665753504634e-24,9.355234227354963526e-31,6.522630644052592132e-29,2.767978705855808077e-27,4.709096085712816134e-21,4.850521448330510317e-27,3.445433167621337705e-12,8.648499631269244636e-27,4.559556584642798057e-33,6.618890767746782708e-33,8.393605877882387995e-28,2.746234658295408918e-23,1.086408032210127347e-27,1.429046727804307384e-29,3.652439064194800835e-19,3.845941900227405177e-30,3.243776781297769123e-27,8.226932414944716023e-28,1.444662670365836470e-27,5.431282315770942065e-28,4.239791770050462368e-21,3.771546387179850483e-33,9.865511562238406220e-31,8.059225981518635141e-32,5.886083937242932241e-30,5.246364095153045110e-27,1.128654879248675594e-30,2.897502917107169643e-17,4.276841497294527490e-24,1.422912154439577610e-25,1.129808166391233508e-27,9.252008908327192370e-30,3.329755536813240919e-28,1.607869342305276956e-27,1.145495905573805032e-25,4.385427816557283247e-30
4.003106051366884066e-30,2.509007750636288503e-23,7.537329775701360936e-34,6.162535553158771402e-20,2.207260542919069987e-33,7.652348842863499772e-30,5.367784643789095993e-30,6.861357689317424198e-30,1.718368561630780321e-32,1.372075376207961197e-30,5.387178860221482042e-30,3.305021425750705833e-29,1.160105828300046568e-28,2.107672573360904913e-30,5.540919334036304633e-20,8.859556489395690117e-27,9.606752508528029490e-33,2.890170463327157655e-29,1.272151881999526210e-28,8.213900423652538885e-31,9.355805133820471381e-30,1.988210507099688781e-27,2.223424729498879014e-32,1.209840515524794370e-29,1.207378847969426176e-26,2.344104717277785665e-29,1.715336602516586543e-25,6.022555874963981214e-29,5.322593687499036455e-23,6.292695165106738780e-32,2.250898254472773060e-32,1.315587478819797636e-28,1.479257224894736089e-27,2.033687013195020435e-27,1.893624031592647959e-28,3.389207841806870473e-33,2.556187930672146911e-25,4.621498422605226740e-32,8.489709290767945385e-27,2.397577761256774203e-27,9.015730975982218812e-29,1.121915821193010118e-31,3.576541135057336866e-21,1.287173519223212561e-32,1.493987897852006474e-32,4.642090692768998331e-31,4.933211775445898339e-33,1.083877541548239051e-27,1.642433763126254651e-29,2.349594033419288119e-28,2.254297046447546956e-25,1.488067738858694992e-32,5.659973260415050746e-25,1.571088083842869093e-28,1.614609467947372440e-29,1.257030130929884396e-28,1.018491026680824462e-31,4.000945962491760932e-01,4.706228583921577943e-30,1.989014617365958786e-28,2.850731786980896464e-29,1.944446342116362632e-33,3.154164361099613125e-27,1.593312283504505012e-30,8.907255213232012127e-30,7.679926759954026534e-33,4.000537186973509574e-01,5.676861291381324271e-28,5.548323883540312747e-33,3.732787605145676569e-31,5.263049266642399005e-33,2.429608380421794059e-29,1.132438002150820828e-32,2.245844174048521382e-25,4.325428432873139344e-29,2.367742905837514681e-32,9.195135356119979305e-28,1.056820171004914719e-27,2.465015360238514542e-29,2.482826614700127515e-32,3.664055639492809474e-32,2.156965420412017277e-29,7.820249030111467103e-30,1.584512099694616445e-29,6.290049044989030290e-33,5.234245910952814054e-30,5.685442984612893490e-27,2.356406057115636579e-31,7.498358613909056917e-32,7.548743218449242722e-33,4.570815744117642939e-30,3.310433491346789985e-33,1.026501949899746409e-27,1.968880828226699704e-28,1.418513721487539264e-30,2.283193217359151636e-25,5.930486905458098418e-30,3.243230128203752348e-29,8.415994944160567758e-30,2.533893386354995294e-29,7.479649716625982378e-30,3.850674919185598995e-25,3.670176820938097950e-21,5.458883259674984711e-24,2.008001096141173722e-32,1.071409067143617639e-31,2.544577268173661551e-32,1.303405096147239478e-27,9.475114305056024392e-32,1.090384072853955155e-26,2.894741685291893472e-29,6.065619043614585741e-34,2.887024070812075396e-32,4.389987785049304382e-28,3.385352511398121046e-25,5.888636698931117092e-30,1.285853819346222905e-29,8.384705462117888875e-29,7.934111790626973656e-30,2.484958514987205516e-31,8.424477515049044728e-31,2.482345600309786117e-31,1.646411626309506754e-23,8.121562121679216014e-33,5.058320244695712284e-33,7.557983830357285058e-30,5.228370252779070781e-30,4.052168954672993990e-29,7.365244176376794033e-33,1.664165301198052664e-20,9.421013101972050594e-19,1.232735163109214319e-31,6.549758783524524855e-33,3.641854130432639016e-32,6.429864829522033829e-20,1.656942501614814059e-33,2.070086263204744604e-27,4.251536799724241969e-31,2.717744495159790633e-21,3.059249690048340224e-30,7.577713891056455814e-30,9.833048459251109638e-30,2.303279067489554142e-30,6.673259915605297358e-22,1.626089541972125362e-32,2.015479265078563096e-28,2.120461511507935263e-29,5.827103681796075644e-29,1.372384399983930871e-30,1.441223096511384802e-18,1.285983628976697200e-30,0.000000000000000000e+00,1.214189894561527707e-31,8.707607991070384396e-28,4.023465392216313891e-34,1.608398522115209790e-28,5.642245211963552248e-33,1.001602891536308474e-31,1.043828561941174477e-29,1.798066652946464936e-29,6.902039679346734504e-30,1.255634013800744658e-29,1.455646365079233434e-30,2.291193960992485441e-23,3.668239640185560427e-34,5.556616628378023392e-34,3.478051324613397409e-27,1.144689262509511337e-28,9.422148116016399954e-27,7.141444214096723228e-29,3.219005895482615207e-29,4.015437078326074405e-29,2.001833913563976580e-31,2.020062857582748563e-28,7.473710024893731171e-21,1.195571967511386381e-28,1.173367309091143679e-27,2.865977821366827573e-34,4.668590712391921281e-24,3.627671871129730108e-32,1.700160971048544924e-29,2.069635110531348255e-22,7.383825306081394968e-24,1.101453363862866934e-32,1.588002417455755040e-32,9.748980473306277051e-32,9.150461716944651549e-28,5.750699527868840194e-30,7.684355996997764670e-29,1.698410149700548866e-27,7.185628749824431758e-33,4.872515617797763623e-29
2.022028918576989190e-28,3.249557568583849148e-27,3.301838221574281341e-32,4.282726268314396905e-28,2.356783705446478316e-31,2.758200105337507445e-30,1.230362311503057291e-30,2.866817677405936519e-21,2.943844687714399872e-33,2.707756560064462869e-30,1.679861142163298329e-30,2.307293426609217506e-27,4.387532018143293843e-32,8.332591992391492582e-31,7.038865227281504507e-29,6.096184495111057743e-27,3.742801732393112595e-33,1.853438159872355509e-20,7.298062528885933921e-32,5.688266271248307767e-30,2.632108329707430430e-30,1.886997967228726426e-24,3.286195384119275781e-33,4.011749415020847594e-30,1.903258877557858226e-28,7.136894878999165717e-30,1.312722541944870260e-27,9.953884934495091533e-30,1.419138680182856021e-27,5.333436732514141016e-33,3.372969609477247895e-33,4.373790268072380433e-32,1.369083760094475004e-28,1.699259610326817304e-21,6.106310055966836925e-32,5.644016520001870859e-31,6.881360025462950053e-29,5.212639621207144319e-33,9.236407089940477761e-25,1.668937921805026890e-28,8.562670859933242686e-30,1.007282788587005515e-29,2.974441807960854418e-28,2.478159321635794202e-30,4.711843907277324387e-30,1.361932856580170388e-32,1.021061092776783119e-33,8.148478257418738819e-21,2.592097793452556000e-32,1.448872306821755330e-27,1.368215314986262787e-27,3.131043436810695468e-29,9.751180570092094235e-29,5.239464048095430010e-25,6.823082695324238508e-31,1.484572720155586574e-29,2.196916833561142983e-32,1.214662436567112251e-31,1.427172307460438064e-30,3.124824713038381566e-27,7.838333772419008278e-30,1.764002862902253776e-31,9.536353905613074927e-27,2.622974015665909429e-30,2.943559639732990710e-30,3.284649106066134379e-33,1.278280051490098550e-31,6.121478185596594251e-29,1.282475397613418580e-33,1.140368283010560328e-32,1.336902070701325417e-30,2.767015304059549378e-32,1.988703744884719980e-33,1.571194292616327639e-29,3.834919894682754307e-32,3.067897115991711949e-33,8.123231361634119446e-24,1.028247074089805190e-28,1.187479090846688655e-20,3.082110344172012510e-33,5.309484313533902081e-33,2.971994423818969128e-32,2.371548429324067495e-30,2.934255051540872383e-30,2.446258928914277899e-33,1.782498493069775542e-21,1.738502342023078708e-24,7.140649853057008739e-32,6.836129244992192153e-33,1.628347990544268818e-33,1.398705614520512184e-30,5.231589134080069654e-31,3.567470528688150337e-24,8.897497948214821793e-25,2.602466505228305481e-31,1.404153949117824494e-29,1.301153648846092494e-30,1.051950927648709309e-30,2.753544179832099373e-30,4.910701960631134395e-30,1.217284440873380667e-30,1.771911899019814766e-29,2.111547815535891576e-28,1.126611059689235718e-31,2.846430748510414606e-33,8.946882538920017959e-33,4.330799222743497767e-29,3.355712931813560062e-24,2.132449654837176612e-32,1.857620169752549304e-28,4.481340638882406236e-27,2.822895731543577850e-32,4.624817371082074563e-33,4.570312954453012498e-29,1.546119518503366862e-29,1.833896399439953844e-30,5.975804694228067723e-31,1.379421984554519090e-29,2.439089187623538218e-30,8.157565298338951253e-32,7.813321129069815826e-30,8.003073264353612833e-32,2.730850032714311620e-28,1.497517292316095201e-33,1.270419822493357427e-30,1.461509441302197403e-30,1.362475548606361218e-21,5.112176531540682770e-27,2.789414049389686555e-33,6.835148280910522385e-29,2.666130495827609853e-28,3.012888862015705483e-32,1.278627908452564938e-33,3.993817370891208363e-01,4.933145094422325817e-28,1.685209787158593106e-31,1.679023947647570940e-28,1.413683992962964736e-32,2.558694548948958287e-28,1.173251328225840902e-30,2.441474985311117329e-30,2.163193109890509035e-27,8.714637089474431490e-30,1.787667416314654325e-27,3.550440000364043188e-29,5.450492757139314247e-29,5.658630108407551667e-31,7.556231223496465871e-26,2.403939511218449494e-31,2.491949841899517036e-28,2.235909153310877952e-31,1.214189894561527707e-31,0.000000000000000000e+00,1.238948743778251303e-28,1.715478655421734233e-32,4.292429071789640059e-29,1.116725509455321787e-33,8.301164894298356041e-30,2.237500654862622065e-27,6.023483987962408427e-31,1.112524508756632188e-30,5.556507837292795137e-31,2.608030718265581679e-31,2.826693443673232405e-28,1.639102594265447934e-32,2.413529315377691983e-32,1.168487453539472987e-26,1.333203745966694926e-29,4.142305647326289350e-27,7.789175505160759457e-32,5.681053662655591831e-30,3.318425843173713260e-32,6.723091206690382859e-32,1.096805046025288853e-25,2.140487112889362649e-28,4.156162648409774415e-26,1.600522251095585154e-28,1.226888439463664614e-32,1.206391836686340749e-31,3.993072788136431961e-01,2.512512279300097393e-32,2.162132957015297055e-27,1.659342408588892655e-31,1.962083544873586980e-33,2.614108515011171940e-33,2.211982498721374567e-32,1.665826088880365553e-23,1.321074652869173159e-21,6.705585525432841957e-26,1.945418500125786053e-24,1.593085792532401223e-33,3.589226187255456752e-32
1.525209526362224576e-26,2.771146244739367306e-24,3.698483423414970274e-30,3.427475299781318712e-24,7.991478580361192647e-30,9.616126757110945913e-24,1.609120598840820297e-22,6.804146989705353529e-27,7.995323314442868403e-24,1.712983469792614745e-28,1.375891997314649676e-23,1.580646472873001696e-25,2.520215289470705312e-27,1.210250130693984755e-24,4.850988522937685510e-25,7.529994834491679741e-25,6.343212889262017766e-27,2.281882956799364158e-26,4.318584005603371290e-27,1.664998056933350578e-28,2.026517765060675355e-23,9.223328647672663670e-25,4.386209091111849561e-23,1.672365572608843090e-23,3.342312951337442876e-22,8.591649226242377082e-23,1.069937030629494221e-21,2.744464064875357617e-27,2.209611390241066757e-24,6.201428084940421356e-23,8.817581538865582115e-21,2.034245887331734629e-27,3.199348446152795461e-18,1.161642768793508921e-24,2.070844423186102448e-27,1.047386141908260731e-29,2.161433537597930784e-24,3.995524550279312587e-21,2.900816756134794166e-24,1.075340700309701689e-19,3.011444912471549312e-27,4.380394358470792720e-28,7.577238511555549893e-25,3.911993590531316319e-29,4.183356394744316193e-29,5.247879291991949201e-26,7.706650878155029878e-25,7.839753866540818252e-25,4.426344274372562574e-27,4.757619112125349400e-26,8.371800961870140299e-22,2.520916860786004223e-29,3.034344966384246558e-24,2.334636764769912673e-25,6.748123621303975831e-24,2.257583700456923194e-17,2.067248116899429474e-24,8.793180426796059525e-28,1.008583112780844829e-23,5.147361044971572645e-26,9.217202960977631347e-23,7.497159142230082109e-30,4.435675269446029075e-25,1.952437008305103892e-28,1.361762683537807148e-23,5.473129491925456635e-27,9.401927570918461272e-28,2.069662379544643396e-17,4.151077301079597557e-25,4.940253144886955511e-26,1.192974184077458285e-29,2.939125013337340596e-27,5.870431246350354717e-24,3.844077375777944939e-25,3.852445252808287586e-27,3.397226746332737149e-21,4.912715625424706942e-25,1.240041960784873618e-17,2.090475783114359171e-26,2.860134978947185171e-21,1.072500789833281465e-20,5.835894747765039919e-27,1.540928890931786383e-23,4.667265751318362828e-21,3.989431641274540841e-27,4.623120939047173496e-27,2.200076162333651061e-24,2.976780453589082990e-25,5.518805549002644755e-23,6.248428331891019921e-25,1.029898484853479659e-23,9.220651599726181161e-30,6.181965308222170497e-25,2.753650611112678165e-25,6.266937418419232583e-22,4.543241174294663983e-25,2.073052582822563246e-22,4.577328726307839049e-24,1.595902746379332736e-23,5.645129868191807803e-21,8.453714232057782920e-21,3.820447715504164014e-25,8.693232520002372605e-25,7.287143044015312069e-28,7.743401507868644646e-21,9.715126616960450490e-23,4.118887810057277747e-29,6.943231272241154933e-25,2.340243390124107542e-24,3.231061885228481902e-22,9.222017482541408665e-26,2.970466102629492361e-30,6.368708129772397670e-23,2.275513446944543197e-17,3.670857103198977275e-25,1.941150024596241284e-23,7.878954743971162832e-24,3.460653876716821316e-27,1.672973034928471973e-23,2.894902422050274140e-25,1.725828072338107420e-28,2.799165942491863817e-25,4.832810307057481643e-24,1.645590723926205875e-24,1.340736808371422612e-29,1.170359701116853617e-21,5.209287434018684829e-27,1.255108269863342110e-25,4.779973607977586624e-27,3.196803741110921814e-25,3.626932001821256777e-24,3.717325587487291761e-24,8.764360062610291377e-25,3.665888417929301825e-29,2.666425384576699762e-24,5.718838758056374051e-30,1.740889075742963216e-19,7.859755962877003461e-26,8.287911156630434117e-25,1.671744987489594494e-24,1.309970348968024454e-23,2.608667233448536853e-26,3.926586357194114532e-28,3.790124990881938221e-24,2.828484108338086908e-29,1.729871995461058216e-21,2.185426084144362288e-24,1.030313198597559115e-25,5.003492594423775278e-22,3.082916893422627440e-24,5.648230995763493973e-22,8.707607991070384396e-28,1.238948743778251303e-28,0.000000000000000000e+00,1.877312052393634214e-30,9.340232628215606197e-22,9.967568858977565122e-25,3.860506675392140670e-28,2.835895363152731982e-26,2.935165571742524937e-24,9.287009470159819238e-21,6.555333764988299438e-24,8.169694896516451678e-22,6.447803000396887925e-24,2.035596377871181818e-30,2.638029380757230604e-30,4.759771123334528582e-25,1.999462180185387309e-17,6.184982443664382272e-25,1.036599523615164580e-26,7.807396061018559051e-21,2.545424096774153505e-27,2.458885693782813980e-25,4.126753869410267872e-25,1.162383944540333170e-24,2.948331496206689538e-25,4.237102830477270337e-11,1.497970492001377803e-30,5.875174297888312053e-28,3.657616559855705725e-29,4.332832910122457630e-27,3.322421864646923588e-24,7.143391744106422709e-28,6.119840763012218509e-24,3.774919399858114682e-23,2.426536776820390170e-24,5.861784817186631403e-25,4.534452434061560395e-27,1.492047220246383321e-25,7.979307922143198085e-25,5.386240312401845480e-25,3.234336295251726875e-27
4.163585724845988153e-19,5.186085138260481386e-30,3.967157235150970407e-01,1.673543460639565678e-30,4.043817082334955966e-31,7.226126296952185570e-32,2.890012899251593995e-32,7.292514187949007418e-31,5.624526612239400484e-35,1.385936780272107711e-33,3.806119077062641217e-32,4.628348932769917066e-20,2.730812179165296091e-34,2.299294897005158407e-32,2.510114721344888561e-31,4.419159884826275419e-30,9.874380271918148647e-35,2.921126221816370665e-30,4.120277086772530613e-34,1.415356668821078678e-33,6.537179726588561154e-32,2.328929724738951793e-29,5.449934217911568948e-35,9.542344710918147188e-32,1.835533200231201495e-30,1.835981307796576151e-31,1.099871654616490729e-29,9.507939702205597329e-33,3.079885330866531552e-30,8.131299491255213751e-35,5.424936594697727039e-35,2.448016025346468687e-34,2.188728346285710159e-30,5.996108344650793008e-29,3.101453084750889761e-34,1.201581832075177912e-31,3.756800794279115032e-31,8.779255130370996281e-35,5.272542319459814584e-29,2.080792077529229784e-30,8.496426943939563668e-33,5.445680020383813506e-29,8.039366785111781131e-31,5.031910521773571414e-31,1.773538415033869061e-31,1.293258505479371847e-34,2.280869317435661530e-35,6.586587457420282941e-29,2.008981683500226622e-34,4.723020717456008229e-31,1.190303289182157060e-29,1.417080603893314895e-32,4.778163635765206351e-31,1.346884521455865562e-28,7.203616401891747119e-33,2.594356410848474125e-31,4.785267276346908802e-34,4.348750429467574584e-34,3.467666676112070463e-32,6.855866235035060570e-31,1.882806404520981064e-31,7.879956871010777634e-31,3.888232888726010686e-30,1.307830256203305677e-33,8.137609137571057670e-32,9.147749858137023893e-35,4.423416768899363014e-34,8.799933024843257430e-31,2.578786243311848118e-35,1.209785523586149558e-34,5.962562805759952883e-32,1.908487808137864877e-34,3.904381123086050244e-35,7.789951341490859766e-32,2.496383046857556866e-34,5.008817674130526685e-35,2.477230882080788526e-29,1.641755230944649986e-30,2.473390586453165885e-30,5.520710763932366671e-35,1.042743021303084959e-34,2.031330859827549027e-34,5.871940405009421816e-32,5.883003587022118775e-32,6.841838035396243378e-35,4.802987770487066988e-31,5.240933379446717154e-29,1.933734415873900002e-33,9.246606272657972013e-35,3.300223648337035241e-35,3.457093847485578121e-32,1.264039579633288973e-31,1.990593299581357173e-29,1.400981952851211468e-28,5.000434286492604662e-33,7.657538564476090110e-32,3.110262134647204903e-32,1.067215855153784518e-32,6.755697384708162609e-32,1.026838859284222413e-31,2.216963068228512461e-32,8.171644423020202894e-32,6.033651825153592629e-31,4.429574149746204484e-34,4.763546631401186137e-35,1.275281064649629964e-34,3.447355254226738636e-32,2.151058013368723767e-29,4.389317222928981825e-34,1.739405584680882385e-30,1.473145876501180170e-27,4.066898682572108181e-01,8.792043007934362520e-35,7.075585479889607183e-31,8.424185508715963779e-32,4.407352592856942907e-32,7.376014228873427780e-33,1.289842205471157505e-32,5.759523874751568234e-32,2.105018493102845384e-33,1.665050564390139584e-33,2.147534131198775174e-33,1.247608928918172424e-30,3.053075298742552319e-35,6.217842738484082651e-32,3.058230282435931254e-32,4.203618025652682624e-31,3.868479894473205265e-27,7.842806043110889939e-35,2.257377558734690886e-31,1.053509649414526573e-30,6.572828896234691140e-34,2.640751086295804584e-35,7.185805708136867398e-33,1.662072993469676353e-30,6.707738333298266139e-31,2.200829755223388715e-30,1.386650862330104549e-34,6.323152588867473678e-31,3.252653363378539623e-32,5.724462952299296880e-32,1.852729871231654779e-28,3.552285645968846981e-33,4.479067285972694494e-30,1.394613104012180353e-32,1.232798865154026965e-30,5.896236122454751832e-33,9.480776958103358997e-29,4.570287966869353821e-33,9.993598293219067288e-31,4.223405553101625967e-33,4.023465392216313891e-34,1.715478655421734233e-32,1.877312052393634214e-30,0.000000000000000000e+00,1.002176666953411846e-30,2.222283445870842222e-35,5.896962017789038257e-29,2.349778752249658927e-28,7.139432735621230696e-33,1.948255691364555417e-32,6.540660879179631208e-33,5.219988306637158174e-33,1.269931531664267205e-30,9.560188315839239490e-16,2.175727222124508187e-15,4.404504252891972238e-30,2.172585961886913388e-31,3.132363770738016962e-30,5.071393393643830470e-34,1.160586200296355877e-31,2.008550520691148580e-34,1.741930937240227990e-33,7.579228834637121609e-28,5.720608026287996084e-31,8.165147608181382160e-28,2.485359368683756117e-30,9.939231537480980670e-16,4.344625873911810658e-34,8.586014131744293673e-33,1.814886278006844115e-34,5.114735372728152938e-30,5.618605043937619069e-34,3.758064318358225276e-35,4.456163533887092142e-35,5.006686697785298314e-34,2.893153429174726982e-29,4.205838377503693899e-31,2.273489862195384995e-28,2.401782976986349455e-29,3.437079619847882617e-35,2.102994438907111452e-34
7.944707505514506365e-27,6.204150182825843857e-25,2.055354299263318286e-30,6.526537890526583769e-25,3.648736716225845725e-30,9.212848758771222520e-21,3.597330639349146480e-21,2.138724852419826437e-27,2.338226962643278024e-25,5.368409906729888887e-29,1.138206138704832390e-19,7.676044550164389979e-26,3.442159173850913244e-28,4.036332775214332135e-23,8.334601656091995580e-26,2.285177156900475847e-25,3.636683928817348845e-25,8.826542687187223751e-27,6.041905922362776323e-28,4.118510051873793140e-29,1.751066562579971226e-19,2.602945125430861651e-25,9.984394498297277125e-26,4.192905681385635409e-20,1.798294588337745791e-23,1.322850592088749937e-18,7.548504739012478961e-23,5.905429089068497175e-28,4.417820692160707095e-25,1.169754144687692036e-26,3.533950222403571656e-26,3.350684014917450272e-28,3.278728072467361435e-22,3.806494730986196156e-25,3.343084614398966415e-28,3.779528352263744711e-30,3.915899986702322210e-25,3.498582078522042552e-26,8.159862972727699014e-25,1.614173184433384326e-22,6.531469730988008888e-28,2.100934359583066055e-28,1.790992266286570536e-25,1.862196111204814374e-29,1.726371530609990967e-29,1.940360061327957066e-27,3.327771024919429550e-25,3.237530049820658042e-25,6.565178377909234225e-28,1.271691358279673858e-26,8.055250441124056472e-23,9.233259443713735752e-30,4.444279300529568508e-25,1.127125860718116280e-25,1.957914468107363184e-25,1.161987679500127056e-22,7.189699680961310299e-23,1.814098263618396214e-28,6.572385096442418078e-20,1.432229467969494402e-26,1.231009542864504895e-18,3.608991132008521090e-30,1.427110207425537754e-25,5.376241455855670230e-29,2.614624023258710032e-20,2.549594192544498704e-25,1.661612863172005592e-28,2.487133235530409059e-22,1.034620042306754027e-24,2.140312682473848359e-27,5.836268333260113411e-30,4.324004670095399879e-28,1.830463716655848666e-25,6.534432923959885418e-26,5.250028498851207465e-28,2.395458622628166429e-26,1.846621400571614765e-25,3.964768376219676760e-22,7.709918072597987586e-27,2.899515730007573653e-26,1.313828097414049785e-25,6.927473023238611262e-28,7.039110627935686185e-20,3.705371678037352486e-22,2.035119317421924851e-25,1.547700408136945270e-27,7.531159304432968427e-25,3.296304344485680407e-22,1.346698494166930404e-26,1.099377429693803107e-24,6.104406290439572188e-20,3.788842248643818004e-30,1.656653633341915460e-25,1.092382787071799860e-25,2.199281842224412709e-23,7.932681284236299507e-26,3.443289931474990547e-21,1.946673602380323098e-25,9.209715836584204845e-20,8.846730918049059356e-22,6.242977370899693382e-23,6.552873407573157535e-26,1.580600304459195055e-25,1.607251727297051871e-28,3.741200964166868851e-26,1.819882000930447674e-26,1.730927615134109284e-29,2.012676514347725749e-25,6.065353791909998647e-23,1.924132005575098262e-23,4.125490078369516964e-26,1.412855410947610075e-30,1.896175582549138638e-25,2.548174140209798185e-22,7.276208183595155014e-26,1.295631868754734541e-19,2.714567731917376528e-25,8.916758257347891596e-28,1.088506265381534937e-19,2.075240599980081220e-22,4.686972994438193355e-29,2.223471592637640376e-22,6.905146982744874437e-25,3.554164477420776529e-25,5.880025479502901807e-30,4.464377317678720068e-22,1.488851510905185534e-27,5.759818504402800245e-26,2.522824383722865839e-25,7.254312369123545751e-26,5.428917923789027188e-25,5.991584727781985526e-23,5.196196925766614328e-25,1.297530853465990032e-29,5.236268270056542601e-25,3.215733780836256530e-30,1.866819132119010060e-22,2.596300236297002285e-27,1.400006476279794754e-25,5.617869777270303920e-23,5.322272018387210249e-20,1.194053323118033164e-26,1.061408789560843891e-28,8.468164005567491859e-25,1.085043401680639389e-29,2.611601638794505787e-12,9.480291669674428763e-26,4.447540152792961294e-26,2.543970613010934315e-23,5.680893215205102433e-25,2.187633197008798408e-23,1.608398522115209790e-28,4.292429071789640059e-29,9.340232628215606197e-22,1.002176666953411846e-30,0.000000000000000000e+00,3.105535135805373673e-25,1.790972864775798124e-28,1.295139070321132093e-26,1.424181131884014032e-25,4.706824449962092139e-23,2.034564463935025161e-25,2.074093845461134183e-23,1.172916730400097506e-24,9.588645729059991923e-31,1.363976372245952563e-30,1.517238200022027439e-25,9.499481011076786018e-23,1.794038781128018887e-25,1.254376718160220768e-27,1.051144431792051258e-21,3.449359774254247317e-28,2.057164209940682596e-22,1.618695220923562523e-25,1.619645046442740333e-25,1.046782511447190129e-25,2.090928756518783544e-21,8.202341625456188428e-31,1.252272380161388959e-28,1.501882632763832779e-29,5.514803380374800411e-28,8.145407751543505309e-25,1.608338648643746021e-28,1.501827139768574706e-25,8.069426253147467135e-26,5.259956516437751370e-23,1.880822381516138555e-25,1.615150996789811019e-27,6.208676981653375345e-26,2.450668746870501261e-25,1.268912208435281335e-24,4.045881765654993674e-28
1.825539838524732039e-31,2.055129002002166681e-29,4.661982486914006265e-35,2.519777408470224410e-29,1.083554734118689539e-34,1.101712849908879788e-27,2.702981268315946789e-25,5.849848050569868099e-32,1.984242580780816317e-26,1.635299821736333448e-33,2.036433119680748951e-27,2.058743693491057715e-30,1.756626169139060413e-32,9.291172802303566488e-29,3.497663562581045566e-30,8.212885793554124116e-30,6.554283557053265678e-31,2.673622975459990316e-31,2.952837535750732411e-32,1.355735876053751243e-33,4.432629011072306700e-27,8.374650939563463255e-30,1.315042831781945543e-27,1.722433443944647009e-27,1.360131243706792245e-27,1.634683407104491179e-26,4.214267638022670352e-27,2.275418313570867550e-32,1.761019275320211372e-29,3.298750280381242785e-30,4.097248391907882947e-29,1.422055139173099540e-32,1.445001281976131714e-25,1.178921082127329033e-29,1.609727959955762075e-32,1.079748489129276296e-34,1.697323505525036575e-29,2.362797236672097098e-29,2.945040326598519860e-29,3.159331470466176841e-26,2.766528717709517539e-32,5.531055349632217787e-33,6.330488474073427410e-30,4.471802795141057482e-34,4.391877900803831625e-34,1.425757646659888233e-31,2.516048540847257153e-01,7.370795981818473135e-30,2.884438288393366851e-32,4.659381869369416945e-31,4.240639763003280174e-27,3.052511415385982263e-34,2.186497415006362992e-29,2.660109449950332412e-30,1.745385567830097295e-29,7.201392130045925127e-26,2.172814855341260429e-27,5.833643848403599993e-33,1.222936423419438489e-27,5.074771744107638041e-31,1.592674161590552416e-26,1.012922310862854118e-34,4.009457062470989912e-30,1.875579920915039749e-33,1.896783546894020468e-27,4.956519479292773204e-31,6.162423205465260234e-33,1.054639716530396805e-25,3.673218853337578996e-27,1.433669572312167417e-31,1.539759701479929575e-34,2.171822152061546895e-32,2.084327576574410810e-26,2.822942237095882117e-30,2.698718340875314822e-32,1.696462035049805401e-29,5.285859407708295892e-30,1.971754745313009895e-25,2.455114263432227415e-31,2.184470428548874414e-29,3.789922096337564263e-28,2.921321904001121319e-32,2.336560921879043959e-27,4.788060000914343530e-23,3.960885242998782460e-31,4.313581638033229003e-32,2.079505878526209365e-29,5.667916697364540564e-29,4.537888428001419269e-30,1.298691595087506877e-26,1.237664440819050813e-27,1.067321939623979997e-34,5.365790856192933977e-30,2.925355520508927097e-30,1.634246014367676598e-24,3.012522792381899867e-30,4.413969168488703963e-25,1.626774504717997095e-29,2.374889250684662471e-27,4.171831494007840518e-22,2.151441952548289643e-24,2.548330484202227678e-30,5.515562183977584163e-30,5.935528833259467083e-33,4.959420147950788869e-29,6.807230947504516301e-30,4.843192363860332791e-34,5.415318433366349030e-30,3.510757525098090528e-27,1.261984952389020233e-27,1.117019663808247679e-30,3.471856228497317310e-35,3.496868955558971470e-27,1.310800605700921108e-25,2.735659901298675116e-30,2.261899108465817824e-27,2.365215237132909466e-29,2.841872050660185641e-32,2.825778215083611695e-27,4.086884009267912728e-29,1.351732557373586440e-33,4.003267131121864173e-29,3.434961753825901446e-29,2.522660169372257788e-01,1.749930415680599948e-34,7.933411133758928338e-17,4.966358307251447261e-32,1.545465702654172669e-30,5.240418201137097190e-31,2.518804093944391442e-30,2.158716435251979516e-29,3.336309986339881444e-27,2.881299365435262549e-01,3.552587029715564277e-34,1.915425689900767909e-29,7.630409796479397781e-35,3.800399830121075540e-26,2.160569378413054003e-31,5.794183649968173709e-30,1.256539423965471340e-28,1.773563793600260569e-27,2.749054807802009723e-31,3.757507861584839048e-33,2.754683937355921018e-29,3.329985484012064323e-34,6.042790517591001280e-25,7.209120363243846987e-30,1.395845018830899547e-30,3.028604181214020561e-24,1.809398888866042304e-29,3.216638665753504634e-24,5.642245211963552248e-33,1.116725509455321787e-33,9.967568858977565122e-25,2.222283445870842222e-35,3.105535135805373673e-25,0.000000000000000000e+00,5.176662451817753447e-33,3.424710670664507484e-31,1.007038951817320088e-29,1.130055596127491215e-24,1.803178030399577659e-29,1.504229355456036227e-24,4.006172609080096562e-29,2.318966797255771315e-35,3.437332355262840106e-35,3.960104530819684854e-30,6.358234951498416479e-26,5.251561884951736882e-30,6.516094745965064173e-32,1.265530830719644179e-17,1.947816463994604371e-32,4.047434053017339010e-29,3.965868024519086965e-30,6.162221352300273993e-30,2.749304328113563657e-30,4.167824288855268079e-24,2.088327564342923666e-35,5.086225582676720678e-33,4.152355791573372423e-34,2.756536945651381902e-32,2.542764786199675616e-29,5.945937959912185016e-33,1.124462235571725791e-26,1.252008342332334620e-27,3.228123148147691919e-27,5.452355972884938059e-30,4.677739950581251521e-32,1.849076214102065527e-30,8.260561051999738881e-30,4.236309523378153622e-27,1.903122478431416234e-32
8.125087567468439659e-25,1.339263776129453432e-27,1.256987390255819038e-28,4.372932260104919968e-28,1.209661199958290643e-13,1.289820284248790241e-29,5.718347064793172134e-30,3.212362351789839781e-28,1.199211829341707064e-32,4.690848637502716350e-31,7.739186605515885987e-30,3.912495485600066444e-22,7.680771025011989948e-32,3.874667250803767541e-30,7.177740344924639808e-29,1.574089130920620991e-27,1.780870543549877351e-32,1.620669783220806033e-27,1.185690739728235032e-31,5.091502607810710984e-31,1.376394402649111848e-29,1.074219582885412591e-26,1.104638523559050033e-32,1.624137947738090977e-29,4.282692926634579452e-28,3.448239827214044794e-29,2.630572990718272100e-27,3.139301199358349215e-30,9.542481266543165613e-28,1.564671880620498209e-32,1.122197743728325014e-32,6.534309695421806122e-32,6.025546238533917611e-28,2.802419722692246656e-26,9.604558735302675468e-32,1.092938423949190470e-27,1.101177514594019027e-28,2.218711208327920324e-32,2.362908426630986222e-26,4.694299063360572113e-28,3.108478380263690398e-30,1.421425076663164340e-05,2.433594531354857034e-28,3.591545052622698778e-27,6.539706389783263979e-28,2.720492065872505647e-32,4.857798046339792400e-33,2.356243520937310171e-26,5.147689495019618185e-32,1.806622585082163506e-28,2.723408142091958474e-27,1.545918888661567571e-29,1.415389391697336214e-28,1.146362654492567958e-25,1.623738478346872168e-30,5.315849033660179461e-29,9.187611082323308189e-32,9.993570632571845360e-32,6.002979115410661724e-30,2.583938147647592463e-28,3.517464524007875126e-29,2.972210046587711188e-13,1.218382941557595649e-27,4.487310565340006882e-31,1.549029746376303648e-29,1.606569502124027155e-32,1.116261086769646108e-31,1.700866584116054965e-28,5.143829862449941743e-33,2.347151386525933229e-32,3.430755288016695623e-28,4.970743176065669626e-32,8.767353296752815891e-33,2.019288123082214097e-29,7.025509235262265596e-32,1.119973594020507874e-32,1.090156424764032057e-26,4.139871750261393585e-28,1.489081551410848547e-27,1.374584996999564642e-32,2.147712485772718755e-32,4.676920284309225874e-32,1.248444157681829000e-29,1.062498372713732001e-29,1.280897758230628102e-32,2.510281514367234668e-28,1.896584535153014879e-26,4.225820389237252549e-31,2.228727493929902706e-32,7.246373413001704282e-33,5.875830807510492147e-30,1.025790300726654665e-27,8.137865214394837659e-27,1.142360304060183260e-25,9.131047896084309459e-31,1.842217298152905961e-29,6.321311563721843202e-30,2.579332704726518900e-30,1.314155748464089556e-29,1.792746029990637971e-29,4.947803428112877467e-30,2.159490819396627700e-29,1.517489093253160812e-28,1.277083580586960832e-31,1.185722213591179480e-32,3.094489574332603481e-32,4.311876946577408418e-29,7.172713550138336153e-27,8.524096715255032671e-32,4.558280850343598939e-28,2.141357745781034648e-23,1.061344635031046642e-28,1.999732862722353119e-32,1.515076797357280634e-28,1.944002504114670114e-29,8.203009226659540874e-30,1.635370453834438619e-30,3.685116630681449721e-30,1.193141844827101619e-29,4.418479420954851538e-31,5.274323333213597747e-31,4.262459906289870750e-31,3.736226797148785647e-28,7.035120228139936176e-33,4.540295096843255469e-28,6.119990398479769485e-30,2.423944224861729623e-28,3.757959058431237777e-22,1.550492611403743963e-32,5.955812819992290371e-29,2.730671085989177837e-28,1.204800191260498698e-31,5.530027415657685500e-33,3.960618137570541253e-30,4.853425762248229781e-28,1.252731182802397815e-13,4.588717599473891816e-28,3.217570517809689546e-32,1.939851515550250219e-28,5.675809664266133621e-30,1.089763890231307387e-29,8.508622509782174944e-25,1.275192565480398554e-30,1.210234920041760362e-27,1.661257878747455831e-29,2.393851247724119086e-28,1.349897217782297504e-30,1.397830988864750282e-25,8.876826910147982100e-31,2.229083819797007240e-28,9.355234227354963526e-31,1.001602891536308474e-31,8.301164894298356041e-30,3.860506675392140670e-28,5.896962017789038257e-29,1.790972864775798124e-28,5.176662451817753447e-33,0.000000000000000000e+00,1.387301314435747669e-24,1.527345277288575051e-30,4.282125515118976406e-30,1.295183111206212190e-30,9.762800870756010834e-31,2.736014895511373179e-28,6.724878438296880579e-29,9.719237909092482850e-29,1.277991242410327649e-27,5.030102708484824714e-29,9.268915637311585899e-28,1.286154756613545441e-31,2.363598523080736758e-29,5.834691107127483078e-32,3.820552281343523792e-31,1.607812197274119379e-24,1.471644042396345334e-28,2.437294278250092535e-24,4.470759358459968878e-28,6.063290043813235805e-29,1.270460981716760864e-31,4.877760047823118215e-30,4.771753170469473344e-32,1.219443613876498541e-27,1.531903116041976263e-31,7.467228439562107941e-33,9.988669573482843858e-33,7.975952039795316216e-32,1.156525933988646354e-26,2.193251003449831904e-28,4.705074246484266365e-25,1.086584918693057967e-26,6.431152575903355519e-33,5.238663739955150034e-32
3.685481901051909669e-24,1.675064734117827930e-25,4.877900829051660327e-28,4.288292257492936828e-26,7.666693888930587816e-26,9.288343576545996190e-28,3.802478746968600595e-28,7.736450389222332730e-26,8.493799320146830857e-31,5.868336257336165049e-29,5.153744127955873526e-28,1.474317365369674522e-22,6.363846915209074578e-30,2.733706683714561491e-28,6.755779973519386911e-27,1.976225949930089211e-25,1.243914543026948533e-30,3.809605318924827749e-25,9.561171134677887966e-30,7.333254534045146595e-29,9.230902299224484849e-28,1.671709212526496852e-24,8.385031083266291562e-31,1.156538463222275767e-27,3.632095297388719511e-26,2.373698138153552336e-27,2.143825313564453017e-25,3.667573723030204298e-28,1.007444456943167939e-25,1.332233129645292401e-30,8.489616365910459948e-31,5.850016172498815488e-30,3.871434672789144199e-26,5.516921368031450276e-24,7.661140046550971395e-30,2.212468120117701218e-22,9.006489842213715071e-27,1.491636322600082088e-30,3.501623700116297093e-24,3.547584927199530964e-26,3.377470495886741354e-28,1.723055326415590179e-24,2.451745312592902457e-26,7.027058694413307245e-21,1.672322357511578511e-18,2.384032367131692509e-30,3.216589737416625083e-31,5.401322083787492648e-24,4.168600504605931627e-30,2.455010937081974474e-26,2.201945628833174078e-25,6.913210313537646592e-27,1.196893953678915173e-26,5.334356146719936250e-23,1.294823731226756451e-28,4.252844468006932398e-27,6.506721321807309526e-30,1.109355988636996288e-29,4.293208477899943953e-28,3.745045989948664815e-26,2.405956042954453384e-27,3.609099251695201097e-26,1.733498434086552907e-25,5.907123547490065069e-29,1.010940034662960406e-27,1.154027063958708045e-30,1.181484778579146686e-29,1.411304347028690770e-26,3.704295984583220750e-31,2.134550112865726222e-30,9.596919512287051962e-19,4.361098209641127678e-30,6.272320089333748354e-31,1.904876211718838392e-27,5.805149500475049533e-30,8.047186748286623959e-31,1.979480500572122343e-24,2.732293108161634718e-26,3.219136441725377713e-25,9.131495550191058209e-31,1.506502016062202373e-30,4.303123394235771881e-30,8.153571489666475776e-28,7.885955801166152105e-28,8.497502212196817376e-31,5.667715240666360083e-26,3.253047600223982343e-24,2.683940929973361751e-29,1.597292243776294197e-30,4.849454786599415447e-31,4.338895310278293855e-28,2.314475932036223386e-22,1.560432462524538300e-24,5.711532912255777767e-23,6.947684415910603369e-29,1.746932463994395225e-27,4.354214209519498102e-28,2.051253785477051899e-28,8.911924696669089601e-28,1.456046525316643547e-27,3.296046476880339605e-28,1.971524236877434575e-27,1.645093627837014384e-26,1.194483204117022022e-29,7.924042639592293557e-31,2.212952247709542973e-30,2.672269524086196214e-26,1.450270579044420102e-24,6.096279695653765409e-30,3.427773705585369235e-26,8.750430114789755770e-19,4.384804028398450540e-28,1.424829210437215925e-30,1.129675137205756376e-26,1.986532113585274644e-27,5.527336459443363367e-28,1.291297602052642968e-28,4.858295171576414697e-28,7.703863910447982669e-28,2.854863339572254300e-29,8.268180643242372380e-29,2.764719371103472236e-29,3.151563720506905662e-26,4.586201117831818855e-31,1.113545029654854020e-18,4.282067015003463211e-28,5.022550321094101412e-26,2.596834098252294857e-19,9.966344453618337436e-31,6.337826278805271820e-27,2.563886286513862038e-26,8.797210880106982897e-30,3.960451290554165442e-31,1.047170172235016237e-27,4.477397041479853597e-26,3.891226136438268441e-26,3.673424518576210744e-26,2.678726225427860249e-30,1.933251527847769457e-26,3.841856756180559626e-28,7.498973333768010491e-28,3.046368586544093811e-09,1.765158132994090597e-28,1.284185785844257850e-25,7.300580746201130911e-27,1.631996616841220268e-26,1.118479185174795748e-28,7.109092960662842141e-23,6.501072751817530109e-29,2.335812366848558076e-26,6.522630644052592132e-29,1.043828561941174477e-29,2.237500654862622065e-27,2.835895363152731982e-26,2.349778752249658927e-28,1.295139070321132093e-26,3.424710670664507484e-31,1.387301314435747669e-24,0.000000000000000000e+00,1.299325920435894646e-28,2.842107294606074719e-28,1.108391327459715542e-28,7.123597648119916842e-29,2.831529181123422165e-26,2.343329193042061379e-28,3.693441524770648360e-28,1.893865427223718473e-25,3.549236307372639982e-27,1.175235844194767477e-25,1.152433872628746294e-29,1.671562003391086793e-27,4.642957114779601653e-30,2.344600966170864882e-29,9.838977189100318513e-20,1.586647902387308910e-26,2.477698156933348450e-19,3.540789929968605479e-26,2.005339458767601829e-28,1.269080540868044124e-29,1.466754108034636732e-27,3.880789367827014429e-30,1.462553022817876660e-25,1.558342345562695521e-29,5.450146284467835823e-31,6.672281700514472126e-31,6.273893516463494046e-30,2.313591081751828815e-24,4.800883047242409355e-26,6.105708411136872951e-22,1.822098605474712389e-24,4.715861484281102966e-31,4.655607573467532944e-30
6.154927643788132616e-29,4.105638653208021875e-26,1.468438863255079129e-32,7.372170692203300803e-26,3.124169850105590733e-32,3.459708782055535616e-27,7.005301676529835970e-27,3.569289639337567141e-29,4.061632896228463562e-29,2.141160041798468301e-30,2.744599439694332856e-27,5.469552735851374788e-28,8.759508335220501683e-29,5.290843593084263531e-28,1.020133434965122675e-26,1.066267593138395686e-26,3.147102134383948719e-30,1.582213697470104864e-28,1.495904022350760357e-28,1.252410268395230024e-30,6.232802507338177370e-27,5.992120246652928299e-27,4.952723689703340276e-29,4.269648828431411305e-27,6.213199185037772048e-20,1.815366134715486772e-26,1.672067890616551544e-21,3.242848162747455679e-29,4.059207080627951722e-26,6.466115454983633480e-28,9.124470340611241573e-29,7.968323820403462151e-29,1.219337617571168199e-23,6.857158743881907156e-27,6.490285284350815102e-29,3.353619415362798358e-32,8.240465949373636733e-26,2.322901884508466034e-28,2.295935816804687502e-26,6.074551946215610433e-23,3.617399087448285585e-29,1.795869971987675737e-30,1.604536061133642734e-26,1.688503033648808030e-31,1.741649593745517910e-31,1.061838666984323653e-21,1.040101045717933723e-29,5.824415084476594654e-27,2.963637448752018847e-28,4.735165306436508782e-28,4.592494808978373705e-22,1.240704641699331558e-31,8.277902075581090777e-26,1.366072365667164303e-27,1.996646020547170791e-11,6.899687289725604938e-25,9.682321241693749712e-29,2.008461809620247289e-29,2.324340419256169611e-27,5.146242937772577675e-28,1.782231042133872847e-26,2.809683951435956812e-32,4.684033967490969186e-27,1.976805209787263982e-30,4.695515504883569981e-27,2.659506573808126750e-30,2.063261209016902977e-29,2.808705281650589260e-24,7.759008082975916682e-30,1.460715375846473250e-21,5.706145867111862620e-32,1.519533831062950437e-28,3.142763647624600082e-29,1.191831284491658965e-26,1.558895544018941575e-28,1.175881248547009438e-28,3.809384596225164959e-27,6.387197884882020434e-24,1.253940844799145396e-28,1.319983591566167185e-28,1.575828515485172260e-28,3.056780963723562619e-28,4.224694565582443246e-27,3.254636442072974506e-26,1.969408440333046376e-30,2.742288398180947564e-29,1.963281547181617396e-26,1.253304770027741137e-28,6.476365432184669842e-28,1.060566421915734760e-29,2.253292293726637958e-27,3.744443282615814402e-32,3.557318575887126929e-27,1.367912754040684853e-27,2.781879963133249468e-27,1.481238952443526517e-26,7.756033368927698432e-27,5.219480460527570560e-19,4.598512698730559916e-27,5.577678800002244524e-26,1.732697892904110585e-26,1.092639035260648604e-26,1.520406738020581343e-26,1.827861110929441522e-29,8.189731997173652864e-29,8.147525555377495883e-28,2.498520467816674643e-31,4.187662171875208811e-27,9.177226383216054102e-29,6.812097163061463815e-20,3.678016868444499015e-28,1.070844261755504081e-32,9.891860372451349550e-29,2.154403373431945097e-24,1.285885430037456394e-26,3.305793858577968641e-27,2.662547709811083512e-05,4.382929464861178165e-29,4.253040737981047541e-27,1.106586104241645567e-28,1.347651557132630534e-30,1.016484657139939164e-28,1.149259791866132232e-25,1.587853160338614982e-29,5.501983173718682952e-32,1.383252143354983074e-26,2.591435836473615166e-29,4.869418910955954578e-28,2.475434592590841261e-30,7.320733559748614879e-27,6.892856902235050460e-26,1.316771133159585763e-28,1.094558092883626046e-29,1.886636292638082064e-31,5.517497220367817571e-26,2.805217268456983753e-32,3.709778382901578262e-23,2.075592463129456230e-21,1.343741465313234475e-26,7.840788137931238847e-28,3.230221995243378569e-27,1.029564520803435675e-28,4.045347882634816473e-30,7.024563270013203017e-26,1.404026985025442960e-31,1.781610373974248965e-25,8.330654703909786441e-20,5.783131014142740794e-28,2.612990947048275518e-27,7.312749808616857366e-26,2.767978705855808077e-27,1.798066652946464936e-29,6.023483987962408427e-31,2.935165571742524937e-24,7.139432735621230696e-33,1.424181131884014032e-25,1.007038951817320088e-29,1.527345277288575051e-30,1.299325920435894646e-28,0.000000000000000000e+00,1.677011306879684146e-26,2.066344976306727811e-11,3.487719877312865710e-27,1.677414806213795063e-25,6.381698580452348352e-33,9.651241701804914199e-33,5.335087040985486953e-27,5.839995884843696545e-25,7.884389919020443321e-27,4.768121999527648436e-28,5.914739172435206697e-26,9.478807297394395596e-29,9.339022484177650643e-29,1.566039078581043542e-27,1.587294347717874144e-26,1.156567523639350382e-27,2.730031340290129469e-24,5.722481525169093029e-33,1.552678200514342035e-29,2.106981433516927532e-31,2.570212129136328602e-28,6.265079955752814372e-26,1.614312200190911748e-29,2.669282856575040369e-29,4.063846139121023475e-29,1.081402176844407080e-28,3.775980016804972493e-27,2.937619399919811647e-29,8.027617552066548676e-28,5.400661790969654568e-27,1.054915613234471357e-29,1.160102313134915218e-28
1.677820790865213152e-28,2.221713623551793999e-26,3.941041750648528753e-32,2.788488863436605742e-26,9.103922432852707848e-32,2.552719073580069291e-25,1.504177129295400003e-23,5.644872890109520672e-29,7.428500719264610855e-23,1.719236603026714814e-30,4.221017448819040630e-25,1.721920678912609539e-27,1.758101443460166348e-29,2.924098207282122529e-26,3.771328906167081781e-27,7.877401980104189531e-27,1.782528622762974813e-28,2.407344805316120860e-28,3.653315594389514947e-29,1.452102575046684741e-30,8.237652556888517180e-25,8.442914797834094245e-27,7.236657002599434174e-17,4.371127514633087042e-25,1.870949834542072507e-24,2.940442824794555261e-24,6.077756986025855568e-24,2.208554094716158220e-29,1.874113109415588248e-26,1.535352837133042564e-26,2.639755296010341989e-25,1.655668078707854418e-29,5.682138104179019800e-22,1.189968756640344474e-26,1.882623601686156145e-29,1.009572506144152606e-31,1.871565370447559306e-26,1.077147217928738094e-25,2.729842442658911224e-26,1.073386469944788598e-22,2.939067232958261631e-29,4.802777396729626549e-30,6.668638343268809818e-27,3.828641000254417861e-31,3.979534816237917465e-31,2.441670554379774009e-28,9.253807697413052791e-25,7.328405992402236952e-27,3.336349883125522429e-29,4.428817533746177325e-28,5.764741247609797691e-24,2.600707014211397082e-31,2.552646082738564157e-26,2.375474456704545783e-27,3.221023347763215499e-26,3.979294868244432679e-22,1.544231168017594602e-25,6.783720491373536226e-30,2.772119155482453157e-25,4.793022400201038851e-28,3.206111258255731798e-24,8.440455222029246578e-32,4.175492433868826767e-27,1.838866223654669059e-30,4.035820762844405822e-25,1.358241348262021235e-28,6.856453433230958029e-30,6.787048464250757960e-22,8.261123564441742861e-26,2.336364834284674057e-28,1.422340734515356291e-31,2.391805014506925555e-29,6.473298103349163827e-23,3.120104801608277458e-27,2.961467847727592970e-29,9.233072548496129391e-26,4.770785531004064288e-27,9.841108906718860079e-22,2.214109544646823790e-28,9.700241635106309765e-26,3.864863665756053736e-24,3.816518599099813562e-29,4.580838697789417475e-25,3.030196300982309378e-20,1.101524928976121625e-28,4.254105048285614398e-29,1.984903356324001651e-26,1.129878252625869711e-26,1.910217211776408340e-26,1.890162088558418438e-25,2.712826407795795015e-25,9.266088941920969281e-32,5.078490302926551895e-27,2.706058556111456034e-27,4.771086178524066315e-21,3.351325719484438056e-27,2.016262413165418308e-23,2.665123608775994901e-26,5.001079099288921935e-25,2.667467940551503712e-20,1.047480497868501960e-07,3.040776963995113459e-27,6.278054824611785819e-27,5.864917478323052390e-30,2.831970087634317624e-25,2.951749256196550636e-26,4.212648629499695891e-31,5.544755490493012915e-27,2.332387403421548381e-25,1.925206505347165210e-24,9.463748850938655339e-28,2.936656982949122509e-32,3.803375215121568061e-16,8.189307404326673755e-22,2.871530095450169256e-27,4.919252232502619883e-25,4.279791361121155825e-26,3.176953891251371390e-29,5.852849316349618397e-25,8.780191184816876242e-27,1.509335710435074252e-30,9.040617577324998550e-27,3.493259167080144630e-26,2.260194688171156662e-24,1.497832451643052652e-31,2.044884766809776669e-21,4.657205977566823784e-29,1.405077820532263865e-27,1.385430750279896695e-28,2.828115062611263359e-27,2.405244165156852773e-26,2.319232794479827035e-25,6.898079951783816975e-25,3.470166967979725652e-31,2.133363045746763471e-26,6.434290824068569681e-32,1.405728109748527711e-22,3.913525429469557981e-28,6.632929329200119504e-27,3.963343857391871880e-26,3.724721856700220917e-25,2.609647431914040951e-28,3.755633253180068618e-30,3.027035238054831761e-26,2.957556656371029293e-31,7.734094581616785925e-23,1.173727269667159055e-26,1.208036919225061120e-27,3.719657660817070483e-21,2.233379729826042929e-26,4.709096085712816134e-21,6.902039679346734504e-30,1.112524508756632188e-30,9.287009470159819238e-21,1.948255691364555417e-32,4.706824449962092139e-23,1.130055596127491215e-24,4.282125515118976406e-30,2.842107294606074719e-28,1.677011306879684146e-26,0.000000000000000000e+00,3.238913700854320619e-26,5.745007357803338723e-21,4.775227545110492220e-26,2.005732190606070847e-32,2.902128657633151018e-32,4.024334221852286424e-27,3.616427615602546470e-22,5.609956942606505047e-27,7.563908568858519903e-29,2.482242667789634937e-20,2.188516406410534114e-29,8.147337501182180279e-27,3.792638543757140425e-27,7.508070546604532709e-27,2.474402462611316761e-27,9.133283687122068974e-20,1.677406367339038525e-32,4.996139900070190949e-30,3.649926050557176967e-31,3.257766657085497279e-29,2.618548954354152579e-26,5.942473280973730430e-30,6.187589319336055750e-23,7.296048879743820433e-17,2.129907864977924094e-25,5.346101106788402625e-27,4.401361822965777359e-29,1.589339440621219178e-27,7.548544361263173950e-27,1.099874005635635034e-25,2.508558148499102276e-29
5.667591458775810448e-29,2.820498247810498335e-26,1.178944475005997296e-32,4.678703607674942432e-26,2.768337580605431656e-32,4.386723658829542890e-27,1.039081797340990719e-26,2.991900602066847278e-29,7.025404105494438420e-29,1.515662574654028783e-30,4.181211518695080712e-27,4.858031762429434845e-28,4.558545049910953003e-29,7.075575300150706471e-28,6.324234044623536040e-27,7.558219028304535049e-27,4.078634897385694559e-30,1.292311944686262021e-28,9.501260825530734183e-29,1.121595450973032198e-30,8.154264146562568099e-27,4.752280023237439540e-27,1.057598370538924886e-28,7.104470716245979119e-27,3.210029714983043766e-20,2.426575696958705998e-26,9.460772437165096379e-22,2.353579473799859621e-29,2.693040267255389827e-26,1.252502919344022405e-27,1.841470078272945718e-28,4.731280689424014039e-29,2.040999825551322447e-23,6.688133453703543347e-27,4.042936609651114820e-29,3.388028516637965474e-32,4.457440365309062503e-26,4.611686332792661349e-28,1.836184320952910881e-26,1.184456461069474775e-22,2.762733847761394412e-29,1.426318522271490628e-30,9.846934157986912526e-27,1.417311055816918169e-31,1.563182673866533433e-31,7.787571609515715686e-22,1.684093779579335523e-29,4.439973274394229031e-27,1.559191193995992989e-28,3.301560107602978488e-28,2.436843187394048210e-22,1.075426958114482688e-31,5.022100468886121842e-26,1.152218767488245173e-27,2.661962341511910212e-05,1.262868152965410772e-24,1.617115984525377332e-28,1.328775794413577653e-29,3.298300391846968695e-27,3.363928440944147400e-28,2.463385566088013675e-26,2.610744205737853117e-32,3.579001481927567782e-27,1.556132046802879997e-30,5.482956280553962523e-27,3.122045114273492132e-30,1.248793358783693580e-29,6.587989445055899174e-24,1.302116630482730182e-29,1.080870552550306313e-21,5.320746862480522925e-32,8.334817474983137017e-29,5.509188553670417219e-29,6.979440492442328086e-27,9.261458646551811103e-29,2.386475440707327654e-28,2.866670138990379692e-27,1.210485158112725737e-23,1.171950799002411246e-28,2.336600004097699658e-28,2.755252856726650766e-28,1.912708891661501302e-28,5.436433200582800665e-27,6.187003335556255310e-26,2.668051326129969530e-30,2.161478392223056243e-29,1.377401504555359607e-26,1.649667272824544353e-28,1.373052940331528483e-27,1.794208868358150213e-29,3.392071136219804118e-27,3.499985021401116051e-32,3.050019147757002647e-27,1.339452385309769664e-27,5.600855830297172668e-27,8.934444150215500488e-27,1.176733610772029032e-26,3.842617261913498171e-19,6.273211588633999187e-27,9.413543570306854207e-26,3.626510466326790916e-26,6.649288558189552461e-27,1.000439720648627965e-26,1.098205670558558980e-29,1.567867701647834330e-28,1.697431370346570050e-27,1.857391419216408855e-31,3.723053047062123466e-27,1.788768324528176744e-28,3.575314725977891190e-20,3.368509520720689636e-28,9.816775867785248480e-33,1.788189746473822302e-28,4.751702559953776287e-24,7.070410190504687221e-27,4.443370106918229137e-27,2.093080842028997508e-11,3.404816222023976161e-29,6.291220438025088315e-27,1.371674196596966469e-28,1.142375309470757310e-30,1.525713292648170242e-28,6.918826991796550344e-26,2.596141489572959325e-29,5.196906899890666042e-32,2.503584474462327128e-26,2.290089854023039779e-29,4.700830527431534960e-28,3.170323764112941801e-30,5.286406983944328286e-27,4.410634073962181768e-26,2.158175849816669519e-28,1.885069023767088702e-29,1.769504496527142486e-31,3.381568899693785761e-26,2.435694664203766970e-32,6.852714453604986632e-23,1.644947806009888550e-21,9.234614670162426370e-27,1.084294176118242218e-27,4.758687601983551359e-27,9.820860350297569649e-29,2.899697491482864422e-30,5.018564556947812821e-26,1.143693679643332335e-31,2.538037172560933950e-25,5.676293068851549934e-20,4.572814527854750246e-28,5.034505727053070953e-27,4.595878200772867387e-26,4.850521448330510317e-27,1.255634013800744658e-29,5.556507837292795137e-31,6.555333764988299438e-24,6.540660879179631208e-33,2.034564463935025161e-25,1.803178030399577659e-29,1.295183111206212190e-30,1.108391327459715542e-28,2.066344976306727811e-11,3.238913700854320619e-26,0.000000000000000000e+00,5.685436169088595315e-27,1.153021251598966256e-25,5.682982533887951776e-33,8.287224676621358564e-33,4.020927973828193083e-27,1.165066465626495627e-24,5.427720955064895659e-27,2.845547836513560190e-28,1.068050735283055696e-25,6.193410418582160382e-29,1.147606828599304920e-28,1.667634372712977114e-27,1.179429729611065784e-26,1.057446012447480486e-27,7.104923872101915872e-24,4.909036513138606558e-33,8.523853853601773523e-30,1.957855572370090282e-31,1.544120798593715396e-28,4.176724702085001690e-26,1.000378626095100684e-29,4.917413497809585354e-29,7.772413094501659475e-29,1.872825980824112647e-28,3.178277957827935547e-27,2.467859413537001860e-29,6.674531749997540104e-28,4.537170732917298821e-27,1.770936292971058611e-29,7.517569939785684530e-29
4.063986235206399732e-29,4.943766555946325963e-27,1.025548973304637531e-32,5.539644978708155552e-27,1.900933045798631088e-32,9.955576102300999858e-26,9.457610359873649307e-24,1.533834211492092840e-29,7.606481246471640253e-17,3.693596532318970922e-31,1.411472424970370886e-25,3.875868734893525075e-28,4.166288273549537907e-30,9.425171674062515595e-27,8.147323266066693066e-28,1.564447439130114040e-27,5.471946061042350321e-29,5.166278241537751828e-29,5.889402641301119029e-30,2.864462000373021358e-31,2.596390080847139044e-25,1.768782795399960020e-27,8.632942678070546961e-24,1.549403274268997800e-25,3.545005199364674237e-25,1.185902016571144753e-24,1.230297594970655924e-24,5.051517071400249011e-30,3.973104795483087814e-27,1.866612630588364975e-27,2.272545688335210917e-26,3.390834587809250294e-30,4.511219751151920150e-23,2.366715042089122847e-27,2.910152169867263531e-30,2.171645492403318443e-32,3.597035767661909752e-27,9.031681952689411673e-27,5.704963076705791371e-27,1.218865194154050319e-23,4.958101784507528252e-30,1.101133892083845737e-30,1.356300999244883409e-27,1.029518375405200046e-31,1.004842311449338258e-31,4.725718757557294511e-29,1.199678498828147075e-24,2.041510217895920889e-27,7.229591319282949362e-30,9.927240520671445208e-29,1.061609655896620565e-24,5.428878652326616731e-32,4.412932878463623962e-27,6.093432403160125275e-28,5.668824933698427628e-27,4.155161452380354604e-23,8.658282312357840655e-26,1.609795645219940813e-30,1.139987611606326270e-25,1.131840174860670116e-28,1.214062165286237842e-24,1.751104929611763595e-32,9.451787552134887309e-28,3.843896778725817752e-31,1.622403548052276323e-25,4.848546018388760673e-29,1.724457221355153108e-30,6.632316178074940650e-23,5.734654800317586995e-26,5.151313607430304437e-29,2.913424078380728814e-32,4.456087909835714563e-30,1.653851710713981988e-17,6.626362293829379451e-28,5.724587312242138152e-30,7.443720580504799937e-27,1.178604580221619782e-27,7.996238744357063091e-23,4.448458907663405686e-29,8.108903172628303859e-27,3.065720107924257481e-25,8.412755935303508496e-30,1.691429699490735503e-25,3.553477355196127774e-16,3.388324273157369659e-29,1.058490649776978211e-29,5.108267022395537228e-27,3.176243104392207401e-27,2.043404716035089787e-27,1.539237955809209260e-25,1.145465360322659810e-25,2.223883516558492678e-32,1.176510036225571181e-27,6.368007702001628320e-28,4.644528138064088592e-06,8.401393616999931166e-28,1.387586923611347908e-23,4.265363583514073536e-27,1.834322560951659323e-25,1.300221215852616478e-16,1.211493212644592358e-20,6.082784887179953222e-28,1.546046518398060213e-27,1.319850867088919937e-30,2.390782085884165121e-26,2.359093843625544401e-27,1.101026252819888042e-31,1.469039779406028147e-27,1.179580132791889967e-25,3.552931880446104642e-25,2.212441778299867789e-28,7.467894141987336026e-33,1.569675070730772608e-23,7.588462645970924249e-23,7.001858860064192356e-28,2.035643541665803067e-25,7.872174138719723434e-27,6.897246229137179696e-30,1.699393960922468786e-25,2.905690837080558675e-27,3.506589468490750512e-31,2.674201487622462848e-27,7.436272349022504885e-27,3.053831753591459621e-24,3.022919010368641057e-32,3.627714824628905030e-21,1.032657039619139464e-29,2.886881268018824614e-28,4.072435997760393483e-29,5.496542284471135612e-28,5.323226980020135405e-27,1.620633996582981466e-25,8.813451821798422538e-25,8.517740292210918462e-32,4.429548950069505871e-27,1.611031370846119838e-32,2.018926773647746058e-23,6.578764810487813195e-29,1.273010614335109678e-27,1.388671191263377069e-26,1.273022302325380922e-25,6.439092605545196250e-29,7.928350921860187409e-31,7.075332733379686083e-27,6.194973900400419092e-32,3.866138471954423804e-23,2.144878027851111009e-27,2.393169625884982896e-28,3.631369727349594360e-12,5.638394002017926364e-27,3.445433167621337705e-12,1.455646365079233434e-30,2.608030718265581679e-31,8.169694896516451678e-22,5.219988306637158174e-33,2.074093845461134183e-23,1.504229355456036227e-24,9.762800870756010834e-31,7.123597648119916842e-29,3.487719877312865710e-27,5.745007357803338723e-21,5.685436169088595315e-27,0.000000000000000000e+00,1.072093098370852001e-26,5.069478112749342681e-33,6.953831390023777921e-33,1.142323796151631567e-27,3.272434639636769985e-23,1.266875165849044051e-27,1.493268866625654553e-29,2.110658730321442485e-19,3.493833416219989079e-30,2.439571671281981831e-27,8.992757981708435038e-28,1.602123526191834129e-27,6.897261281266406116e-28,6.420662736181904523e-21,3.999102832105710603e-33,1.098306419518799426e-30,8.456850947529942002e-32,6.629705363653634123e-30,6.874406199201610419e-27,1.263645047528074085e-30,1.702500790158306842e-17,6.063746726072813621e-24,1.362765324939888383e-25,1.268702888971388215e-27,1.019098492649655341e-29,3.732290686548436577e-28,1.623368024495640774e-27,9.833835076792561501e-26,4.278990206836320869e-30
1.120503157235859177e-26,3.657505028520745418e-21,2.446784619821732891e-30,1.135960387171657260e-19,6.027744155596244925e-30,5.314227566301422493e-26,3.655693967288055151e-26,1.469843643191325133e-26,1.268531259832226166e-28,2.472907172712926229e-27,3.626337495096650618e-26,1.012048055361489190e-25,8.666205224034830759e-24,1.200101400377337975e-26,1.138832604393745117e-20,1.431855878170249197e-23,5.664559789299170956e-29,5.922913744120211391e-26,5.611167601885643791e-24,1.392851386103093254e-27,6.114957961366758565e-26,3.497898355588314156e-24,1.608941434013438542e-28,7.657974990003929233e-26,1.194630268639828595e-22,1.642466674246742196e-25,2.199724158508786216e-21,9.097533750775466497e-26,5.784863787841589652e-21,4.838873090176555541e-28,1.757292900825647321e-28,1.003878861940582585e-23,1.084621383995695061e-23,3.755143209133323655e-24,1.119075625300332381e-23,8.437745851820048305e-30,2.481564044533638183e-20,3.172363974625207511e-28,1.485891196932533507e-23,1.965257269986913426e-23,1.248928945387839589e-25,3.178729385802971795e-28,8.111831814539822757e-21,3.694621134384052592e-29,4.209420948450316280e-29,4.090020910314342234e-27,3.717079551422840039e-29,2.536956214240635797e-24,5.240123883924166120e-25,3.882682223155569092e-25,3.873012763200659798e-21,3.581822548129357339e-29,8.215388776972965083e-20,4.088371369593863877e-25,1.396254575423277812e-25,9.668412909983577199e-25,6.412976308570018502e-28,2.396338538682009659e-23,2.953223440095693725e-26,3.497787775191747982e-25,1.823286340965219191e-25,5.552746234356419565e-30,5.690167661309841390e-24,2.783420147849526264e-27,5.657621236198684738e-26,5.062782537163093792e-29,2.087025322364141862e-23,4.282294320484742511e-24,3.844116055569762650e-29,3.484843254895016694e-27,1.319706825944655951e-29,8.268599568351105780e-25,8.559132436692769851e-29,3.586218909510148167e-17,1.466458731740221880e-24,1.763180528957180169e-28,1.783612404949410771e-24,7.000389470195643572e-24,5.416809532518503147e-26,1.867061924790924816e-28,2.851949355767487464e-28,6.935724214600519033e-25,4.815215329974805235e-26,1.221718191791203689e-25,3.923746411599728725e-29,1.069618772492986767e-26,1.202549400608563574e-23,1.425401286824909854e-27,5.900580707746360724e-28,5.181096202611502097e-29,3.008323644615931828e-26,8.474566470903738594e-30,1.982219621929664090e-24,4.943409304555058418e-25,1.060246582719168227e-26,3.840291237187853512e-17,4.233018152003214732e-26,3.016819006578938187e-25,5.712304330531065831e-26,2.053227754049723314e-25,4.847118283160070626e-26,6.831897250544652390e-17,8.765369007687298020e-21,1.953537831672233556e-23,1.418087142279580614e-28,7.500123924922660815e-28,5.940980124394835860e-29,2.834047145993919138e-24,6.316021480060641911e-28,1.113890651298893740e-22,7.969491530559727665e-26,1.870258974877947252e-30,2.057280836542582481e-28,3.170596166275171201e-24,7.075280959158644828e-17,3.899482600798751635e-26,1.260270057546816506e-25,1.336521380306297660e-25,5.051167188847550196e-26,1.523066964896211601e-27,1.461269036799385292e-27,1.475164912030941692e-27,9.849147566419074519e-10,5.462311347775973374e-29,1.287620414575356865e-29,5.476039255889438697e-26,1.103078540023693185e-26,1.100809409202017756e-25,4.345094627644772897e-29,7.282118624299824127e-21,1.884314787316875352e-19,8.309689619613419269e-28,4.493623726311118483e-29,8.199293181179612628e-29,5.955434544752430749e-20,5.011037707516364592e-30,1.766207807474450779e-23,3.623400425416231774e-27,7.612938910456835067e-21,1.773623661898100013e-26,4.624052017532377915e-26,2.675662022303701414e-26,3.873951946746803032e-27,2.427048339644034983e-20,4.036216400070161017e-29,1.383926172789738117e-24,1.749562167983645967e-25,1.438151123518334922e-25,9.942066316304439287e-27,1.338361854498907553e-19,8.648499631269244636e-27,2.291193960992485441e-23,2.826693443673232405e-28,6.447803000396887925e-24,1.269931531664267205e-30,1.172916730400097506e-24,4.006172609080096562e-29,2.736014895511373179e-28,2.831529181123422165e-26,1.677414806213795063e-25,4.775227545110492220e-26,1.153021251598966256e-25,1.072093098370852001e-26,0.000000000000000000e+00,1.147498449405003929e-30,1.620539202889469333e-30,6.404076873109094741e-24,8.306732348400888557e-25,1.751257179954430267e-23,2.229191412826897003e-24,2.183372089391080529e-25,1.440170347516613733e-24,1.203640944495066925e-27,5.274781626319340043e-25,1.259674970115903646e-20,3.010448108522215528e-25,8.708145856748880238e-24,8.806616336216490570e-31,1.224320973186827360e-23,8.255309740245774885e-29,5.234697694611407621e-25,1.602091277288066391e-20,1.366138308497329201e-23,8.313887885357386374e-29,1.112182013757569389e-28,7.142507978150436692e-28,2.003206287802645875e-24,1.139213298716539789e-26,1.907323452400475886e-25,3.187957601163921980e-24,5.533834501312780721e-29,1.921076866647952593e-24
3.276761611386011562e-19,4.770018710047515816e-30,5.878668498028821197e-15,1.527299685383947320e-30,4.639274475627459689e-31,7.540259283805744378e-32,2.723152841095862541e-32,6.824782196719119881e-31,5.618325784526755487e-35,1.237058343263920192e-33,4.105156745714097926e-32,3.031830051620699780e-20,2.811037271081912369e-34,2.306214425816314646e-32,2.516875903422751225e-31,4.094858722956979231e-30,9.828178275572724523e-35,2.855923923047589547e-30,4.056739880724003209e-34,1.447968936872451210e-33,6.157552762175276456e-32,2.547505963762728714e-29,5.578087588937619020e-35,1.000491449157153630e-31,1.672952929358179932e-30,1.783126619448433145e-31,1.120956471905795664e-29,8.849665101034733903e-33,2.914542248845550490e-30,6.978398287504064573e-35,5.161823121680124213e-35,2.593954153213190945e-34,2.093407480458531583e-30,5.846587989821960797e-29,3.110748992923804851e-34,1.397303655235432886e-31,3.587801479539509281e-31,8.629230985422159442e-35,5.564745865319387793e-29,2.136157900130331914e-30,8.965735112940323095e-33,6.122076563287871099e-29,7.811949750160579089e-31,4.778918582727271249e-31,1.713529210456536289e-31,1.263730289589008828e-34,2.053799347167021482e-35,5.594324839579106148e-29,1.839155498285419867e-34,4.558698959383415437e-31,1.042481120387618852e-29,1.353396230622489845e-32,5.176821808155830945e-31,1.310490064422385256e-28,7.348048535185893395e-33,2.437542776065223595e-31,4.725962485288756794e-34,3.892455330722286199e-34,3.403755597134637859e-32,6.703235500555146221e-31,1.798127298431393621e-31,9.064697584362490370e-31,3.536869399820502284e-30,1.263355076418910551e-33,7.799537688431433360e-32,9.699493297840332825e-35,4.298788828055013141e-34,8.869132280585322838e-31,2.638408934287087975e-35,1.090379208834432202e-34,6.430490768243913940e-32,1.744361402280459204e-34,3.724796271193964018e-35,7.353259261568024814e-32,2.559729787548688061e-34,4.837541381558840628e-35,2.316893605853053617e-29,1.641653485442662394e-30,2.387040726324512082e-30,5.091238930694489144e-35,9.047992436932737266e-35,2.047566197009415748e-34,6.177515595337271362e-32,5.180822662227838656e-32,7.368208859762796402e-35,4.716988291586268165e-31,5.104385389299155159e-29,1.893641175947936081e-33,1.000837634847057030e-34,3.456678643170248986e-35,3.402113524365161903e-32,1.307453416769298473e-31,1.980047607195119309e-29,1.351156801779168283e-28,5.023235217018394491e-33,7.451306701457282095e-32,3.032076596922760344e-32,1.002333497113442317e-32,6.800985860011357847e-32,8.805790360774978641e-32,2.276435066713794035e-32,8.173482868558402488e-32,5.830779860538461353e-31,4.218718681964296135e-34,4.797354169379340455e-35,1.230966419640590176e-34,3.477429528556439668e-32,1.943920583343445656e-29,4.250697048099517074e-34,1.741045050470097410e-30,1.620298552621770379e-27,9.137830171763253209e-16,8.809467393039362856e-35,7.134971653607641644e-31,7.260961535441757318e-32,4.562789930581811519e-32,6.606077375522524795e-33,1.211614764473263425e-32,5.681746538072792792e-32,2.181560764931293181e-33,1.633467163006717829e-33,2.156460484720671875e-33,1.263685084183803520e-30,3.150144027923974769e-35,6.849281121874700500e-32,2.876110481885476430e-32,4.607386907893142830e-31,4.428887212910564459e-27,7.998461139257624421e-35,2.087674887361484719e-31,1.116937922254429463e-30,7.017844078172753299e-34,2.642158542740212046e-35,7.147282224653614572e-33,1.717556967567636247e-30,6.703425934625705791e-31,2.359315815450210718e-30,1.426452389523951952e-34,6.621443462851164001e-31,3.352463963793025769e-32,5.901979833720835476e-32,1.928296257512170216e-28,3.343162690180394721e-33,4.123080733151897376e-30,1.491238100764506062e-32,1.293104118604823689e-30,5.550267015274912380e-33,9.344218557143604040e-29,4.378250550358607718e-33,9.342450592687973456e-31,4.559556584642798057e-33,3.668239640185560427e-34,1.639102594265447934e-32,2.035596377871181818e-30,9.560188315839239490e-16,9.588645729059991923e-31,2.318966797255771315e-35,6.724878438296880579e-29,2.343329193042061379e-28,6.381698580452348352e-33,2.005732190606070847e-32,5.682982533887951776e-33,5.069478112749342681e-33,1.147498449405003929e-30,0.000000000000000000e+00,3.986262642315301363e-01,3.794078419258734980e-30,2.190455503386222620e-31,2.826432015746800654e-30,4.987108524623567518e-34,1.145971159795860892e-31,1.968646075011940711e-34,1.786990625559104377e-33,7.206278134857264695e-28,5.944645071108907474e-31,8.218153462899986164e-28,2.521573483404621462e-30,4.028518535765032160e-01,4.128425404563354236e-34,7.978915914723992498e-33,1.722400364320097965e-34,4.356646071363561650e-30,5.231695205492509681e-34,3.541508443251088424e-35,4.711506424749331952e-35,4.299192398506006387e-34,2.783623364950325931e-29,3.999325557376730973e-31,2.161134509276665832e-28,2.404112278429724153e-29,3.330156963713914659e-35,2.054770747983609931e-34
4.742760685502997593e-19,7.021866569399103230e-30,1.116358752165043830e-14,2.253170612343601493e-30,7.086605338605282844e-31,1.009710628035208179e-31,3.913524766677131840e-32,9.995160583664398123e-31,8.177345581520708970e-35,1.881696838421398925e-33,5.758898126451813892e-32,5.243479883103079401e-20,3.947808503025475842e-34,3.320893947298587735e-32,3.670852149738540287e-31,6.635032832451083067e-30,1.395489726299923785e-34,4.483835295706405786e-30,6.249523066497950546e-34,2.061467663578983274e-33,9.633275652448019376e-32,3.667361496486573624e-29,7.993037806973812101e-35,1.304573633553283784e-31,2.658588912235983765e-30,2.430568963575751450e-31,1.527488040555872291e-29,1.307245678545921595e-32,4.467535312116094354e-30,1.083696983493642765e-34,7.627445842239853945e-35,3.829388603069303138e-34,3.250913974667794493e-30,8.999972310492321622e-29,4.910581388688750260e-34,2.032006009770485342e-31,5.437730531264154184e-31,1.317625487541169065e-34,8.733683647873453020e-29,2.969846055852919419e-30,1.418507031164328613e-32,8.990217025317384544e-29,1.244293418011809450e-30,7.124819661899321473e-31,2.570621484487404491e-31,1.829576409040451148e-34,3.071195150985378951e-35,8.393029029758771139e-29,2.709903111997693850e-34,7.445013528884627816e-31,1.490462102140773720e-29,2.114387825003595872e-32,7.753212101348427549e-31,1.943534033673410337e-28,1.084368474052306318e-32,3.640343165099684321e-31,6.843359623202184672e-34,5.846247944865903181e-34,4.689441076868491433e-32,1.021395041567182529e-30,2.627574332951901569e-31,1.370771967432858868e-30,5.207184872104294415e-30,1.923231716537488909e-33,1.104572084297523721e-31,1.298045717455350007e-34,6.356656974329208300e-34,1.233552408993318406e-30,3.734009063776484546e-35,1.575694289399489721e-34,1.014392400035096474e-31,2.669911198707414939e-34,5.875784613194325514e-35,1.113077393965260404e-31,3.785509229971605447e-34,7.428026569985459641e-35,3.708095271790829635e-29,2.559345190310919398e-30,3.694255916614579842e-30,7.935955012998644748e-35,1.340775351180137627e-34,2.810127360721065621e-34,8.818548837629549132e-32,7.403298877953099410e-32,9.769245722204962509e-35,7.189223395140336445e-31,7.215771029248719319e-29,2.964967964417800682e-33,1.393758041909140808e-34,5.135138935387983663e-35,4.650329216655997828e-32,2.024705449247984180e-31,2.979209557948493761e-29,2.058025765717895178e-28,6.630799838460133715e-33,1.079500694689251689e-31,4.409631555110311006e-32,1.528837412372631669e-32,9.490567957114938331e-32,1.362019388769026832e-31,3.201791359764337161e-32,1.160626054922303348e-31,8.722734275199699919e-31,6.245568489579015204e-34,6.928040946745056636e-35,1.865953556256207574e-34,5.529426845843674769e-32,2.859552631561092876e-29,6.237816638717601396e-34,2.557602527123639044e-30,2.465446884733827756e-27,2.120459269908229720e-15,1.332979450540873580e-34,1.032608918006672300e-30,1.125374390491020552e-31,5.903444083454515847e-32,9.804192648617360421e-33,1.801941650362512628e-32,8.258364746620808202e-32,3.218205567644078791e-33,2.451236760851560444e-33,3.084819237872565114e-33,1.835750945207352615e-30,4.617074394696336699e-35,1.064507438728947481e-31,4.259655945137643535e-32,6.424874828272102668e-31,6.553133768487800987e-27,1.161255864766511622e-34,3.168645244663875995e-31,1.518323675286148684e-30,9.177706088092684957e-34,3.788523896361905306e-35,1.036816561988266575e-32,2.402828689607671367e-30,9.971889497115127286e-31,3.195806066984401982e-30,2.090256266698068434e-34,9.951414403343186959e-31,4.518155086842140360e-32,8.232326350476240204e-32,2.789801461037919921e-28,5.324712754982573455e-33,5.923274480607529931e-30,2.364151482563322901e-32,1.678055118364875176e-30,8.424156544504801000e-33,1.466268552991181706e-28,6.534917683031130719e-33,1.294069026670824130e-30,6.618890767746782708e-33,5.556616628378023392e-34,2.413529315377691983e-32,2.638029380757230604e-30,2.175727222124508187e-15,1.363976372245952563e-30,3.437332355262840106e-35,9.719237909092482850e-29,3.693441524770648360e-28,9.651241701804914199e-33,2.902128657633151018e-32,8.287224676621358564e-33,6.953831390023777921e-33,1.620539202889469333e-30,3.986262642315301363e-01,0.000000000000000000e+00,5.530188896510484253e-30,3.204886831164428833e-31,4.296399917817055419e-30,7.796716758769561797e-34,1.632192745758180233e-31,3.006557550397894770e-34,2.589966242264651745e-33,1.094047811690529720e-27,8.360670560512242542e-31,1.213562546337849047e-27,3.376956726838517130e-30,3.985055340023322401e-01,6.440050524636631651e-34,1.250173404769370075e-32,2.599214774641661757e-34,6.464503838639630912e-30,7.509733250750672852e-34,5.243501869274698462e-35,6.742168752517850069e-35,6.326279788847008186e-34,4.062865344857932385e-29,6.117966020970608923e-31,3.419054176999919675e-28,3.769751377133653383e-29,4.715568987006747186e-35,3.067434607378872927e-34
4.356150939101989192e-26,2.393227918483849375e-22,8.535491104086239934e-30,1.098786594175656644e-23,2.885875461392071603e-29,8.302982896533575700e-27,4.648343215482911125e-27,9.120756804384659527e-25,1.162037473538645991e-29,4.395031311535070522e-19,4.408364512892153433e-27,3.773688620396150099e-25,8.301544474202999160e-28,2.016393710005069169e-27,2.010307325003511675e-24,1.156593417323324137e-17,9.699873083608614973e-30,3.299556235706499261e-24,1.141687580324756740e-27,1.777583614882540000e-20,8.073157307257583774e-27,8.149086971761219403e-22,1.338655493624152049e-29,1.113257813342110131e-26,1.771845080605007648e-24,2.270602640355452435e-26,1.411017656172459633e-23,2.884799840072695004e-23,7.763233702063694605e-23,3.262304450318501786e-29,1.294365564682526206e-29,8.558747057270483717e-28,7.425684830522296032e-25,3.232894573473501706e-22,9.932744496727656657e-28,4.603564202531954883e-29,1.306078580655445458e-24,2.482595087732551097e-29,4.518973717212582331e-20,8.697995973626470782e-25,1.839656887961453202e-23,1.416164704244213312e-27,1.011061859284261721e-23,2.407649321869205707e-28,3.280097977469015253e-28,9.851965293023156455e-29,3.943029492869773979e-30,2.260883064583342131e-22,4.182268153743405312e-28,4.592283229135754482e-18,1.539878304917486791e-23,5.759476084049853225e-28,1.720242747933522911e-24,8.861798639093115033e-24,4.135630636671748169e-27,8.228170856538255118e-26,7.062726224346896779e-29,3.820547330629872576e-27,4.295984670248908653e-27,3.357255542600395553e-18,2.384958338238510854e-26,2.454865000869539746e-29,1.487244503855977815e-09,3.996132255027108094e-19,9.365231956166560349e-27,8.760804996473539329e-30,3.826929849663652054e-27,2.697905812196974686e-25,3.910365251624214931e-30,9.865667797047618792e-29,9.546062789751098262e-29,4.063036016387086074e-28,8.332835130689219361e-30,3.514449044091527295e-25,6.073734622580542515e-28,1.322636022100775505e-29,2.531717275746291779e-22,5.083211032106268306e-25,2.821870383662910040e-24,1.573350260947550117e-29,2.557041522718118973e-29,4.279478669638316253e-28,7.057028079692659317e-27,1.189279908893076863e-26,6.886189713681714841e-30,6.390182341516673628e-25,7.429718074370067982e-21,2.201028226575367533e-28,3.338149551960947462e-29,5.279331087480304752e-30,4.384002100136127435e-27,5.496073067589745951e-29,2.943038664684978281e-22,9.952248676719674318e-24,1.023389033418981002e-27,3.710988954270584185e-25,5.123281611551421674e-27,7.107570535233768406e-27,8.221425326555507756e-27,2.075685311902784341e-26,4.570271874529106038e-27,3.781893159540300164e-25,7.332116421385551519e-24,3.144160771865864872e-27,1.193159075035271146e-29,4.244104967669582164e-29,1.122507578890040978e-27,4.420022453779705390e-22,6.540523441773946585e-29,1.833678503820109242e-24,4.610821597051166451e-25,6.558618671108684016e-30,1.922275193438975716e-29,2.249552823957069958e-25,3.702743455203968130e-25,5.284027758845903504e-27,4.571851482318711250e-27,6.336731398923309244e-23,6.638928507632515164e-27,2.372246422158182140e-28,1.403379673847004869e-20,2.325415253130207118e-28,5.933866879102018334e-24,5.743979505062644664e-30,8.516781731458941874e-29,5.699776887885684477e-27,6.582310833772188550e-25,5.224914688856351786e-25,7.535495341604563341e-30,2.074514846842694192e-24,6.019428949003840983e-24,1.049662494250675299e-28,4.534696720723328409e-30,3.383151694637609725e-27,1.363067247571965405e-23,2.650085460097081162e-29,9.032180246556947803e-25,9.434087599789717117e-29,7.095638227497117301e-24,3.205126574491700251e-27,6.422110339522660450e-27,1.752755153881404506e-25,1.545736396293948178e-19,7.892999028850557605e-23,6.297797185427427665e-28,1.747771771556641443e-25,4.459422055344263364e-27,1.923431858739037610e-24,9.077237095549121028e-28,6.911540231764683213e-24,8.393605877882387995e-28,3.478051324613397409e-27,1.168487453539472987e-26,4.759771123334528582e-25,4.404504252891972238e-30,1.517238200022027439e-25,3.960104530819684854e-30,1.277991242410327649e-27,1.893865427223718473e-25,5.335087040985486953e-27,4.024334221852286424e-27,4.020927973828193083e-27,1.142323796151631567e-27,6.404076873109094741e-24,3.794078419258734980e-30,5.530188896510484253e-30,0.000000000000000000e+00,6.707143524222637434e-26,1.582968032546275152e-19,1.178152832433790352e-27,2.098645799944812856e-26,4.847162401886566923e-28,1.841407725223610102e-28,4.948438481180431397e-24,5.370215092649898332e-24,2.716357910272318578e-24,6.288256468973385803e-25,3.069268852901690189e-30,3.680883907594436334e-27,3.121148463169537102e-27,3.753507494608310535e-28,1.036536901964198104e-22,4.817790157481314542e-27,7.534003086781364420e-30,9.348631367003056476e-30,7.718087186460697453e-29,2.310716516915363758e-22,7.681315621155176704e-25,2.299958979655786986e-24,7.302670912710788518e-22,6.235266702493515653e-30,5.190848573011723966e-28
1.940070383698054652e-27,3.404436632019358510e-25,4.467021066374467354e-31,4.426079484922010798e-25,1.022578199689404063e-30,9.171286037505169100e-25,1.197084710911753787e-23,7.156394018828542096e-28,4.213215513899999680e-25,2.541960524708263918e-29,1.272582709458116645e-24,1.734135515713202382e-26,3.560528065163736212e-28,1.218203281046251173e-25,6.711211951168182502e-26,1.273094680686176540e-25,7.046641702039689339e-28,3.357109081547092803e-27,6.791965784862343405e-28,2.024119141051142433e-29,2.685560417411693002e-24,1.116184556337715197e-25,1.329471905426241655e-24,1.520830318769081801e-24,5.599398717145958569e-23,8.465566305471021306e-24,1.471881174887348034e-22,3.584457228809254702e-28,3.203110295272790987e-25,3.378109347451999814e-23,1.052549043738478100e-21,3.370060323296658654e-28,6.353206065519603206e-18,1.508290220145523131e-25,3.280616960051168274e-28,1.118674545438696461e-30,3.636873559994779091e-25,2.593547145045819591e-19,4.072803510984628587e-25,2.779419932815187192e-20,4.385034517553323207e-28,5.427919724032938802e-29,1.090930931908228166e-25,4.523538424077339024e-30,4.487714766146639120e-30,7.430803969698682688e-27,5.505418146809697732e-26,1.006338812139885898e-25,7.154601740477905923e-28,6.767999561104598331e-27,1.398600869226471831e-22,3.199394011688499675e-30,4.413189484409970850e-25,3.086657849385594362e-26,9.929593909140319418e-25,6.075105405960255389e-10,1.580600404456220811e-25,1.131080331532724219e-28,8.754166409379784576e-25,7.315035923212827547e-27,8.495076128273952766e-24,9.640399999315190249e-31,6.022805475702322404e-26,2.697872303451217345e-29,1.505933533419452003e-24,5.657826984109726523e-28,1.256955938859210946e-28,5.339657167673531316e-18,2.405657956567921207e-26,7.688508161634419462e-27,1.790960023180547610e-30,4.787214157810227871e-28,3.840502174328914306e-25,5.859392295962809254e-26,5.870300319534138413e-28,7.690904044370987942e-20,6.711672541197723577e-26,2.138458060109157947e-17,2.892604545904770850e-27,6.884383515447970462e-20,4.533528505237773574e-22,7.742423305649205733e-28,1.595572829418669605e-24,2.449120173087262450e-22,4.622912686734463964e-28,5.613521392874057788e-28,2.813387121836127263e-25,4.389608925461024871e-26,2.329778284726023582e-23,3.869081119428285251e-26,8.905651310722199724e-25,1.204399897569152448e-30,6.785774202582277061e-26,3.412135318420837016e-26,2.551391130382653366e-23,6.649420545773633101e-26,1.588148072373320557e-23,7.860913061376906220e-25,1.678624826858317737e-24,3.291610937589609450e-22,3.446747292012853364e-22,5.435591323521392967e-26,1.093744572009012596e-25,1.061663781491465998e-28,1.093082814830563885e-21,7.982856339859790878e-23,6.015716740928915319e-30,7.648114293588854195e-26,1.905312559954044819e-25,5.698956776988307124e-23,1.136530685206610795e-26,3.296626888475943091e-31,3.543820095134447892e-24,6.821195714800088588e-18,5.591464978356040284e-26,1.484421062606893168e-24,1.621282297457884828e-24,4.919235189200783763e-28,1.742339644949142118e-24,3.263682302749604980e-26,2.027770174597237050e-29,3.428598010719901009e-26,6.402401265793622305e-25,1.016979068880087716e-25,1.716005713512904606e-30,7.572984399067965172e-23,6.218812374307218173e-28,1.691825484946225367e-26,5.760326148446368955e-28,4.880766073678084548e-26,4.021904302760117644e-25,2.231440516993790641e-25,5.329550769126926941e-26,4.355451229413494941e-30,3.578259217665678598e-25,7.910024118344431917e-31,4.238933633453194391e-20,1.197573874777834390e-26,1.038347496252491147e-25,1.757952744728930449e-25,1.194588240894392037e-24,2.980317127853760197e-27,5.537848758539776815e-29,5.251342558324628525e-25,3.634085716667397687e-30,1.451309270554375158e-22,3.602960631832840489e-25,1.437427016654146409e-26,2.461836886819598287e-23,3.878393688153275517e-25,2.746234658295408918e-23,1.144689262509511337e-28,1.333203745966694926e-29,1.999462180185387309e-17,2.172585961886913388e-31,9.499481011076786018e-23,6.358234951498416479e-26,5.030102708484824714e-29,3.549236307372639982e-27,5.839995884843696545e-25,3.616427615602546470e-22,1.165066465626495627e-24,3.272434639636769985e-23,8.306732348400888557e-25,2.190455503386222620e-31,3.204886831164428833e-31,6.707143524222637434e-26,0.000000000000000000e+00,8.169890613094769667e-26,1.592708244690137289e-27,4.016667919297316330e-22,4.064677576629391881e-28,2.925338331223016191e-26,4.510430780215257283e-26,1.161013399587539788e-25,3.235511053953712985e-26,1.926760401987020462e-18,1.884267621833933331e-31,8.952631625229397703e-29,4.842288226475179880e-30,7.210031115928144539e-28,4.533925642388429659e-25,9.675914222255824637e-29,2.995796604171868264e-25,1.272554407127262472e-24,1.873519863268463571e-25,7.352851908315264516e-26,6.093454801116490111e-28,2.090187033477500494e-26,1.091742518583632396e-25,3.164925188991130531e-26,4.671674879836829442e-28
3.040333528556191375e-26,7.492087738209565142e-22,6.402061416795462216e-30,3.703472423299612290e-23,2.246384258747411893e-29,9.060318278395895668e-27,5.529485820662826034e-27,2.846284332056866247e-25,1.527704354758524434e-29,1.614236768232605715e-22,5.820607499184119908e-27,3.256159164485347317e-25,2.182461565091998205e-27,2.291113574185418578e-27,5.894498585283971283e-24,1.503883559207826465e-17,1.095985402891230512e-29,1.140779075953116266e-24,3.112721108640103397e-27,2.170641639057297563e-23,1.071360067669804168e-26,2.330988228790359128e-22,1.537050920328133286e-29,1.099946013135352626e-26,3.097674688584091166e-24,2.869214564316485096e-26,2.491590309827050070e-23,6.166755966592604157e-10,2.254107499201226382e-22,3.762144025089923110e-29,1.893622065930304122e-29,2.142179892411034837e-27,1.082513885637191527e-24,9.892849419207708391e-23,3.060877292488070859e-27,3.046220350172583389e-29,3.882660933472830784e-24,3.351986272062371196e-29,8.047739008802622992e-21,1.277732002733044070e-24,6.158269469999064862e-10,1.089192857566097961e-27,3.567242562438986085e-23,1.508231458131920202e-28,1.961790892539076234e-28,1.415905576156178803e-28,5.336203986102314236e-30,6.530886384096843644e-23,9.139604870024250306e-28,6.599876180510493557e-21,2.992348856370305248e-23,3.164287841683094578e-28,5.408179762246564636e-24,3.820178022673334391e-24,6.992337549029314185e-27,9.549646595721828816e-26,8.278446443794824741e-29,1.046172211066393765e-26,4.534741116622100129e-27,4.039829103198168809e-21,2.938981884657046526e-26,1.851758157303146391e-29,2.017644025006589046e-19,1.956734776109119219e-22,1.055507018108317994e-26,9.623753917455799136e-30,1.084144813439933716e-26,3.434256745599048948e-25,5.365136934437110702e-30,1.250337513495711884e-28,6.274699339137920288e-29,1.039595119593625464e-27,1.086146310133490326e-29,9.445508563970011471e-25,1.474916660138504986e-27,1.897424700929911950e-29,7.278636321747821190e-23,6.717279313252252427e-25,1.014249200881344927e-24,2.146315242146378014e-29,3.478100729311511560e-29,9.358218510445682762e-28,8.534920037069604203e-27,1.481191121279984166e-26,7.408517965332598722e-30,1.986675925177459987e-25,1.812667816760275395e-21,2.724895372811479331e-28,4.874235286824671381e-29,7.156557402387140513e-30,4.367537188903561755e-27,3.034726153329581622e-29,7.998177587573129258e-23,4.281769229960760072e-24,1.136502700264245823e-27,8.463435968582658743e-25,5.925588003860110374e-27,1.323010977251924232e-26,9.355720434988496398e-27,2.663145579216048210e-26,5.537975597361943456e-27,1.049879759622432315e-24,1.929801600663836865e-23,9.964804339104653278e-27,1.597361436692864458e-29,6.272597048781783935e-29,4.655847195882395631e-28,1.129065700434836076e-22,8.439159921262111290e-29,2.845369333508153161e-24,2.914625082831455218e-25,4.785685739836274939e-30,2.567094352528924865e-29,2.722899677958806436e-25,1.047520644461979914e-24,6.059799231171595502e-27,7.220229428560749173e-27,1.539892100723181485e-03,8.764862421542280211e-27,2.704797942070847368e-28,1.600351183041573892e-23,2.643548749518444314e-28,1.804208739166726541e-23,7.190512685074627201e-30,6.045655944933383748e-29,6.905621799689511401e-27,2.154814559478886067e-25,3.693627106727685263e-25,8.436700052239482083e-30,6.616616159258273704e-24,1.879580387459337596e-23,1.078058359451985668e-28,6.045017373605149437e-30,1.033621188026968133e-27,4.230811911661797305e-23,1.719894943156954687e-29,1.249674603189097055e-24,1.492312565264845703e-28,2.458804999498390410e-23,3.110507641474800042e-27,7.759393745509508158e-27,1.086433625376553689e-25,1.169317669995051526e-22,2.012324772661569174e-22,3.657543711182664429e-28,1.988448919714384764e-25,6.848753580181283270e-27,1.135575408634522228e-24,1.149850745950571557e-27,1.760138915890588263e-23,1.086408032210127347e-27,9.422148116016399954e-27,4.142305647326289350e-27,6.184982443664382272e-25,3.132363770738016962e-30,1.794038781128018887e-25,5.251561884951736882e-30,9.268915637311585899e-28,1.175235844194767477e-25,7.884389919020443321e-27,5.609956942606505047e-27,5.427720955064895659e-27,1.266875165849044051e-27,1.751257179954430267e-23,2.826432015746800654e-30,4.296399917817055419e-30,1.582968032546275152e-19,8.169890613094769667e-26,0.000000000000000000e+00,2.699672450999020976e-27,2.501609598366603213e-26,1.259934355486215698e-27,2.363138742572674719e-28,2.640107693707873925e-24,1.594127550172391605e-23,1.341995114914242334e-24,7.063025371464265664e-25,2.445612395241577847e-30,1.135830499028564761e-26,1.165075734084081608e-27,8.134790163598242108e-28,2.825367492491927492e-22,1.593451629862016779e-26,9.895252738406248937e-30,1.249210424301918127e-29,8.901230999601187670e-29,6.461499759134728539e-23,2.335817295836212542e-25,1.247792290428322064e-24,2.111545539394658657e-22,6.882458510265009004e-30,1.305885409044537480e-27
4.834545012913527400e-30,4.990804074153405170e-26,1.060391687339213563e-33,4.151436486578308390e-25,2.864338743871866735e-33,5.179080960566925213e-29,4.985537118524265520e-29,4.523426816901031739e-30,1.836252636566675733e-31,5.204470440415772742e-31,3.886525410534876229e-29,4.904562630322637753e-29,4.846588704891172502e-26,1.145534669661879881e-29,4.326200706302864319e-26,3.316767381573981718e-27,5.611460969268762571e-32,2.143433638199563922e-29,6.273920751456508955e-25,3.213793173926012962e-31,7.845267967499865439e-29,1.055262040613075191e-27,2.140071773742321498e-31,7.111713975174471432e-29,4.416330260993290519e-25,1.954379474734993384e-28,1.065519103079226781e-23,1.573741271469824314e-29,7.086650845656095006e-26,9.347107340312230621e-31,3.072670463696378095e-31,3.672182130663537550e-26,2.795940869929905356e-26,1.168347997356119898e-27,3.310090447080925596e-26,3.555627057308926320e-33,2.029129233809541401e-23,6.964419624757426408e-31,4.436999045279275049e-27,4.683251864454232691e-26,2.174766694545896076e-29,1.497416055323343861e-31,4.114861643512326076e-26,1.476777901647677376e-32,1.540963123851900007e-32,1.057841455902282427e-29,5.780991440834902508e-32,6.922746652916864129e-28,3.099734571851925134e-22,1.049560258408904854e-28,3.396730615324325464e-23,1.510964856182411871e-32,1.521961548150301360e-23,1.355913160414077213e-28,3.929291488645598712e-28,1.621228119654908172e-27,8.140553719482075830e-31,6.442243843422130756e-29,3.073729713651535502e-29,1.036006545976657051e-28,2.017560196830284455e-28,2.673133863610930190e-33,1.150640168570298361e-27,5.603659089682007694e-31,6.317574936357542591e-29,4.621042573865523168e-32,7.274316858805039522e-29,6.843216609789259963e-27,5.523127837373031475e-32,8.545372771161976876e-30,5.796946746090008933e-33,3.995706960820831766e-01,1.449579351215451210e-31,4.777926760518558125e-25,3.989440150345475167e-01,3.560316404159857422e-31,5.280954857516285727e-28,1.579165863763564178e-26,1.822627518613904680e-29,3.596158290689797816e-31,4.792088793807996093e-31,2.837285678818706952e-22,6.057497017546106304e-29,1.585792191694092193e-28,3.760770853409324474e-32,3.319930402583781742e-30,3.062395905523252814e-27,1.909521891708928160e-30,1.238691909719581425e-30,8.021598456423774818e-32,3.072897943462147517e-29,3.459567985490170106e-33,5.830231408947617011e-28,1.644335190107615914e-28,1.381605459245263207e-29,4.488581933987504404e-25,5.938888473206824285e-29,1.002558191779809932e-27,6.122683304758701703e-29,2.576149570330888071e-28,8.439208442521478053e-29,2.938478085185896508e-25,3.721140367553938957e-26,9.090422183606581048e-29,2.620473100329073695e-31,1.735869423061135928e-30,2.349490077267443031e-32,6.885279503467522259e-28,8.062267983206885616e-31,3.766240148753800570e-25,3.673391109768308141e-29,8.179203008504947269e-34,3.831291093944790345e-31,5.487486522672514895e-27,3.157914785781504185e-25,4.306982536418412734e-29,3.320941645632338098e-28,2.036976995589792527e-29,6.226337849558284570e-29,1.737804526449867066e-30,3.157560201788804452e-31,1.785180030063644355e-30,2.311730489258504437e-24,8.911297880316315189e-32,5.917986807466148528e-33,7.655985845583280259e-29,3.591708788177548996e-30,4.826124122198521088e-29,4.605716949309644065e-32,2.855228022116087689e-26,4.952875327734351854e-25,1.028426361481076929e-30,6.948997992139378962e-32,2.383366140981557306e-32,2.247247998031237627e-25,2.166024711522796674e-33,3.580793588525388615e-26,1.041316572444514471e-29,4.168441630101437456e-26,1.467065009114672830e-29,4.901206063245665386e-29,9.828708047968334312e-30,9.805272463872187868e-31,1.313897908778133193e-25,1.604056782732426135e-32,1.565724184079323900e-27,5.310004770518333088e-28,6.230735078009413243e-29,1.334923299397781409e-29,3.199554822859982712e-25,1.429046727804307384e-29,7.141444214096723228e-29,7.789175505160759457e-32,1.036599523615164580e-26,5.071393393643830470e-34,1.254376718160220768e-27,6.516094745965064173e-32,1.286154756613545441e-31,1.152433872628746294e-29,4.768121999527648436e-28,7.563908568858519903e-29,2.845547836513560190e-28,1.493268866625654553e-29,2.229191412826897003e-24,4.987108524623567518e-34,7.796716758769561797e-34,1.178152832433790352e-27,1.592708244690137289e-27,2.699672450999020976e-27,0.000000000000000000e+00,3.271715299012553749e-28,1.155204441206294530e-24,1.530532026304998427e-30,1.708391577982850145e-28,5.073233606325301921e-26,1.086173384700572608e-28,1.156401812202621734e-26,4.531571058087756807e-34,5.747716937606289599e-29,2.656777288614572412e-32,3.081846816417688386e-22,1.036630162489658997e-25,5.536175391210091849e-29,1.246838313917750749e-31,1.797806499602002938e-31,8.117729638530356825e-31,5.415831229264642559e-28,3.806551138903492871e-30,7.627660003049374874e-29,9.946594940066947020e-28,6.705248595922334962e-32,1.270944089009712535e-24
9.835958915977572373e-28,1.086672592751541496e-25,2.186657710596544712e-31,1.138630769650334315e-25,4.861716641728484643e-31,4.377155451805247774e-24,7.214204311267985501e-22,3.007947314586542076e-28,2.564142964529069362e-21,8.495089259032459376e-30,7.274783194587626215e-24,8.655230696370646650e-27,7.530836293107057767e-29,4.183030986922950947e-25,1.661781601376579839e-26,4.204860789904071203e-26,2.658795146087215958e-27,1.388666957724083009e-27,1.538789170554400630e-28,7.556525404361445781e-30,1.364699032271971655e-23,4.314143711644985448e-26,3.036034141622312520e-23,7.935574632610501160e-24,6.488341332344263772e-24,5.204233254419781550e-23,2.165158303233505315e-23,1.076393017076951177e-28,9.545014291500916656e-26,2.191502837545962381e-26,2.345202743386938747e-25,7.538442914124569863e-29,7.180605145374191652e-22,6.116843639595574398e-26,7.358768103693174054e-29,5.826953151403824338e-31,7.309312120881176925e-26,1.283917138721473213e-25,1.422023950569410883e-25,1.914751209598099606e-22,1.409393164497117554e-28,2.680405858188756909e-29,2.939693882940812568e-26,2.050961209664887073e-30,2.214457075010468223e-30,9.375288554343561221e-28,1.215059582842294524e-17,3.842498519958180196e-26,1.262465200465455619e-28,2.275378700581523384e-27,2.028838675016151228e-23,1.317335476874972766e-30,1.058176119561463436e-25,1.255660928698281774e-26,9.684174031545880306e-26,4.679897739279474761e-22,7.328394320411795288e-24,3.131792288074592373e-29,5.065402937031873266e-24,2.519667219561810011e-27,5.948824976620305581e-23,4.559167833562349119e-31,2.021599738481310404e-26,9.530722480610192706e-30,6.664338121320473276e-24,2.031205776409673645e-27,3.299640830133042634e-29,8.940956911342164819e-22,7.490928378126721470e-24,9.045386697779383708e-28,7.662158160103313894e-31,1.004729255527816999e-28,1.970659099457811519e-21,1.357182932165470937e-26,1.191231623275731754e-28,9.520007115897531808e-26,2.452295254930108806e-26,1.272297284524790208e-21,1.158492847130686134e-27,1.042515558633113641e-25,2.724143979458644734e-24,1.552848446495417990e-28,7.693770879283518230e-24,6.518479316955580194e-18,1.627090913915723038e-27,2.245106071362710646e-28,1.045614024549108069e-25,1.903900168296215965e-25,2.416233434760523890e-26,2.409008654872956511e-23,4.848778329573009774e-24,5.642366163658060310e-31,2.833496887905286159e-26,1.486422040662087245e-26,2.475739886687484810e-19,1.534547656754466053e-26,1.021758734739660746e-21,7.982020066386395607e-26,8.410115720906895159e-24,2.364347048376957702e-17,5.481431382079906842e-20,1.364726838062823283e-26,3.058588362755796186e-26,2.512372814945093347e-29,2.719102237291128671e-25,4.077874258137756063e-26,2.451052198752611808e-30,2.912036731716330098e-26,1.075227551117264011e-23,6.846701103152501021e-24,5.362709403354116485e-27,1.803459192115405677e-31,5.902252453106303766e-23,1.059293750621577543e-21,1.300462901383792094e-26,8.313628796897078910e-24,1.254201769689525303e-25,1.627968134050845696e-28,9.398587264890815663e-24,1.454869002752065787e-25,7.484175498272190834e-30,1.553544437145392663e-25,1.486747766690552936e-25,4.459484156238089857e-17,7.678599612219538787e-31,3.864974199656849332e-08,2.379963405877636912e-28,7.983872836855976184e-27,2.172444800841317003e-27,1.216390116626161366e-26,1.063347149738839218e-25,1.104180280456346683e-23,1.002542973451632245e-17,1.933933214360594838e-30,8.982229350062557369e-26,3.546443266576847149e-31,2.243683653784870132e-22,1.317870668447629484e-27,2.974254930941723569e-26,5.983784479749489952e-25,6.407236169814587943e-24,1.445399047794266530e-27,1.966993462318108642e-29,1.446641908676396427e-25,1.472397548894104396e-30,2.288990433426351418e-21,4.278004480429978276e-26,6.097773819558707470e-27,3.939590166776388565e-19,1.028095336241256052e-25,3.652439064194800835e-19,3.219005895482615207e-29,5.681053662655591831e-30,7.807396061018559051e-21,1.160586200296355877e-31,1.051144431792051258e-21,1.265530830719644179e-17,2.363598523080736758e-29,1.671562003391086793e-27,5.914739172435206697e-26,2.482242667789634937e-20,1.068050735283055696e-25,2.110658730321442485e-19,2.183372089391080529e-25,1.145971159795860892e-31,1.632192745758180233e-31,2.098645799944812856e-26,4.016667919297316330e-22,2.501609598366603213e-26,3.271715299012553749e-28,0.000000000000000000e+00,8.841904217641405967e-29,1.292295430485594437e-25,2.134675994986978225e-26,3.565623201941649170e-26,1.456624579272369824e-26,5.307675757697819665e-20,9.272849512936894942e-32,2.193086197515399120e-29,2.062306250331310064e-30,1.366554050241195209e-28,1.251114428587450684e-25,2.515668819077295758e-29,1.373590961910517579e-21,2.253793457446208706e-23,1.014169121415544047e-23,2.793229597610886354e-26,2.355377026446267208e-28,8.579015107588863814e-27,3.847339718426351634e-26,9.485387101650655848e-24,1.035283505719301103e-28
1.902151583066597661e-30,2.721577696249229882e-26,4.002575890852333310e-34,2.765553022836594326e-25,1.318348330888415173e-33,1.377366694679635448e-29,1.402313497299283445e-29,1.811142957764055528e-30,4.989292919687235638e-32,2.462707016457900075e-31,1.186272662311172469e-29,1.997009081704275411e-29,1.243746927370920832e-25,3.112315084258396834e-30,2.680800598202942598e-26,1.797844860175313228e-27,1.696360545441954743e-32,9.174288207327218847e-30,3.997266270495979379e-01,1.594466148433101822e-31,2.494874096605267714e-29,5.038056901244293138e-28,5.222633613102632807e-32,2.008382149819244953e-29,9.637239293967917825e-26,5.572103649317695005e-29,2.230019797747776163e-24,8.511372762467967121e-30,4.383115969930049852e-26,2.065703228770760394e-31,7.906008199717670802e-32,9.890734745244830327e-26,8.180440245009089185e-27,5.630214172401035568e-28,1.125402043285312910e-25,1.537409833189900731e-33,6.052976372793515959e-23,1.941504285138851176e-31,2.212128423297819228e-27,1.036433181572328468e-26,1.331236872301904676e-29,6.145995068494634534e-32,2.521990626756896189e-26,5.813396871215613295e-33,6.653303092073229468e-33,2.176546126543985160e-30,1.721013813176024727e-32,2.570210492270007991e-28,1.505383362985194183e-25,5.000887955787730875e-29,7.304082549633038991e-24,7.273726853178036200e-33,4.281263975995963106e-23,5.521040205168652333e-29,8.687475954563697769e-29,3.902763383980901239e-28,2.256655501090227372e-31,3.541026225576130164e-29,8.467448831443348959e-30,4.646390272054295448e-29,5.971852277875033815e-29,1.179617530183279820e-33,5.221892723295445227e-28,2.924588788716915050e-31,1.791286401823791399e-29,1.297486725560093681e-32,3.858149096795138711e-29,1.573437033035096781e-27,1.537687915731475422e-32,1.587606194348814347e-30,2.505231977962379407e-33,6.491815301994727529e-25,4.233857339853341711e-32,4.943400580821935913e-25,1.717639106768458596e-24,9.714388514254739553e-32,2.424023440308353640e-28,4.210507599774950230e-27,9.015484328528927658e-30,1.069696785312930670e-31,1.278312378345615759e-31,1.327047573480902098e-25,1.800201562503205308e-29,4.008612351360753506e-29,1.153979061289617947e-32,1.427574969534133144e-30,1.286914165185581058e-27,6.316574918271494407e-31,3.080286675272438843e-31,2.196497615161823407e-32,8.764346630361209157e-30,1.446256999063784209e-33,2.633178323794384741e-28,6.558698016737924932e-29,3.459831424321993452e-30,3.468664172423618726e-25,1.524094107492028164e-29,2.363345104881771153e-28,1.888795522575083161e-29,6.503156982073715114e-29,2.598629845307044002e-29,2.838193366108805999e-25,1.937868715452716201e-26,5.569488619731990063e-29,7.933830057166719192e-32,4.856037056408822105e-31,9.514771766975578322e-33,2.516197838560433975e-28,2.406030127270180765e-31,7.965103276897144945e-26,1.418826514541774577e-29,3.228854124500604903e-34,1.020327889388590841e-31,1.281961690194315338e-27,2.497126730525604071e-25,1.198778219034307096e-29,6.772058759949052349e-29,9.153401796101122409e-30,2.018153012927521861e-29,5.549385808444313991e-31,1.371263013924953864e-31,5.467894778535471720e-31,2.093213093195458298e-24,2.567340916042102387e-32,2.808285297526847519e-33,2.263929694345076904e-29,1.767994728256691167e-30,2.073284271470450612e-29,1.471792427731156890e-32,1.680818035133153699e-26,3.077574266674948111e-25,2.582505967102358709e-31,2.017142019480170736e-32,9.550816705002979672e-33,1.391701765489244597e-25,8.982492910569454178e-34,7.379432190154949929e-27,2.234086593545341669e-30,2.538838812157925225e-26,4.309402135854091807e-30,1.543718700224297809e-29,3.794388770618550599e-30,4.634954062589770425e-31,7.546548717143087292e-26,7.322969879598697909e-33,4.496605766109957996e-28,1.142480688104920803e-28,2.985826072418861534e-29,3.575505719000315194e-30,1.663746064651160240e-25,3.845941900227405177e-30,4.015437078326074405e-29,3.318425843173713260e-32,2.545424096774153505e-27,2.008550520691148580e-34,3.449359774254247317e-28,1.947816463994604371e-32,5.834691107127483078e-32,4.642957114779601653e-30,9.478807297394395596e-29,2.188516406410534114e-29,6.193410418582160382e-29,3.493833416219989079e-30,1.440170347516613733e-24,1.968646075011940711e-34,3.006557550397894770e-34,4.847162401886566923e-28,4.064677576629391881e-28,1.259934355486215698e-27,1.155204441206294530e-24,8.841904217641405967e-29,0.000000000000000000e+00,4.917598314148466936e-31,6.804486683013629978e-29,2.907947034212007000e-26,4.339365862920510220e-29,2.560626857673564283e-27,1.833328749450518434e-34,3.698770331879358566e-29,1.192802588120023394e-32,1.594969806311701959e-25,5.286671150201261339e-26,3.402322395624979218e-29,3.443189801921108930e-32,5.022318797536319457e-32,2.020961556116082492e-31,2.348794941446555559e-28,1.792944634823236427e-30,3.685111059648035524e-29,4.557944010624952455e-28,1.672712202563233838e-32,4.005787474262758052e-01
1.410341682708879766e-29,8.483617713512597397e-28,3.710684476919697544e-33,8.716410501869177532e-28,7.509413689266632752e-33,7.737046173529368329e-18,2.161490186412150373e-25,3.466694073874727320e-30,2.993094341630338593e-29,7.939384918006236049e-32,1.404531958165137527e-22,1.506904067223849989e-28,4.710191734719279969e-31,2.329976862915332683e-24,1.195037004232044664e-28,3.869299201974321858e-28,1.798745843727410881e-26,1.615731591428333182e-29,8.382771623866144631e-31,6.805965724788441055e-32,7.241252044802541629e-22,4.584065163892379671e-28,1.509587054863672607e-29,2.883838961552061296e-21,1.597556855460632852e-26,2.618372729349820971e-22,6.408206308802313120e-26,9.887229099122319983e-31,7.109703030524678301e-28,4.092816616442414726e-30,9.169782661042405331e-30,4.053671858302482403e-31,1.726843260152436800e-25,6.348043253445703144e-28,4.826549638446261254e-31,7.571329185556154856e-33,4.897163884512453839e-28,1.343097974657937309e-29,1.491279606956032471e-27,7.762852549992280576e-26,1.144575650409311546e-30,4.352393093418142195e-31,2.514539334270240257e-28,3.215810335351192614e-32,2.987731837567612944e-32,1.491350219227999338e-30,4.094585574736996986e-29,4.332919470908182548e-28,6.499642122721280547e-31,2.231316796408337411e-29,7.064444832236421541e-26,1.900810596192641436e-32,6.514843605055996982e-28,1.647047074701034110e-28,1.295545791828547730e-28,2.894408031068629517e-26,4.516241973835000162e-27,2.037213080722202384e-31,9.694756959392985478e-23,2.510195181793282807e-29,2.183924052078019521e-22,7.148935211497471950e-33,1.957127383414754574e-28,8.230130514445026103e-32,3.495048129212085142e-18,1.172611337491449064e-26,2.130896646572001398e-31,7.216155191755441367e-26,7.940039231032535626e-29,1.369616189916353823e-30,1.082254478564848186e-32,5.362295912100124780e-31,2.914083388408824863e-29,8.491166013645335396e-29,6.623143296836046168e-31,7.425888988806245898e-30,2.829443495584970353e-28,1.763769933396406854e-25,1.406557019945703702e-29,9.179207540299520580e-30,2.572918087997784657e-29,6.387675971731340716e-31,1.319606287157637189e-21,3.761806181535917632e-26,1.044263486455019476e-26,2.494455055890308145e-30,1.093425482101954248e-27,5.666691171662183618e-07,5.611920250270621876e-30,1.013018388414930896e-28,1.069621331386236143e-22,6.917806193605998502e-33,2.850540036633998112e-28,1.803923255953458142e-28,2.534325929413942987e-27,8.630437888690719210e-29,2.391370274869913042e-25,1.500479337290483442e-28,7.528277366414145979e-22,8.104084207340429655e-26,1.175971512081728988e-26,8.233357163948617936e-29,1.970151263794728020e-28,2.168872616104888100e-31,1.084465878668738178e-29,8.767123557818059863e-30,3.038357404049502730e-32,2.937257410367388443e-28,3.772860946298284354e-27,1.686269550454811773e-26,7.566936289994429472e-29,2.693847469581620120e-33,3.588439651757393187e-29,7.120418007238363238e-26,8.140012979544073563e-29,7.760859636696283730e-23,1.468307506487936873e-28,1.301013135601834921e-30,8.425167703951735073e-22,4.320452908580302379e-13,6.436264568320388458e-32,4.408990381418372447e-13,1.087454656825209083e-27,4.850126189760923917e-29,1.218434739394602532e-32,4.423308316407337405e-26,2.813895002017944772e-30,1.114360649645908503e-28,1.529642543686382595e-26,8.850877108823854415e-29,7.221293710177851898e-28,3.145940307594053130e-27,5.679617645226672682e-29,2.091314480159016295e-32,7.071210304543846041e-28,5.655307822851691502e-33,7.762998104493522027e-26,1.998807534614225581e-30,2.239707545314056789e-28,2.586438943179308824e-24,1.456902961763401237e-21,1.951620655267719371e-29,1.818269597733170164e-31,1.049912555998035492e-27,2.110175047561403531e-32,1.016310348650047617e-22,7.338319885200101180e-29,8.887960669162491203e-29,3.018372343222768290e-27,6.440079329354786025e-28,3.243776781297769123e-27,2.001833913563976580e-31,6.723091206690382859e-32,2.458885693782813980e-25,1.741930937240227990e-33,2.057164209940682596e-22,4.047434053017339010e-29,3.820552281343523792e-31,2.344600966170864882e-29,9.339022484177650643e-29,8.147337501182180279e-27,1.147606828599304920e-28,2.439571671281981831e-27,1.203640944495066925e-27,1.786990625559104377e-33,2.589966242264651745e-33,1.841407725223610102e-28,2.925338331223016191e-26,2.363138742572674719e-28,1.530532026304998427e-30,1.292295430485594437e-25,4.917598314148466936e-31,0.000000000000000000e+00,2.517234032666531943e-28,2.308452644933262001e-28,1.792377234595183063e-28,4.007994791898944037e-25,1.600271286745247116e-33,1.851806310340232214e-31,2.437577004462730312e-32,6.111408529078435540e-31,9.748930534783864215e-28,2.117682032487745175e-31,2.085278710929126442e-29,1.626262200391461225e-29,2.692673964699600120e-27,3.062899169059202253e-28,2.760281886151734080e-30,1.216998038893367508e-28,4.200407647454273492e-28,7.494845833831870247e-29,4.997667686192221472e-31
1.177861269816516005e-23,3.427226158380909482e-24,1.401785008014925459e-27,7.033706318729301448e-25,8.921025046094490607e-26,1.148775839059028567e-26,4.698883268622968094e-27,3.487285255244006313e-24,1.046858690201771063e-29,1.358707534160586769e-27,6.698720692596180381e-27,2.350209124863926507e-22,8.294525883787686583e-29,3.727447808478586695e-27,1.084222318775447170e-25,4.038094487115282864e-24,1.470730339562753193e-29,1.597537792547620584e-23,1.586426133157965629e-28,2.152545344721544656e-27,1.030018603214754236e-26,5.659565820009898926e-23,1.153697628580922420e-29,1.691282642163467738e-26,4.892532182178869114e-25,2.767965557641004702e-26,3.315164681814204212e-24,7.555086216898714436e-27,1.769631968916205104e-24,1.820779390035210790e-29,1.059304160036814802e-29,9.234088659067714974e-29,4.069858712461273198e-25,2.443581101389718723e-22,1.228895045750177664e-28,8.209170118708740213e-24,1.246978751377574484e-25,1.767437892184726515e-29,1.009543437348414634e-22,5.284467347592341549e-25,7.365825470659411215e-27,2.040677330314617684e-24,4.153295812494227070e-25,5.789581349579046502e-23,1.881458338335906013e-21,3.888188991225128541e-29,3.879966748136794420e-30,2.330617370798695398e-22,5.506289255645796267e-29,5.691620889045840510e-25,3.105962043542521428e-24,5.565746314125079850e-25,1.915651910683963613e-25,4.531323184497326591e-21,1.824740412306806292e-27,4.968783095762008621e-26,9.136196857428527377e-29,2.031879949006996294e-28,5.467730905672914879e-27,8.559498328955235256e-25,3.091870685885311206e-26,4.273514278199317491e-26,4.294068632848760465e-24,1.423876595082738819e-27,1.131823575280280776e-26,1.334542452819721896e-29,2.133110508825509706e-28,2.116748367796444540e-25,4.898970038763738070e-30,3.184164292966546240e-29,8.790237511973748802e-23,5.634962044889081008e-29,6.887575697979145080e-30,2.953429180147560687e-26,8.055828258166092477e-29,9.847196614242023416e-30,6.805495805755378901e-23,3.385602615946681131e-25,1.420111261943938689e-23,9.695888029712384387e-30,1.731868641180448320e-29,6.843480955979776073e-29,8.972725507419994701e-27,1.097308627384526249e-26,1.085355257933718159e-29,2.563842174398539439e-24,9.312386322226539501e-23,3.036066570893377857e-28,2.051208597129112627e-29,5.888224529070721883e-30,5.630209141236037396e-27,8.874366661422582805e-24,5.823122589407080912e-23,5.487295916494286096e-21,9.536508822052822045e-28,2.948276361791289713e-26,5.023482415806285649e-27,2.763707863489754252e-27,1.037102402497247772e-26,1.800943285165504388e-26,4.431215576563482624e-27,3.263725451392983417e-26,3.364458637391134789e-25,1.795755456407048071e-28,9.053425646992976680e-30,2.854938447323256063e-29,1.856476667851841770e-24,6.019900559762924736e-23,8.263487972328687160e-29,4.710866987975927085e-25,3.652619736998853075e-20,1.374897253002883429e-27,1.607540928386640682e-29,1.589493365285045271e-25,2.947261192994557356e-26,6.780617252180080246e-27,1.650438574119676873e-27,1.134740956064124014e-26,9.650711698687898754e-27,3.321527629219609031e-28,2.613965762954463997e-27,3.458077789140749408e-28,4.729524017968043135e-25,5.559643460583759531e-30,6.600492537103110846e-23,5.429857065231936479e-27,2.255413877275617066e-24,1.548980182289675345e-20,1.222955828366475193e-29,1.204530990325862390e-25,4.624119148725516286e-25,1.133714206849448619e-28,4.912109892670974790e-30,5.664231398360756525e-26,7.267993393011259933e-25,4.713412927589598965e-26,4.933508526608576487e-25,4.044052777235841543e-29,3.647255382107492021e-25,5.166738948118745316e-27,9.727105601758360607e-27,1.562431743797673208e-19,4.020408296927017798e-27,2.592417377568121246e-24,5.584065868352739102e-25,2.056448780535677110e-25,1.606576721075604893e-27,4.491866594970971561e-21,8.905181645813399448e-28,4.316465499438697098e-25,8.226932414944716023e-28,2.020062857582748563e-28,1.096805046025288853e-25,4.126753869410267872e-25,7.579228834637121609e-28,1.618695220923562523e-25,3.965868024519086965e-30,1.607812197274119379e-24,9.838977189100318513e-20,1.566039078581043542e-27,3.792638543757140425e-27,1.667634372712977114e-27,8.992757981708435038e-28,5.274781626319340043e-25,7.206278134857264695e-28,1.094047811690529720e-27,4.948438481180431397e-24,4.510430780215257283e-26,2.640107693707873925e-24,1.708391577982850145e-28,2.134675994986978225e-26,6.804486683013629978e-29,2.517234032666531943e-28,0.000000000000000000e+00,3.340313234762362582e-25,1.615547324790138612e-11,6.159422753371382419e-25,5.288646063200267143e-28,1.762960459692732524e-28,7.491334406988813406e-26,5.669496537197878123e-29,2.812826367335165209e-24,2.389821704107189598e-28,6.913627380321670499e-30,8.482421866108985425e-30,8.774997845787127722e-29,8.955742753296429206e-23,2.028366871160452097e-24,2.638481265050901802e-20,6.187898000669956324e-23,5.996094342126592103e-30,7.823911619537489701e-29
5.608624622726616294e-27,1.040913779021158588e-19,1.081509901897126451e-30,5.558875171058186052e-18,3.498277444343927845e-30,9.776445573353686983e-27,6.001649933544814347e-27,1.247904055519333289e-26,1.702471482753588811e-29,2.265555495645234080e-27,6.738414207003972132e-27,5.180832714387115804e-26,8.127076357331253896e-26,2.729767808377715452e-27,2.489932168247363233e-18,1.491104047105758134e-23,1.155041661732691123e-29,4.522827032464024663e-26,9.146079559027258374e-26,1.603104158530483553e-27,9.381347640804460970e-27,3.669872472346488810e-24,2.245951670147414207e-29,1.557535434256057852e-26,1.031820083751030894e-23,2.685632615680676860e-26,1.451773970245160898e-22,1.165869627331606196e-25,1.936996208972598030e-19,6.133467679643355616e-29,2.506992942075601521e-29,8.933119753404082274e-26,1.434450292065644175e-24,3.187606568636291028e-24,1.304053430464109557e-25,5.778968988623811164e-30,1.618134802708105248e-22,4.424729289847996641e-29,1.523093702269407419e-23,2.493279741412031210e-24,1.659721342414250902e-25,1.743888840017430445e-28,8.400301756053467854e-15,2.005886215384857533e-29,2.524411574566323772e-29,4.980838132100355475e-28,5.121885384158288345e-30,1.750445733059977522e-24,1.061557756234424148e-26,4.035843004567814593e-25,1.713882783250901879e-22,2.516649042235781413e-29,3.915929774673707454e-22,2.477849290556283467e-25,1.649576211209338758e-26,1.200479069411314216e-25,1.181673115227259003e-28,5.845217672968457054e-21,5.579579346540784510e-27,3.579981635406639470e-25,3.141251280985082433e-26,2.965348053586928302e-30,5.319183667103116700e-24,2.627832047022455357e-27,1.037121330475030713e-26,9.639099086746213323e-30,9.244220229587273182e-21,6.231955451345540661e-25,7.191745824662690695e-30,3.459055042034201863e-28,7.845921929441837828e-30,1.737047962531081144e-26,1.160519123810541820e-29,1.418182097419790828e-22,2.974210949554451155e-26,2.446632537506759538e-29,1.405311398523149940e-24,1.035518713101379311e-24,4.016811638538000661e-26,2.371055226419023093e-29,3.203124508301312708e-29,1.556404985720646710e-26,9.317541001935578867e-27,1.536931003185802260e-26,7.503419419088564846e-30,8.338096553190703516e-27,1.008290358114967900e-23,2.576808446614551818e-28,8.115900680525821247e-29,8.606728593641365584e-30,5.667808626715913100e-27,5.079762030358542560e-30,2.016286399981744281e-24,3.239923929560764940e-25,1.566997573546183110e-27,1.276450368486017871e-22,6.173246393877412554e-27,3.163978848541936280e-26,1.026226695083762428e-26,2.485795278232161267e-26,8.545503769813559301e-27,2.398722929371083399e-22,1.381296311279084187e-08,9.657455288534020495e-22,2.205494267836783252e-29,1.045545430889546026e-28,4.119454368169871445e-29,2.379457928047541470e-24,1.009039857597343981e-28,9.674885104798817807e-24,4.493111676508019002e-26,9.416707776617034878e-31,3.035154714867862851e-29,4.288068690256047118e-25,1.880880138271592997e-22,7.639941820982374065e-27,1.082807955860691658e-26,1.377819855915022677e-25,9.483524258959818037e-27,2.931417573311978254e-28,1.475515806753826360e-27,2.933829193948064602e-28,1.075987266859996968e-20,8.890770236641589820e-30,8.111696815128374705e-30,7.619672342897908641e-27,9.683529204600122588e-27,6.236041055343075298e-26,8.926519656500701663e-30,2.395189287994597283e-18,3.867754453893527761e-18,1.642219123272606773e-28,7.316757661323480095e-30,5.825213566500777024e-29,1.036255915989317748e-17,2.351111517992791466e-30,2.155515165393695939e-24,4.471413802373177734e-28,1.124806970401836262e-14,3.764756911286612552e-27,9.014382214927198604e-27,1.568268671939549002e-26,4.014507833445557546e-27,2.722158885677949467e-18,2.770446590742883229e-29,2.519110944957688168e-25,1.920762400268532758e-26,8.602986359960042460e-26,1.417251057771633744e-27,5.333908525517505831e-18,1.444662670365836470e-27,7.473710024893731171e-21,2.140487112889362649e-28,1.162383944540333170e-24,5.720608026287996084e-31,1.619645046442740333e-25,6.162221352300273993e-30,1.471644042396345334e-28,1.586647902387308910e-26,1.587294347717874144e-26,7.508070546604532709e-27,1.179429729611065784e-26,1.602123526191834129e-27,1.259674970115903646e-20,5.944645071108907474e-31,8.360670560512242542e-31,5.370215092649898332e-24,1.161013399587539788e-25,1.594127550172391605e-23,5.073233606325301921e-26,3.565623201941649170e-26,2.907947034212007000e-26,2.308452644933262001e-28,3.340313234762362582e-25,0.000000000000000000e+00,2.018831581366264790e-25,1.373591436654381322e-24,4.131666607636485064e-31,1.130774416007002217e-21,5.895243678068215839e-29,1.142939756598657072e-26,7.823095552592108238e-19,1.901382883716779072e-21,1.115820191705854733e-29,1.874576045526926603e-29,9.962507467288443030e-29,1.614809624638787719e-24,9.516892872193104567e-27,1.136764567463351997e-25,2.933097824559158235e-24,8.018716309350713589e-30,3.620889691474239001e-26
1.241404961279363129e-23,1.905716440552030558e-24,1.595076255024284307e-27,4.217011311924805323e-25,1.324723527410912701e-25,8.202475228930162176e-27,3.303168957669831411e-27,1.392540812940337550e-24,6.711817531833904058e-30,7.532973862636046686e-28,4.450183129397756812e-27,3.023730560079983880e-22,6.018655601809601110e-29,2.579949735993517492e-27,6.974822902799900057e-26,2.068638171559486323e-24,1.035251718678810111e-29,6.043625087512912580e-24,9.042862844012245088e-29,1.010234937384455110e-27,6.890912625384533049e-27,2.607463295393848176e-23,7.904628238296739589e-30,1.184691968939512881e-26,3.304667047691264402e-25,1.877269282400924685e-26,2.139062672591828220e-24,4.352316816424072932e-27,1.156282276468963027e-24,1.229531444194533213e-29,7.064227547367543237e-30,5.749993414678230450e-29,2.986220232156444753e-25,9.409438029612936801e-23,7.241516621245426675e-29,2.156800427100035001e-23,7.981497745400117700e-26,1.193041042677751471e-29,4.642995701662783997e-23,3.210822083159268568e-25,3.807876036099087349e-27,3.107341854536103825e-24,2.276759648752856249e-25,1.592116620863672981e-22,2.343346977254647546e-21,2.565465769413229565e-29,2.459708149901133438e-30,9.153623151457317538e-23,3.760962831204571552e-29,3.022700386661690509e-25,2.056743555706467317e-24,1.506975642891316687e-25,1.126119472582247871e-25,1.249622913677755215e-21,1.218192909492272773e-27,3.464616083422751034e-26,5.890197893290922201e-29,1.209279782844797614e-28,4.317717167647597430e-27,4.713246647255295180e-25,2.096820433714512833e-26,6.348786916230530941e-26,2.130401547599716487e-24,7.055204018121164557e-28,8.622407948506119639e-27,9.562930373548734252e-30,1.323187687925502210e-28,1.387631590721815032e-25,3.171415692485674557e-30,2.094869458669287381e-29,1.743086655140388362e-22,3.601863529295454661e-29,4.635198630986048024e-30,1.826368491150004494e-26,5.393848846846134616e-29,6.785309156627572921e-30,2.911357748362343492e-23,2.338301225312669431e-25,5.187112708614012171e-24,7.172280954219414769e-30,1.153323104648550350e-29,4.237328376771002242e-29,7.083808860488427481e-27,6.634860728175145233e-27,7.263241391589332464e-30,1.049714604798182357e-24,4.663266543949142149e-23,1.951683294113935182e-28,1.445343875911481810e-29,3.983180698745917627e-30,4.269153896962078018e-27,2.386852975076077226e-23,2.602612038997279594e-23,1.365910236531210828e-21,6.290750830654721964e-28,1.731581089392675236e-26,3.601220458596349238e-27,1.734901513648361855e-27,7.619525117561494307e-27,1.141809534393490012e-26,3.058108997318412238e-27,2.048708744184916458e-26,2.041406914912454994e-25,1.128056359248294981e-28,6.681817717410323729e-30,1.815560565647760514e-29,6.019825191745802037e-25,2.531936344217196179e-23,5.097972029145089606e-29,3.266915665671416765e-25,1.068392681141818072e-19,1.544166699957256622e-27,1.076528314347476415e-29,1.017216851969494143e-25,1.782020990338430825e-26,5.309201035927797477e-27,1.061804538353422872e-27,5.603651268187581978e-27,6.175271445657507488e-27,2.484322889222950117e-28,1.165660982509433778e-27,2.344450242820800039e-28,3.274215283996982968e-25,3.943483676268625371e-30,1.441879224204899418e-22,3.484941631934313863e-27,9.118098929324138067e-25,3.897705568022695935e-20,8.355640330478930735e-30,6.221348798325231730e-26,2.815530093683929258e-25,8.328414437783938020e-29,3.209977133061275901e-30,2.091619395301718022e-26,4.746542579399316589e-25,7.160113845322095012e-26,3.327025853155510391e-25,2.643100552401984230e-29,2.145583991083996147e-25,3.880896876328008808e-27,6.577679724643691385e-27,3.338480965922675032e-19,2.007837490008710827e-27,1.480032788024554337e-24,1.478358469470102958e-25,1.532453692160380936e-25,9.717632810551015343e-28,1.392205898605768149e-21,5.473398506362697920e-28,2.611857736504072086e-25,5.431282315770942065e-28,1.195571967511386381e-28,4.156162648409774415e-26,2.948331496206689538e-25,8.165147608181382160e-28,1.046782511447190129e-25,2.749304328113563657e-30,2.437294278250092535e-24,2.477698156933348450e-19,1.156567523639350382e-27,2.474402462611316761e-27,1.057446012447480486e-27,6.897261281266406116e-28,3.010448108522215528e-25,8.218153462899986164e-28,1.213562546337849047e-27,2.716357910272318578e-24,3.235511053953712985e-26,1.341995114914242334e-24,1.086173384700572608e-28,1.456624579272369824e-26,4.339365862920510220e-29,1.792377234595183063e-28,1.615547324790138612e-11,2.018831581366264790e-25,0.000000000000000000e+00,3.921910714678582764e-25,6.086059900623540400e-28,1.184927730202376393e-28,2.640974002674908733e-26,3.597278938311667200e-29,1.703434940673061848e-24,1.477468890689092919e-28,4.311631102141456761e-30,6.362242114118091223e-30,5.426902834962876731e-29,3.766567649402645732e-23,8.672839221482896791e-25,1.230491345126601258e-20,2.553035600751960555e-23,4.150574462678283978e-30,4.669530328741693789e-29
2.158631048337779246e-26,3.210240428685020699e-24,4.494150014737376356e-30,3.482086352137702296e-24,9.322367769326061981e-30,1.852561247626104407e-23,3.742886786061936087e-22,8.263500593360226390e-27,6.368697966360646148e-23,2.160360462745796211e-28,2.545945064710774534e-23,1.723521423236249555e-25,2.179757993192041580e-27,2.473205121944193400e-24,5.069437565193112359e-25,9.356713576437639883e-25,1.243395855166271569e-26,3.044511989377621169e-26,4.974070449004915226e-27,2.254770362482121333e-28,3.542167772816127222e-23,1.154025669700441142e-24,3.746868711060068292e-22,4.021608243648948542e-23,2.972164045339816789e-22,1.410934759238346635e-22,1.092072629364354727e-21,2.986178156606444034e-27,2.631978146802793300e-24,1.850247352800369755e-23,1.615660930536856915e-21,2.402476194166734075e-27,4.221300199215659816e-19,1.694772873348501988e-24,2.242871758166739283e-27,1.416007744696613278e-29,2.060871767631940104e-24,2.469490693958988621e-22,3.374773352294150072e-24,5.835663240634766268e-20,3.712517460509794231e-27,5.168419051409196646e-28,8.181365958993594946e-25,4.695193838458609409e-29,4.977903755223003336e-29,5.862723687367614465e-26,3.118429332299377754e-24,1.009528596849707083e-24,4.090323194041214472e-27,5.309237671488265951e-26,8.319700343497455373e-22,2.849983900470083860e-29,3.294924493109689014e-24,2.945519790933402253e-25,6.079500518455008285e-24,2.380712210575239289e-18,5.787678312556985917e-24,1.071873586332762469e-27,1.969465096114853452e-23,5.721117258989641606e-26,1.676743630586091015e-22,9.309220526191327542e-30,5.645386057695138802e-25,2.375089651879772689e-28,2.239941059212844790e-23,1.016752312098317446e-26,1.135584908871724259e-27,4.859863382930126526e-18,1.194986929944545702e-24,5.538391096190462071e-26,1.624959559827773568e-29,2.790938036668986100e-27,3.971160079247730217e-23,4.304363980139181933e-25,3.926288606828395924e-27,2.717385098049460792e-22,5.652024139944909416e-25,1.645127765772823080e-18,2.643159445943609477e-26,1.813666376739601939e-22,3.513607951011319430e-21,6.811217101151768363e-27,2.578901626446302829e-23,3.648029840943331827e-20,8.151063924912347804e-27,5.890252237594629991e-27,2.617501839529092004e-24,5.399007767176257071e-25,1.632191496511324572e-23,1.930348283499273785e-24,2.066279406248198940e-23,1.270659084151601111e-29,7.607348567173813231e-25,4.002840140863441741e-25,5.861792353968915722e-21,5.378274177386102614e-25,4.629258363115002427e-22,4.061865455365501128e-24,3.055515835995592381e-23,3.498791005283747883e-20,8.759328516308389075e-20,4.409884146667680452e-25,1.077333955438404491e-24,7.245970664143327444e-28,1.146803601495667152e-21,2.412826384299913669e-23,5.232872335725335381e-29,9.402216695101525269e-25,7.000409998194020940e-24,3.209516729491726511e-22,1.180976585435641660e-25,3.887814521520191691e-30,4.537528475141511089e-22,4.962588965763585452e-18,3.856607471338298970e-25,3.051393612787838247e-23,6.795547747388213761e-24,4.938531280685588012e-27,2.983416416024446797e-23,5.155857149536793699e-25,2.380151138442745806e-28,5.741766193372680277e-25,4.482533009885742764e-24,7.635330417302776240e-24,1.617647849780465097e-29,6.682510323220980293e-21,6.230111617408453500e-27,1.862933996118696465e-25,9.463686236075494444e-27,3.984684134205611623e-25,3.696102721840376203e-24,9.291754981589104574e-24,3.457645560612417865e-24,5.298130190655751042e-29,2.762606482793809922e-24,7.364759486469842033e-30,8.134077602506872704e-20,8.326967455914918883e-26,9.887967466966464651e-25,3.881764714066192072e-24,2.415693904044460440e-23,3.684072213070606701e-26,4.513471257265415965e-28,4.747315140197249126e-24,3.173467319921882339e-29,3.829743946045395461e-21,2.233696064783537382e-24,1.154624436089388892e-25,4.085321773843697968e-21,3.998256066129093660e-24,4.239791770050462368e-21,1.173367309091143679e-27,1.600522251095585154e-28,4.237102830477270337e-11,2.485359368683756117e-30,2.090928756518783544e-21,4.167824288855268079e-24,4.470759358459968878e-28,3.540789929968605479e-26,2.730031340290129469e-24,9.133283687122068974e-20,7.104923872101915872e-24,6.420662736181904523e-21,8.708145856748880238e-24,2.521573483404621462e-30,3.376956726838517130e-30,6.288256468973385803e-25,1.926760401987020462e-18,7.063025371464265664e-25,1.156401812202621734e-26,5.307675757697819665e-20,2.560626857673564283e-27,4.007994791898944037e-25,6.159422753371382419e-25,1.373591436654381322e-24,3.921910714678582764e-25,0.000000000000000000e+00,1.737098445551923294e-30,5.789575945293347817e-28,4.937278867981123488e-29,4.759820092673437007e-27,4.101244238645496495e-24,7.501051299269299359e-28,4.817892765717085202e-23,2.923764265786660921e-22,7.233959419586132851e-24,7.370141798364447680e-25,5.923600750696195473e-27,1.794436199732323908e-25,9.284238969971225613e-25,1.805680467873261480e-24,3.765021106531858625e-27
3.183037381587592996e-19,3.813130790780967429e-30,6.023721005029029892e-15,1.402605605871916844e-30,4.048529947321482710e-31,5.750798153311743782e-32,2.432772396474342173e-32,5.171110987137079289e-31,4.874758873181450678e-35,1.104625329029639332e-33,3.193056420441633972e-32,2.785501429370244729e-20,2.424809464669525185e-34,1.733968778067099128e-32,2.114424075025978519e-31,3.763622215865230986e-30,7.998001811856434940e-35,2.428260619729247334e-30,3.563114591246478610e-34,1.075384031993455636e-33,6.180818704360608427e-32,1.954775717329235357e-29,4.256524773528598646e-35,6.954383901880648850e-32,1.556220438219184771e-30,1.555945443412676405e-31,8.553119656559052726e-30,7.811612072176361695e-33,2.523088368728886223e-30,6.243694095948810441e-35,4.889714983856542187e-35,2.068027472289649956e-34,2.222089945166168219e-30,4.730500323364493452e-29,2.895105722556951842e-34,1.023255735421869535e-31,3.451259957908753658e-31,8.003549916319733509e-35,4.602087196591378387e-29,1.772285100275981264e-30,7.566568051633695536e-33,5.455651210500319184e-29,7.122578443951842886e-31,4.135557461142951595e-31,1.378399901895424842e-31,9.450063586794669508e-35,2.074564462792231102e-35,4.535688799081453953e-29,1.798231784950673805e-34,3.952424376579514348e-31,9.626970000477251011e-30,1.237249834328368679e-32,4.386606610200130013e-31,1.083204969989059438e-28,6.077342331929367991e-33,2.057463754741475092e-31,3.677665743515927155e-34,3.084521454203309831e-34,2.612407718175531994e-32,5.937640157860504363e-31,1.493016975905448846e-31,8.217577478291050886e-31,2.942013769257365742e-30,1.035037112156547279e-33,6.697277290230904203e-32,7.394709536066193163e-35,3.282829766500754303e-34,6.713957678202296568e-31,2.242325778815435585e-35,8.462139551543808553e-35,5.321557495205077964e-32,1.657443377189708520e-34,3.729847662167897510e-35,6.447130108112475438e-32,2.376685107948179097e-34,4.576959544130329042e-35,2.046702860118229494e-29,1.456107019638836180e-30,2.119264838254412849e-30,5.294534990984948377e-35,9.257250355252435499e-35,1.587371114592324446e-34,5.227122180044786646e-32,4.471963662370431799e-32,5.770163003020053433e-35,3.771077120714262447e-31,4.130264377543994691e-29,1.798892796535452751e-33,8.271109300522357315e-35,2.974581374964953147e-35,2.665920058943931291e-32,1.037122365460976670e-31,1.484221655017108171e-29,1.024971481368088515e-28,3.828877082341471507e-33,5.844919092354228554e-32,2.673283770180414378e-32,9.497465569675419342e-33,5.522247706169227451e-32,8.369318799084728487e-32,1.925059047527136464e-32,6.476348843134291247e-32,4.490236916047701082e-31,3.919252811589566531e-34,4.446805520829674079e-35,1.138633588165468437e-34,2.834789002733764058e-32,1.472973840705754921e-29,3.652946523101426458e-34,1.479140656748417981e-30,1.397267261744376873e-27,9.493617522316721070e-16,8.213755289566451042e-35,5.598277761020694821e-31,6.574383840934739372e-32,3.501407984301049866e-32,6.318626001950010965e-33,9.206402294830070460e-33,5.078717531443964266e-32,1.905249065372745815e-33,1.248616438248562616e-33,1.816002191271451908e-33,1.094111366709453764e-30,2.785683668902116957e-35,5.909597690626728514e-32,2.541055411539471405e-32,3.530196907835140756e-31,3.630746403314172602e-27,6.543381789870300148e-35,1.860687047583567466e-31,8.439540488093107038e-31,4.892000303006515944e-34,2.384102554029198426e-35,5.081527768379397055e-33,1.460720065260600881e-30,6.408249603055922561e-31,1.785965149862836671e-30,1.109403833608968981e-34,5.488010739487187828e-31,2.316281559518537900e-32,4.754696825004050095e-32,1.422164560585345403e-28,2.878100658467632351e-33,3.243115903776213836e-30,1.325021180984149541e-32,9.791303944115847085e-31,4.675526069050793530e-33,9.135732840304414331e-29,3.579543498961896551e-33,6.752995889277242618e-31,3.771546387179850483e-33,2.865977821366827573e-34,1.226888439463664614e-32,1.497970492001377803e-30,9.939231537480980670e-16,8.202341625456188428e-31,2.088327564342923666e-35,6.063290043813235805e-29,2.005339458767601829e-28,5.722481525169093029e-33,1.677406367339038525e-32,4.909036513138606558e-33,3.999102832105710603e-33,8.806616336216490570e-31,4.028518535765032160e-01,3.985055340023322401e-01,3.069268852901690189e-30,1.884267621833933331e-31,2.445612395241577847e-30,4.531571058087756807e-34,9.272849512936894942e-32,1.833328749450518434e-34,1.600271286745247116e-33,5.288646063200267143e-28,4.131666607636485064e-31,6.086059900623540400e-28,1.737098445551923294e-30,0.000000000000000000e+00,3.963572769378663176e-34,6.410973854206905718e-33,1.504074314434068383e-34,3.584513825848875884e-30,4.917780165692214987e-34,3.230753245065962492e-35,3.830306829778807480e-35,3.555177425222533408e-34,2.129604140840876353e-29,3.373877079896131398e-31,1.946696394359895230e-28,2.069525688917082159e-29,2.701033731947272761e-35,1.701632172035129543e-34
3.818173197032065618e-30,2.308603990897047800e-23,9.151396230095952867e-34,3.394478168550970121e-16,2.789657590666375123e-33,5.961359478536984295e-30,4.496093349783828183e-30,7.339842731232770141e-30,1.304038613758195207e-32,1.737962876930453592e-30,4.009633641027662290e-30,4.520065253607913819e-29,1.306054260866518528e-28,1.268988102618822494e-30,7.710499102258702569e-19,1.166004361429530015e-26,6.896103889671769898e-33,3.405534419676809207e-29,1.020083464178792197e-28,8.372714411155088790e-31,8.541168857362624798e-30,2.089244600898272030e-27,1.351427055499846589e-32,7.179060048391238612e-30,9.876652351003768807e-27,2.231832897281259512e-29,1.200612859675091128e-25,8.043061120412519349e-29,5.131546847029243741e-23,4.458759425087574017e-32,2.018490646926003515e-32,1.043874051753394518e-28,1.686656290975987911e-27,1.939199560819645388e-27,1.661809718007685445e-28,3.046344210965627068e-33,2.868895737271304044e-25,4.197985924823727452e-32,1.086730628177877573e-26,1.720254745318768564e-27,9.529650430160013120e-29,1.436743848753507861e-31,2.610864270167169623e-21,1.609436513295866778e-32,1.824602657601902677e-32,2.746753066237630519e-31,4.929540725192159733e-33,1.261706677750555286e-27,1.627560266225541844e-29,3.130633249112197831e-28,2.007656993342064494e-25,2.178807205626873436e-32,4.669845116600740784e-25,2.051083167321755873e-28,1.170001787295560102e-29,1.036252215865824521e-28,6.227139692491171465e-32,6.322923703265099139e-24,3.170380846834362451e-30,2.985360068521288652e-28,2.022167908531748100e-29,2.410565716896772295e-33,3.574042435380497296e-27,1.838319471701355327e-30,7.587405656377463601e-30,6.064640809393860883e-33,7.504203198535007650e-24,3.206332651614180184e-28,4.377851744334052417e-33,2.250810044888860229e-31,5.954434953593795460e-33,2.513027479476015870e-29,1.163438772567750956e-32,1.798593101155644677e-25,4.048607390264512551e-29,2.249647063161315106e-32,1.143560945254541628e-27,8.411260259572925445e-28,3.146784754688723931e-29,2.654316455666621562e-32,3.502556184031139978e-32,1.413141062269327183e-29,6.830174351550135088e-30,1.177990728701717883e-29,4.722337043149840749e-33,5.606372464740586150e-30,8.116085059654087056e-27,2.262075588978987388e-31,6.022178274530072548e-32,6.106992652671711862e-33,3.215154826974404861e-30,3.315450791192488181e-33,1.094599336682022040e-27,2.019342599956284882e-28,9.465126913981096583e-31,1.493753425825835007e-25,5.169155095924407971e-30,2.860690334735727561e-29,7.182120965368582104e-30,2.110174471680240826e-29,5.626804492814505647e-30,2.788985578664359790e-25,6.643155676654977586e-22,4.005778913939077590e-01,1.843082786954540871e-32,8.311894637611277208e-32,3.131558879536800976e-32,1.251990793678778515e-27,6.242900273892617803e-32,8.711456997063003855e-27,3.394404668954818029e-29,6.898996869081991698e-34,2.727425607747222323e-32,2.682558429995204792e-28,2.816177295662034676e-25,4.529950448239528644e-30,1.136842313771358851e-29,7.784611038971863699e-29,6.707139850966935281e-30,2.059785778418591587e-31,7.704719921179512120e-31,1.956824109661339005e-31,1.621716158555937667e-23,6.757969873621867211e-33,6.449582629374502908e-33,6.066155913287295961e-30,6.168704544429897788e-30,4.222433207936486721e-29,5.846552515412964749e-33,1.668529076519210942e-18,1.740813351866622075e-20,8.531682906125855834e-32,5.180286187402899353e-33,3.599409936422941652e-32,1.128045583078807821e-16,2.281780487334944516e-33,1.613412874295138780e-27,2.726583106196520540e-31,8.421699603385203533e-22,1.791644699115748314e-30,5.363387776935794409e-30,9.481737696578492406e-30,2.914425712364831675e-30,3.890444804144574156e-22,2.274407871034320435e-32,1.510027196423036528e-28,1.396683079378783945e-29,8.844180191389461223e-29,9.340242812564543488e-31,7.712235485387574877e-21,9.865511562238406220e-31,4.668590712391921281e-24,1.206391836686340749e-31,5.875174297888312053e-28,4.344625873911810658e-34,1.252272380161388959e-28,5.086225582676720678e-33,1.270460981716760864e-31,1.269080540868044124e-29,1.552678200514342035e-29,4.996139900070190949e-30,8.523853853601773523e-30,1.098306419518799426e-30,1.224320973186827360e-23,4.128425404563354236e-34,6.440050524636631651e-34,3.680883907594436334e-27,8.952631625229397703e-29,1.135830499028564761e-26,5.747716937606289599e-29,2.193086197515399120e-29,3.698770331879358566e-29,1.851806310340232214e-31,1.762960459692732524e-28,1.130774416007002217e-21,1.184927730202376393e-28,5.789575945293347817e-28,3.963572769378663176e-34,0.000000000000000000e+00,4.015209670731195905e-32,1.343100597476332414e-29,1.750549508605706431e-22,3.998641020450696693e-01,9.265661415492108408e-33,1.206746103015331753e-32,6.379671732484226021e-32,1.055523201223221068e-27,6.969055019493599396e-30,1.075246202930486013e-28,1.947853613041395362e-27,5.536973408744360059e-33,3.416971992627347586e-29
1.057559318563459628e-28,9.287563804996836219e-28,1.661629802436266344e-32,1.400147569278603275e-28,1.470729237560189885e-31,9.202804533305336889e-31,4.254165163474980639e-31,1.277403637532059292e-22,1.084647011006508123e-33,8.021741021154557357e-31,5.560089949103425883e-31,1.248760818073142249e-27,1.447922384290553797e-32,2.849597603304067676e-31,2.118494766254038046e-29,2.155511811446155045e-27,1.286019911844290844e-33,1.124021063013282402e-21,2.463312351951361895e-32,1.565620255171523102e-30,1.022592568487150107e-30,3.973917195925650365e-25,1.126908631534026907e-33,1.248382239253092078e-30,6.824053477926181869e-29,2.529875275054228675e-30,4.233020024011987800e-28,2.926622510853050600e-30,4.757087855172757851e-28,1.930405314432954856e-33,1.126869457361924842e-33,1.618455035774117922e-32,5.586142179192232690e-29,2.136808655972947360e-22,2.105031199288360040e-32,3.403636085294612863e-31,2.333783221227218544e-29,2.029859134964761376e-33,2.548331496442363053e-25,5.745076075483764858e-29,2.779114187996795779e-30,5.731102452465635232e-30,1.007579222947888468e-28,1.513182775413165228e-30,2.903039328473950828e-30,4.328043220018586177e-33,3.718875366646638702e-34,8.612013693037612599e-22,8.558810827941361054e-33,4.349976828280561462e-28,4.359570500901349790e-28,2.739225216765741942e-29,3.287333494916336664e-29,4.097163740476174430e-25,2.244337280047212923e-31,5.613316313724964764e-30,7.752245606260437809e-33,3.777659708743351738e-32,4.483172474874606483e-31,9.108907169911833144e-28,2.637077691399286527e-30,1.082290618396057367e-31,2.684980862383084165e-27,8.250213416201665729e-31,9.899615277141797807e-31,1.053695717287396724e-33,3.984204446037796892e-32,2.122788836195749999e-29,4.143813540490940283e-34,3.924891392694106154e-33,9.275834852385960440e-31,9.834121291418607263e-33,7.893031300801184398e-34,5.356986220745350937e-30,1.318080785716611292e-32,1.119806317722783585e-33,1.800731106378407915e-24,3.953614177320480267e-29,5.755984746479213830e-22,1.217811630204492428e-33,1.959159445651109402e-33,9.257688576178162594e-33,8.573730464620586867e-31,1.009997795895076898e-30,8.787370424480028128e-34,7.312207246494640554e-23,3.801484234327971907e-25,2.929089036745819731e-32,2.359332787793781579e-33,5.680397636705797850e-34,4.520680047906307107e-31,3.410543466357179273e-31,7.900292223568083987e-25,6.947076743211440043e-25,8.516566494285538521e-32,4.661336128604867067e-30,4.872728838099727457e-31,3.482124726502673172e-31,9.351263681710674648e-31,1.761169406574854041e-30,4.393887561732294018e-31,5.518135220121008202e-30,6.333644359587451609e-29,3.890279645723452250e-32,9.764165274833288960e-34,3.348347533357468302e-33,3.922826500486132207e-29,6.578104385958591201e-25,7.571565519209153561e-33,6.312626812642391105e-29,2.744863641681083514e-27,1.414039903733882215e-32,1.839691215040322810e-33,1.665577969827309817e-29,5.485526698715583717e-30,5.519060295247527610e-31,2.132718281245338199e-31,4.385211547075415819e-30,8.280636700116972549e-31,2.984125411638480288e-32,2.034435275256150363e-30,2.930729697545267540e-32,9.086569755843453622e-29,5.524966337502513188e-34,8.355920301436790131e-31,5.448035224008931661e-31,5.165752512194375711e-23,3.187060619088112675e-27,1.031155610821600879e-33,2.284772264483077296e-29,7.749638330282711325e-29,9.390661582893919590e-33,4.620291326790292618e-34,4.013077581650909553e-01,1.482135984367332322e-28,1.003913808876601341e-31,5.371646256564990156e-29,4.960025234174610217e-33,7.722713243435711562e-29,3.913650250056172843e-31,8.013838592003541289e-31,1.379291336148651515e-27,2.756472498724320237e-30,5.442008217332216366e-28,2.919234890506146906e-29,1.769527137588013863e-29,1.994894131752571106e-31,6.939545878574894696e-26,8.570182417872812570e-32,7.113002679709725867e-29,8.059225981518635141e-32,3.627671871129730108e-32,3.993072788136431961e-01,3.657616559855705725e-29,8.586014131744293673e-33,1.501882632763832779e-29,4.152355791573372423e-34,4.877760047823118215e-30,1.466754108034636732e-27,2.106981433516927532e-31,3.649926050557176967e-31,1.957855572370090282e-31,8.456850947529942002e-32,8.255309740245774885e-29,7.978915914723992498e-33,1.250173404769370075e-32,3.121148463169537102e-27,4.842288226475179880e-30,1.165075734084081608e-27,2.656777288614572412e-32,2.062306250331310064e-30,1.192802588120023394e-32,2.437577004462730312e-32,7.491334406988813406e-26,5.895243678068215839e-29,2.640974002674908733e-26,4.937278867981123488e-29,6.410973854206905718e-33,4.015209670731195905e-32,0.000000000000000000e+00,8.973672144006408458e-33,6.875631539205977470e-28,5.225141347739308403e-32,6.882882069866584581e-34,8.489178894237889883e-34,7.745985986662774181e-33,3.493877167775325976e-24,4.906970249208338814e-23,6.294406052740909779e-26,4.560493644713453180e-25,5.482849056052533007e-34,1.144107444583805080e-32
1.633934872838183249e-30,1.244667892063116877e-26,3.662104715668941541e-34,9.438424262394780269e-26,9.957950254114884855e-34,2.131478618225630880e-29,2.124441948918882690e-29,1.454449622019227737e-30,8.527021195760198114e-32,1.637507379984966318e-31,1.636360924828994319e-29,1.604144876897539151e-29,9.086113760240592377e-27,4.221334924664587861e-30,1.038592032460349240e-26,1.038505936951611670e-27,2.182677427829914411e-32,6.780446210104163896e-30,8.126004289852506321e-26,1.010284105781960613e-31,3.283314463830406609e-29,3.389011299494405899e-28,9.622538184630800817e-32,2.867180923590414674e-29,2.244896837409340015e-25,8.470887330514361054e-29,5.942445777786291800e-24,4.479821561214643536e-30,1.736355597786003489e-26,4.399383226817315246e-31,1.295279933001897671e-31,6.900072655171414410e-27,1.236638690785122224e-26,3.698772404984855868e-28,5.791471846963998257e-27,1.146764692697791837e-33,3.882263692161403511e-24,3.114407065562738835e-31,1.437993401782960788e-27,2.116598489127132525e-26,6.066005592297305613e-30,4.912888215070111860e-32,1.007833035304626006e-26,4.882402965743308716e-33,5.242950637392747809e-33,5.261272949867846326e-30,2.553383875415010996e-32,2.237300416105670202e-28,3.999550493868190837e-01,3.304399275294945988e-29,1.754516864158305914e-23,4.826028351838156125e-33,2.746930509971695938e-24,4.519040793429785206e-29,1.993415710192251733e-28,7.725267798383817673e-28,3.476705894755953033e-31,1.644811616621654615e-29,1.248223357324136550e-29,3.034695869905071575e-29,8.648954773477258015e-29,9.006891561293256901e-34,3.716042941355496385e-28,1.827770831237247104e-31,2.595050131727836010e-29,1.851968624822290074e-32,1.720571244218581037e-29,3.012798363735144429e-27,2.215723909001542153e-32,4.419425415949972304e-30,1.992375324814682839e-33,1.930166398498680718e-23,6.419467082514238203e-32,1.019487801120442943e-25,1.231066309753629973e-23,1.517603171763391820e-31,1.777445772975103213e-28,7.113003261758718376e-27,6.137571258284576665e-30,1.710444475031410322e-31,2.236351673451389220e-31,4.000343911096037597e-01,2.442086847204786834e-29,7.118564429041585518e-29,1.501305397268142001e-32,1.078267738375365322e-30,9.516900611774153337e-28,7.899442499464588738e-31,5.764102098390280787e-31,3.247311462680459496e-32,1.234715998079558598e-29,1.159139496392417902e-33,1.806418470492942518e-28,5.387199449882927060e-29,6.067465513745306353e-30,1.049219452141647122e-25,2.490472250779688846e-29,5.405111847867398900e-28,2.633681919166975697e-29,1.151047119001333059e-28,3.607288099636144812e-29,6.648257996795567802e-26,8.904160072541379951e-27,2.127332653899128038e-29,1.169109101082587092e-31,7.773727443695403116e-31,7.853186195534697010e-33,2.089192349367426111e-28,3.474582532482198089e-31,2.018822627049070646e-25,1.135273078027375891e-29,2.802899434539596686e-34,1.707983769199276392e-31,2.593768629357422173e-27,7.182109919224764799e-26,1.689951593318781260e-29,1.790329966409520675e-28,5.993825098607865849e-30,2.569673816238227960e-29,6.885746228292763574e-31,9.477349348000156256e-32,6.991402929386030683e-31,5.059261153509314326e-25,3.858085702540379832e-32,2.004108298314174051e-33,3.483566666877422206e-29,1.192392649317099843e-30,1.632850091145896310e-29,1.870881888010260589e-32,6.984093594246847388e-27,1.143828850673175293e-25,4.380912358602088132e-31,2.938390801430945718e-32,7.577506013849392046e-33,5.408523751360551218e-26,7.618039758136972694e-34,1.695432348423554862e-26,5.312824245559816416e-30,9.923872690195641573e-27,6.184747596540375644e-30,1.990505856915849700e-29,3.318453876358354410e-30,3.002586971178646726e-31,3.583130809740688732e-26,5.293864749312911448e-33,6.853958808715119908e-28,2.776125226997388597e-28,2.005273338700384931e-29,6.264774553414851486e-30,8.240444730774312546e-26,5.886083937242932241e-30,1.700160971048544924e-29,2.512512279300097393e-32,4.332832910122457630e-27,1.814886278006844115e-34,5.514803380374800411e-28,2.756536945651381902e-32,4.771753170469473344e-32,3.880789367827014429e-30,2.570212129136328602e-28,3.257766657085497279e-29,1.544120798593715396e-28,6.629705363653634123e-30,5.234697694611407621e-25,1.722400364320097965e-34,2.599214774641661757e-34,3.753507494608310535e-28,7.210031115928144539e-28,8.134790163598242108e-28,3.081846816417688386e-22,1.366554050241195209e-28,1.594969806311701959e-25,6.111408529078435540e-31,5.669496537197878123e-29,1.142939756598657072e-26,3.597278938311667200e-29,4.759820092673437007e-27,1.504074314434068383e-34,1.343100597476332414e-29,8.973672144006408458e-33,0.000000000000000000e+00,2.563586359972134997e-26,1.330589195770211279e-29,5.616142829859099739e-32,7.707884601016869400e-32,3.523072744283543206e-31,1.835803895722452484e-28,1.218714506793132689e-30,2.764061196783104475e-29,3.064904136153291380e-28,3.007030542481736555e-32,1.821053315793341356e-25
4.483514055929753621e-26,3.319748370805088319e-16,9.800327121547184279e-30,4.026758124781334200e-19,2.762574283174395904e-29,4.087171305187937116e-26,2.531693864498232372e-26,1.380108080373609470e-25,7.566474673580970863e-29,4.114209532717183472e-26,2.522527816730182595e-26,4.389576414106095802e-25,1.747901627153261894e-25,9.837601765389685022e-27,1.070145697736980491e-19,2.419750552465592543e-22,4.569182047689195622e-29,5.274967216710985427e-25,1.587536227958825930e-25,2.041378613013636768e-26,4.627169953112609584e-26,4.008067495710102942e-23,8.844502528564661254e-29,5.338262908745824260e-26,3.392488543324201565e-23,1.277118076594345631e-25,3.922607738129800522e-22,1.641932826082385337e-24,3.485351188491211426e-16,2.549805368013998250e-28,9.906703209579515775e-29,1.715512537086346378e-25,5.989467713198179089e-24,3.568656498949002157e-23,2.396578830232712620e-25,3.858420051607713680e-29,3.732515612432218974e-22,1.795842814612621549e-28,2.144559922020647407e-22,8.225004480522777110e-24,1.917099211374669715e-24,1.409117822038318124e-27,2.487577386663634571e-18,1.936009020573499797e-28,2.248561310032956385e-28,1.319738853646281100e-27,2.421400993736588815e-29,2.593441768269583569e-23,2.813505706179028931e-26,6.592832066755334352e-24,4.990734108937440849e-22,2.488694351145847354e-28,6.498923346882632169e-22,2.958562564594402719e-24,5.043087851072427041e-26,5.473146594738351530e-25,4.094264435864550276e-28,2.137380508239702315e-22,2.150872057681792769e-26,6.006118558322987426e-24,1.276579394359687944e-25,2.392549961813210284e-29,9.365508013094661041e-23,4.542840448182723752e-26,4.657438624992246938e-26,4.085999534280384638e-29,2.595509877269087760e-22,1.996155422432475365e-24,2.452925344164132876e-29,1.161451434913372933e-27,6.926204083709329543e-29,3.914396471521439005e-26,5.493816140472083251e-29,2.386428214871412721e-22,6.374977055150964146e-26,9.973266166784392322e-29,2.086096096235134225e-23,3.692051310868188476e-24,4.768505905658530725e-25,1.131624858195343776e-28,1.696746566718932565e-28,3.200238435398477334e-26,3.907773951026001437e-26,7.529757809917342954e-26,3.191839049967715964e-29,9.526369390447278557e-26,1.684298616190360156e-22,1.135118479221337627e-27,2.941777285091365891e-28,3.340340499608480304e-29,2.174342892902825415e-26,4.138278207825855646e-29,2.161907433409099401e-23,3.380545626021463468e-24,6.005090280792066657e-27,2.268461625530479696e-22,2.956141824503695024e-26,9.863048179878669182e-26,4.329831435347396109e-26,1.283768854825513246e-25,2.783640021400973893e-26,3.609648916729929969e-22,1.506071645229344334e-18,1.182091487327776726e-22,8.209603402598161888e-29,3.516110074555527444e-28,4.230496449753354143e-28,2.987688551905012015e-23,3.907336753369673503e-28,3.018844533746989268e-23,3.805882031961543188e-25,7.382833262835839925e-30,1.330131107193379299e-28,1.539888103350224380e-24,3.820977408223542611e-22,2.807381063534077631e-26,4.752887523583743082e-26,2.039382779350002615e-24,3.638338219309041582e-26,1.231076332472797863e-27,2.107519094653173930e-26,1.132261193647906187e-27,1.424946029632969958e-20,3.463639584181396183e-29,6.661872840310722073e-29,3.341007925224654956e-26,9.724189101366056056e-26,4.772351828549441943e-25,3.556916557498817949e-29,1.528890924466703401e-19,1.385171448078925650e-19,5.577914389729220274e-28,2.817268112140974714e-29,6.448328078180120369e-28,7.667998750402087933e-19,2.368722125978249898e-29,8.231016774274511066e-24,1.199226574333739474e-27,1.829793520074244929e-18,1.409803823934653893e-26,3.413161919087749316e-26,1.372768605253591337e-25,6.485087227144884625e-26,2.646953728818166852e-10,2.611111925481384696e-28,9.468767811574571927e-25,5.798645292788867056e-26,9.290554764592690928e-25,5.874575488605778666e-27,1.965573950455659164e-19,5.246364095153045110e-27,2.069635110531348255e-22,2.162132957015297055e-27,3.322421864646923588e-24,5.114735372728152938e-30,8.145407751543505309e-25,2.542764786199675616e-29,1.219443613876498541e-27,1.462553022817876660e-25,6.265079955752814372e-26,2.618548954354152579e-26,4.176724702085001690e-26,6.874406199201610419e-27,1.602091277288066391e-20,4.356646071363561650e-30,6.464503838639630912e-30,1.036536901964198104e-22,4.533925642388429659e-25,2.825367492491927492e-22,1.036630162489658997e-25,1.251114428587450684e-25,5.286671150201261339e-26,9.748930534783864215e-28,2.812826367335165209e-24,7.823095552592108238e-19,1.703434940673061848e-24,4.101244238645496495e-24,3.584513825848875884e-30,1.750549508605706431e-22,6.875631539205977470e-28,2.563586359972134997e-26,0.000000000000000000e+00,2.796930490224821617e-22,4.852474198469332464e-29,6.387625686219341198e-29,4.428867122768122334e-28,2.043462065465876904e-23,1.116502579170857950e-25,1.230213120444502167e-24,3.797300237828238662e-23,3.569992383186502853e-29,6.126357377345722696e-26
4.830175062151306802e-30,3.639907747604449041e-23,1.171910185122657854e-33,5.078366836400535862e-16,3.391630909126708994e-33,7.163371521264210314e-30,5.391341904018455341e-30,9.534951061482688376e-30,1.613748589115809169e-32,2.237536235554849778e-30,4.978447986880407197e-30,5.858490066909351744e-29,1.167796985206554392e-28,1.581399808758033836e-30,1.590119069807010135e-18,1.392314925294717063e-26,8.479791915644640574e-33,4.063063447399941994e-29,9.605779605007980193e-29,1.110885913506850752e-30,1.011886269479988684e-29,2.661740950283969728e-27,1.671463310170866619e-32,8.849816218464062365e-30,1.053449668393098082e-26,2.657296281431539098e-29,1.390434803727607930e-25,9.915132160785331772e-29,7.525704577324188436e-23,4.798777218368362467e-32,2.364813042163900678e-32,9.355346192704942846e-29,1.688965655192552716e-27,2.490177594297976434e-27,1.538695829851459809e-28,4.000638905007966756e-33,2.690330327492241427e-25,4.371351792975416650e-32,1.275668704938465055e-26,2.114457199500023456e-27,1.202139168508317627e-28,1.746267115652591497e-31,4.366058882241760249e-21,2.125144663642983952e-32,2.287116646035403673e-32,3.040081710217198430e-31,5.956879653917771246e-33,1.726439319627159633e-27,1.580233928108922417e-29,3.742252690510811697e-28,2.164145513899924932e-25,2.658895546259192390e-32,4.480374984392720033e-25,2.592135542848087605e-28,1.323538073307623481e-29,1.167398679840378097e-28,7.274519492086452361e-32,9.768246899640570001e-24,3.803091964540905104e-30,3.415297835911633106e-28,2.537869552575402247e-29,3.172237198391876624e-33,4.934413893526435950e-27,2.418545801543618256e-30,8.760538662381851775e-30,7.441554995735518109e-33,1.146382283625128583e-23,3.923144779298467934e-28,5.378473296850292540e-33,2.645652687888606754e-31,7.226760970366016570e-33,2.362039534935310479e-29,1.333121477966759344e-32,1.680523997025823006e-25,3.799102760868032615e-29,2.487465815606264629e-32,1.440719527328495549e-27,8.402867480279563887e-28,4.010498185670165216e-29,2.919229449615054011e-32,4.017473515956424406e-32,1.528277045538882482e-29,7.900414496231495270e-30,1.477262989607942835e-29,5.798473193740926545e-33,6.979930526405574370e-30,1.029641367619135382e-26,2.393046216507761834e-31,7.438114585936419979e-32,7.654122219685601776e-33,3.886318495302490955e-30,3.925259976602425125e-33,1.377650835864428076e-27,2.727798683657143630e-28,1.196734924296083153e-30,1.435928164981532959e-25,6.012694004960256930e-30,3.245442180957066297e-29,8.335423596278405017e-30,2.741746491191223011e-29,6.146567892739113052e-30,2.643643758142487938e-25,1.171465011981953493e-21,3.995573131607466633e-01,2.056146942119026157e-32,9.597164533381970512e-32,3.577525299458571074e-32,1.731836497698601411e-27,7.794672720262503032e-32,9.106002628759092299e-27,4.336440530756833313e-29,8.700884171124643452e-34,2.991731050615927203e-32,3.165650348247188769e-28,2.813382906363854986e-25,5.419068222111800229e-30,1.277837010358741807e-29,1.053194685198469058e-28,8.162725002448677723e-30,2.327818558300153123e-31,1.005115693269379373e-30,2.231955468986269594e-31,1.572994846886375660e-23,7.731089293888080668e-33,7.887810865219898735e-33,7.580281397578137717e-30,7.465652548759132143e-30,5.356827950799434452e-29,6.528048856742376391e-33,3.279301539896482732e-18,2.262562206237085618e-20,1.009376667006649514e-31,6.388386257435120714e-33,4.434225518963643443e-32,1.999052999650718635e-16,2.719140249080697784e-33,1.796775883762855642e-27,3.045969943692342328e-31,1.437482065043824374e-21,2.160686872081452105e-30,6.919840666521247460e-30,1.290558957406204411e-29,3.520490785222534971e-30,6.386589549885330800e-22,2.851825029794154090e-32,1.755605289380505804e-28,1.507891837491184157e-29,1.062553764787923630e-28,1.127710959972951601e-30,1.073674189135737008e-20,1.128654879248675594e-30,7.383825306081394968e-24,1.659342408588892655e-31,7.143391744106422709e-28,5.618605043937619069e-34,1.608338648643746021e-28,5.945937959912185016e-33,1.531903116041976263e-31,1.558342345562695521e-29,1.614312200190911748e-29,5.942473280973730430e-30,1.000378626095100684e-29,1.263645047528074085e-30,1.366138308497329201e-23,5.231695205492509681e-34,7.509733250750672852e-34,4.817790157481314542e-27,9.675914222255824637e-29,1.593451629862016779e-26,5.536175391210091849e-29,2.515668819077295758e-29,3.402322395624979218e-29,2.117682032487745175e-31,2.389821704107189598e-28,1.901382883716779072e-21,1.477468890689092919e-28,7.501051299269299359e-28,4.917780165692214987e-34,3.998641020450696693e-01,5.225141347739308403e-32,1.330589195770211279e-29,2.796930490224821617e-22,0.000000000000000000e+00,1.104183558575015293e-32,1.400320904416610329e-32,8.032778751653597546e-32,1.354227650315409315e-27,8.217563796511844448e-30,1.267291534779046256e-28,2.511635154242558790e-27,6.739192875644518632e-33,3.346393574021585309e-29
3.076489825011369494e-31,3.762692500707578969e-29,7.345457222913698929e-35,4.737541973514335613e-29,1.529258898221445564e-34,6.331603424529047197e-28,5.451460547119381337e-26,1.004652898536489223e-31,3.990698594334073368e-01,2.949507530523119319e-33,1.053498999571878120e-27,3.102208653714509666e-30,2.993865160220727472e-32,6.210102768463303697e-29,6.387908414849118520e-30,1.421175876679552302e-29,4.180356107303830413e-31,4.490985977444499923e-31,5.659594511052872985e-32,2.312954142439021931e-33,2.248794638696444942e-27,1.394489089450266666e-29,8.514159930156962861e-26,9.956002075138757204e-28,2.979899827781635739e-27,8.817313758422257064e-27,9.376494067716851874e-27,3.808526704715514047e-32,3.014199920964217178e-29,1.546326808616693360e-29,2.329208598910433953e-28,2.667645935816468589e-32,5.290290293113645356e-25,2.043590053216384118e-29,2.964722544388398423e-32,1.618638364060472716e-34,3.168957110536652257e-29,1.007684537897910171e-28,4.867333820661119552e-29,1.164545330560653937e-25,4.434455922017913959e-32,8.665453090861858737e-33,1.191037702000914895e-29,7.648013342315527674e-34,7.113048309522421395e-34,3.401234559215478647e-31,9.557208280591164670e-27,1.394311957360148596e-29,6.116527714470662293e-32,7.467206144776073170e-31,9.538401572417261219e-27,4.642997970831467787e-34,3.965304066753990178e-29,4.428929285698370293e-30,4.659078402642484543e-29,3.859436881815339123e-25,4.905904854460731790e-28,1.185258186909742207e-32,6.626201931517279870e-28,8.315896910705202532e-31,8.276313655675493380e-27,1.502561937013727192e-34,7.603263557300993669e-30,3.128085405245937067e-33,9.857156276013535069e-28,3.250454242712614304e-31,1.155129895899850673e-32,5.443069802393049137e-25,3.788731748376156271e-28,3.687375975615160949e-31,2.569259310622955855e-34,4.119845989424164114e-32,4.020721051714145622e-01,5.074715620820201939e-30,5.065498367464750645e-32,8.471573816741580659e-29,9.215777652776121430e-30,8.442153233228261446e-25,3.995212417503374437e-31,9.605510356759135997e-29,3.680711067596376450e-27,6.269460608021861551e-32,1.140001751836696300e-27,1.870581598090886983e-18,2.599539331117001307e-31,7.240268497913679741e-32,3.651871302668428326e-29,2.931952739073183236e-29,1.844929048895642221e-29,1.013103983221731960e-27,6.704167173296005736e-28,1.590479845723691415e-34,8.550269355913098833e-30,5.002574688634979392e-30,1.454376663612888518e-17,5.996524618256565514e-30,8.528316729771187846e-26,4.027931235069145198e-29,1.224058733294173308e-27,6.378687226075154780e-19,1.274899762923035075e-22,4.940668370671348295e-30,1.027616697888253750e-29,1.156743808890527502e-32,2.451484219319980131e-28,2.631220597189589864e-29,7.388066072277690426e-34,9.947754968976199322e-30,7.931594089256498962e-28,2.860327946924097751e-27,1.686954463004258498e-30,5.552330262389313245e-35,1.900849672462748283e-25,6.795687376343981955e-25,5.420681501184076416e-30,1.145053323570575339e-27,6.944226272539840300e-29,5.544147879201951854e-32,1.502122505554067855e-27,2.110958919198665408e-29,2.542838900432795538e-33,2.159744740105934787e-29,5.650525621021574722e-29,2.236163918642331912e-26,2.654568763991590007e-34,2.742256517091883911e-23,7.492196116880570857e-32,2.463353146992285348e-30,3.123021248532044686e-31,5.049389434766963796e-30,4.013639855473317861e-29,7.610026136686138914e-28,6.644733999316326450e-27,5.962225453805428887e-34,3.500891736958220764e-29,1.253116473838710608e-34,1.599431346185101382e-25,5.311240618798057727e-31,1.046460929428270792e-29,8.300065443172197182e-29,9.423518829418291389e-28,4.620554607597858227e-31,6.510670358501927685e-33,5.327460704502520278e-29,5.230817349225446693e-34,2.181270096868624173e-25,1.861218349365142232e-29,2.167147301155128404e-30,1.888098534002797869e-17,3.900708567272262539e-29,2.897502917107169643e-17,1.101453363862866934e-32,1.962083544873586980e-33,6.119840763012218509e-24,3.758064318358225276e-35,1.501827139768574706e-25,1.124462235571725791e-26,7.467228439562107941e-33,5.450146284467835823e-31,2.669282856575040369e-29,6.187589319336055750e-23,4.917413497809585354e-29,1.702500790158306842e-17,8.313887885357386374e-29,3.541508443251088424e-35,5.243501869274698462e-35,7.534003086781364420e-30,2.995796604171868264e-25,9.895252738406248937e-30,1.246838313917750749e-31,1.373590961910517579e-21,3.443189801921108930e-32,2.085278710929126442e-29,6.913627380321670499e-30,1.115820191705854733e-29,4.311631102141456761e-30,4.817892765717085202e-23,3.230753245065962492e-35,9.265661415492108408e-33,6.882882069866584581e-34,5.616142829859099739e-32,4.852474198469332464e-29,1.104183558575015293e-32,0.000000000000000000e+00,6.165408378704640435e-26,8.013440090755009542e-28,9.449840023149288134e-30,7.830490591334316933e-32,2.906049870779323621e-30,1.335685924750681134e-29,5.671263172964369947e-28,3.782457557013384691e-32
3.616906371706834460e-31,5.123080163620364598e-29,8.869993108982885043e-35,6.335917277620822520e-29,2.041793863562169296e-34,5.235598915087297078e-28,2.423120330279079792e-26,1.353087188082415799e-31,6.976570872504959583e-26,3.794910904421654033e-33,8.743108117718055482e-28,3.809614397384812217e-30,4.566042294203239733e-32,6.248088971313491010e-29,9.139478672667562964e-30,1.724649703111560331e-29,3.535349275905929435e-31,5.227649960537181836e-31,8.013749917435678361e-32,3.293516286388622670e-33,1.573815207049109715e-27,2.016812254347381955e-29,4.022968126239180875e-01,9.225179504041844542e-28,4.768222032780930527e-27,5.669074550815933404e-27,1.456680076777978128e-26,5.658950076364737801e-32,4.563865590609532119e-29,5.058557094409003280e-29,9.409997087061936924e-28,3.911376857081205708e-32,1.846204353014888597e-24,2.703018118996125621e-29,4.232508133609574265e-32,2.362888592916893031e-34,4.357940482164176487e-29,3.721068464892733355e-28,6.450544219609179491e-29,3.114622712083584693e-25,6.592490309858523763e-32,1.137117430861284710e-32,1.521810077741625760e-29,9.041422542744847364e-34,9.342617405939019579e-34,6.470023604063179950e-31,9.653328645093507356e-28,1.668990688018841184e-29,7.789259554228604728e-32,1.032923431868032404e-30,1.351208245386372852e-26,6.124476473471913814e-34,5.878276233517742630e-29,5.301995125163045037e-30,8.038981509964980605e-29,1.375818492739039021e-24,2.569422336246657790e-28,1.540618094024007567e-32,5.745567619008974826e-28,1.129686322595603488e-30,6.162705667729881291e-27,1.892159754526091366e-34,9.356949148981081899e-30,4.139042317011647534e-33,8.762934682879552089e-28,2.907410287983379502e-31,1.749887304103063680e-32,2.435095675794912790e-24,1.195609813503409357e-28,5.978294104847775052e-31,3.196871965584116457e-34,5.479208496102581320e-32,6.392305105274387171e-26,7.407812694459827111e-30,7.047317446031469954e-32,3.259091557770160242e-28,1.129488247623160992e-29,3.203789542410049854e-24,5.133895236273971799e-31,3.329359186018023888e-28,1.061567484094457879e-26,9.169571893185859977e-32,9.963747030901866872e-28,2.500516537162729268e-23,2.254555128775387016e-31,1.015006809497512513e-31,4.690509950589651227e-29,2.096362163247924885e-29,6.437147755466026801e-29,2.586511769882532918e-28,5.689944726832723649e-28,2.242576565664440217e-34,1.280213562664849197e-29,6.026896346595861913e-30,4.571741293063501998e-24,7.684022903692524664e-30,3.529077587254759152e-26,6.199922809920682521e-29,1.065477304770041841e-27,2.104216143218772078e-23,6.549161022778192113e-17,7.004219809150671106e-30,1.561463126648956513e-29,1.453323495517753576e-32,1.001572504717258124e-27,8.687781709258876039e-29,9.996714460406336864e-34,1.316391727815347592e-29,3.620399720142310382e-28,4.809450907409595257e-27,2.209005296292082134e-30,7.027944019408474542e-35,3.988939876202020618e-01,2.655666104898803551e-24,6.958545673070564632e-30,1.083394375889362595e-27,1.017899127912233956e-28,6.996402550971133520e-32,1.073342145972859064e-27,1.899018857141870280e-29,3.293449972134027650e-33,1.762963428525412916e-29,8.714999816710110165e-29,2.468659049388829503e-27,3.484406001270589416e-34,1.935267749580267310e-24,1.162970912761549901e-31,3.195766436292395214e-30,2.720393084872646879e-31,6.170173823743653194e-30,5.831325898427039574e-29,4.215783779875372735e-28,7.493087922872477373e-28,7.871381505537179148e-34,5.170918122143326512e-29,1.451234297674982581e-34,4.413260524633131654e-25,9.527329547977610298e-31,1.630755829910693181e-29,8.418029630233595644e-29,7.589253658200635094e-28,5.999092313784685037e-31,8.146212359092066182e-33,6.987106848143353439e-29,7.127317448748493846e-34,1.468092864484485173e-25,2.883937464097277273e-29,2.720169048943331752e-30,3.265271537718515576e-24,5.403367130362609256e-29,4.276841497294527490e-24,1.588002417455755040e-32,2.614108515011171940e-33,3.774919399858114682e-23,4.456163533887092142e-35,8.069426253147467135e-26,1.252008342332334620e-27,9.988669573482843858e-33,6.672281700514472126e-31,4.063846139121023475e-29,7.296048879743820433e-17,7.772413094501659475e-29,6.063746726072813621e-24,1.112182013757569389e-28,4.711506424749331952e-35,6.742168752517850069e-35,9.348631367003056476e-30,1.272554407127262472e-24,1.249210424301918127e-29,1.797806499602002938e-31,2.253793457446208706e-23,5.022318797536319457e-32,1.626262200391461225e-29,8.482421866108985425e-30,1.874576045526926603e-29,6.362242114118091223e-30,2.923764265786660921e-22,3.830306829778807480e-35,1.206746103015331753e-32,8.489178894237889883e-34,7.707884601016869400e-32,6.387625686219341198e-29,1.400320904416610329e-32,6.165408378704640435e-26,0.000000000000000000e+00,3.459366810575392052e-28,1.218522740654607575e-29,1.060667652368370367e-31,3.677371600693244759e-30,1.741332016807609493e-29,1.594715999317465579e-28,5.958397612414874389e-32
4.106499076038951759e-30,3.451777809842587791e-28,9.086334607220997839e-34,3.404431628989816585e-28,1.657506686331371314e-33,1.066999943133446101e-25,1.310726372647662104e-16,1.140682079283939886e-30,1.303843654648817820e-27,2.643771784214361576e-32,1.947793541658264035e-25,3.290058540120935550e-29,1.906290976497703446e-31,6.109662112358498411e-27,4.743200887205773716e-29,1.235681370253885803e-28,3.980795901560735821e-29,4.570881142693326066e-30,3.659130261730306032e-31,2.322123422058683184e-32,3.430880587786918657e-25,1.270191208364103212e-28,4.431993867392780633e-28,1.879585060432247650e-25,1.404435215343546807e-26,1.674888859308083944e-24,5.049338577674715357e-26,3.096916979457616094e-31,2.498649265669543967e-28,1.788182010713687418e-29,8.040056111644593042e-29,1.963210504802925455e-31,4.156274270425866807e-25,1.987273327744933539e-28,1.787991173193516514e-31,1.959475932179198918e-33,2.027547725792739953e-28,6.214650655688217264e-29,4.308193043407674070e-28,1.845364036695874870e-25,3.657557780882527042e-31,9.265872875321544389e-32,9.006622038256222577e-29,8.609710961012356032e-33,8.103507677096921146e-33,1.730099187073021649e-30,3.029756735483981156e-27,1.597951274093306874e-28,3.354611913134584665e-31,6.719170644256767935e-30,4.863859564168568909e-26,4.696697737298119094e-33,2.637316259635031007e-28,4.822916562626599222e-29,1.666312413018132502e-28,2.283648649579705216e-25,2.882821020742300997e-10,1.027024413307810742e-31,1.354608591171144747e-25,7.707461182846853481e-30,1.743003297698545658e-24,1.582877583793882667e-33,6.914573476283274124e-29,2.816355177816440758e-32,1.682570807430967853e-25,3.017491300494169445e-29,1.023733910545004488e-31,4.865470006461331450e-25,9.863148127531331178e-26,1.849706731415414512e-30,2.786454543947557727e-33,2.492758672482106129e-31,8.529201288574629829e-28,3.849854611522174034e-29,2.921525034821626574e-31,4.426238917610605252e-29,8.607310212703530304e-29,6.840149590263890457e-25,3.829854272581972782e-30,4.716448656532504147e-29,3.393118183408157560e-28,4.232682314131149667e-31,1.858661607463166673e-25,2.352618910643389409e-24,2.281059957637839910e-29,7.686016341172023992e-31,3.581632091692604394e-28,4.028528622310779585e-27,1.796160029064678620e-29,5.068714463237899357e-26,1.333149608793220746e-25,1.966664938813451245e-33,9.132765067770537939e-29,5.992372889570698250e-29,1.394814708632269525e-25,4.736625286583654168e-29,1.252852341919062524e-16,1.450942840642460317e-28,2.279632272880998486e-25,5.802029352551805471e-24,3.246384402018435733e-25,3.542685761520870185e-29,9.253411545427580545e-29,7.693275007753517042e-32,8.497923647043028067e-29,2.602789415490069746e-29,8.415153146919607088e-33,1.143835814300713632e-28,2.878035906151790767e-10,1.329820459684192195e-26,1.867031777586544711e-29,6.828730061674641521e-34,7.119678550671459665e-28,5.180035489573352078e-25,4.191680493190935871e-29,2.285108238553463545e-25,2.206156300308056747e-28,5.486357210175888423e-31,2.271873420387597702e-25,3.071399312878345028e-27,2.591592932834977821e-32,3.216250798339962043e-27,3.943631005755761029e-28,3.307301845479580512e-27,2.664481758966344702e-33,4.004839022450443272e-24,7.650787897436452422e-31,2.804603903014529424e-29,2.917186581445385801e-29,3.966957736129674532e-29,3.068276151124111493e-28,3.718457813631017585e-04,7.044981229862090366e-27,7.008967725616410053e-33,2.562253754385976589e-28,1.420153798933845097e-33,2.297333758830385063e-25,2.335710631872789184e-30,8.173800179344536784e-29,8.132713962359732700e-27,1.588009741826774849e-25,5.683171921544602243e-30,5.792694956073536259e-32,4.682800198570452177e-28,5.078528955410785454e-33,1.651410905048286453e-22,7.983343580783471546e-29,2.012604251370869509e-29,1.815110184257278144e-25,3.352301579589220829e-28,1.422912154439577610e-25,9.748980473306277051e-32,2.211982498721374567e-32,2.426536776820390170e-24,5.006686697785298314e-34,5.259956516437751370e-23,3.228123148147691919e-27,7.975952039795316216e-32,6.273893516463494046e-30,1.081402176844407080e-28,2.129907864977924094e-25,1.872825980824112647e-28,1.362765324939888383e-25,7.142507978150436692e-28,4.299192398506006387e-34,6.326279788847008186e-34,7.718087186460697453e-29,1.873519863268463571e-25,8.901230999601187670e-29,8.117729638530356825e-31,1.014169121415544047e-23,2.020961556116082492e-31,2.692673964699600120e-27,8.774997845787127722e-29,9.962507467288443030e-29,5.426902834962876731e-29,7.233959419586132851e-24,3.555177425222533408e-34,6.379671732484226021e-32,7.745985986662774181e-33,3.523072744283543206e-31,4.428867122768122334e-28,8.032778751653597546e-32,8.013440090755009542e-28,3.459366810575392052e-28,0.000000000000000000e+00,9.827185564468085087e-29,7.822821203516510625e-31,3.046724564875247939e-29,1.230335836404619206e-28,1.424735483708517510e-25,2.587897559200073414e-31
3.156034781570143103e-25,3.221148699224159815e-23,5.762867752818286965e-29,3.395324450516135819e-24,2.975252258466580606e-28,1.225553886610810930e-26,6.036071657162598495e-27,1.824768092996522436e-21,1.468149964425499751e-29,5.026243857463356445e-26,7.158117947997600227e-27,3.314958369844062335e-24,3.528642816230702734e-28,3.371771312189842460e-27,5.939343322152707178e-25,1.144164005531738423e-22,1.470563733852749787e-29,5.387688124082102313e-21,5.378943269078092277e-28,1.125831378281390475e-25,1.226176016796662861e-26,6.835453297907070999e-18,1.538997400176760614e-29,1.587340331977859733e-26,1.207418797624871157e-24,3.326600893366240262e-26,8.224668343516556404e-24,1.495694745923675342e-25,1.515517127950679010e-23,3.092517949564755993e-29,1.616171854897892741e-29,3.443332570413894205e-28,7.993697111598295552e-25,3.725425028816273387e-18,4.346144263418795700e-28,5.741688944114855178e-28,5.062677948900784610e-25,2.901005197931011063e-29,2.120794967393132438e-19,8.870710635705914386e-25,1.214377731992624748e-25,1.403024419146393028e-26,2.782557772153785794e-24,2.605921629712833854e-27,4.582301458721041471e-27,7.615234153293969245e-29,5.218951926520381662e-30,1.000260892206046482e-18,1.817078497475931571e-28,3.194852069355520010e-23,8.472377070259632787e-24,2.190672454950761744e-26,7.423282416234044428e-25,3.632559808927117520e-22,3.700423864932568316e-27,8.690061585315062897e-26,9.861935802610531161e-29,1.012901081692653634e-27,5.921297700890575523e-27,7.560293638474978728e-23,3.443160599171353166e-26,2.413274562932936420e-28,1.789921050102177726e-22,4.832466768949991628e-26,1.353872754217913852e-26,1.387035916838062814e-29,1.038988011778584195e-27,2.991906294525501347e-25,5.707264371408076744e-30,6.741332526402252603e-29,1.320276543799156622e-27,1.988226454245171096e-28,1.000330079268366753e-29,1.243068020029996172e-25,2.735516677740056637e-28,1.597475608905532502e-29,1.425731568402132483e-10,6.040878187530029433e-25,5.080532474443523451e-21,1.756463369515452353e-29,2.792555425603059167e-29,1.977177907246856686e-28,1.100092169865353072e-26,1.388392120393698954e-26,1.085724408018107011e-29,1.151663566886277840e-21,1.582278968625414539e-18,3.542552988092686041e-28,3.571702155698705709e-29,7.765412867088297983e-30,6.101853756342768434e-27,5.860899003359820880e-28,9.596885677275575601e-17,5.959070756368061617e-22,1.246685689322732188e-27,1.164179065573301478e-25,6.625114932304736371e-27,5.941715303533401698e-27,1.193015147823332256e-26,2.457601963822924781e-26,5.795809657147431494e-27,1.353333342445737602e-25,1.754061350449173540e-24,9.278065908481057186e-28,1.417921115011067174e-29,4.818610652554013306e-29,3.187524146192074578e-26,9.862630692499171706e-17,8.932858363914191547e-29,1.204233335307184865e-24,4.875695929233241791e-24,4.770271932569537617e-29,2.448638828878751078e-29,2.490185899485411640e-25,1.250802755956733721e-25,7.854476669903233290e-27,3.452807118773619586e-27,2.193016547536361384e-25,1.066143039740123174e-26,3.522906471918783559e-28,1.589806926784054233e-25,3.657352904361788310e-28,2.249172996120567270e-24,7.965601577223804583e-30,1.232062513694101852e-27,7.192648128995292171e-27,1.395358803757628861e-21,5.798128719344176936e-24,1.271273798118297255e-29,5.837125261835473221e-25,2.034325360937956752e-24,1.410962354402359184e-28,6.401324749911687747e-30,3.841409047644515332e-24,4.042041993193539619e-24,2.227503017556604404e-28,9.058067965343225223e-25,7.830698555851180580e-29,2.088972882315970933e-24,4.760306303572787690e-27,9.778547293948265868e-27,2.162256574331612596e-24,1.760594898814380806e-25,1.704080244844880260e-23,2.474305082446876019e-26,2.466494018055972305e-25,3.393536497346453158e-27,5.041328539094406207e-23,1.179583143280453972e-27,1.921831903824016639e-24,1.129808166391233508e-27,9.150461716944651549e-28,1.665826088880365553e-23,5.861784817186631403e-25,2.893153429174726982e-29,1.880822381516138555e-25,5.452355972884938059e-30,1.156525933988646354e-26,2.313591081751828815e-24,3.775980016804972493e-27,5.346101106788402625e-27,3.178277957827935547e-27,1.268702888971388215e-27,2.003206287802645875e-24,2.783623364950325931e-29,4.062865344857932385e-29,2.310716516915363758e-22,7.352851908315264516e-26,6.461499759134728539e-23,5.415831229264642559e-28,2.793229597610886354e-26,2.348794941446555559e-28,3.062899169059202253e-28,8.955742753296429206e-23,1.614809624638787719e-24,3.766567649402645732e-23,7.370141798364447680e-25,2.129604140840876353e-29,1.055523201223221068e-27,3.493877167775325976e-24,1.835803895722452484e-28,2.043462065465876904e-23,1.354227650315409315e-27,9.449840023149288134e-30,1.218522740654607575e-29,9.827185564468085087e-29,0.000000000000000000e+00,1.485410132465326055e-21,4.954012292061928745e-23,7.988275539747164729e-18,7.863344654848108973e-30,2.470841577644047403e-28
4.932833048209174944e-27,1.621311157375028977e-25,8.379364320150032137e-31,2.070021707817787847e-26,5.723848785793877039e-30,1.016180822505168015e-28,4.988144528161662133e-29,5.196099802550666681e-12,1.124820567578709207e-31,1.939923071598898546e-28,6.034263644664873457e-29,5.506043511998626132e-26,2.267781805939136194e-30,2.835702200449284322e-29,3.468222425952098398e-27,4.562161556023967266e-25,1.364055942375819089e-31,6.674416953793315613e-15,3.698262243795898341e-30,3.728526044278374154e-28,1.088950246651288061e-28,1.897695899998002640e-22,1.247182083263923740e-31,1.419977638109623452e-28,8.868085655822705684e-27,2.676871282347251011e-28,5.803518974917724044e-26,6.821495656652352938e-28,8.990283690231280828e-26,2.395216895059997733e-31,1.322981015609464228e-31,2.304043499110206111e-30,7.570296358534834355e-27,3.483767810186369110e-19,3.324764350779448137e-30,1.183372264501530444e-29,3.560514928987589627e-27,2.600430483070798096e-31,8.520615203826868085e-23,7.268900045235284851e-27,5.558423245812045711e-28,2.448848009643908698e-28,1.524858198759920872e-26,5.198982816515859750e-29,9.514162906700569172e-29,5.834452962327221813e-31,4.517990928605731570e-32,1.294493844001011070e-18,1.297025201276564575e-30,1.040599444667324302e-25,6.266845734112688848e-26,6.614052692900788623e-28,4.770464778040833297e-27,1.039627671491280831e-23,2.911040222427710180e-29,6.369281576457041218e-28,8.285598411760663356e-31,5.546080342132822858e-30,5.150237687550881263e-29,2.411241977756616304e-25,2.784683979600974061e-28,4.407302431640739553e-30,6.225984986642246076e-25,1.702941284263367913e-28,1.141933977401424521e-28,1.137748513112572050e-31,6.383893373615695707e-30,2.400084224888824801e-27,4.816387063696804238e-32,4.663834192141899199e-31,2.983507770180289638e-29,1.414748986425339214e-30,9.146569889607161988e-32,8.022245886542205884e-28,2.054412359423154208e-30,1.412031956993928940e-31,7.889625065632455179e-22,4.892931992593641267e-27,7.772670758032383691e-15,1.502230956153010914e-31,2.429297906055700869e-31,1.244847858475258339e-30,9.834393677064685286e-29,1.174347867164926380e-28,9.511152218774286857e-32,6.475773287001619502e-12,1.617231500430764334e-22,3.183411841152953117e-30,2.893234701653430139e-31,6.132319546265451885e-32,5.252332563621058095e-29,1.204605652035611025e-29,3.356945095950022580e-22,1.685801124559906236e-23,9.815745067519978711e-30,6.674507613773899674e-28,5.382643123089663893e-29,4.659284747681376032e-29,1.051732891102936191e-28,1.845514655982035144e-28,5.385050160114300489e-29,8.803973257547827351e-28,1.000424325347766350e-26,6.157022270806853958e-30,1.291915531536267517e-31,4.092052574548223583e-31,8.866023403066419934e-28,2.882049330738556337e-22,8.365146148126703308e-31,9.084440835619914761e-27,1.020666973878125556e-25,7.358279424466516274e-31,2.117286226299107053e-31,1.887763744701071082e-27,7.374837450292391820e-28,6.501555508775717289e-29,2.692285796094848994e-29,8.091546138467803786e-28,9.618759472719378345e-29,3.396105805713769933e-30,4.857773451643396199e-28,3.323913012470455454e-30,1.444850378918589147e-26,6.652182844631429506e-32,2.804052193520016739e-29,6.009220943703537548e-29,7.634717271272021676e-06,1.181001264239242614e-25,1.115965927714397831e-31,3.413394112307794733e-27,1.167271591065613586e-26,1.079448062011904956e-30,5.405567813623354454e-32,5.371283564901453538e-23,2.432569624306517179e-26,4.448699718708565602e-30,6.531020511034776470e-27,6.194300215547218455e-31,1.285158069592483713e-26,4.399614280237640508e-29,8.436319986127225173e-29,4.428845118095002105e-26,5.896395836919936989e-28,9.158847079949283684e-26,6.909378423029135401e-28,2.124323967645226155e-27,2.633260366194955196e-29,1.624865387256763819e-24,8.969121276244666165e-30,1.099202836206207388e-26,9.252008908327192370e-30,5.750699527868840194e-30,1.321074652869173159e-21,4.534452434061560395e-27,4.205838377503693899e-31,1.615150996789811019e-27,4.677739950581251521e-32,2.193251003449831904e-28,4.800883047242409355e-26,2.937619399919811647e-29,4.401361822965777359e-29,2.467859413537001860e-29,1.019098492649655341e-29,1.139213298716539789e-26,3.999325557376730973e-31,6.117966020970608923e-31,7.681315621155176704e-25,6.093454801116490111e-28,2.335817295836212542e-25,3.806551138903492871e-30,2.355377026446267208e-28,1.792944634823236427e-30,2.760281886151734080e-30,2.028366871160452097e-24,9.516892872193104567e-27,8.672839221482896791e-25,5.923600750696195473e-27,3.373877079896131398e-31,6.969055019493599396e-30,4.906970249208338814e-23,1.218714506793132689e-30,1.116502579170857950e-25,8.217563796511844448e-30,7.830490591334316933e-32,1.060667652368370367e-31,7.822821203516510625e-31,1.485410132465326055e-21,0.000000000000000000e+00,1.440739060909399785e-24,1.901434378705269567e-22,6.171564074404027122e-32,1.645032000052497829e-30
3.264799811086071026e-24,1.403449711114142937e-24,4.782101336150111658e-28,3.323837825930553968e-25,1.905617254056092632e-26,4.316484097481498593e-27,2.072189610001588084e-27,2.055307684857270047e-24,4.345365248954946964e-30,7.314792472432057866e-28,2.528755168129707806e-27,7.057534379251582884e-23,4.692613167269596094e-29,1.208971707242869671e-27,5.204083495486798202e-26,2.236492626427683567e-24,5.538110793140699619e-30,1.153693369222378104e-23,7.306493793485863777e-29,8.937983928480947208e-28,4.937558519871347717e-27,3.083481986295391038e-23,4.130395297200829964e-30,5.175465328701352499e-27,2.357477432421097508e-25,1.183318099610906896e-26,1.391540189535459181e-24,3.991243583970747711e-27,9.450652716809217593e-25,7.418749565242828530e-30,4.771776246876541040e-30,4.290039877365968484e-29,2.670389427911475953e-25,1.345809885771999104e-22,6.031564046434030852e-29,1.125564045472438788e-25,7.356327748354701553e-26,9.237621112443257745e-30,5.849158155183497449e-23,2.100467705721714135e-25,3.531430820805938392e-27,5.360162857239940085e-25,2.029255159725135575e-25,6.143617222390470662e-25,1.483913359152792313e-24,1.402124576931535651e-29,1.868843567734850761e-30,1.263049971432044586e-22,2.922239953606090000e-29,3.165718517187729533e-25,1.543942712900040000e-24,4.142035443178247713e-20,8.880886068049694791e-26,7.426603394890981273e-18,7.899464771783303938e-28,2.233589508042421790e-26,3.241143909853164317e-29,8.057502870058715942e-29,2.017960730132913083e-27,5.302093490788127315e-25,1.174819233100825895e-26,1.075079828566834503e-26,2.020829383129815175e-24,7.071978956290962968e-28,5.052279058699735556e-27,4.965114602664875275e-30,8.879600038696236205e-29,6.969869566547573785e-26,1.828865898146790311e-30,1.186587657098606903e-29,3.831015839180898731e-25,2.991781458810488178e-29,3.562394539167663530e-30,1.426541576809600604e-26,4.125035155002876594e-29,4.890102403489116232e-30,4.185619024731563218e-23,1.683234601204727127e-25,1.115648789711272073e-23,5.771903360457877546e-30,8.846665327205507366e-30,2.567542355038628925e-29,4.296951604239138038e-27,4.169745455243613271e-27,3.973726517538763342e-30,1.644572551072842529e-24,5.526167918741259158e-23,1.448431378336200915e-28,9.268306957658621404e-30,2.474749888277123844e-30,2.047026561928780634e-27,1.234486005688938992e-25,2.956427567161309614e-23,5.687933654700632668e-18,3.334302703817523875e-28,1.223043664080956508e-26,2.274039792066658896e-27,1.336324525858600292e-27,4.432011747342346905e-27,7.131012549810086921e-27,1.874124720159146408e-27,1.473855925205349505e-26,1.257335769305278739e-25,9.536491098011624936e-29,4.635586619531039901e-30,1.335397745173080137e-29,1.397871867719825343e-19,2.518736695131102674e-23,3.075697441509285692e-29,2.282705526087043819e-25,8.593815824660236373e-22,4.299459557127450897e-28,7.828196963863946471e-30,6.108524410525085969e-26,1.351144707922903167e-26,2.730012163477485976e-27,8.216248274709033718e-28,4.641037189079775533e-27,3.993114685371884268e-27,1.460683689350672901e-28,9.801482971053035136e-28,1.381192005728841813e-28,2.528820498458527045e-25,2.683752115164211578e-30,3.685790636939579843e-25,2.343911698422943176e-27,1.510561277934166129e-24,6.898387081062753634e-22,5.054346594043109568e-30,4.972903934770036777e-26,1.864917840023258641e-25,4.031591752289714521e-29,2.115294932144449487e-30,3.699301621231068718e-26,3.580676026350862712e-25,1.185747917342285196e-26,1.948111498801598987e-25,1.603800122018571572e-29,1.566512894888508994e-25,1.745214662952003686e-27,3.489299194497554615e-27,5.552664849301799217e-22,2.056783598909505061e-27,1.080863442763782995e-24,3.404018629860046354e-20,8.394610603763744153e-26,6.700864438553810979e-28,4.367220615794748505e-10,3.372440363892879052e-28,1.644769050779990716e-25,3.329755536813240919e-28,7.684355996997764670e-29,6.705585525432841957e-26,1.492047220246383321e-25,2.273489862195384995e-28,6.208676981653375345e-26,1.849076214102065527e-30,4.705074246484266365e-25,6.105708411136872951e-22,8.027617552066548676e-28,1.589339440621219178e-27,6.674531749997540104e-28,3.732290686548436577e-28,1.907323452400475886e-25,2.161134509276665832e-28,3.419054176999919675e-28,2.299958979655786986e-24,2.090187033477500494e-26,1.247792290428322064e-24,7.627660003049374874e-29,8.579015107588863814e-27,3.685111059648035524e-29,1.216998038893367508e-28,2.638481265050901802e-20,1.136764567463351997e-25,1.230491345126601258e-20,1.794436199732323908e-25,1.946696394359895230e-28,1.075246202930486013e-28,6.294406052740909779e-26,2.764061196783104475e-29,1.230213120444502167e-24,1.267291534779046256e-28,2.906049870779323621e-30,3.677371600693244759e-30,3.046724564875247939e-29,4.954012292061928745e-23,1.440739060909399785e-24,0.000000000000000000e+00,3.313047658429535488e-23,2.317905751573044429e-30,3.237275757988644616e-29
2.822706532178818927e-25,6.729152411315519999e-23,5.310930383283137247e-29,6.828340018115575921e-24,2.915023716676374491e-28,1.419430777531780433e-26,8.082676479984162044e-27,2.104004498958763116e-22,2.167439904265574096e-29,1.714796142273052113e-25,9.733467439036571917e-27,3.065426567239596960e-24,5.943884654714541403e-28,4.153459245005409994e-27,1.084198715226192881e-24,4.322487256370445796e-22,1.910689606860977143e-29,7.416621393199693251e-22,1.049648219033918418e-27,4.048359778813759437e-25,1.798736563449690546e-26,7.020072351643943413e-11,2.089795239396006395e-29,1.912278467363333927e-26,2.026838976968485202e-24,4.210082449230560749e-26,1.265652001770723083e-23,4.709861097959614097e-25,3.111325431211071743e-23,4.310767110983342451e-29,2.305134466382519360e-29,6.095754399822739576e-28,1.306207691717040725e-24,6.411387912335372218e-19,9.359723828927860294e-28,4.887248606911796383e-28,9.534279298153887360e-25,4.565593465295949051e-29,4.770254365946961072e-18,1.333507515173666318e-24,4.305764059836035039e-25,1.212373575137376274e-26,5.731823718300335234e-24,2.047376348275204697e-27,3.105809332614230504e-27,1.145429023894635902e-28,7.417553470590998745e-30,1.234819158091833691e-19,3.128606416560465068e-28,1.215994866088136099e-22,1.372866654993406541e-23,1.422788788806298873e-26,1.449286368266591102e-24,1.893589023063580305e-22,5.627892560307747523e-27,1.138750903980040437e-25,1.333333250170925410e-28,1.663527984322627099e-27,7.014163760031573560e-27,2.844030742911502554e-22,4.659555772226008816e-26,2.276294581957848412e-28,6.229651296276133061e-22,1.763177818344449134e-25,1.733444827725643918e-26,1.625859925323388451e-29,1.888614860029198261e-27,4.094657238132954518e-25,8.271113418295668721e-30,9.459063324138314165e-29,1.134576196504704247e-27,3.496597262313752596e-28,1.549866045887116243e-29,2.299590889145972763e-25,5.138300624139536827e-28,2.367451507932062443e-29,1.267385176313377303e-17,9.306323462172267385e-25,6.961708147057831131e-22,2.744081644394267935e-29,4.054692483442634410e-29,3.274663210636549685e-28,1.440447210644625230e-26,1.848329885159468212e-26,1.331187425775396723e-29,1.440776072561451914e-22,2.161350534742818362e-17,5.113996840497655146e-28,5.405048399289912654e-29,1.103599620262003369e-29,7.071273056204793595e-27,4.840523881911576380e-28,4.361032385489587466e-17,2.888882103746322941e-22,1.539769137482836634e-27,1.985259939430249008e-25,9.322755489926612191e-27,9.516429826007796984e-27,1.478207676060007795e-26,3.268618487107519706e-26,8.614159604980140250e-27,2.327322841944516721e-25,3.401558955217350353e-24,1.880879607941529459e-27,2.195616565279831183e-29,7.559020847841047720e-29,1.916958351638708461e-26,4.126413049365175009e-17,1.305643980043249992e-28,1.869045377317859154e-24,4.128027190113611360e-24,4.093907951778428961e-29,3.619388820927669994e-29,3.428259048197144911e-25,2.221228679685290514e-25,9.711658762260787171e-27,5.314218649845758782e-27,6.808523261644848903e-25,1.489412465235970725e-26,5.015863493750578960e-28,5.706782904233821827e-25,4.820815609650625258e-28,4.030064532020282715e-24,1.116072411876783089e-29,1.070659358755484372e-27,9.709804483867224401e-27,1.879073826721025906e-22,5.249775066118077118e-24,1.535782315682568782e-29,1.119551522412064812e-24,3.613102005088090992e-24,1.676846388868376214e-28,9.687599087506363752e-30,4.444948644360148684e-25,7.609394973980713079e-24,1.950043955374543020e-28,1.223856130520867016e-24,1.241935476797966206e-28,4.385230086320940717e-24,5.414227543869157729e-27,1.309459132133061210e-26,1.679066860208463963e-24,6.832113198507502829e-25,3.045280842854561966e-23,1.654272319930846323e-26,2.976097942228220593e-25,5.523776642099654929e-27,3.678286024107720941e-23,1.605719799192483824e-27,2.969566750440216419e-24,1.607869342305276956e-27,1.698410149700548866e-27,1.945418500125786053e-24,7.979307922143198085e-25,2.401782976986349455e-29,2.450668746870501261e-25,8.260561051999738881e-30,1.086584918693057967e-26,1.822098605474712389e-24,5.400661790969654568e-27,7.548544361263173950e-27,4.537170732917298821e-27,1.623368024495640774e-27,3.187957601163921980e-24,2.404112278429724153e-29,3.769751377133653383e-29,7.302670912710788518e-22,1.091742518583632396e-25,2.111545539394658657e-22,9.946594940066947020e-28,3.847339718426351634e-26,4.557944010624952455e-28,4.200407647454273492e-28,6.187898000669956324e-23,2.933097824559158235e-24,2.553035600751960555e-23,9.284238969971225613e-25,2.069525688917082159e-29,1.947853613041395362e-27,4.560493644713453180e-25,3.064904136153291380e-28,3.797300237828238662e-23,2.511635154242558790e-27,1.335685924750681134e-29,1.741332016807609493e-29,1.230335836404619206e-28,7.988275539747164729e-18,1.901434378705269567e-22,3.313047658429535488e-23,0.000000000000000000e+00,9.619368772179315296e-30,4.445166572100754054e-28
2.699064346365254609e-31,2.607120636043260125e-29,6.993749873797491645e-35,2.811430247563904862e-29,1.249887616458060699e-34,2.974568414075992850e-27,1.148091600369537326e-23,8.883301192069197875e-32,9.462897636284635134e-28,2.030529625911817792e-33,4.901774302203579893e-27,2.618481830981097062e-30,1.835944165292755754e-32,1.995216194521587086e-28,4.117373447374312188e-30,8.953603933035275024e-30,1.331410357782943398e-30,3.235398751020440979e-31,2.914772763456384405e-32,1.682200942986804399e-33,8.637328946861127281e-27,1.062764226262186237e-29,2.020647727958365849e-28,4.767705879040939165e-27,1.223451433513738152e-27,4.486938540834247873e-26,4.883864634674872734e-27,2.618216281884886450e-32,1.962249665246457067e-29,2.407620595511785526e-30,1.718737937864211148e-29,1.596310917394844943e-32,5.781918253477705493e-26,1.406393468326977848e-29,1.491972915829559354e-32,1.393230125885734056e-34,1.682707060030121474e-29,1.019267831983612136e-29,3.338599533274362213e-29,2.256513267982590984e-26,2.742475144816795694e-32,7.179296321002826148e-33,7.422452309052000520e-30,6.521152407228322618e-34,6.389821945526486106e-34,1.563856584596679184e-31,3.725448572950450459e-27,1.180907536152429705e-29,3.210306036561300659e-32,5.338189015852593312e-31,4.360120901045651728e-27,3.350480218769916655e-34,2.199361261953035118e-29,3.870173492001275404e-30,1.672976420719487956e-29,4.247441594374456742e-26,1.039357720160358258e-25,8.363694606371004050e-33,3.540589973686375152e-27,5.865330196301688742e-31,4.315583908472909682e-26,1.230899560064287791e-34,5.673882562665114151e-30,2.195477247635725482e-33,4.520095838485276637e-27,1.132081853505862337e-30,8.002678942728382441e-33,7.118663349541171852e-26,4.001552368218828648e-01,1.740151124081994001e-31,1.964021969944179935e-34,2.095473560355114459e-32,6.638137038392180049e-28,3.197130329448925291e-30,2.751105846528221882e-32,7.561393084346584347e-30,6.951374907936200185e-30,9.668844661053103059e-26,2.928134347407498032e-31,8.775067871085811593e-30,9.943764797407846841e-29,3.769090413838658864e-32,5.241442817029841262e-27,1.834454495457951664e-24,8.131126970128463919e-31,5.825896135135195314e-32,2.885448799986989300e-29,1.014796467017294716e-28,2.850015356839906873e-30,3.998295603116542307e-01,3.619332754623729246e-27,1.411547890125848947e-34,6.803786518633293876e-30,4.182656276631694474e-30,9.781225127732750467e-26,4.074433676620690788e-30,1.648994764991868532e-23,1.430373263549892825e-29,5.824829265548047665e-27,5.496624323106721733e-24,1.645949632217736737e-25,3.103309793435320397e-30,7.699527042246072033e-30,6.876684090608197633e-33,1.811338179799300256e-29,3.323498349989980226e-30,6.693399022977117938e-34,8.442230178923659585e-30,1.343481495614980485e-25,1.295931185639674108e-27,1.444780073902201294e-30,5.058004911240548128e-35,3.503384339355369249e-28,8.388928243562961879e-26,3.401296808145713162e-30,6.146511185829452430e-27,2.174314837331600433e-29,3.811155696122567024e-32,6.135918604356884397e-27,8.271621233961737916e-29,1.919292468153594358e-33,8.079577001224924021e-29,3.575070876823445295e-29,4.191996001471316121e-27,2.022844038340669169e-34,4.210719520346331096e-24,6.063921464100503017e-32,2.008103676118813698e-30,9.718040849625094743e-31,3.044858151176446815e-30,2.598839196325815456e-29,1.695631401854083919e-25,1.033506739034161266e-26,5.190396626757426177e-34,2.313830329651573482e-29,1.056893614912834258e-34,3.285871626882717432e-26,2.126698669804072757e-31,6.692971664174989270e-30,2.938087246818419656e-28,4.172605102570383046e-27,4.226002360067045130e-31,4.339290059011933393e-33,3.870212326562290749e-29,3.881675734166572249e-34,3.529324596793721244e-24,7.403028597488351596e-30,1.439032564836155637e-30,1.306107607396110131e-25,2.807122609902963960e-29,1.145495905573805032e-25,7.185628749824431758e-33,1.593085792532401223e-33,5.386240312401845480e-25,3.437079619847882617e-35,1.268912208435281335e-24,4.236309523378153622e-27,6.431152575903355519e-33,4.715861484281102966e-31,1.054915613234471357e-29,1.099874005635635034e-25,1.770936292971058611e-29,9.833835076792561501e-26,5.533834501312780721e-29,3.330156963713914659e-35,4.715568987006747186e-35,6.235266702493515653e-30,3.164925188991130531e-26,6.882458510265009004e-30,6.705248595922334962e-32,9.485387101650655848e-24,1.672712202563233838e-32,7.494845833831870247e-29,5.996094342126592103e-30,8.018716309350713589e-30,4.150574462678283978e-30,1.805680467873261480e-24,2.701033731947272761e-35,5.536973408744360059e-33,5.482849056052533007e-34,3.007030542481736555e-32,3.569992383186502853e-29,6.739192875644518632e-33,5.671263172964369947e-28,1.594715999317465579e-28,1.424735483708517510e-25,7.863344654848108973e-30,6.171564074404027122e-32,2.317905751573044429e-30,9.619368772179315296e-30,0.000000000000000000e+00,1.993299277272469215e-32
1.969923046951505499e-30,3.001883520784481434e-26,4.072557958794522847e-34,2.796810894453046561e-25,1.230124082096450195e-33,1.701694310765717102e-29,1.540720358192026587e-29,1.890261664954586313e-30,5.581486783506038684e-32,2.394677399374173469e-31,1.439237211109575695e-29,1.869628664480307438e-29,1.159360350948425167e-25,3.994787319203990991e-30,2.805515946719157574e-26,1.551681063160983708e-27,1.935661223839444562e-32,8.286885595414089645e-30,3.996939952779492433e-01,1.690657104404717509e-31,2.613181907195921822e-29,4.796307338694389594e-28,6.581029918117954181e-32,2.708310883882350794e-29,1.063431881104729467e-25,6.236676015994183119e-29,2.568173080939977739e-24,7.799976429492037720e-30,4.308622794333613364e-26,2.641071684172625797e-31,9.099473392920238583e-32,9.878625141183315326e-26,7.580208355781069717e-27,5.422952567624910624e-28,1.035195819596945802e-25,1.572814979067971399e-33,5.453869913745301223e-23,1.951777387309376600e-31,2.136105231096369264e-27,1.235242238279207977e-26,1.216136209152525451e-29,6.058062646582958970e-32,2.582081295244867822e-26,5.661317571818408093e-33,6.780978820408455225e-33,3.002235426129291114e-30,1.887160098564486258e-32,2.833513494447211977e-28,1.670698924761690935e-25,4.692574285423734856e-29,8.124595944529378271e-24,6.410472382656313085e-33,4.063378878780097876e-23,5.476980247620847353e-29,9.915515170983659709e-29,4.466754707590762752e-28,2.745746106437316211e-31,4.256431507307398833e-29,9.902629474823112115e-30,4.209542425148600156e-29,7.188977079251073258e-29,1.096624095508991987e-33,5.266621511155571239e-28,2.793179536098956296e-31,2.123430541532892125e-29,1.608561427518297285e-32,4.722283531399254055e-29,2.166833158222591705e-27,1.823990502567236344e-32,2.178806728946737621e-30,2.385140050715545450e-33,6.613697612581809802e-25,4.361216771289538449e-32,5.273933979217651503e-25,1.731904256619671206e-24,9.972092449041058110e-32,2.282976140481812344e-28,4.579962283947895813e-27,8.320037925362106675e-30,1.103844527699212850e-31,1.335989949095689276e-31,1.636741139076007621e-25,1.933660660241299133e-29,4.773287323206635845e-29,1.336189524079129983e-32,1.510792645963823008e-30,1.320335483512642188e-27,6.509220728107499058e-31,3.388623186989388106e-31,2.394960539937104544e-32,1.022465420914409882e-29,1.576745010619035642e-33,2.758500597959537107e-28,6.869960135371249183e-29,4.370252075470863234e-30,4.012302260147331647e-25,1.724551345839574381e-29,2.543505562696062202e-28,2.125463893186597469e-29,7.907099066088825515e-29,2.801768051111103258e-29,3.210734940006820627e-25,2.421393134809250331e-26,5.241463633971687205e-29,8.085047002545470261e-32,4.991913199691015546e-31,9.386954661903869841e-33,3.005941007649964547e-28,2.690470589694130210e-31,9.375891243166362388e-26,1.419242952272384837e-29,3.440323121665181747e-34,1.062740805360603538e-31,1.581463341600211532e-27,2.765451348327281848e-25,1.488694394523896755e-29,8.060960677389293658e-29,1.002871192734265057e-29,2.134733997017315927e-29,6.096757555709773928e-31,1.468697054218170389e-31,6.012890041381994305e-31,1.988430541362533337e-24,2.970564540447413488e-32,2.571409203520221367e-33,2.413985156736460938e-29,1.790548868115558903e-30,2.102377536313734536e-29,1.617414981574027934e-32,1.806883632181135373e-26,3.538044463921168153e-25,3.240583555041949067e-31,2.236371867005769781e-32,9.951596396635901758e-33,1.494892648601128498e-25,8.611470545535686777e-34,9.179995208908748059e-27,2.816359432313148368e-30,2.775610378297643545e-26,5.547882366359139731e-30,1.795798507861006020e-29,4.190430102047736549e-30,4.357663481855809620e-31,8.624554372690864331e-26,7.229010124440455522e-33,5.346675980288969086e-28,1.343104922521831346e-28,2.637554629347708378e-29,4.411823956933231659e-30,2.192857689414797677e-25,4.385427816557283247e-30,4.872515617797763623e-29,3.589226187255456752e-32,3.234336295251726875e-27,2.102994438907111452e-34,4.045881765654993674e-28,1.903122478431416234e-32,5.238663739955150034e-32,4.655607573467532944e-30,1.160102313134915218e-28,2.508558148499102276e-29,7.517569939785684530e-29,4.278990206836320869e-30,1.921076866647952593e-24,2.054770747983609931e-34,3.067434607378872927e-34,5.190848573011723966e-28,4.671674879836829442e-28,1.305885409044537480e-27,1.270944089009712535e-24,1.035283505719301103e-28,4.005787474262758052e-01,4.997667686192221472e-31,7.823911619537489701e-29,3.620889691474239001e-26,4.669530328741693789e-29,3.765021106531858625e-27,1.701632172035129543e-34,3.416971992627347586e-29,1.144107444583805080e-32,1.821053315793341356e-25,6.126357377345722696e-26,3.346393574021585309e-29,3.782457557013384691e-32,5.958397612414874389e-32,2.587897559200073414e-31,2.470841577644047403e-28,1.645032000052497829e-30,3.237275757988644616e-29,4.445166572100754054e-28,1.993299277272469215e-32,0.000000000000000000e+00
