0.000000000000000000e+00,6.200934547474954534e-78,4.857743379240396684e-79,6.852281029241160966e-80,1.242103702558309210e-65,1.099277284251642848e-78,4.704879314281913679e-82,2.136887540607697307e-82,4.018326567253653087e-81,1.802645026599443004e-82,7.937245135109125290e-81,3.612155134694769994e-78,2.111736829991026431e-78,2.067850454104751234e-81,9.468167016581348603e-65,1.180387988857250906e-80,5.249879483228370369e-81,7.965312057520186501e-79,5.409726110910275512e-59,1.060723862877981759e-82,7.529366210585754207e-82,8.828937187433424813e-80,4.012435921590863960e-83,2.401670095061268745e-66,9.684429291524821912e-69,7.293064144185704544e-79,2.127567514438796687e-69,4.213048108428068136e-82,1.313804574880805473e-79,2.848402303965726900e-62,1.516590293634596041e-65,6.806746913857896451e-61,1.184632544690347529e-74,1.158698322255861560e-60,3.466231642894386319e-79,8.196134075569845238e-65,9.861875996001230739e-66,1.680640808167111691e-63,4.856397538103336175e-75,2.046500310356337804e-69,2.030097514820725519e-66,5.310742634615525315e-63,5.071810910092090808e-65,6.813361092525001100e-78,2.898712794085107783e-82,2.829513756772831373e-81,1.464210431390415594e-79,6.743555147033527212e-61,2.393317995751851341e-68,4.522622302659320927e-81,2.937527127726690573e-83,4.934789036755195365e-69,4.386743784274991833e-61,8.840930445791103790e-82,2.608732822206213432e-67,3.244915977657991505e-79,1.665223995831222952e-79,1.577545710919584589e-83,8.090980869873147025e-81,2.133939323567299069e-81,3.092493942287481368e-78,6.205534582401145717e-64,9.534743955697261167e-79,2.667824483131025423e-66,1.278942643112616482e-65,1.077393338783577072e-66,3.841427988761903332e-75,6.432914685125155269e-82,1.503376254051324637e-82,6.500525848429691056e-82,3.859811979194211662e-83,7.864515252815693670e-65,2.619643201718060949e-82,1.281695556902821195e-82,2.404250717546278070e-63,5.118104969325741176e-83,4.269003449724045856e-77,7.205812964281885187e-65,5.586379821869466201e-66,4.847876906114880762e-82,1.675517679444848609e-82,3.896964869730469413e-65,1.886235379841326529e-66,1.157474688837416826e-69,2.253164332346452011e-82,3.545346438003087373e-80,4.679063528271494972e-81,7.908861555005357818e-81,7.395885991272247880e-63,8.144923612854606278e-83,3.735603074807309106e-64,5.228599339020268867e-82,3.562270950957533348e-67,1.443893878836138153e-78,3.820999409581765331e-79,3.127616555850277986e-80,1.509173762404258223e-64,8.833430877213170183e-81,9.180965998105878686e-78,6.573408565074493528e-78,3.208257747686000188e-79,1.410034188652088031e-64,7.745983270731103377e-65,1.634590108104028864e-77,3.893654682386610978e-79,3.370539895524154031e-78,2.528137818551657558e-65,2.012055119271062794e-82,2.107934876997283271e-63,3.833679160247617516e-68,6.414358111537751777e-64,1.453986711648266843e-79,4.062745870995457079e-82,2.283011827029450335e-78,4.124754913476348258e-61,2.216434667662538088e-64,9.143289911693378607e-70,1.482115544257574043e-65,2.092763740401639366e-62,8.339742789750801038e-69,2.795816894690977088e-63,6.116238317994062980e-64,1.390223949584708149e-68,2.839733950557409285e-66,2.151017261898166179e-64,1.111882172252281725e-77,6.421732987885635800e-66,1.983618329419371224e-65,9.642171743665529192e-64,4.096207044933974149e-66,1.347734710637319489e-81,5.733492812764473203e-78,4.492607533663366354e-79,2.231906275459260633e-82,1.280829519178463755e-82,3.367863579252245407e-64,1.021451973955229729e-68,4.449907548896870100e-83,3.261346259445343790e-63,7.984003469134146469e-76,1.139795913864148946e-78,3.694558991288459939e-81,6.084960875926997693e-83,4.612099906173587363e-61,8.292270452882887716e-81,6.112995006575992488e-63,8.703970847532624902e-79,8.346368618893700660e-67,2.484003351630218062e-82,1.174984060494279096e-60,1.455668385262158606e-77,3.274963080806225226e-68,8.845684947586285413e-79,2.686712166454651574e-81,3.307156816128122037e-64,2.293831496858210437e-78,1.085346053628771003e-64,2.401157156513668736e-68,5.956820333751709357e-80,4.216068228691133399e-64,1.494755096732268771e-81,2.939503015692376633e-80,1.943122509729863859e-64,1.647107009047335011e-77,7.130456814218680898e-83,7.880667157274323174e-79,8.450544640863105575e-79,5.871889373874103449e-78,1.020382362364100297e-65,3.206290067068952454e-64,2.350435717849568175e-65,4.845150920731995064e-82,1.617393415884144522e-78,2.547555107762966705e-79,3.768217324526498476e-65,2.188706704400512866e-81,9.762253627319599909e-82,2.706637970173724745e-65,3.105068368933255830e-80,5.227774065402094186e-64,7.365724823218669182e-62,3.167799431368051153e-68,5.478491252575875148e-82,3.258189288852742557e-61,4.436865956827386662e-63,3.877569118033439249e-65,2.272163511914180862e-79,9.815650426036606525e-69,5.096304564182270839e-66,2.518989188383166859e-75,2.604198295062663153e-67,5.625999975613622293e-76,2.310596659108885123e-77,6.099314959085772657e-69,7.600572233652336618e-69,1.133337154075164875e-78,5.614726224375722935e-69,2.204155518961189275e-81,1.064570082754692133e-65,2.279715427490224049e-78,6.440165753555418423e-68,4.890900251739534519e-65,1.458549135794330416e-80,2.004559122798045117e-81,2.408192534600084211e-67,3.311792277670744472e-63,1.873123787142480113e-65,2.739409209104925478e-63,1.264471616253459066e-81,1.034840263937415433e-81,1.331844249391773073e-64,2.502684906814843248e-66,1.086625807757988259e-64,1.081247763118556034e-64,1.110777013948408744e-76,6.289482772120807560e-82,9.086750544009231314e-80,9.989141437100397150e-67,3.075285539393201249e-83,5.078861630063567043e-83,1.936704735185238040e-64,4.344072787699759741e-69,4.896356973812921374e-65,8.048018265477301067e-69,3.287735826266451142e-65,3.356293165585309124e-60,7.620813855714488943e-64,6.437822195295662051e-82,1.863972657325601929e-63,1.715356922460279901e-83,9.648394782638040481e-80,5.136990757213049946e-81,5.297981872242828643e-69,2.751753592888647834e-79,1.337982174924077526e-66,2.937806987688037126e-80,9.056541132311693693e-69,5.177488355105239472e-79,5.581801128622152652e-65,1.881602256787928960e-67,4.440541664506473379e-61,4.000000002590666237e-01,2.032682468291633538e-65,5.786243424700855121e-79,5.426452748368441035e-63,2.211511554398396661e-83,1.462587668306893490e-63,2.030122062810159962e-64,9.799632576822646658e-79,1.182141331976777323e-65,3.999999997248248063e-01,1.120564887644590776e-78,1.085343973917057690e-80,3.399554090387883356e-78,7.627278111561065904e-78,1.588804458587041699e-60
6.200934547474954534e-78,0.000000000000000000e+00,9.114345082765316934e-80,1.967818980178692426e-78,1.007731270334675175e-64,2.042686608365725311e-78,1.464588309028754409e-81,4.894203503253570731e-82,1.325188657632204965e-80,3.665042623155400049e-82,2.654473440425441836e-80,3.197559603764032885e-79,2.465210460067208241e-79,4.538477035088772784e-81,1.212478852147250925e-65,3.610310635898964403e-81,2.164750985761431362e-80,4.888426364182270502e-78,6.777942884065543821e-63,2.370094248600916747e-82,1.927291147728667113e-81,3.688111400171013972e-79,8.258969315861200621e-83,8.203020503075619066e-67,2.226142018194883120e-68,1.416920084924025045e-78,4.917091774832043505e-69,1.188400622454532307e-81,2.352219450561363071e-80,1.014267008266849840e-61,8.710422201186381355e-65,1.099263463851631065e-65,1.671313124592676690e-76,1.873496621187951706e-61,1.171398634789082751e-77,1.059510776609796838e-65,5.742232727533348823e-65,2.217536606970759196e-61,1.916464211648644079e-77,4.654555819698865822e-69,2.949254638760001183e-65,2.393994942877748460e-63,5.276926131101370347e-66,1.866741481014888908e-76,6.453654468811149423e-82,8.644021692843105328e-81,3.470127831915682153e-80,1.857242488549656067e-65,4.672243290878703412e-68,1.359147281984290024e-81,5.081542693963196638e-83,1.024024044201603041e-68,3.468699229602022084e-61,1.712581544379728826e-81,8.427738452123351646e-67,2.797648282149326339e-77,1.847215786232384808e-78,2.998267309476919823e-83,2.144461500260136075e-81,6.309581588209649737e-81,6.615873511264913645e-75,7.317250070439768767e-65,1.327833465725248868e-79,5.081480615826077696e-67,3.401493033527076499e-65,2.700055571679326305e-66,2.477449300666227236e-77,1.136236982617613317e-81,2.926884593305108108e-82,2.009870280519568413e-81,8.052765795269046969e-83,1.332561499683855200e-65,7.133296718363716628e-82,2.854430174572303278e-82,2.507004686310815772e-57,1.083421788098516602e-82,5.906263400096790716e-76,6.892135387211457790e-66,1.591458497781714205e-64,9.715841421695889964e-82,3.153487228274266804e-82,6.608453281033251254e-66,4.772390594095313449e-66,2.504512628074964146e-69,5.450149456208608221e-82,8.350859471571659477e-80,2.024250085117647396e-80,2.628541051017576539e-81,4.183230163451113837e-63,1.693754418420224975e-82,5.673461216214251690e-65,1.505523158123858436e-81,5.855053912261027206e-66,1.247933092643980656e-79,2.339078175647825636e-78,3.200530450573189083e-79,3.899497608273772130e-65,4.675244040379233774e-80,3.999999997618743364e-01,5.669191575920885418e-79,1.542314888245032269e-78,1.063208331773126951e-62,9.455954346403609050e-66,2.334307845131334713e-76,2.821167920287871883e-78,2.606943851359484344e-79,2.816816053973204397e-64,4.589974916212651343e-82,1.820075002105716219e-64,6.096816360079792387e-68,7.106405853272320930e-65,1.154516587641908635e-78,8.266443632198836691e-82,1.637642251969171535e-79,1.490966111427548412e-65,3.400712765272677953e-62,2.137806829581776126e-69,2.598528293196243003e-64,1.554614192233695124e-61,1.704721419804429348e-68,4.713115912938804701e-63,1.875044866173263409e-61,2.506565902782431751e-68,6.500969612629614394e-66,3.608660985707214349e-63,2.255758311493586616e-76,1.417275409265840414e-66,2.596951146104005267e-64,6.362855272705710276e-65,1.264030498048111640e-66,3.702582801475495457e-81,5.783793917134032693e-75,1.341670382999730126e-77,4.300422765172706124e-82,2.611887104151707764e-82,2.167425512987113251e-62,2.008126245425831593e-68,6.943707439968179832e-83,1.265271765034778486e-61,5.706076377644780318e-77,2.161351086371294545e-78,9.969167568420337146e-82,1.426608548130636502e-82,6.783519451487305166e-63,2.132762609357742197e-80,7.801404945646967757e-64,2.678264206613533141e-77,1.991233023621929629e-66,5.296486777174575372e-82,3.721130707672989584e-63,1.544706159085999544e-78,6.488605277326563357e-68,3.832276804590134552e-79,8.381251399940585820e-82,9.343878440942877737e-63,2.249374893385602512e-79,1.181260903902070161e-65,4.434513495859778759e-68,1.347376582839686253e-80,7.048043862062751239e-65,4.264147984868177408e-81,7.962705114521456155e-81,8.461177646010731677e-63,2.876622910369963152e-76,1.771004195412525353e-82,3.426003498241920572e-79,8.362303562539893470e-77,2.448850493842753802e-74,1.779344654834074599e-64,1.066173800847518304e-62,4.086552733267981582e-64,9.968897144269359814e-82,1.212876146764747178e-79,9.073488711459706685e-78,2.997003338268510253e-64,7.022234699628737805e-81,1.921081513922858228e-81,4.420519655288180375e-66,4.078692996171474579e-79,2.901994541414970036e-62,1.900835806552842608e-63,7.400689754628641872e-68,1.514426466995591992e-81,2.821267799498041136e-63,1.262996584064056177e-63,8.679268914374744085e-66,3.928529635560847236e-80,1.913225593402299543e-68,9.704949246923588141e-67,7.148328843423547168e-77,6.569769865704574978e-67,8.465203993199096817e-77,1.315396945475693313e-76,1.078002549232719523e-68,1.675305833384710404e-68,2.155701895865059187e-78,1.118320758846262976e-68,6.001100556851166464e-81,6.088456626717771178e-65,1.823055056799897466e-79,1.331794681803855571e-67,7.945673104978950313e-66,4.868230498130690316e-80,5.104743722918206775e-81,6.025566838625221499e-66,4.834344540233010160e-64,2.296305942826758380e-64,1.108780903930153430e-64,2.969248456163943972e-81,2.319184870661075557e-81,1.424807270108129845e-65,6.131448945053303281e-67,1.668434969264855592e-63,1.952894359923755320e-65,2.560799016732719015e-76,1.039319689948621115e-81,3.730279427536886682e-78,3.420852266014936991e-66,7.151304294153337065e-83,1.023727785970082420e-82,2.664602252643239785e-65,1.042059011204686438e-68,8.356853817733284019e-66,1.717141728579539118e-68,5.549962304265104984e-66,6.141555602873797718e-65,1.404201307978991381e-64,1.231708048102896907e-81,2.991002247514349360e-64,3.522558636567682390e-83,4.775718057363450827e-79,2.226523343009020935e-80,1.151005735260391324e-68,1.686882644444902626e-78,2.691771851770256832e-65,6.602751630449449545e-81,1.712550238715918876e-68,2.210008830750348353e-77,1.215229910250189160e-65,4.075379004033661627e-67,3.561944856565651677e-63,5.048859875779652419e-78,2.558382611407413555e-64,3.756817017619519747e-77,1.550808191947234775e-57,3.810337977779589537e-83,1.117800249912225685e-64,1.835947153683775249e-62,5.164492558824073253e-77,1.583316328380764806e-64,9.317548464128653566e-78,2.672592204663388855e-79,2.318363340258941518e-80,4.000000008496297776e-01,2.234940854993285048e-76,5.409034687329337690e-63
4.857743379240396684e-79,9.114345082765316934e-80,0.000000000000000000e+00,1.590638482924812783e-80,3.547437510611987370e-66,6.542722836193688457e-79,3.206786835508017923e-82,1.314631057875569955e-82,1.702483920597108349e-81,1.014034464090472932e-82,1.774292871369226174e-81,1.112949613486335520e-74,3.999999987724723871e-01,8.031407431044316203e-82,1.211113554305322698e-61,2.771145643787557632e-79,1.607144846223957585e-81,1.151204454148766110e-79,1.221177505318310451e-64,7.470923951217148099e-83,3.974308304028021950e-82,8.435125436107866610e-81,2.801783776075401721e-83,2.849115486402228222e-65,4.729857664972422703e-69,5.036378768696165093e-79,7.738024934157189521e-70,2.746993286537336092e-82,4.837044183610475676e-77,1.761549377023430539e-64,3.237613464841142228e-66,7.185558412191145005e-66,2.622080607414480841e-78,6.283590301676491580e-64,3.738466681239198973e-80,5.232390922185896425e-62,2.295182394206284521e-66,5.027028197769289243e-65,4.657183574845093444e-79,7.929922247601711233e-70,1.469546503128453283e-67,1.732606980675444503e-64,1.528909184640605190e-62,1.842241816830985988e-79,1.499163288918228575e-82,1.119271672925196820e-81,8.917784271196206277e-77,4.000262351032873676e-66,1.448216674556618059e-68,6.009712446500317646e-80,1.617054123438199735e-83,2.567483813915652212e-69,6.475206047322149249e-64,6.586576561553444886e-82,2.519998932674355637e-67,4.377555448549816245e-80,1.674788521470512748e-80,1.063862178580538638e-83,9.528657663208230047e-80,7.954299135921927882e-82,1.033050771421381558e-79,9.624461231643438210e-60,4.000000042650938004e-01,4.735221256260185153e-64,3.871104760687660200e-66,4.596331410161667911e-67,6.590929569491827382e-79,2.028589425345369802e-82,8.487891082571253715e-83,4.603853905052943484e-82,2.512513297364076734e-83,2.078843127523642898e-62,1.884312864567311634e-82,7.764869385514742424e-83,2.838290298294473346e-65,3.409977569983838625e-83,3.750882500010867352e-78,1.156550272980574600e-62,7.088706542960960852e-67,2.230969002736351184e-82,7.803098393739105381e-83,8.196049920408887911e-63,9.827885305938413689e-67,6.153634357182532850e-70,1.319651800366364924e-82,5.625333767004992808e-81,2.026658835623468775e-81,1.692094400765774127e-79,2.295366028570269272e-64,6.058686263867950243e-83,8.507272144825399092e-61,3.466027870374360085e-82,3.084930964663088968e-68,1.283982611400428542e-76,4.164969873492490206e-80,5.885586965463039724e-81,4.913256873623309728e-65,2.343731463439392115e-81,9.705529834744695124e-80,4.973688223587245320e-76,2.163495004711004361e-80,1.421854404091920625e-65,5.112908469742126463e-62,2.127716261076363248e-79,2.834050466733736495e-80,4.174270259198681147e-76,2.510614750533313870e-66,1.168350955714505197e-82,1.189435117180874000e-60,1.726427118526536436e-68,5.331936889685711354e-60,1.164687138916193595e-80,2.468010887264405910e-82,6.795810904857898939e-76,1.425468117088181714e-65,2.533515405960278785e-65,5.196386734710870997e-70,2.452671142997782573e-66,7.920760493181600973e-65,5.217302892593543967e-69,7.187055991262274935e-66,3.849239085791514226e-65,7.538682836729502810e-69,1.148852104909249415e-66,2.094450910123774967e-65,1.774396381419752355e-79,2.059081292844250398e-63,2.222667141128379744e-66,1.566043165061572680e-61,3.709515761885570976e-65,6.182232505302120082e-82,1.039158607455449710e-79,3.580666614869744288e-80,9.930107635328584173e-83,6.398180962016052812e-83,1.875307620510272811e-65,6.584289430034313055e-69,2.196872953565148520e-83,6.082673654575721745e-65,1.553555725008163596e-79,7.243919744461371935e-79,4.678232958113752643e-80,4.811666631752472311e-83,4.263401344171314041e-65,3.965734101142630523e-81,3.226061254688271855e-63,3.649740308420271171e-80,2.150994498591960081e-67,1.262607513470884585e-82,9.456182523542127166e-65,1.161225469607942397e-73,1.199472803188427500e-68,1.367434440255586887e-79,3.401405104222985391e-80,8.055987770779145418e-67,7.805126281578922569e-76,2.724067518146546786e-62,1.329728162410165416e-68,1.031688405199606835e-77,8.186978780087735216e-61,6.494436908768799044e-82,8.196304094455116747e-78,1.496740356522892688e-66,2.296409895977460712e-79,5.665442133293758806e-83,9.995981476189194133e-80,4.747170689453098600e-80,1.358247178706675398e-79,6.276332803123308955e-67,2.396560773855761958e-66,3.026788034392431641e-66,1.968792818537396386e-82,2.371590863040880692e-76,2.260616004358645524e-80,5.720993994397662910e-66,9.630564292583872703e-82,5.070770442329605537e-82,8.842005917902372162e-64,6.545748948772685690e-81,2.282868898014109965e-65,6.281253623075937534e-63,1.681584130412089379e-68,3.032432747137073966e-82,3.735581181410716550e-63,9.511578801700558318e-64,7.639024323508611506e-63,1.486121932770612499e-76,5.430122951321194776e-69,1.252273808183276886e-63,4.807138955721811667e-79,1.562240540781768721e-67,1.914147271345984326e-79,1.240649699982113938e-79,2.567893633728424244e-69,5.515339185603691445e-69,7.431266274113800753e-79,2.974193788684289592e-69,7.235357181802096763e-82,2.123103958978003827e-66,4.792551090091911486e-76,2.646835365739859859e-68,3.705881729753013370e-63,2.508649848656635250e-81,1.202029740737913792e-81,3.065591733844145596e-68,6.992352340813732225e-64,3.017487304992355814e-66,6.081596667836353800e-62,5.791764766954963250e-82,5.926207631819385384e-82,1.670789295284991716e-61,5.386857656128495435e-64,1.692550165214845417e-65,6.934778726205145004e-65,2.508841151132209194e-79,2.162026674931726452e-82,1.657714334783243736e-80,2.003252739108159385e-67,2.643303455056464334e-83,3.155062822537364028e-83,1.030375013102803958e-60,1.659146743138698670e-69,3.477040150728967849e-63,5.206769782951005680e-69,1.589618164239509997e-63,9.380598741150451301e-66,7.540053288215368156e-65,2.320568957697667053e-82,1.083202495221116317e-64,1.210665896720440435e-83,9.981509947904202916e-81,1.589616024548582794e-81,3.428233796793262786e-69,1.514689577410394486e-80,1.026858827184147916e-67,5.436699066504023445e-78,5.600952548168498796e-69,3.375957170611702989e-80,8.820008012333126704e-63,8.246855769000836252e-68,1.941552993406338454e-63,7.290612812303795821e-79,3.615537660984195087e-66,3.970452120148436487e-80,3.764879561860774187e-65,1.289127592608366796e-83,1.088722690850523244e-60,1.985361195049639047e-65,1.253458721761887972e-79,1.752859016301364852e-66,6.325008352253345076e-79,1.465942199154767289e-79,5.188781893285191424e-81,1.106130609302739503e-79,5.241596969713087581e-79,5.878344882515782522e-65
6.852281029241160966e-80,1.967818980178692426e-78,1.590638482924812783e-80,0.000000000000000000e+00,3.521722927260994605e-63,1.002453422825543363e-77,1.579691751046095998e-80,3.317594185535835926e-81,1.608874749673863251e-79,2.332588875538133773e-81,1.143028471832247407e-79,3.244846237166061630e-80,3.187703477158769050e-80,3.091129693602336823e-80,1.719808843419634087e-66,1.073345138309675948e-81,4.721431597967250151e-79,1.263952064325963760e-76,5.462123697777278359e-65,1.371398926602663064e-81,2.102131021695577636e-80,3.561844168637916565e-79,3.336398841066387450e-82,3.016148914541691353e-67,1.428810089918587004e-67,6.071382556651597443e-78,3.610639487137500374e-68,1.464663815826394061e-80,5.169400592939924317e-81,1.344110419714766343e-64,1.995743714674749722e-63,2.038207946879780156e-67,8.150299352116809881e-79,4.299851382491203325e-64,1.063874732850288373e-77,1.718732396861092488e-66,1.856543290117445359e-63,2.643286843982952518e-64,9.944455983658438929e-80,3.447725411831158794e-68,5.022327693128150230e-65,9.158692623839799009e-65,5.067190170893644531e-67,6.415550848089644205e-79,5.204739670239548416e-81,9.419873864044489195e-80,9.504460200773699347e-81,2.440372315325454228e-67,2.311851187334097765e-67,4.760228495822069132e-82,2.314210453617914404e-82,5.179900336689320451e-68,5.285055244013861614e-64,7.418225915827543851e-81,9.760392951999973059e-66,4.210856604817458710e-76,3.170242176001256570e-78,1.345169493737504638e-82,5.004179834639856129e-82,5.027509579960039289e-80,1.633532717909898625e-78,9.776776694448696745e-66,2.085779798341389256e-80,1.196067498594471134e-67,2.453404421900085559e-64,1.710894639584056400e-65,1.254830574787842096e-79,6.814360028676473284e-81,2.133787596003514829e-81,2.113195418623490022e-80,3.886844506309413042e-82,2.509571547507242346e-66,6.356693504836153119e-81,2.065832963942626222e-81,2.800198523866012253e-64,7.717985563720679034e-82,2.927481661660688862e-76,6.482402997779729555e-67,9.348691199230514929e-64,6.376399675677467419e-81,1.364041566021029416e-81,1.374434927132035279e-66,3.826209711556592984e-65,1.659760401515270172e-68,4.460314393961155061e-81,3.547636074530457068e-79,4.035359456918514709e-79,8.608280208179600661e-82,1.246979955946446462e-64,1.034133607586717484e-81,1.084507707340890034e-65,1.352162394965565892e-80,3.108799609332644489e-65,1.060192699936714294e-80,5.534251255433893562e-78,2.317174658845112184e-77,3.141048458001138266e-66,1.293774975538502703e-78,1.827109506056455008e-78,3.894334624751972795e-80,1.077053057071615450e-78,3.568427767410999888e-62,1.378610443159912297e-66,4.221927446067862995e-79,1.955555182010077718e-78,1.984484369868340673e-80,1.430154985480456948e-63,2.918848366830993480e-81,2.341621909227255728e-65,2.397007948122337187e-67,8.711808125570682359e-66,1.519104852693017737e-78,5.133198392740056985e-81,1.510086208607373118e-80,2.438974549150240545e-67,1.275519821111348668e-62,1.533078202097976500e-68,1.622212856302773990e-62,2.323072901827318602e-64,9.790918782571056581e-68,4.581991418845395201e-66,2.716045563352510423e-63,9.529340009423246035e-68,4.002397046265144719e-65,2.319511084180017361e-60,1.157042272331260008e-78,3.034495505645271304e-67,1.534639380787395876e-63,4.361762884020172086e-66,3.926642063373682114e-67,3.491744525778487069e-80,2.774641242606981262e-78,2.660682124230889875e-77,1.798418449756350847e-81,1.320839549185698378e-81,1.124676405725816893e-62,1.036497083045776386e-67,2.598155818607011517e-82,1.141684837054235729e-64,2.657245773149218715e-79,9.673371987810417622e-78,3.521826377326322152e-82,7.417305558086556236e-82,3.105968131042099283e-65,1.996633581033904058e-79,4.937437197191378980e-65,1.167025186756581858e-77,1.027361906398023104e-65,3.342225246590873653e-81,2.802282998803865527e-65,1.969119834490031243e-79,4.675556945293591119e-67,3.214744227167447029e-80,3.274348886145442637e-82,2.422169595162096522e-66,2.222092529623731066e-80,1.309496132769657654e-66,2.517490560937609205e-67,3.604145483388433622e-81,1.438662892402234421e-65,4.171350200780121843e-80,2.072431409319857609e-81,1.967105898327879757e-66,4.034105774625512499e-79,1.380057904659668387e-81,3.042908537696404720e-80,5.882036436925952623e-77,1.931122743533332487e-78,1.175632687374125778e-63,4.891220032514481830e-66,4.871931179697636365e-63,6.494128236524488938e-81,1.016771884787864417e-80,1.295165248996791118e-77,5.240548774999269620e-63,1.041165565264465781e-79,1.012033021632152457e-80,7.921336939173906148e-67,4.055503850727081220e-77,4.579243360781973522e-63,5.623434895071439015e-65,6.107754880107313195e-67,1.615825585154530457e-80,8.402574276882194810e-65,8.626022679979224569e-65,2.077506822027383031e-66,7.495049061439507170e-81,9.532516067683169348e-68,2.449154502835296047e-67,3.324167738490524880e-79,5.668866984819352861e-66,2.953533181276145899e-79,2.944594947224380781e-79,5.496373576952404661e-68,1.056608652432788567e-67,9.080383295319827834e-78,5.485231869744422770e-68,4.555663729793052110e-80,2.138635131232899607e-63,1.604540543325998622e-80,7.732449420064166414e-67,1.426375734539027565e-66,2.064774996856620175e-79,3.967187131635538496e-80,4.837013926874840907e-65,2.338802581498321618e-65,2.715644059569267583e-63,6.658803621105602087e-66,2.419746543374455553e-80,1.708426319625603990e-80,2.054561080604574238e-66,1.714250307077372293e-67,2.038428383532228038e-60,1.723701097780282047e-66,5.497577325596131595e-79,5.805624021013601473e-81,4.000000051633971765e-01,3.186467459329834948e-65,3.898262590934311629e-82,5.956754854071048655e-82,3.797646640637406581e-66,6.448341452734152226e-68,1.660233283426003140e-66,8.316729361247287017e-68,1.072304517408002986e-66,6.154959792157643179e-67,7.410570815411248182e-66,7.526119306727324236e-81,1.088196812885062400e-65,1.522141978788027138e-82,3.803735422953597365e-79,4.996867413638886707e-79,6.078658224125177028e-68,1.821032934858118448e-78,5.623242153326235586e-65,1.563221706338496980e-81,7.274247508406987797e-68,3.304317565951051194e-77,2.713496151009594738e-66,2.959300590028322510e-66,9.927238356787941040e-65,6.165058751830439662e-80,1.178220577918249882e-62,1.134514809724338182e-76,2.331028317350586745e-64,1.729005149575305053e-82,1.200004337682956915e-65,4.457213263836044909e-63,3.999999965585492312e-01,1.423388669358533132e-62,9.213542652269651289e-80,1.812712003214928896e-80,1.427179658745032047e-79,3.180772705971403880e-78,1.939029958707002707e-75,3.366471431037199518e-65
1.242103702558309210e-65,1.007731270334675175e-64,3.547437510611987370e-66,3.521722927260994605e-63,0.000000000000000000e+00,9.294886766727561894e-63,1.820275173276561972e-65,7.509178490438708113e-66,9.773182927340093409e-64,3.349218023805001705e-66,2.303927630315503767e-63,1.051616642928570224e-65,9.979249301620626524e-66,6.490424281188029754e-65,6.935035779609082401e-52,3.537610097260429699e-67,3.860689223995626736e-63,9.739751904908985656e-59,6.886033739953796374e-51,2.525046006634448147e-66,2.720785866431566048e-65,6.033057697516329493e-64,5.676220893089785272e-67,1.426603050810478883e-52,6.416932766206242383e-52,7.015471577454331540e-63,1.373016308536353386e-52,1.252902762757747262e-65,1.578637999140921309e-66,1.099200573214692786e-50,2.955337911080426786e-38,3.781542158124389596e-53,1.110031320704355019e-64,4.219202520210661669e-50,9.664064094414271270e-64,6.157778965073496206e-52,1.910684620258285243e-44,1.339280846216071448e-50,1.699873914857763145e-65,1.472873157329954064e-52,1.021696237710503209e-50,3.524514681799436686e-50,1.970352981534228138e-52,2.251731570621278884e-65,7.440435795045345786e-66,3.846492871687754148e-64,2.319553669898076145e-66,6.280192834341779006e-53,2.972799272563994131e-52,1.946224332596793396e-67,2.613472309989106411e-67,8.387643901441349504e-53,4.986173547543300911e-50,9.456470535959547830e-66,8.641811864351618720e-51,5.692087288702127332e-64,1.484333795464455162e-63,1.582587788221998960e-67,3.735262459135184647e-67,1.740121830214341528e-64,1.234768481789538062e-64,2.201825066164419409e-51,4.000041369836590061e-66,3.479559610407384244e-53,3.891989454340378026e-48,4.972406277308086937e-50,1.676693556313179730e-65,2.052837606254906656e-65,2.600605482314697542e-66,3.185647331151251887e-65,4.090693705373364259e-67,9.080911977834485428e-52,9.821001962541614162e-66,2.510668084057244824e-66,2.006086613314933748e-50,6.193205256845429783e-67,8.262458330632534181e-62,2.446934652489946421e-52,9.673448985133744368e-50,1.659157621267135129e-65,4.799711709392241543e-66,4.869092156493611396e-52,1.253304414800264542e-49,2.260866572176188980e-53,7.043694387849531514e-66,7.016012109812648333e-63,1.068779609406872390e-63,3.480401588342562219e-67,3.977953950090037907e-50,1.284816783259688602e-66,3.059136327112494741e-51,2.348598083933749742e-65,5.173141824984380670e-51,4.255264824959253345e-66,1.202130791350484179e-62,2.892618608993471712e-61,1.693910413162342688e-51,1.199131474198916393e-62,8.815379106462953820e-65,9.058148868185810707e-66,8.181573061172025716e-64,3.849610012958878274e-49,5.759391073420633726e-52,2.565973916512396903e-65,9.793785770764325140e-64,4.456230914304945598e-66,8.679420295266213753e-49,7.203367552920180297e-66,3.186652413380066696e-51,4.158031821058259920e-52,2.134681822646399672e-51,1.194710168854827055e-63,5.187764407086341559e-66,3.668568467790724090e-66,4.450746814792195428e-53,1.932517275338212965e-49,1.598091323449826313e-53,8.131086000371319572e-48,1.512716380464263828e-50,1.075309090398376071e-52,6.176037032507257335e-52,1.419113571125075261e-49,1.458760177950220077e-52,4.344145844640640431e-49,9.908092031340358648e-48,3.310592877678199533e-64,9.955244028875637467e-53,7.908112928596424024e-49,1.409896476128689869e-51,1.975063163827096190e-52,8.410576480530178798e-65,2.402668166334167921e-64,1.359457055971414516e-63,7.961402090083432049e-66,2.202861701989909182e-66,2.024967177229817181e-49,1.189880476231412111e-52,4.206774060365191167e-67,9.092772248354498967e-51,2.488760260650619704e-65,9.867860327899977951e-63,1.110048841921705691e-67,1.004014224476677275e-66,4.997076669473150386e-51,4.014775676871273226e-64,2.226596815051868423e-50,4.633859985841037194e-64,2.663175423243819958e-49,4.046011335884749622e-66,7.285166541602912734e-51,7.052393909170743220e-65,8.621715202458885732e-52,1.669878354977552333e-65,1.017427039955718249e-67,2.788572165659235206e-52,4.570713720453845170e-66,8.634859673246391683e-52,2.578809057153996066e-52,1.070888921627796352e-66,3.071436884254713180e-51,7.580687434437522846e-65,7.213929039295977413e-67,2.138260890021473306e-52,2.825354708592451953e-65,1.152006433530321927e-66,1.806000550294182222e-65,2.807120291054039486e-64,1.570673535784711424e-64,7.978008340569193280e-50,7.094268562851754578e-52,1.985854435724013954e-48,1.610119962133359205e-65,3.918293633000111199e-66,8.302048277807294933e-64,1.053490357508175222e-46,2.261700981388332379e-64,2.745362296587444871e-65,4.634630751092910542e-52,1.668729777216959943e-61,1.761485959025738248e-49,1.530116029562243185e-50,1.165274889588486263e-51,1.868955088233567335e-65,1.339207487588322048e-50,2.951233259076276719e-50,6.919820338637264103e-52,1.860768011693880889e-66,1.335406575963946977e-52,6.601790065495777848e-53,4.779231595065343086e-65,6.310547825899666583e-51,3.733797172392672789e-65,6.715517350236390976e-65,8.522768846192273955e-53,1.323825925462686826e-52,9.366458452800015685e-63,9.251505392927335910e-53,1.995774862074935553e-64,2.129590999648170033e-44,3.890172004543830960e-66,1.721976022220865986e-51,7.723862699800629354e-52,3.687829963761214712e-63,5.954793828894068586e-65,6.364461313773018187e-51,1.026632448005142854e-50,5.563990308375512262e-48,1.638339524813537305e-51,3.731098909629297149e-65,3.060954306857812772e-65,6.879647072253315870e-52,3.902067079500556636e-53,2.940096989011576880e-47,1.148176101901272021e-51,1.069396311802622964e-64,1.070299540319299366e-65,1.231976398271899793e-63,6.435537022700287407e-49,4.152561943918162566e-67,6.876103477630834576e-67,1.120652129820126443e-51,3.602470423521126196e-52,8.558130465367809883e-52,1.218766692915542229e-52,5.647663795157963807e-52,9.120281304782639120e-53,3.792538397362848047e-51,2.227885249496796321e-65,4.929798961778912635e-51,1.594164793790681784e-67,6.647817687956199492e-64,5.670342204958891545e-63,1.072023430550768627e-52,8.412825386443390567e-64,5.359945447498695340e-51,5.850556040372096214e-67,9.618775297000344755e-53,7.251778845753854754e-64,1.140374814339165405e-51,5.841227033952929695e-51,1.443681810217818977e-50,1.062055361810711162e-65,5.245745739366181028e-47,5.053039078861774938e-64,2.241837550533013703e-50,2.214109563038576594e-67,2.778903655766418825e-51,2.122403189383044897e-49,5.653532384484988036e-63,1.245887496864947915e-47,1.293274336736537386e-65,1.204334720652612395e-65,4.028049007590196319e-64,1.133604600462572569e-64,2.793529584074818680e-62,4.584089858816661940e-51
1.099277284251642848e-78,2.042686608365725311e-78,6.542722836193688457e-79,1.002453422825543363e-77,9.294886766727561894e-63,0.000000000000000000e+00,4.909723730594527543e-77,1.388332295491329562e-76,2.694329931022973668e-77,8.561580306114062470e-76,5.096359972585459008e-78,2.090200433213368827e-78,2.111423891480819578e-78,1.460289053149593468e-76,1.552929164563977152e-64,2.138734636931019588e-79,1.451332472489395243e-77,2.337355887580346287e-76,6.025266669885339679e-64,6.209502087725678660e-76,6.506484254003751446e-77,2.129884334470020119e-78,3.604081331742123410e-74,9.173403922353773688e-65,4.272288734882462921e-64,1.641889213437754638e-19,5.845961385552127213e-65,6.985353637625092575e-77,5.334302363284597058e-79,6.435782155982200038e-64,7.695557147535644953e-63,4.283951890849601139e-66,7.040881697687871174e-78,2.490312247198449668e-63,3.175195453678773235e-78,1.768354861342546121e-64,1.001541985910159988e-62,4.487147459749455436e-64,1.078679603111899206e-78,4.752438403454122002e-65,2.760478377248410806e-65,1.319088056042451040e-63,2.990966799822417409e-65,1.504198996466896324e-78,1.882242566327209371e-76,3.023551946095297373e-77,6.893312002786241835e-79,5.338153678936649860e-66,2.824506504950397832e-60,1.107944664689522606e-79,6.116372361043427967e-73,5.379010631702567019e-62,2.724123528832461350e-63,1.006945302666912964e-67,2.358728296060299031e-61,4.788272585207488012e-78,3.098252726990023477e-78,2.842501021011972763e-67,1.669290551932241845e-79,3.074072571945622389e-77,1.778917718866418659e-78,4.166669768609573377e-64,8.564294497549717557e-79,1.529095163615873325e-65,7.026818588548782867e-62,7.216121457967354833e-62,1.257260811304542070e-78,6.341959785070475115e-77,5.995879715765222038e-76,7.397689787841911902e-77,5.754125647830270147e-74,2.735637405584956130e-64,1.183783790344732438e-76,4.928249420742124335e-76,4.758824953807976293e-64,4.541714337148461705e-75,3.196173702397059735e-76,2.980401770226147669e-65,1.514487260453275561e-64,7.477048284003890738e-77,1.514098457052459113e-76,1.739661109173909734e-64,1.131887597332427794e-61,2.713051264122586635e-63,1.368365438703909021e-76,2.997726987981140503e-77,2.780646429540535651e-77,1.740444462733961317e-79,1.373664527099460391e-63,7.017768119479721063e-75,7.535952661849157160e-64,8.153405934301012762e-77,8.744530312437109696e-66,5.814541798683081048e-79,1.913714817654245534e-77,8.780228719235584086e-78,1.134311600252504336e-64,1.392014759814786377e-77,2.270752198593693534e-78,1.123864061308069136e-78,3.914616094236818726e-78,1.736141184321733041e-63,1.636150868680204273e-64,1.366924217730734971e-78,3.678611685965924467e-78,7.385637654854624255e-79,1.003106701575938428e-63,1.505313428033099747e-76,1.034552004006772605e-63,6.617666639715946074e-60,3.958644015957858912e-64,3.009272826148737852e-78,2.564925295191231604e-74,6.966832758095259146e-79,4.529032286668196798e-66,1.339554816895404528e-63,3.373830722844437618e-63,1.485054808903554815e-63,9.128106877497931319e-64,4.298059545438345628e-61,2.502176753870802651e-65,1.329753240852206622e-63,4.943141934408315230e-59,4.070174527068054421e-62,1.683548078344210331e-62,4.326647162424868871e-78,3.210758707802624936e-65,7.779160957797127329e-64,2.800199260072523428e-64,1.247289435904955773e-64,3.033994360165493191e-77,3.145264037469725850e-78,4.514997363851163397e-78,9.107985322453831326e-77,7.426010782051636047e-76,1.499193734814344563e-63,9.011214857693895874e-60,6.972749712053884275e-73,3.491444498983987585e-64,1.388630049423655658e-78,1.641898477973313151e-19,8.797819778765998672e-80,5.778303327922840738e-75,2.774501073642197059e-64,3.372880381481026893e-76,2.069728453695113934e-63,3.136951845433144713e-78,2.731186014495130587e-63,8.653835411219357356e-76,4.141999108064087761e-64,1.297167059612933642e-77,6.986281663328791533e-63,8.053342073554439345e-79,7.874395292863642865e-80,8.704565627959658208e-66,7.107720147830296420e-79,1.977810656772410065e-64,1.181146459970679343e-59,5.003663592864417582e-79,8.361757695250499598e-64,3.056800557670377468e-77,2.202153148220546312e-79,6.819830905932671426e-66,1.404511977906813139e-78,2.428562286451584351e-75,8.748438299084231401e-79,3.452693419178291885e-78,2.652764672030323043e-78,2.042742136461949622e-64,1.873565337168756519e-65,1.282631960148110059e-63,6.669378294944909766e-77,6.624907529831174214e-79,2.846097908887323918e-78,5.971060678787484757e-63,2.786255096845962028e-77,7.343961858004298418e-76,2.037996782322753739e-64,1.028643877601750310e-77,1.264084859050961941e-63,1.400345542711510648e-63,6.133623275804963325e-63,5.982956462984489343e-77,2.241621600612377404e-63,1.830630502651005395e-63,2.657289591605119313e-64,6.153075974843263586e-79,3.046354336896637031e-61,2.572601437680784162e-65,2.557234252969960332e-78,3.233415132478117245e-61,1.625503466988959777e-78,1.493845187120715628e-78,5.957574383372786490e-62,3.890793291599246809e-61,2.138391796982958143e-13,6.753053862408763088e-62,2.173681381709468645e-77,7.456562325229281191e-63,6.363044424279190887e-79,1.512340193094311946e-62,2.633866728158358996e-64,5.577300410066227959e-78,9.967063238289890922e-76,7.945072559819588703e-66,7.666308955002856517e-64,1.710914108759455583e-63,2.996728822364613003e-64,3.116934383058365935e-76,6.108376799374510876e-76,2.118228439502724184e-64,2.034548690801036776e-65,2.052695136139010325e-62,1.087580388098966146e-64,3.130181656709456209e-78,6.595341005871541711e-76,5.274193288100157818e-78,1.108295457835145757e-63,4.715458411335240145e-74,4.684501009391330255e-75,2.855986232607237642e-64,1.140089939457833970e-64,2.936027772333438824e-64,2.806813130438742034e-61,2.118284038564136335e-64,7.581534518598167845e-66,2.522557975815008015e-64,4.838019948785587080e-77,3.113369493982188303e-64,2.089559771561472748e-67,2.162635724956856883e-78,1.247390958497847043e-77,4.431543773752753452e-62,3.448216137114962899e-78,1.702586178244494681e-65,2.156191458911775102e-79,7.191090492286326167e-59,3.729877815992969419e-78,3.998425571112862761e-64,3.221038947773061954e-62,2.419522716063943868e-63,1.043433129445017197e-78,3.511452161524227446e-63,4.059343488406803228e-78,6.160480173232234767e-64,3.127584926213758239e-73,7.537718665505825837e-64,1.164384629551454728e-63,2.871287102564338824e-77,1.760814098974086517e-63,1.271333980180895205e-78,8.216907896153151900e-79,1.886323182641596184e-75,2.445674638464403825e-78,1.049117453027261604e-76,3.279785077854678956e-64
4.704879314281913679e-82,1.464588309028754409e-81,3.206786835508017923e-82,1.579691751046095998e-80,1.820275173276561972e-65,4.909723730594527543e-77,0.000000000000000000e+00,1.535574039771926020e-78,5.514953514344553662e-79,1.163175148292304554e-79,4.163216632239999916e-81,7.650987242335098587e-82,8.282568298988098420e-82,1.856626128258923015e-77,4.975213760786906974e-68,6.165612074534233884e-83,1.191126711207620809e-79,2.576660748965485484e-79,2.800156398952695443e-67,5.904373543186805941e-80,4.400173400767275767e-73,1.106753525569655211e-81,3.024904495195084811e-81,2.269388995989641723e-68,1.507666748975274621e-65,2.956470904855399918e-77,1.832442814057503420e-66,4.000000006650834550e-01,1.774018791403399171e-82,3.822674710189868500e-67,1.218365282117341686e-65,1.856350530140102084e-69,3.728853838339409632e-81,1.347995312480891879e-66,2.317930283156910469e-81,5.386822733730250059e-68,2.451011432967064629e-65,3.468337720531867141e-67,5.530547367828842261e-82,1.132870635710790714e-66,1.866746827886910629e-68,5.607599951527066133e-67,1.192675090185213178e-68,1.108174884408635269e-81,7.769414118235964508e-78,6.733302093559815626e-79,2.872504945712550279e-82,2.123653199173619256e-69,2.869484396757428632e-66,2.788134251217379519e-83,1.572377070425563750e-81,1.625073762662330874e-66,1.633469665994694912e-66,4.051350400146297596e-80,4.004339420140572847e-62,4.810649330870684114e-81,2.357641679743692361e-81,6.801529127017595990e-82,3.754598312942997362e-83,1.071557998692260195e-78,1.177557945084412470e-81,1.750197526340197400e-67,3.900660961873215205e-82,4.920281346490924025e-69,2.658287551068281593e-64,7.736843647083702766e-63,6.307527192871385857e-82,1.578133828566818614e-78,2.034994847031137606e-79,1.278047181459387838e-72,2.986093444295924970e-81,9.684225277843655524e-68,2.333613287081930052e-77,1.871096337068415904e-79,3.038248556074143517e-67,1.140107116577139646e-80,1.914094775593846927e-79,1.235747947904338072e-68,1.322187585920364974e-67,3.773091323126147697e-78,1.500459121941058442e-79,5.313254952731588753e-68,1.428835387537373101e-62,2.612501131958800812e-66,1.030596052516231987e-77,2.404624045279873654e-80,7.444338829794777380e-79,5.042449353433215473e-83,6.336261836220983881e-67,1.299227409259352541e-80,2.992653182796075399e-67,2.950814433947751637e-73,6.491673504791768999e-69,2.109794964882798221e-82,1.111849865972866567e-80,1.344998335078499890e-80,4.678927662448122635e-68,6.984901241284544980e-80,1.487475971441282358e-81,5.608700732480718661e-82,2.040842901594770539e-81,1.443830470056516102e-66,4.942561215279548857e-68,8.857625741542075019e-82,1.967854993788389963e-81,3.085503181278443018e-82,7.134183306563464460e-67,1.539940053080943379e-78,4.246683423253087071e-67,2.804096358653703727e-66,1.749035948068666464e-67,1.751854491345684379e-81,8.205341613582822416e-80,2.657246964617316593e-82,2.268676745884517518e-69,1.215092855996018168e-66,1.799045982740248879e-66,1.895671272564101488e-66,5.415940328639825310e-67,1.472918004315801647e-66,1.447166858082615743e-68,9.490593872133363601e-67,6.571915892399317635e-67,2.305149886597140749e-64,2.022628938738992774e-65,2.306157133664750284e-81,1.215371621680213168e-68,6.359863784454505270e-67,9.967028374865935695e-68,2.860419192887625563e-68,3.074523418244572482e-78,1.822991650175976658e-81,3.635136086046953243e-81,2.094704212444951816e-79,5.286612188432698391e-80,1.147845390616721807e-66,8.902430223774340716e-67,1.626264438841878636e-81,2.400458913029635232e-67,7.627032657587820390e-82,4.754784830265344780e-77,2.329551027376976361e-83,8.861277659498683268e-81,1.348769560290892999e-67,6.864173286275904967e-77,7.807102936602266109e-67,2.195968577754835668e-81,4.203342272253933133e-66,2.571975732456261026e-79,1.614681398601227547e-67,4.724201917361841488e-81,1.217375039789558991e-63,3.535015667991591264e-82,2.187812121315889262e-83,4.839873956795931310e-69,3.131041475648176084e-82,5.412384087424218233e-68,2.410000339342430394e-66,1.689400256902078069e-82,3.937683686366930593e-67,4.413463318038478793e-78,8.571447676358213728e-83,4.201669950168358359e-69,9.023305449384803750e-82,2.812832950141298670e-80,3.431735719117561252e-82,2.831997571415550696e-81,1.772329170918763885e-81,1.641532031550053821e-67,1.062793512759683912e-68,1.203580222758021434e-66,4.663918358740883874e-78,2.262022763915381656e-82,2.184798292650448238e-81,5.130999750646932565e-66,1.982836444862084073e-78,2.449621279328618993e-78,4.728443033611996576e-68,1.641264688546623131e-80,1.005405859267976557e-66,6.116613585570562633e-67,2.325354778485778028e-63,3.999999996778022537e-01,8.517754352015995706e-67,8.037724148535022795e-67,9.101284010797899582e-68,2.351784600970247860e-82,1.684785663833120063e-66,8.554901019001447078e-69,1.406593158293362571e-81,8.304949386190870375e-63,8.422192914949172493e-82,7.971975277436835000e-82,1.857585723659002389e-66,1.533081583321010851e-66,4.473742162670870764e-77,1.392537786982190377e-66,5.633080540184778105e-79,1.572456967392989706e-65,2.536091499323813320e-82,1.553473592998464912e-63,7.200250934936232070e-68,4.407943175364295546e-81,1.237429671686235411e-76,7.496963711682020050e-69,3.071071816881700112e-67,1.582177173726702051e-66,1.198137238850026654e-67,3.197223180764256704e-76,4.337063360032857104e-77,6.421827600524253838e-68,7.629580033095771622e-69,3.121965297457633944e-65,3.745817524410432414e-68,1.601012330288388713e-81,2.713907472498560433e-78,7.774315728630390428e-81,1.490196092177475109e-66,3.045062530406392759e-81,7.814338673457708852e-81,9.960738657851122330e-68,1.702253210076916109e-66,7.539155307221623991e-68,1.389701043407252350e-66,5.509516935625066601e-68,3.646631365038376437e-69,8.856108882219819254e-68,2.485707046619305522e-78,1.128800529101763218e-67,7.907026383994183364e-82,1.210535738069824208e-81,7.493932313828665807e-80,1.877694634181489974e-66,1.962356284648665862e-81,1.200285582300906402e-68,7.077720545221191576e-83,4.587340690629818274e-67,2.775733424522258443e-81,1.246678507972241529e-67,4.546772654316153992e-63,9.104910017738420367e-67,5.305472899992111382e-82,4.152085963659976628e-66,3.747609272833526743e-81,3.535090656194183270e-67,1.079568927107347864e-81,2.714934800523792549e-67,8.810210511903008784e-67,2.812374949096071996e-80,2.067880578000329303e-66,6.366619756195109900e-82,2.721392290713175444e-82,1.216307366458207153e-76,1.881279683132928085e-81,9.178366054967234462e-80,1.578101535781779187e-67
2.136887540607697307e-82,4.894203503253570731e-82,1.314631057875569955e-82,3.317594185535835926e-81,7.509178490438708113e-66,1.388332295491329562e-76,1.535574039771926020e-78,0.000000000000000000e+00,1.345686406534539204e-79,2.240719024122241182e-78,5.280306206287150416e-81,3.590657796379727690e-82,4.071045875022683159e-82,1.235112140736095793e-77,3.401019344463942476e-68,2.867517606530813209e-83,2.414520701710812932e-80,1.245611141487984088e-79,9.613384308805431827e-68,1.242537895482619839e-78,4.714676487480097376e-78,1.139554700580114985e-81,2.420201418462623259e-80,1.797857717842769702e-68,1.695995853952784991e-65,1.159268606781770563e-76,9.969305506825208591e-67,2.120998290495370596e-78,9.200201420407017125e-83,1.265456085208328921e-67,6.626319164571733676e-66,7.400574296459296080e-70,1.548954490568915692e-81,4.985765313344042155e-67,1.197812810997579677e-81,3.200334920771481923e-68,8.661771198296044254e-66,9.473030359827912485e-68,2.364652114080254367e-82,8.503875927785715358e-67,9.367169370819151183e-69,3.993956469979345959e-67,7.728883663479207177e-69,2.285470160831747212e-82,9.312140885336140507e-77,1.988404150454969484e-79,1.123631192006721593e-82,1.112552189533981650e-69,2.017609267991185286e-65,2.053368444583297814e-83,6.639982381860649860e-81,2.617724539126582205e-65,5.965661529960606527e-67,1.658680623192128828e-79,2.289264973618141531e-62,1.233784810258294769e-81,1.536414549874023159e-81,3.149712982913490183e-81,4.017293530734916543e-83,2.876860718923675320e-79,5.922221695213719465e-82,8.264553772449125085e-68,1.359268355173338139e-82,2.211673275089413460e-69,2.468548249239118581e-64,4.555112612584358030e-63,2.465377745037550651e-82,7.267609822931451810e-78,1.951827782085229372e-78,4.871394255718122406e-78,1.346950136595028742e-80,5.615951116059779770e-68,5.448418871464061226e-77,2.150184810664197557e-78,1.120606109229054513e-67,4.613146178559981368e-80,1.226661205826079056e-79,7.373576592203152140e-69,5.182799999493355233e-68,1.117907994673713240e-77,6.410398927555995734e-77,2.972178538530831480e-68,6.453679235863352221e-63,3.640533195508145441e-65,6.235209893278168432e-77,2.728693744924524984e-80,9.058648803830529516e-80,3.214659502654315033e-83,4.187801146560789186e-67,8.934677863125865028e-80,1.459920773260717246e-67,1.021688397268808875e-77,2.762342812610342104e-69,1.354706823366354704e-82,8.591701416846652133e-81,4.714005659767300348e-81,3.850738081835930109e-68,1.392593769961479732e-80,5.149850512054106752e-82,2.534577004336298257e-82,1.521101015213519420e-81,5.319069212230031472e-67,3.188432373193273804e-68,2.349100122276378020e-82,1.224881280839128538e-81,1.389069190066201784e-82,3.451035851864872135e-67,4.000000019547300112e-01,1.126161025429373766e-67,3.172944712527506080e-65,8.100520201338127517e-68,1.032472114419307569e-81,4.893516792560725785e-79,1.248284765755005700e-82,9.920135302036243536e-70,4.768981652024221924e-67,1.422008881183505999e-65,7.088540223809823625e-67,1.452735859625392140e-67,1.123451041685083532e-65,6.454644321340052185e-69,4.343398176787692735e-67,3.915465701679819095e-66,3.408669779874882203e-64,4.556822350003654295e-66,1.545450241631061815e-81,5.723633277159608513e-69,3.580240181807031370e-67,4.015972476435426168e-68,2.303722009967521615e-68,4.000981474127594478e-79,8.277723280874527252e-82,1.530370864664036007e-81,6.021084323700476373e-77,1.166556461704262983e-78,4.010188179653507947e-67,4.818912979824991493e-66,9.355937117375566457e-81,7.468713397980589614e-68,2.773426482257918920e-82,1.636296136715856207e-76,1.038910675142172568e-83,6.160917005482947893e-80,5.208437109303411407e-68,1.001940368927917890e-77,5.794340301253284941e-67,8.659152593186159752e-82,5.617061739564677001e-66,3.921726726263100284e-78,8.622514304264760244e-68,3.020763080174474384e-81,2.269364891820844366e-63,3.010021021645530514e-82,1.056272052743109293e-83,2.047543680585056626e-69,1.616407822411045493e-82,4.172558061912489174e-68,1.203935330437033374e-65,7.520842241541851717e-83,1.481287239512446328e-67,3.502192536078659140e-79,4.451113961441981944e-83,1.919860032075292416e-69,2.704080102091129556e-82,1.104428962683229504e-79,3.082917912694217178e-82,7.353409480549169658e-82,7.149744549125436596e-82,5.447716185482997319e-68,5.584750675556578284e-69,5.144649559039054688e-67,1.063203840964943433e-77,1.309007691778651055e-82,9.383522592948733388e-82,3.209920721977755370e-66,2.044020227667918389e-79,3.619938918067415025e-75,3.456956203698316125e-68,5.023706826740826043e-81,4.034183772381832943e-67,3.515726903437284748e-67,2.248742784056912498e-63,2.263682050360078951e-78,3.077068312208156030e-67,6.704469942531686552e-67,4.787425040489956120e-68,9.642073416414035549e-83,1.641182543324105912e-65,3.773443336168540007e-69,6.066673879337752562e-82,4.245891465685748974e-62,3.639257475952408975e-82,4.674965642454180793e-82,3.262771829357572437e-65,1.076941986665924141e-65,1.360576176471190278e-76,2.580372124514093501e-65,1.396686796072822983e-79,6.321578556726151352e-66,1.141062028191863287e-82,3.998059807450436834e-63,4.968220824364465774e-68,4.311243983566922703e-81,3.052325563462571030e-76,3.295300464981414799e-69,2.074896377789858493e-67,9.173009273436608187e-67,5.245962206866278180e-68,1.257954824550495286e-76,3.711067302770538856e-76,3.351743687441131894e-68,2.407376381582890022e-69,7.096659579845160172e-66,3.670272362837303532e-68,8.248225265780968886e-82,3.999999988973998444e-01,1.686647454158328660e-81,1.187926024895832545e-66,1.413108748943479006e-80,5.300170905897448565e-80,5.172554704414492901e-68,1.554810762976935404e-66,6.045712009894508284e-68,1.426240625552464694e-65,4.048695935611637739e-68,1.573659576624973200e-69,6.620446642655472722e-68,3.779940321349321523e-78,7.596760580026411980e-68,2.591074569981842284e-81,1.040721681127855680e-81,1.799946276510247510e-80,4.210060053320180729e-65,1.056978596654640628e-81,5.508015138255009882e-69,3.720174448832585068e-83,2.584734780121883323e-66,1.045825519128858259e-81,7.391834669870235832e-68,5.719156993573101926e-63,3.195850818451933148e-67,1.713355455848724550e-82,1.786431218536792620e-66,1.111074558802634650e-81,1.248369624256053185e-67,6.170775841807699133e-81,1.023542509584837548e-67,4.039188294488782507e-67,7.045556495553668933e-81,6.963106019355838261e-67,2.053698013871313441e-82,2.490274472949558659e-82,7.049701824936099129e-76,5.857592752411549060e-82,2.810691213302099337e-80,6.393738510302480175e-68
4.018326567253653087e-81,1.325188657632204965e-80,1.702483920597108349e-81,1.608874749673863251e-79,9.773182927340093409e-64,2.694329931022973668e-77,5.514953514344553662e-79,1.345686406534539204e-79,0.000000000000000000e+00,2.790860514638814563e-80,2.754732444539654838e-79,5.406595282006649396e-81,5.114360038896887909e-81,3.792536700323286415e-78,3.672777486690450588e-67,2.266055942884338767e-82,1.476784258650350228e-77,1.152106922040521614e-77,1.988996611898274705e-66,1.693707711227803165e-80,1.306351299013620531e-78,3.653834569228019170e-80,2.126463807373828484e-81,1.113152709759243580e-67,1.471109393437063311e-64,2.165672192913126953e-77,9.515227358573229574e-65,3.142090186726474333e-79,8.821112491925419654e-82,2.625391339533343993e-66,6.975787635382968009e-64,1.390685143563389666e-68,2.740801186345318689e-80,1.081219781426396424e-65,4.066628729904797293e-80,3.315306651497512912e-67,1.570767304618595409e-63,2.594756081793930603e-66,4.450107427538140091e-81,7.723092793242314652e-65,3.734204579654234824e-67,8.120722558525186688e-66,1.001841419218169098e-67,5.718330283568879428e-81,1.346936354784193946e-79,3.525150866725220803e-75,1.319244741146019979e-81,1.898734850461097900e-68,1.228235569433195589e-66,1.399634757139728667e-82,1.027205259105414383e-81,5.073145917599887097e-67,1.316405111749623321e-65,2.849214773097749907e-80,1.430532700255398401e-64,4.571623078369006212e-80,5.928735975353242565e-80,4.673940076834824495e-82,2.839005433425185220e-82,9.368412998675346518e-76,1.486272794832307584e-80,1.006690804018909077e-66,1.948568007299554408e-81,2.168125634606425877e-68,2.443943313062053411e-61,4.627433515401810685e-63,4.711484478650927973e-81,1.303009263994167328e-78,2.314643278723558389e-80,1.112253966107261087e-78,1.491050614677293889e-81,5.763142052022210494e-67,1.979308931014290903e-79,2.261592099290085173e-80,2.945827792434055138e-66,2.980426717359820953e-81,3.969358304289443898e-78,1.067719668820901092e-67,2.370200289400101597e-66,7.329018221725593173e-79,6.498966702976619911e-80,3.002998127214220355e-67,1.810472669256121972e-62,2.392472615987153131e-67,1.339991303576324347e-79,1.458708286134751780e-78,3.999999995988642865e-01,2.470060132376231204e-82,8.190566161815128795e-66,5.550760103796348677e-81,1.754435210467045701e-66,8.559164821032945165e-79,1.378671974571449995e-67,2.044516623748943555e-81,3.867937795240340027e-79,4.154457856620700450e-79,5.929509373627219845e-67,6.452696692397103789e-78,1.352256343942284602e-80,3.905892599720870555e-81,4.989135307252799216e-80,2.137926604158480250e-65,3.458588474919169930e-67,5.853307397163552635e-81,4.743895897211878366e-80,2.034549407608203454e-81,1.820669604929338555e-65,1.231277657019117399e-79,1.510090292466169520e-66,1.856802127649675937e-66,1.001745543384056509e-66,4.069743189445925670e-80,2.644204687034924275e-80,1.576055498280845652e-81,1.552873218904675275e-68,1.591986218917164105e-65,1.511333362960564030e-67,4.318586410119969115e-65,3.323431623982200868e-66,5.221673591509130930e-67,1.428063558898650105e-67,1.269400505592060209e-65,4.656095794476892412e-67,1.024449829675076715e-61,2.439054499487743152e-64,3.998685294102944776e-80,6.057820457373246813e-68,1.660700351446508031e-65,6.187561680611049889e-67,1.504939784229273457e-67,4.436144034346271951e-77,2.460169009848018274e-80,6.175081925647272103e-80,1.383578988531873668e-79,1.600984776177675150e-80,1.536684773644573264e-65,4.602685540065676817e-67,1.315352127259331873e-81,2.045421811772240172e-66,5.918043613654502340e-81,2.972954948603892408e-77,8.245501676128331168e-83,4.347010129343854629e-81,1.266400255362212611e-66,7.470479708114783980e-77,8.834476870296739931e-66,3.078777389869002300e-80,4.211890612419855065e-64,3.584732222172250008e-80,1.695340337977100580e-66,3.502045171701027714e-80,2.970302472958084924e-65,4.861241296796634291e-81,8.120391243116816463e-83,4.753679353339788166e-68,1.983085569111614952e-81,4.928825872188300051e-67,9.876843991558437650e-67,7.005170397156062538e-82,1.818136138228881167e-66,3.139077964448474920e-77,4.357161164133845669e-82,4.372286952877763242e-68,6.519607381622601389e-81,5.648928310540122246e-81,4.935103061081196981e-81,2.557857536657384067e-80,2.270854737949389743e-80,2.640498895225012760e-66,1.264069678526745301e-67,2.930620172281476196e-65,7.346966589024214631e-79,1.767725632731612363e-81,3.806363114660258146e-80,2.098989674485730276e-64,3.999999999412374163e-01,4.491971250939311055e-79,3.102925074230398994e-67,4.860304144623404996e-79,1.437698156365865401e-65,5.207632287055568624e-66,4.126261396296978798e-65,6.070803832560678077e-79,4.656282986569785361e-66,9.394453673426081700e-66,4.510077573402690539e-67,1.225453507062254013e-81,6.927087351397029056e-67,3.926903967716762109e-68,1.255669844473666564e-80,9.217287674591712722e-65,7.912527060586680037e-81,1.058294948613929163e-80,5.482031972224067227e-67,5.878710452902469965e-67,2.811075671623975249e-77,5.223713954291455686e-67,1.181041547015990225e-75,9.407401244683105707e-64,1.715036600544840621e-81,5.242902201507777057e-65,4.931795470648565464e-67,2.605710977207592990e-79,1.199574993902653637e-78,1.468973014972094589e-67,3.484782334270340344e-66,4.987484415912347521e-65,7.609620517680214499e-67,1.154568546360769584e-78,6.397363340111267557e-79,3.664882437032691854e-67,2.538779042685379123e-68,4.944380183841838602e-64,4.812068622036570533e-67,1.798841899188846508e-80,1.786093574936727544e-79,7.767246035605879983e-80,1.063237879340483084e-64,1.518552783188915251e-81,3.323938998492958111e-81,5.756111245991075476e-67,1.708361737912325581e-64,5.144217827174479020e-67,6.217315651416336940e-67,3.861377078406813825e-67,2.905535029537478318e-68,1.176585883986324979e-66,1.432461987258829601e-78,1.389720845659436246e-66,4.676328505901411373e-82,3.798717929766006074e-80,1.004542110312776163e-77,6.993447992077621657e-67,4.099375462637085438e-80,2.136104857256331582e-67,3.489092320014991198e-82,3.232616912091284070e-67,3.728675159744981060e-80,6.914888068274881101e-67,2.231574580355064238e-64,5.520016096954643229e-66,3.943410541317464726e-81,1.254043680098957567e-64,4.220755707388752907e-80,3.504603501344817904e-66,8.188423600869546311e-82,1.328561211061098678e-66,1.272801527548131878e-65,3.150113595036318256e-79,5.081660506801538418e-65,4.002273579523872863e-81,3.785644459673042842e-81,1.550402802648767600e-77,1.676185278178143098e-80,1.277086433311629828e-78,1.186035124237969282e-66
1.802645026599443004e-82,3.665042623155400049e-82,1.014034464090472932e-82,2.332588875538133773e-81,3.349218023805001705e-66,8.561580306114062470e-76,1.163175148292304554e-79,2.240719024122241182e-78,2.790860514638814563e-80,0.000000000000000000e+00,2.002628578530284549e-81,3.125623068213569917e-82,3.445257891821902384e-82,4.381779101330051475e-79,2.714036358142147825e-68,2.410001038599825581e-83,8.770120136568585465e-81,7.491382376053065153e-80,8.766658281035524592e-68,4.000000005475185527e-01,1.928168925821109788e-79,6.572886905028030603e-82,2.432945273009939449e-79,1.417000950496820995e-68,1.085391896443081006e-66,6.280539145514430788e-76,1.013142834092706751e-67,1.656963490693757182e-79,7.998084144991660107e-83,1.040385108172903464e-67,3.033592981890484853e-66,6.803310028170647285e-70,1.069352839365680976e-81,3.973582243427866128e-67,7.259234223087069446e-82,2.681579698797009360e-68,3.868429605658007192e-66,7.359721901885711162e-68,1.738746066636295719e-82,8.552314999340510715e-68,6.567645347042288212e-69,2.988843758118703697e-67,5.500065176881655342e-69,2.185307881289390850e-82,1.904623985374647059e-78,3.346492017205868556e-80,9.918883107238856925e-83,9.162124760710554009e-70,4.988448719747764089e-64,1.623858463522806204e-83,5.303142019139936140e-80,6.882930591190292549e-60,4.763863340034258949e-67,1.082844696706780598e-78,1.540220314292663162e-63,9.358855565609243293e-82,8.900448583378266929e-82,1.642650658000784376e-80,2.981872704322929791e-83,4.468159320140534014e-80,3.665926304329919659e-82,6.562247235237030412e-68,1.311539600284643094e-82,2.286228366296856467e-69,5.150160792046621494e-65,1.908191760469285660e-64,1.975174683886561415e-82,2.431603779101365437e-79,2.883855609817864686e-76,2.375885123332092470e-79,1.771006466121327581e-79,4.534854888891150587e-68,9.511375465823167132e-79,3.527913876406730136e-76,7.759658330507546077e-68,1.446279844043988159e-78,7.576595979454934647e-80,5.454292358898789456e-69,3.360111647631594607e-68,3.151076254870236825e-79,1.522579494228752927e-78,2.498103832482658060e-68,2.795485142033937198e-64,1.380368259695630038e-63,1.308218911213012893e-78,1.354618602301651551e-80,2.413402475647818587e-80,2.583099541693631945e-83,3.022166146554818567e-67,2.358920595063917796e-78,1.193949785883778255e-67,3.249002990357054292e-79,2.025639266673819437e-69,1.066005849214727954e-82,5.208866412328740751e-81,2.635797425140903805e-81,2.463057142350003512e-68,6.375703075697038936e-81,4.062720663462778031e-82,1.866328625930027778e-82,9.935866647551445801e-82,3.601527430200074177e-67,2.773498103417403592e-68,1.971491969854912728e-82,8.767767862691409864e-82,1.158939058688628592e-82,2.435178061465267834e-67,2.328751608881560409e-78,1.190572798966571720e-67,7.979947693573803744e-64,6.070168471711912557e-68,7.209563102172997576e-82,1.686675933188593523e-77,1.022341878716434247e-82,6.924966075262277037e-70,2.923533240556819354e-67,1.341095731938302317e-63,4.694703248702949940e-67,1.282903705223732001e-67,4.243259707187173562e-64,4.684920298549794915e-69,2.878763015574896383e-67,3.359684858710981482e-65,4.933992425931950144e-65,3.670728239482494937e-66,1.001353904265012121e-81,4.920246726770998955e-69,2.163723695383785710e-67,3.937502360506563179e-68,1.877487299913195777e-68,4.186262647345266738e-80,6.138462189506488872e-82,1.047555929969604044e-81,7.503725630315962986e-79,3.999999992820377770e-01,3.141150880087827653e-67,6.622781387510665736e-65,7.083064154908222842e-80,6.016620118033810329e-68,2.541311747192059157e-82,9.234305449386222971e-76,1.081803480638476714e-83,1.753593842297202351e-78,4.479273536767027073e-68,7.051984952802913074e-79,4.223634005592183920e-67,6.457934136098627276e-82,1.913037837517167578e-66,6.595200796262770372e-76,7.060537502356454179e-68,2.315415960865597247e-81,3.754721376795460099e-65,1.873400354380963261e-82,1.048132362398002554e-83,1.457224661004722585e-69,1.280906419493973421e-82,3.406891671546401592e-68,2.398420063817523464e-64,7.199128573568354975e-83,1.192857106818285508e-67,3.957452091865668121e-80,3.205255218650324124e-83,1.464754550781825829e-69,2.174976196384476471e-82,4.018821090308675482e-78,1.967174988719916888e-82,5.709354674014581609e-82,5.287129149674355097e-82,4.257866837127111867e-68,3.839761886117798152e-69,3.175690244462643751e-67,2.822810129328176606e-79,1.124268494314372147e-82,6.434768504212415225e-82,1.745686461859236801e-66,3.380506033525116930e-80,9.936868566783274011e-78,3.133223125112130768e-68,3.113719675342601111e-81,3.092656855129122766e-67,2.599596887265696109e-67,3.150434197252903207e-65,1.531980862647241985e-79,3.180105366937847487e-67,4.221620276506753832e-67,4.271566015791916522e-68,9.156151804993347601e-83,7.627515847201335381e-64,3.340630195979320623e-69,4.696149149320948547e-82,4.490848595800742351e-63,3.054638412307633196e-82,2.925023519450995918e-82,1.770879788635916974e-59,3.365872711763076249e-64,7.605779966905471544e-76,6.452292789155490644e-60,2.263097896982042650e-80,2.918991519304450227e-66,9.874440273774588779e-83,6.565773973410716150e-65,4.331536636414717995e-68,2.075141735048654475e-81,5.474864434607758712e-78,2.108544366240460312e-69,1.413804608611617589e-67,5.216923119352459982e-67,4.600588065180199288e-68,2.001308034657392499e-78,4.988987623234061492e-78,2.954790171114186328e-68,2.318823848331051078e-69,5.031208687581752060e-66,2.223581496483473116e-68,5.595779360506376092e-82,1.245522816247571245e-77,1.188567751764546630e-81,5.717694556587027513e-67,1.493425030740441770e-79,1.608380332104853878e-78,4.376432154369533826e-68,1.669968515421840542e-67,4.917463185063089178e-68,5.190888349315785169e-64,3.409205781115103554e-68,1.333399838341250843e-69,5.020329397642417856e-68,1.466972002277201075e-79,5.726032420703818848e-68,1.588569735845306811e-80,6.237793427698089067e-82,7.040836385304043189e-81,2.072410938727254010e-59,8.600318369824989411e-82,3.931360214284070448e-69,2.894224697265904277e-83,2.151600692787109384e-65,7.741714188859668031e-82,5.821019648249748698e-68,1.313419479609269370e-64,3.588262491848969372e-67,1.614884024056629876e-82,1.084787859129341428e-66,8.633365313042534145e-82,1.038152939822443392e-67,4.460220657873762153e-80,1.055050640336211900e-67,2.290406727070050174e-67,5.104168477850581048e-81,4.740959923714923954e-67,1.827625002723446345e-82,1.774619375160443155e-82,9.711094952823791638e-78,4.476581467954335449e-82,2.498798790166191341e-80,4.610885472674647588e-68
7.937245135109125290e-81,2.654473440425441836e-80,1.774292871369226174e-81,1.143028471832247407e-79,2.303927630315503767e-63,5.096359972585459008e-78,4.163216632239999916e-81,5.280306206287150416e-81,2.754732444539654838e-79,2.002628578530284549e-81,0.000000000000000000e+00,7.394130693389412120e-81,7.527551316784893358e-81,2.880911783891660603e-80,7.152525728832360163e-67,2.558401240979617242e-82,3.013406404793045038e-79,1.113416209142404811e-76,3.289560936029847928e-66,1.459850379315287401e-81,9.396177262075657507e-81,8.432029535780505608e-79,3.807613941035871588e-82,1.567360450536377036e-67,4.118527493921487376e-67,4.601817643982832638e-78,8.308499819836546214e-68,2.610680390284082931e-81,1.209351014748706074e-81,3.755790919323682919e-66,7.952243015941840961e-63,2.231585700838320230e-68,6.019242129131664151e-80,1.665379704550293212e-65,2.194529768800977338e-79,6.252546482057789564e-67,1.456468632364571278e-63,2.997931504767762857e-66,1.007106550518188994e-80,1.076579363022787529e-67,2.663291006877822300e-66,3.694969884879658758e-65,1.945287683300909035e-67,4.057911819097179161e-81,3.091460018667989387e-81,1.912452023436746586e-79,1.154967472229174046e-81,5.016934566418764903e-68,1.722285271505065963e-67,2.123411370667767330e-82,1.610176885684336268e-82,5.812815532835347296e-68,2.103941299281340510e-65,5.403381049651786820e-81,2.202771567501553641e-66,5.236362990026619018e-80,5.697135230546439644e-79,1.037361976426945850e-82,5.706543510512694449e-82,7.912394169327029288e-80,4.500318538709461448e-80,1.575064601057954048e-66,1.843507589681729868e-81,2.412674827625041701e-68,2.738002258404778162e-62,2.325094417379499592e-65,8.262579250326544918e-81,1.938372084690773605e-80,1.011926147587835082e-81,8.794759570756249108e-81,2.261367500502907193e-82,8.944599917146024785e-67,3.508888555100418553e-81,1.212942446823863129e-81,5.380639123728031028e-66,2.510692328579302739e-82,3.501065919016916230e-77,2.013489130644039864e-67,1.024908995814902904e-65,9.024793011658135427e-81,4.797952392093852418e-81,3.885261045880899046e-67,5.552788552087984814e-65,1.146958599906625828e-68,2.676708349595846818e-81,3.999999954298401050e-01,1.352944899292291389e-79,3.105791024599518218e-82,3.528077568907810968e-65,6.418724011154865152e-82,1.909935103422755986e-66,8.640077197685366005e-81,6.623185438711296822e-67,3.836893088679363388e-81,6.687064199582373988e-78,1.380461693658090203e-78,2.165555287736844198e-66,4.035357816818931048e-79,2.774739152832617235e-80,5.685856483250591190e-81,7.651096279891392569e-79,4.978278081177648886e-65,5.821177178403389209e-67,6.292677008064016783e-81,4.223597154578873442e-79,2.864855426016993944e-81,1.280299149182645387e-64,3.821755107365385385e-81,1.346085023454213598e-66,3.923390302524729259e-67,1.639384753724741586e-66,4.706072883272775087e-79,2.667383777919098833e-81,2.992014261447521801e-81,2.890265122438170354e-68,3.284805450267443130e-65,6.455269379486067377e-69,1.595521302345462654e-64,4.341643613457803137e-66,6.375210977111603818e-68,2.937091740950499459e-67,4.058814778395173426e-65,9.548816683270751052e-68,6.993151197507770490e-64,3.108279351338050240e-64,2.315504001456790069e-79,7.205173528497527037e-68,1.461653333548687461e-64,9.417392754165592045e-67,2.478363102835112490e-67,2.565207844090309019e-80,8.259983093044425660e-80,2.322453527753341935e-79,8.874427730327199307e-81,1.620186288523609700e-81,3.393909447043295309e-65,7.163400409008018790e-68,3.230275268999360727e-82,2.460027557025896265e-66,1.307971995289635174e-80,5.732675266262683193e-78,8.125756172647201292e-83,5.210515344950955606e-82,2.376681597165783987e-66,1.307555330936132088e-79,2.619956952158789903e-65,1.194011640183803607e-79,1.130898526434689374e-57,2.256609027310971480e-81,5.428008629148841028e-66,6.434211681514302071e-80,4.186347435295351032e-67,2.441833081521333904e-80,7.716637968624320755e-83,1.174832812806338385e-67,3.613387768380589338e-81,1.159730784889689955e-66,1.437044038286674878e-67,7.528251004664149446e-82,1.796395341325209573e-66,1.803137379847068504e-80,5.024626871364969078e-82,8.822874692287576453e-68,7.157728471230231828e-81,3.945456173109265095e-82,2.931893058993687254e-80,3.724024846330690192e-80,5.004131515922955044e-80,9.340236650192086380e-66,3.662198820262714858e-67,1.494442357047678001e-64,9.172379506415760259e-81,3.610587927740691167e-81,1.673608322214127944e-79,3.393263039046775687e-63,5.141412095054423476e-80,1.850474529678761345e-80,5.512919020449163887e-67,7.971188186102205302e-79,4.589723592621739743e-65,1.383309512165016863e-65,4.962813278895413686e-67,4.967502752120081399e-81,7.474567188059270072e-66,3.620237622975513870e-65,5.750735541435786768e-67,1.215832030259644823e-81,8.208819084797931533e-68,4.203210322090042526e-68,3.253359242736318515e-80,2.137906357124689306e-66,2.108844460567464387e-80,4.483346353878210099e-80,5.952420320250366624e-68,6.670921911880822043e-68,5.178935369971738860e-78,6.403139385915390720e-68,7.556528779468975222e-80,1.791686586491635287e-63,2.472643643413812453e-81,7.022427012840716325e-67,8.163941933787674535e-67,4.000000095394724009e-01,1.950706939644513672e-80,7.618806180785534069e-67,9.849564177092379893e-66,5.643209584323579790e-64,1.232398532948278480e-66,1.624960264986546095e-80,1.241613213657938084e-80,5.651107333426429887e-67,2.037620891729225121e-68,4.990208853179159615e-64,1.906255857462687621e-66,7.703261982987624442e-80,6.378269149109331383e-81,6.457486388048049027e-80,1.701332172918494997e-57,2.024248277669893770e-82,3.809622690148049075e-82,9.049616773910526310e-67,3.343044288481980819e-67,1.069722948066584770e-66,6.884268578157813859e-68,6.117956844307594341e-67,4.551925653033131521e-68,4.477488159266055419e-66,1.219605250791132460e-80,5.096184064475964211e-66,8.064942177964396415e-83,6.606678313699038182e-79,3.778136863780379786e-79,8.127993660876881711e-68,3.939671852767083256e-79,1.221300640597983981e-66,4.462335307765078698e-82,6.426966657766601838e-68,1.163847606793079867e-79,1.038116007866931962e-66,2.495100478911723070e-66,7.783850664381023595e-66,5.089168055800921950e-81,5.973702241446590418e-64,7.019871822757470090e-80,7.787715367338356242e-66,1.604294772168824000e-82,1.676669775558680488e-66,4.990417358518874093e-65,3.648721170478474054e-79,1.372281641900114012e-64,5.996410648687411614e-81,2.125241768965369505e-80,2.398515078850316299e-79,2.624989622339880443e-80,3.090899496376988600e-78,2.556730044506566978e-66
3.612155134694769994e-78,3.197559603764032885e-79,1.112949613486335520e-74,3.244846237166061630e-80,1.051616642928570224e-65,2.090200433213368827e-78,7.650987242335098587e-82,3.590657796379727690e-82,5.406595282006649396e-81,3.125623068213569917e-82,7.394130693389412120e-81,0.000000000000000000e+00,9.746521349201636790e-74,2.564047722938973082e-81,2.067851903021851637e-61,4.075986036254098894e-79,4.670349033198547709e-81,4.998993341592078863e-79,7.678105254357031716e-64,1.942776945037513827e-82,1.058872310951778934e-81,4.533130040921548028e-80,8.009453606337204860e-83,5.480101964068563432e-65,1.565790376801345308e-68,1.408243718326037117e-78,2.945658726188145598e-69,6.694918163423899182e-82,3.144865628445374511e-77,5.544655707497327220e-64,1.103946691504266734e-65,4.920986688231246433e-65,1.127869265831929190e-77,2.637893869253519345e-63,1.171018793527307728e-79,6.060627548615198818e-62,7.498325136501821891e-66,1.187391335247655852e-64,2.476783416853102371e-78,2.703365748347769786e-69,6.849668788363137236e-67,1.277064438063987051e-63,1.038807460712434453e-60,4.322976589177911407e-79,4.785259726085344578e-82,3.546721220844754644e-81,3.301303062203063493e-77,3.038034103928005880e-65,4.204658795574758334e-68,1.249635686161869750e-79,5.361970532291522851e-83,8.584432990631208356e-69,2.513852219159818038e-63,1.939776168757511006e-81,4.961138918485398551e-67,9.715621984624167233e-80,6.635531621907272498e-80,2.985096025389418052e-83,2.787127089999168952e-79,2.734680169231366828e-81,2.961197098974376301e-79,1.419974478178472026e-58,2.561994062258062267e-74,3.552467980774145752e-64,1.444209149723662750e-65,1.703176943779356588e-66,2.785121252895132363e-78,8.656351566658703322e-82,2.413518943716263508e-82,1.066220347868930502e-81,7.528370041619329457e-83,2.256467538561769178e-62,4.612586427676235943e-82,2.157346960023073974e-82,1.001781269778992549e-64,8.932343708814947345e-83,1.519731224762826613e-77,9.637255991300009743e-61,2.133605839777152612e-66,7.480237344291822451e-82,2.917539731508998015e-82,7.723349801792423264e-63,3.060209816912071508e-66,1.785971839412111323e-69,3.899656734375657994e-82,3.172023580077435959e-80,5.202364778646349706e-81,2.776397533818644512e-79,1.171196534736517200e-63,1.594485824901753232e-82,2.984104078913622616e-61,8.634318595162700251e-82,1.306410108416601289e-67,1.591748235660469436e-74,2.137824964553528798e-79,2.003855253597604675e-80,2.779710742722986755e-64,7.117891995464010621e-81,3.469183231025170387e-79,3.537728245594374757e-69,1.323915931537115978e-79,4.411763647731339563e-65,6.969181039847248722e-62,6.013536341738383553e-79,1.512369221604254286e-79,1.471305866415193256e-69,1.154586515636386062e-65,3.514430640495271260e-82,7.411956881583619484e-60,6.672570764421829842e-68,1.701887531914760303e-58,6.490292868663279625e-80,7.149596039684416868e-82,3.999999985724856932e-01,7.465762319661264196e-65,5.523145551840871024e-65,1.477066249042201788e-69,7.693547479102908069e-66,3.100160748245210612e-64,1.480186293941938575e-68,2.594640402686759375e-65,1.196760817654794170e-64,2.758953851132315301e-68,4.338015172413420533e-66,7.541749341446760367e-65,9.114881465196080349e-79,1.194044363803306600e-63,8.835056232396200946e-66,8.625967833440435403e-58,9.494678871584331198e-65,1.871583534763392818e-81,4.640274655959949553e-79,1.343014418476484882e-79,4.039754407856451215e-82,2.283046322618481330e-82,6.604281349268772848e-65,2.024590922118950867e-68,8.516248976227504269e-83,1.700330589585067687e-64,8.297255621499529955e-79,2.059765199767573767e-78,8.603938309103516475e-80,1.298647233747615616e-82,2.366096757289510884e-64,1.223675339454498628e-80,1.980670085156692449e-62,1.571096050252182718e-79,9.669384505643170704e-67,3.825026949026556997e-82,6.534649975679271507e-64,2.859246219439880228e-72,4.567790523614090429e-68,7.761596295522390919e-79,6.346475074339671690e-80,3.406621339835080665e-66,3.999999980076400230e-01,1.109559537057274544e-61,4.089944398676643580e-68,7.045095856809521956e-78,2.319337102484233642e-61,2.057124010223183896e-81,4.584589460635399783e-78,5.331010014905313335e-66,6.993658827096778644e-79,1.413121222573264844e-82,6.058275565225444091e-79,1.344045481060669418e-79,4.926819085034752859e-79,3.095904397151947951e-66,9.891638705378528763e-66,1.069117338227184098e-65,7.346397653055273967e-82,3.449357391099308276e-74,8.213180791150540575e-80,2.428057186619432985e-65,2.494225450551491589e-81,1.659767676228762883e-81,2.635477135478874063e-63,2.005118342548262472e-80,8.470758660087464041e-65,5.670606695721296584e-62,4.841234457237620421e-68,7.725471881778102671e-82,2.996913855528096620e-62,4.726641873361989423e-63,6.149585597397000218e-63,7.656635006221577465e-77,1.708642534553747159e-68,7.586192420997288689e-64,2.590794493143357401e-78,4.451897099004618953e-67,9.914491146593781315e-79,6.717562448408033700e-79,9.996952682293429733e-69,1.543305881919678465e-68,2.082018518371637825e-78,1.010559951135140142e-68,2.751710763171759521e-81,6.984949474444935884e-66,1.768806820055604916e-69,9.595838632169134184e-68,7.951967806783275833e-63,1.194779535998426825e-80,3.571696512259431701e-81,9.956959025078754846e-68,4.876734567410143031e-63,1.084332173239728751e-65,7.934080074285926651e-58,1.833252858630201592e-81,1.800514464507094996e-81,1.590082351594582130e-61,2.520032660371767368e-64,5.010221797433628390e-65,4.370223457891091405e-64,1.316798477697540068e-78,9.162167505092743959e-82,3.701674275796287517e-80,8.785517244616227558e-67,6.284969365187725247e-83,9.601685533568362569e-83,7.572811994239594977e-61,6.250155838519167542e-69,7.203791760615250639e-63,1.507809645681602405e-68,3.775362317415557668e-63,4.688272245798155010e-65,5.298971031604501324e-64,9.004613062209397279e-82,9.165430765482341134e-64,3.303082270500059962e-83,5.224637917457939563e-80,5.047916066204052217e-81,1.005774670181983136e-68,8.688132413603274920e-80,3.975730957784817210e-67,3.726456458948339354e-78,1.821685891355523768e-68,1.239095020387106995e-79,8.887062465963503967e-63,2.877580520393069404e-67,1.817739137614300348e-62,5.009347924029074724e-78,1.153266477056138823e-65,1.247289545630972803e-79,1.558206168255830202e-64,4.133250187653218588e-83,1.169126243978486453e-59,5.280454811925422913e-65,3.349033259919296497e-79,5.955455299930555898e-66,3.516829721416082938e-78,1.254788458628209178e-78,1.717543556863223012e-80,2.895785787609401549e-79,2.201377994808061487e-78,3.283318460481896794e-64
2.111736829991026431e-78,2.465210460067208241e-79,3.999999987724723871e-01,3.187703477158769050e-80,9.979249301620626524e-66,2.111423891480819578e-78,8.282568298988098420e-82,4.071045875022683159e-82,5.114360038896887909e-81,3.445257891821902384e-82,7.527551316784893358e-81,9.746521349201636790e-74,0.000000000000000000e+00,3.135343400882314649e-81,3.471257117004067278e-60,9.965198410297396806e-79,4.934059041840926381e-81,4.203666055993792765e-79,4.569377202504307008e-64,2.113475750690403651e-82,1.159122034325701013e-81,4.304504193220532113e-80,8.246362817516241719e-83,1.146235447660300913e-64,1.688706078439560016e-68,1.544951193267562247e-78,3.061969550897018975e-69,7.133824574884680432e-82,1.810980616702523658e-76,4.009339624060224625e-64,1.121209495253716412e-65,2.866424715200161084e-65,8.066360916343084702e-78,1.765980112068223092e-63,1.093277552769808492e-79,1.668754125687692566e-60,7.694755920292789521e-66,9.913354823729790189e-65,1.595079052688852884e-78,3.024371247967978214e-69,5.637690834924661328e-67,8.372207510226083462e-64,1.469493551324396965e-61,3.321144561005673786e-79,5.003964733450739754e-82,3.819011733185643887e-81,1.604801118106688500e-76,1.865685236092516399e-65,4.709366892111041528e-68,2.640273047682948548e-79,5.407859922033818559e-83,8.833985360221312841e-69,1.677192161953758178e-63,1.969711403803725760e-81,5.407569653982173595e-67,8.886583272478471699e-80,6.054309226796026873e-80,3.366582950847670907e-83,5.433642430581222803e-79,3.051183459156630784e-81,2.427895073363555424e-79,4.008279919329267976e-59,3.999999969455585447e-01,1.492169199861357660e-63,1.612192256082622096e-65,1.833351439768336379e-66,1.845544023965325447e-78,8.948906604965090147e-82,2.546951111016349834e-82,1.183995202365911777e-81,8.290445974021795018e-83,1.344999248865622723e-61,5.339842128918384584e-82,2.254513566536220268e-82,6.876618955469338114e-65,9.934970489112838825e-83,1.283502100593121126e-77,1.012024764429338979e-61,1.946068855565780640e-66,8.392369583074813577e-82,3.385407332490177898e-82,3.635290533792021243e-62,3.040553525857808917e-66,2.063165311942316628e-69,4.312441818180976857e-82,3.151007702651468405e-80,5.378556836015585076e-81,5.955703054899427612e-79,9.361634085277802503e-64,1.670476377520438209e-82,3.458188192091116131e-60,9.586178909588960211e-82,1.054619568181431725e-67,1.427525385279360486e-75,1.710016349411685143e-79,1.810808149184577667e-80,2.176672774375956221e-64,7.202903002289553692e-81,2.795751274946506210e-79,1.939394628218849867e-75,1.090844383699525296e-79,3.649698563029691883e-65,1.645088345817597717e-60,4.675378289365813287e-79,1.161663435932571430e-79,1.888155433089100376e-75,9.047751483352047223e-66,3.767682545598537262e-82,2.476861304161900963e-60,7.489027959590054462e-68,2.808391994187519397e-59,5.488421811928818293e-80,7.934250833302059772e-82,3.579583416476657824e-75,4.483625908536773747e-65,5.083181661651081175e-65,1.659017988528290549e-69,7.306934345084895245e-66,2.071880549785634494e-64,1.714257747064978375e-68,1.758193315276805478e-65,9.079959154074008215e-65,2.783487688791803184e-68,4.237012557293083484e-66,6.811234882187406522e-65,6.834268700625349595e-79,5.813117065894759005e-63,8.235059118401732544e-66,1.030312614125536420e-60,1.876528598511234748e-64,1.919807118525735231e-81,3.436459189392417040e-79,1.132388157249814547e-79,4.121343206833858305e-82,2.441993718748063873e-82,5.236254915943998143e-65,2.208936042074512675e-68,8.997499061747323187e-83,1.274886987271454306e-64,6.021597886564963815e-79,2.189990794742704983e-78,1.783854318972026613e-79,1.473660883220649539e-82,1.510949429615707121e-64,1.414644244343980043e-80,1.521070979908499812e-62,1.323708718978900251e-79,1.000343513253321234e-66,4.576588382177647963e-82,4.350885202635997132e-64,1.388831610225598041e-72,4.824410242197820275e-68,6.383208300826577891e-79,1.227014519740506364e-79,2.411129869452886693e-66,3.957849074439546154e-75,1.498892365661536467e-60,4.465028261468609607e-68,3.345176685097694293e-77,2.336976922378334775e-60,2.185855535301226488e-81,1.979309322634389026e-77,3.741136381043093926e-66,4.921850364708465178e-79,1.457332750622906146e-82,5.220061700460803813e-79,1.127043469499175675e-79,3.358927004853777839e-79,2.665196611207972483e-66,6.570657903416439618e-66,9.431414446707464808e-66,7.813588998988140914e-82,2.664996229922981410e-75,6.674605199301228519e-80,2.116647128517744830e-65,2.717192442161389376e-81,1.803215635713074232e-81,7.837445199918821296e-63,1.797293319018956340e-80,7.204973451736485613e-65,2.774608350359807417e-62,5.530259359311507261e-68,8.606502325432038605e-82,1.641771506949269282e-62,3.717093536922276303e-63,2.931242385861871437e-62,4.815141109393497548e-76,1.907023668873848894e-68,3.573237606083743087e-63,1.775764548835687005e-78,4.682353409723628845e-67,7.288450571499040912e-79,4.814009291505383274e-79,1.029092757354551724e-68,1.680668084490245471e-68,2.363271746898617139e-78,1.063082458545704547e-68,2.647137232127183597e-81,7.255132230977515770e-66,2.410583467245300321e-75,9.619977138655604260e-68,2.881792434339727073e-62,1.196020481520094938e-80,3.847372492391122534e-81,1.001995754999037411e-67,3.022786730507152272e-63,1.054468933012063069e-65,3.995638991087472965e-61,1.948455264280420551e-81,1.822453273875292462e-81,4.962286743149312847e-60,1.112933538090282744e-63,4.951799169914128586e-65,3.729361729237809269e-64,1.016228727402843615e-78,9.984153988631179556e-82,3.595691185190890887e-80,8.229815803159319136e-67,7.056212519869925555e-83,1.036851549005668101e-82,1.681986723721139308e-59,6.742866060273408192e-69,2.696244261202243013e-62,1.679361725453062970e-68,1.134001034678569136e-62,2.870797337312129740e-65,3.897984182713184605e-64,9.774378369218332550e-82,5.828692295664313729e-64,3.550394238947053504e-83,4.708921404268699413e-80,4.626812683032867543e-81,1.151057433461942971e-68,7.790570965182307603e-80,3.614601185042233946e-67,1.554367673673877087e-77,1.951098214157640000e-68,1.043655257187554676e-79,3.963073286832617947e-62,3.092788628489417916e-67,9.394469167477276398e-63,2.917105184835102661e-78,1.072756591168822982e-65,1.002493282764651120e-79,1.038435472071036965e-64,4.221179086672288805e-83,3.504255573238071070e-60,4.898251133690376765e-65,2.890899508456626140e-79,5.433768614853728292e-66,2.200538222883316550e-78,9.728640637897328936e-79,1.800840099839069386e-80,2.304873906844680815e-79,1.812886764013368587e-78,2.153884854003494888e-64
2.067850454104751234e-81,4.538477035088772784e-81,8.031407431044316203e-82,3.091129693602336823e-80,6.490424281188029754e-65,1.460289053149593468e-76,1.856626128258923015e-77,1.235112140736095793e-77,3.792536700323286415e-78,4.381779101330051475e-79,2.880911783891660603e-80,2.564047722938973082e-81,3.135343400882314649e-81,0.000000000000000000e+00,2.090145881451375622e-67,2.164277166726767942e-82,3.990348742877775047e-79,1.351282932874010207e-78,1.033920451882134653e-66,2.062153522385563632e-79,1.507769019465096878e-76,7.461903029185629990e-81,1.083689011792951572e-80,8.006326603947370015e-68,9.673817840789135040e-63,9.249874302652602978e-77,8.813330988478056513e-65,1.834244077584236432e-77,6.374056741350748358e-82,9.832362643332426901e-67,6.384440824223637268e-65,6.224731512868136841e-69,1.148983747332235133e-80,4.441663649912239665e-66,8.391849787873653887e-81,2.326162835286680889e-67,1.218853851641144754e-64,7.052771818366045782e-67,1.691978186228356592e-81,6.106275495767337284e-65,8.124568993252600346e-68,2.637076649968421049e-66,4.114112988381129592e-68,1.952950808072655465e-81,3.075104410501400132e-77,8.540052560408220091e-78,6.545133970949149575e-82,9.795912216678557818e-69,1.076513783973032839e-65,1.086595808891831225e-82,5.408596212009990602e-81,6.119766009781607416e-66,4.045020966487338953e-66,1.459812943649148630e-79,7.751422034659973736e-63,1.010985114442855790e-80,9.137892966316549873e-81,2.393318742925797131e-81,1.656222784573727639e-82,2.525807900895651738e-77,3.556960730704689881e-81,5.689108985981949452e-67,9.973485335276189679e-82,1.723190835257399558e-68,3.927205781901271793e-63,3.157945282230649182e-57,1.678801112126549789e-81,3.999999977530910300e-01,4.595423279947848283e-79,4.037112128536330850e-77,1.081346396728945689e-80,3.116357163124322636e-67,2.780627134877336710e-77,4.072977322433629939e-79,9.628920108079408526e-67,2.476987245781877076e-80,7.469996593373871982e-79,4.588626768532223937e-68,4.600110074931801269e-67,1.766948228763490438e-72,2.902160424651406207e-78,1.885888279161373688e-67,1.672576407297214426e-58,8.375787709362495088e-66,2.147868909207404161e-77,2.909582882926228823e-79,2.482524114795298780e-78,1.623945199026821044e-82,2.805782781808353122e-66,3.455246644221187105e-80,9.531376213004192185e-67,7.889760236492613853e-77,2.764995024810206433e-68,8.360050665827256556e-82,7.093340650553353886e-80,3.873760088324683337e-80,1.676486518664448525e-67,2.021827487084416672e-79,4.480725596917602368e-81,1.520223214756594304e-81,1.282947599231916790e-80,3.941561274060713706e-66,2.047867728569444638e-67,2.243166795408550353e-81,9.603872948807461545e-81,1.103813821391706960e-81,3.041637815102750503e-66,1.063836938509998900e-77,1.232102486846625412e-66,1.781243141431909213e-65,4.993703991523296764e-67,1.033216558871096169e-80,2.290018467640621435e-79,9.583520194600821689e-82,6.597932862660232861e-69,2.924195188039708898e-66,4.217201491333143090e-66,6.272380198446888102e-66,1.416467841724576755e-66,4.933116700660462066e-66,3.591660855572575119e-68,2.413985626438673735e-66,2.948975918338405558e-66,7.634111174305429283e-63,6.902548491750727394e-65,9.462411364993639098e-81,3.598164670549131556e-68,3.032926603690481855e-66,3.973483788014779863e-67,1.266850524340141669e-67,7.048966440611750481e-77,6.935656758653640312e-81,1.254459875715171489e-80,5.799820482316124258e-78,2.717237294656392097e-79,3.444046797214308344e-66,2.993617925768076747e-66,7.999473828504629429e-81,5.317719458412353250e-67,2.719554038247852130e-81,1.664291022744942520e-76,8.470339872650042143e-83,2.880382315060132603e-80,4.576379358736878101e-67,1.437106356261781171e-74,3.208283121310694166e-66,9.176307643234764190e-81,4.450998495160540928e-65,1.064888157344383386e-78,8.017437917403507786e-67,1.870850221921383885e-80,1.207390752846600256e-61,1.448279292180465411e-81,7.068802154657324243e-83,1.704781880953894829e-68,9.854081195930064376e-82,2.427112684142375338e-67,7.084325185850267965e-66,5.132613736870326093e-82,1.031278039051266710e-66,8.381079648951217072e-77,2.149994819336579257e-82,1.280201076666306448e-68,2.255826281018073611e-81,5.167740048053100325e-80,1.664448928975419413e-81,7.455424041662666193e-81,4.666671308222372867e-81,7.669238941391005122e-67,3.134960659922019199e-68,4.114465624352377328e-66,1.724751175825124743e-72,9.143571211998991877e-82,6.619038338010188746e-81,2.574176925802726689e-65,9.159268672258756588e-78,3.405751281418898721e-77,2.502577930103773818e-67,4.535202765390341635e-80,3.328855241062711547e-66,2.206044566418891741e-66,1.152380240565684808e-61,3.239949416375027411e-77,3.658646539528456025e-66,2.964145292603533212e-66,2.923274417365868883e-67,7.363070481774643195e-82,6.731064435798909431e-66,2.952523279595999040e-68,4.837899961835801661e-81,6.837549623949995083e-63,3.150340216111195606e-81,3.057918257204306601e-81,9.483273401454866787e-66,4.245899690509389924e-66,1.535698338758480043e-76,6.671211260071067724e-66,1.014533165203890252e-77,6.991852948367061520e-65,8.098247249637647009e-82,4.716935043345422686e-61,3.251300023918779148e-67,3.362934888590083673e-80,2.931435504233494873e-76,2.442235345029250865e-68,1.102061468967942002e-66,6.060542501510928678e-66,5.291858311874768034e-67,4.994059645804686581e-76,1.288070942755065082e-76,2.724723812837192631e-67,1.969360246990429773e-68,8.638186304506083706e-65,1.529379579897874644e-67,6.156133591409630680e-81,6.321053622767015849e-77,1.391829234956120801e-80,9.833180685424602456e-66,8.350452866205077768e-81,2.460799057213790503e-80,3.611096359054723451e-67,8.785182518069450466e-65,3.299363013153628824e-67,5.161532378085018463e-66,2.498480371811677245e-67,1.228773089647864188e-68,4.458030322409277925e-67,3.999999980061546001e-01,5.379719832951470250e-67,2.834201976792813175e-81,6.689366991990819126e-81,2.372492171135009852e-79,7.525275746718284936e-66,1.233581705525710445e-80,4.516240243191482414e-68,2.106228609219323849e-82,2.039070283928562895e-66,1.038463090323097242e-80,3.921769845072668686e-67,8.561959288911391763e-60,4.240643301901380950e-66,1.818379383018151415e-81,1.525662411147838333e-65,9.857467142607887188e-81,1.062239946903627513e-66,4.036953649359609377e-81,1.050789223045105346e-66,2.365718552844384348e-66,6.823527975238442349e-80,7.659290223636550946e-66,2.027240872600890080e-81,1.577659251102116680e-81,5.564453188934655795e-72,4.019441245075501608e-81,3.442697221635226778e-79,6.071158128651412778e-67
9.468167016581348603e-65,1.212478852147250925e-65,1.211113554305322698e-61,1.719808843419634087e-66,6.935035779609082401e-52,1.552929164563977152e-64,4.975213760786906974e-68,3.401019344463942476e-68,3.672777486690450588e-67,2.714036358142147825e-68,7.152525728832360163e-67,2.067851903021851637e-61,3.471257117004067278e-60,2.090145881451375622e-67,0.000000000000000000e+00,8.516515835542063574e-65,3.361799368531345419e-67,3.115734874685268932e-65,1.927912787512451425e-50,1.798988540368581342e-68,8.242579245701602064e-68,3.901883515379494837e-66,6.841311269558468414e-69,1.443829957843612293e-50,1.341522319243744203e-54,1.173107586623457717e-64,2.292204672304738450e-55,4.136717656880565814e-68,2.618489308807080331e-62,1.820388461247661127e-50,8.889867602904330040e-52,1.173328195206724223e-51,4.280555057149550337e-64,8.111396996484775399e-50,7.704625003205163061e-66,2.229261005142585944e-43,5.085382280277752712e-52,4.597332377909756152e-51,7.660217662066101261e-65,2.386796156604067682e-55,3.933954355759583017e-53,6.859543038613645810e-50,1.940853023014222672e-48,1.314122981171588275e-65,3.684494786632595554e-68,3.008681902003328517e-67,1.394225013273500267e-62,9.814164991878539616e-52,3.398644438734744944e-54,3.261281795389318001e-65,3.965724070446059724e-69,6.922804271306480094e-55,8.787621437567646629e-50,1.517690181441202058e-67,3.668475536620542978e-53,4.550402874623086382e-66,4.568016430331567922e-66,2.606585317871970082e-69,8.606587156969153558e-65,2.202132161134170935e-67,1.691134189131194304e-65,3.653473672457042841e-47,5.187994126460652006e-62,1.659911483982565987e-49,1.415690486494043652e-51,1.237473640229485407e-52,8.891629360464110166e-65,7.769086443443621959e-68,1.669568694814126364e-68,7.738228677197968139e-68,5.793292001496379332e-69,3.728069779182765679e-47,3.790853340732260100e-68,1.735568085266216446e-68,3.643215495552027116e-51,6.650605064217492549e-69,1.058854388076531443e-63,1.259288271912175718e-48,1.245502943498899047e-52,6.296899462285019971e-68,2.923654514303237931e-68,6.054944380972534298e-48,2.247247937908434996e-52,1.486030138203969954e-55,3.030449966987883463e-68,2.749701063705670229e-66,3.546511996509796267e-67,6.999819848994888633e-65,7.033105098617631835e-50,1.278328480383980380e-68,2.967130628210190751e-46,6.798280207714727397e-68,6.794568580512311417e-54,2.074381368399847297e-62,1.475216663974466495e-65,1.203004564667613479e-66,2.218455594750613855e-50,4.372892601558788566e-67,1.466479476900275227e-65,1.125625992668445570e-62,8.907009326602044728e-66,2.039900124697632803e-51,3.261143467073326565e-43,1.934943316177694630e-65,8.644523562256005166e-66,9.590773616483014605e-63,6.463941769021652833e-52,2.993026229830349788e-68,8.694722553031393751e-48,6.292529990480348734e-54,3.165624424859192601e-47,3.822669917072449857e-66,5.707405973873808112e-68,1.574443085329799664e-62,1.949687040402932098e-51,3.179553485035873966e-51,1.102792637325167003e-55,4.687887603294335463e-52,8.864604722110466249e-51,1.241277320219012016e-54,1.053163332955889623e-51,6.421927333363808920e-51,2.093251658079800871e-54,3.984226669344182976e-52,3.461287308848625342e-51,5.161749915106419445e-65,7.268593728055244624e-49,6.035778165255071927e-52,4.658724111119943053e-48,2.406544091103966229e-50,1.309956828325586892e-67,1.983294770658581486e-65,7.161931970355671463e-66,3.967756176600747300e-68,1.931875176322037493e-68,2.914531538152314238e-51,1.594315170221722049e-54,6.910582526755402756e-69,5.970944800928841174e-51,2.920653561544751583e-65,1.640336706164290663e-64,1.543473986687964919e-65,1.040844121848624538e-68,7.443611229610532520e-51,8.987737141544910416e-67,1.317913955017934705e-48,7.769035909926177195e-66,9.249839478778194650e-53,3.335864337624772365e-68,2.599075660608868421e-50,5.829872817626429964e-60,3.291922932083513134e-54,6.735818317571008446e-65,1.144918523244071794e-65,1.396146470085572658e-52,1.864165308590304095e-62,3.732871030548877268e-37,3.149940751025005999e-54,4.036004399284520994e-63,1.227514931405870101e-46,1.328228507635987807e-67,2.688965358798087635e-63,2.172398339424059602e-52,2.094396919869456863e-65,9.848330894063454956e-69,5.377977993603832294e-65,5.400960042104136595e-66,2.077300300932856385e-65,1.410942699171753554e-52,4.727014296616358493e-52,6.185363321486875482e-52,5.763117340327707104e-68,2.554663835661359369e-62,4.594258539235255586e-66,1.763357272462677317e-51,1.956096369791122276e-67,1.462723105904905133e-67,1.782460687529742804e-48,1.104902730905882346e-66,4.544665350075199262e-51,1.481459365684224477e-48,3.952972140360152751e-54,5.465411218765346351e-68,5.333149611886866455e-49,3.559715540895676389e-49,4.708982320311108337e-48,4.817175251424933673e-62,1.365540281404464311e-54,3.693887815557899069e-49,1.007836586576101628e-64,3.033190538387255271e-53,4.143123540569686000e-65,3.141246084179250690e-65,8.231561648091412696e-55,1.247571166725954088e-54,1.628754846164393567e-64,8.930763363387358526e-55,1.789901976154476318e-67,5.248551670674180687e-52,1.143380543514445140e-62,6.519869204879720960e-54,6.959407194958804577e-48,9.909130505707035894e-67,2.363644733972825520e-67,6.667258265365761539e-54,2.483254985836866020e-49,7.944977255781741575e-52,2.219594703298647425e-48,1.437422318969293505e-67,1.305005372733583850e-67,6.536749709551709756e-44,9.037428000760072353e-50,2.671237090963118758e-51,4.518540670491553178e-50,6.503991377749698719e-65,6.773133177792211716e-68,1.841128717276342948e-66,7.345985583155797800e-53,4.989242940642204316e-69,7.707473722407519314e-69,3.221323321667133413e-44,5.594861361712807029e-55,7.280245589911002068e-48,1.251186025189607952e-54,2.633564117318360482e-48,1.284409867224314593e-51,3.449957411498382736e-50,7.054735285683202240e-68,4.568398217740319977e-50,2.469177732792555987e-69,3.940037934765801406e-66,3.180760170085963760e-67,9.185602416201846512e-55,5.181155069504128686e-66,2.365999287656336051e-53,2.231386921391581922e-63,1.527489751352475149e-54,6.068444920388302118e-66,7.722697349683301393e-48,2.103592062310003691e-53,3.113173469690505388e-49,1.061144385022513399e-64,7.603349773602496606e-52,5.457156780127227905e-66,5.547999332207792105e-51,3.431564116002639023e-69,1.941326141469336516e-47,3.178237984983542582e-51,1.407200286749433846e-65,3.359314624399082219e-52,8.382122178299107429e-65,9.635145936644218406e-65,1.362923272329859289e-66,1.245208584728778618e-65,9.898331309247222131e-65,9.750877821921097562e-51
1.180387988857250906e-80,3.610310635898964403e-81,2.771145643787557632e-79,1.073345138309675948e-81,3.537610097260429699e-67,2.138734636931019588e-79,6.165612074534233884e-83,2.867517606530813209e-83,2.266055942884338767e-82,2.410001038599825581e-83,2.558401240979617242e-82,4.075986036254098894e-79,9.965198410297396806e-79,2.164277166726767942e-82,8.516515835542063574e-65,0.000000000000000000e+00,2.292826058701861276e-82,1.295844479945020712e-80,3.830188735066773283e-66,1.798770026606557438e-83,9.167327424639620470e-83,8.102081792524102886e-82,7.135392469105852088e-84,1.193134775040734601e-62,9.529302853787783729e-70,1.330043769813199228e-79,1.671392204803773537e-70,5.730264325205779337e-83,1.422175771815003164e-78,4.174378023860792693e-66,4.076879112295064776e-67,8.776735140906994526e-68,6.780976473755454980e-80,1.716348801503872825e-65,2.048649658566145685e-81,2.025785295379259839e-64,2.966775788553459360e-67,1.419164560148584632e-66,1.060218734117321774e-80,1.670578741620840469e-70,1.009421678405945352e-68,5.778912725109766022e-66,4.670426396675302882e-66,5.629377988357406417e-81,3.929310489250253796e-83,2.065805528258141785e-82,1.687657971777835211e-78,7.464670734703760938e-68,4.263247644493786989e-69,1.284554419494812187e-77,4.763451593028209509e-84,7.415180906244620662e-70,1.693911544002449227e-65,1.884163820118128744e-82,4.593587355104916044e-68,1.969386852612856235e-81,1.161185162580784755e-81,3.113136763529976910e-84,8.236162999598651308e-78,1.658718791458228182e-82,3.365413636853606019e-81,1.019131385208785958e-64,2.292959814558912671e-79,1.192494206200483166e-64,8.124134886188741638e-67,1.199909392613403832e-67,1.271143290907961399e-80,5.470606768891904350e-83,2.244748754613672428e-83,7.633797956598225440e-83,7.319149925421079587e-84,6.924935195240619274e-64,3.713714227837207325e-83,1.912512532829144045e-83,9.986867321691715048e-67,9.132146791986596305e-84,2.058455435976950354e-79,3.663849589182886742e-66,4.651028662238880192e-68,5.209783831776189704e-83,2.185616485648399323e-83,6.664324951816108157e-64,1.894945141547327085e-67,1.704297897233768115e-70,3.309811713923767781e-83,1.075933049069440352e-81,2.758696603345571563e-82,4.483593284477389210e-77,6.793951760478144401e-66,1.462132158760913906e-83,8.701117034386016351e-64,6.670445426343396053e-83,2.397729475747573639e-69,5.113870398396954872e-80,3.977931739972677575e-81,5.514417510449226494e-82,1.401768641700205313e-66,3.149888752416804552e-82,4.051189719461214118e-81,8.383737450683904387e-80,1.975289275042203939e-81,7.087551304323068570e-67,1.457178159749426341e-64,6.653933181806551483e-81,1.897101392104608070e-81,6.959935101424367958e-80,2.149121448507488270e-67,2.592304568006169288e-83,1.912992581575183921e-64,5.697608390180617641e-69,8.854357423689460748e-65,1.133375798232976072e-81,6.821166311504661612e-83,8.910994289326539622e-80,1.352408525196744027e-67,9.223398092982555361e-67,1.481065480783171832e-70,1.826269406593535170e-67,3.007580576088556538e-66,1.497923711184179539e-69,1.547770358652683895e-67,1.370307110412322534e-66,2.503784266679238669e-69,2.029745363702855744e-67,2.169913080073806052e-66,7.388600980951542556e-81,1.433379955184918594e-64,1.850486069941213708e-67,3.113164066261104513e-65,1.048763497653259903e-62,1.296703428329797564e-82,4.466757105619494711e-81,2.127146596993131212e-81,2.426412106319506143e-83,1.857978224857094753e-83,9.333170809563778048e-67,1.859392114150935632e-69,7.288872572598246794e-84,1.433725475038734142e-66,5.963622508204948868e-81,2.069532773675774826e-79,3.999999997899758575e-01,1.137605663004394187e-83,1.182186373394455631e-66,8.926414671122975580e-82,5.455152337435929307e-65,2.324478809332926980e-81,3.905646456366373964e-68,3.758364571563573031e-83,2.662957293880687190e-66,3.685970411875301989e-78,3.444866479133547319e-69,5.348878894616810957e-81,3.999999994322058772e-01,2.915625266827208256e-68,7.595515264326421444e-80,7.538703358436186800e-65,3.867447855270457272e-69,6.737081119045848167e-78,1.095821613613540338e-63,1.497389338979042684e-82,1.828336662544345542e-78,3.261887660296985045e-68,6.134792847601145394e-81,1.367685650694143022e-83,4.272630402009251701e-81,2.421698035636623076e-81,4.160989913487267228e-81,6.067768742799744692e-68,6.148674199617268327e-68,2.263383688008523577e-67,5.490889065144252748e-83,6.553858523859927084e-80,1.306242753364907422e-81,5.994911413881789330e-67,1.573725733093318544e-82,1.214727339329106711e-82,1.727057126158319350e-63,5.627479903533850110e-82,1.100006418991757044e-66,4.108434966439009167e-65,3.821732759334822774e-69,6.923616823416512842e-83,5.715469596419744505e-65,2.365540681759910615e-65,2.067047719491161434e-63,1.414844700444749620e-78,1.531663735905087509e-69,1.309607725275845335e-64,1.546921248474286655e-80,3.799726161361892927e-68,6.600905005862387188e-81,4.607859366113981985e-81,8.518431654350443131e-70,1.397029904898215531e-69,2.411940162685969480e-79,9.065272436416490719e-70,1.435797190853082538e-82,2.699614293525218858e-67,5.901946484557687953e-80,7.544400713874133234e-69,8.289177873912132881e-64,3.549449482909240802e-82,2.999787295157820040e-82,2.100537148629270222e-69,1.272665694263830089e-65,2.513040726324992562e-67,2.487907695340804049e-65,1.359983179257112288e-82,1.478871647628344424e-82,2.077407574400084871e-64,2.303189270758029200e-64,1.691384950705862066e-66,2.675508756976327681e-66,1.026482823437562868e-80,7.856210401548511626e-83,9.840490761499140065e-82,2.793629157049086204e-68,6.173709122168559465e-84,8.850491503636121606e-84,2.025632199148179324e-64,3.977913882689876544e-70,8.991751090664387085e-64,1.350649648225153703e-69,1.016512731035002722e-63,1.208145764444991905e-67,2.130045901566724768e-66,6.128860759992649175e-83,3.013988186521531884e-66,3.599894941347499737e-84,8.454733529120295269e-82,1.828835250309456609e-82,8.327022114018986172e-70,1.464384272242582811e-81,6.946175469908450186e-69,2.181137903742131334e-78,1.729075329190224112e-69,1.954776353442172109e-81,2.941664159074791293e-63,2.289423036407162413e-68,3.945541299396211659e-65,1.415823567382802116e-80,2.862624919418462432e-67,1.972413131627073692e-81,1.260809748584090549e-66,3.678829720043516813e-84,1.887545169621535326e-64,9.550389694606844184e-67,7.773462529865091611e-81,1.558997773775744344e-67,1.523332553690132530e-80,6.944070256808512739e-81,1.275964420850146452e-81,3.753530402758133318e-81,3.912574654627564325e-80,2.007595761397855359e-66
5.249879483228370369e-81,2.164750985761431362e-80,1.607144846223957585e-81,4.721431597967250151e-79,3.860689223995626736e-63,1.451332472489395243e-77,1.191126711207620809e-79,2.414520701710812932e-80,1.476784258650350228e-77,8.770120136568585465e-81,3.013406404793045038e-79,4.670349033198547709e-81,4.934059041840926381e-81,3.990348742877775047e-79,3.361799368531345419e-67,2.292826058701861276e-82,0.000000000000000000e+00,3.563623624331885471e-77,2.849100118310768070e-66,5.029683677938840855e-81,2.186746145758327708e-79,5.104474390853405376e-80,7.862002341056715626e-82,9.311757161942688537e-68,3.086973161804119163e-66,9.630985405768249370e-78,1.159909233094150864e-66,7.232194944624041109e-80,9.150996186991151539e-82,3.637078032509749728e-66,2.896013442791170370e-63,1.642919452570498935e-68,4.111524811126574346e-80,1.472849777110228001e-65,6.305667612203387704e-80,3.337401408784245484e-67,1.185685282042635097e-62,3.587093024416352277e-66,5.915255112236661084e-81,1.068288615625444229e-66,7.186467169244124841e-67,8.357105820006648822e-66,9.055642076456433178e-68,8.547563046172402920e-81,3.004593979306293641e-80,5.298516299215821548e-78,1.207238900190705289e-81,2.272675548160488411e-68,5.151022441061267918e-67,1.240984670172325048e-82,4.477660664625695351e-82,1.884250202234672378e-67,1.888664612209116032e-65,1.146467470738315107e-80,3.802388626402487868e-65,9.596850784793785489e-80,9.587411150983366342e-80,2.177462652614174605e-82,1.924164414352447470e-82,2.026246889909408137e-78,1.999245870262649755e-80,1.232595690881985779e-66,2.061311446186734699e-81,2.112013455294195736e-68,1.234365124856501983e-62,2.866218735755701508e-64,6.609056892297233851e-81,1.173809879588613630e-79,7.556391531223567962e-81,1.748594593950332142e-79,6.565994263438135607e-82,5.292787411501898459e-67,3.873457931746921833e-80,8.233088460290034404e-81,4.012381108324842212e-66,1.428764980835987576e-81,5.369293323674838711e-78,8.993803972543161815e-68,4.527403235134371867e-66,7.441427613260325938e-80,1.160350916191849237e-80,2.531920589719161302e-67,7.306100679220082684e-64,8.261604022746222983e-68,2.817332820842260309e-80,1.333761219746267513e-78,2.415008723810702271e-77,2.035098416509846922e-82,9.329238974996073804e-66,2.114134967719297881e-81,1.580436404924719554e-66,1.391802740211879734e-79,2.438783971214001341e-67,1.577229814289989902e-81,5.324461143972316353e-79,1.619620536501789595e-78,4.887189391280443934e-67,3.999999996990328821e-01,2.556435840495681875e-80,4.192823271677908277e-81,8.306008940533022206e-80,3.654595910962910393e-65,2.997276751504317177e-67,8.273658459534380323e-81,5.592610117373120177e-80,2.184323945799383120e-81,3.032982982961754942e-65,2.065132978379089749e-80,2.118675263953541354e-66,8.016025526029158738e-67,1.223396069567915728e-66,5.879274655932874374e-80,1.177149515022996356e-80,2.054312189162970595e-81,2.244406902494989720e-68,2.492930717030654589e-65,5.595479213269595546e-68,1.093951305591627888e-64,5.567725222413004749e-66,2.279910652636433305e-67,1.786106281358183177e-67,1.732177073898024693e-65,1.802882273685650936e-67,1.449615864027864877e-63,8.354384805933023101e-64,4.881068504944562082e-80,5.906209573255644637e-68,3.339930778718151434e-65,5.909362731539960604e-67,1.325148524746681338e-67,8.549547145334394782e-79,3.294923205842079654e-80,1.141450794950033231e-79,1.880202107585713001e-80,5.286810799072930998e-81,2.697982587511588351e-65,1.981433081333910561e-67,5.082994768965947922e-82,2.411848988714460568e-66,1.063954525562554807e-80,1.470372612540704671e-77,8.114842394806786513e-83,1.426634628887557731e-81,1.570577302061808773e-66,3.046432678861494902e-78,7.915244706957316655e-66,6.335012299349445490e-80,1.769889187267051488e-64,1.474487737349883014e-80,2.012325584712914653e-66,3.247720150713327981e-80,5.093432622874383068e-66,4.788575733436428993e-81,7.638211073126128566e-83,6.475371157728006119e-68,2.368093578892016892e-81,3.532594709296390771e-67,4.775674545602516840e-67,6.820349287889340618e-82,2.106954369748876603e-66,7.921330363067376485e-79,3.743791246996138085e-82,4.706761754403984476e-68,8.588793509706484460e-81,2.535254247805086889e-81,4.848938408370593753e-81,4.910926153868579540e-80,2.795920596811287168e-80,5.679708925305365829e-66,1.457948253741080884e-67,5.724269972326942209e-65,8.250255884302613182e-80,1.616461189496831891e-81,6.732835823038699862e-80,4.697935897591187325e-64,5.859610425526525899e-78,7.707699882211429559e-80,2.391292370492794711e-67,1.596072793351575432e-78,2.525607992826932123e-65,6.173291289200147792e-66,5.903091882193097611e-66,1.293404631461824390e-79,6.616031189327334228e-66,1.037578601591018466e-65,4.119934380788921800e-67,1.148809591774539570e-81,2.506761994142938108e-67,3.998827079947763985e-68,1.985082522491543068e-80,2.381607094139444943e-65,1.257870609002916103e-80,1.349143774942734095e-80,2.101817359311740418e-67,2.099757188215593994e-67,1.426356778684935883e-77,1.799576698327460418e-67,2.397321569344299394e-78,6.235895217487393046e-63,1.749490899624670330e-81,7.414993004206612332e-66,3.685342056038935348e-67,2.966457001807042297e-79,2.206561993299749300e-79,3.187838090859282936e-67,2.962808378286937343e-66,1.009726952143767398e-64,9.087739820949739969e-67,2.531125483708786754e-79,1.194525235189389765e-79,3.663863271526373949e-67,3.015699541555380681e-68,1.931590556297110218e-63,3.809902378409697557e-67,2.769112524394040040e-80,3.770102219636415937e-80,1.876532386708800714e-79,1.348117749557465825e-64,5.769694016443488435e-82,1.333442667266638490e-81,5.980995850080261482e-67,2.295745208926284547e-66,4.234345122761130912e-67,2.160217222207304122e-67,2.814601486189443868e-67,3.270913194788485347e-68,1.121909680045729313e-66,1.134977806263743794e-79,1.323134965045657490e-66,2.052073414506744608e-82,4.340714779055191033e-80,4.000000002590244352e-01,2.283217984355661801e-67,7.462994465721863125e-80,4.370090551195048137e-67,3.279262837251380503e-82,1.245043175712433429e-67,7.733143203438142617e-80,6.002141058411961988e-67,2.932398195491725839e-65,7.213117298346053272e-66,4.674333553571949982e-81,3.432521948179905564e-64,8.908973273990679952e-80,4.947045920464324528e-66,3.253704780338178861e-82,1.553898871094380925e-66,2.113843911081679338e-65,6.465217738366667099e-79,1.675048255889735930e-64,5.694417459304780634e-81,3.463522139839820489e-81,1.643302826293122148e-78,2.717838682328375348e-80,2.980600335147088132e-78,1.826887677219966548e-66
7.965312057520186501e-79,4.888426364182270502e-78,1.151204454148766110e-79,1.263952064325963760e-76,9.739751904908985656e-59,2.337355887580346287e-76,2.576660748965485484e-79,1.245611141487984088e-79,1.152106922040521614e-77,7.491382376053065153e-80,1.113416209142404811e-76,4.998993341592078863e-79,4.203666055993792765e-79,1.351282932874010207e-78,3.115734874685268932e-65,1.295844479945020712e-80,3.563623624331885471e-77,0.000000000000000000e+00,4.260841854691014096e-64,4.467549398398459060e-80,4.543851471970628064e-79,8.670187398993154098e-77,1.105571266486310800e-80,5.088000204870313421e-66,1.164829733897296544e-65,1.693688628866710903e-76,2.596342131139621019e-66,1.896666766528365773e-79,6.442545254676363857e-80,4.464759804929591322e-64,9.462883517378158816e-59,2.057359819174719460e-66,5.228079339740524221e-78,1.955612767731836743e-63,7.418616916500168926e-77,2.962564791217182131e-65,1.861443269767062657e-59,4.467244810237789011e-64,7.959615123438534664e-79,2.690486461441142277e-66,1.538193584086915694e-63,2.062270529212731809e-63,7.965097941538223354e-66,8.033560340994675225e-79,1.442236781323840726e-79,5.485967654120883858e-78,7.777894362526210493e-80,3.643739255401693177e-66,6.960386685369378454e-66,7.692409606259132765e-81,6.714796737270813062e-81,1.736297470263737745e-66,2.221357567862010025e-63,2.192023335469543358e-79,1.135174663775430178e-64,2.151935346600861855e-77,1.857463446750675144e-76,3.564944284362140272e-81,1.582993831727224234e-80,2.897840616979116051e-78,5.279289796574233981e-78,9.083651748859483409e-65,1.465539701310467155e-79,1.532621938402094350e-66,7.838779103141541617e-62,8.875285288714442363e-64,7.254360275879565421e-79,5.351402325561528909e-79,5.498970818890229046e-80,4.391438485180172764e-79,1.001792867418325340e-80,3.736743191152030195e-65,1.462779368448974229e-79,4.867268431999627108e-80,8.597467571290193717e-64,1.368654100817280962e-80,9.284730307880908480e-75,9.620314872352199810e-66,9.669291512733417615e-63,3.700921695508157341e-79,1.074801380796499643e-79,2.189290682728154796e-65,1.963814892937467989e-63,4.507718617974555998e-67,1.195233080986964120e-79,4.205721575529527933e-76,1.144979454055020006e-77,1.206106728717252983e-80,2.040391856035372417e-63,2.478772298013609993e-80,1.184209316715939135e-64,3.473241689531880098e-79,7.298968559103703544e-64,2.000987860910672552e-79,1.814170101549444281e-75,3.999999943482348552e-01,7.255719001291269100e-65,1.195511049541198401e-76,4.446253028978933362e-78,3.432032526317777656e-79,1.364850827901475788e-76,2.267548911383603844e-62,2.907974841990614146e-65,9.959257796441574919e-79,1.468624743666536787e-76,2.099378344313586808e-79,1.473157020262509131e-61,1.195685906221132243e-79,1.595704054281231209e-64,1.197731129893976420e-65,8.982185489926543164e-65,1.800512786598385978e-76,1.139881776654202444e-79,1.740066632448970335e-79,1.933813350556574725e-66,7.283110079955153715e-63,3.214300033008488860e-67,2.249798675580089761e-58,7.077715222320606526e-64,2.500344520320120019e-66,2.405114256424542415e-65,7.100606599389257988e-63,3.718911101786950784e-66,7.735609905920483375e-63,8.541325488684970276e-61,2.294053678158682067e-77,3.669038596785572494e-66,1.347061234605521391e-61,7.418194657529800816e-65,7.964844880405430262e-66,1.259667647224292641e-78,1.524925273349057716e-77,1.287833508557803134e-76,1.739459526312975521e-79,5.310546811205186879e-80,1.357568428709830949e-62,2.864322768665211197e-66,1.204874933221947448e-80,3.160593078969998737e-64,1.555749232368762170e-78,2.405309029603387867e-76,4.996973837706715486e-81,1.948296904167319601e-80,2.994049652002061140e-64,6.840412634932794740e-78,1.084734380623208891e-63,4.895625226467922959e-77,9.707636523047493200e-63,9.149154517321246643e-80,5.032623315801201592e-64,2.944789420514090446e-78,1.882493455093299523e-65,7.587607200802883163e-79,3.909678403103867969e-81,1.427076833163253496e-65,1.973188894342471237e-79,4.355717733758026909e-65,5.978084185000447685e-66,4.260250775239875418e-80,1.118811200507775599e-64,1.295866267517274473e-78,2.120177960710013551e-80,9.163913728565390823e-66,1.041527135774004812e-78,2.107545614676554249e-80,9.915285413535659936e-79,1.319839617979314537e-77,7.458085473159501946e-78,1.119685067072496851e-62,3.454576489295185680e-65,3.152945450689836516e-61,3.249760257550878165e-79,2.038590656820415631e-79,7.408522700856219616e-77,1.525636565852224550e-56,3.078311937477818953e-78,5.674533831408000593e-79,2.408787644117712845e-65,3.999999926267721051e-01,1.286728581121245628e-62,7.305077985061317512e-64,2.075529189703892589e-65,2.788713027973879989e-79,7.610882410471627989e-64,1.249609286451608675e-63,2.839498729304924639e-65,7.972391842047319155e-80,3.023159240725076142e-66,2.695758110941472730e-66,2.705143086916964711e-78,1.084895195856861344e-64,2.384039381615427912e-78,3.639738414800953166e-78,2.266050721880862104e-66,2.655795145128321121e-66,2.227938181099802065e-76,2.051645293152355055e-66,3.267339290500317735e-78,2.347470616302901243e-59,1.893709492702466630e-79,3.559279726996533030e-65,3.700954358411262054e-65,2.125378594225739233e-76,1.062929677125469301e-78,7.144686989909275590e-64,4.624282935960783110e-64,1.588171317901848106e-60,9.384754200472494288e-65,6.892377072069093707e-79,5.687842982608027773e-79,3.555730055069046446e-65,1.466764251692662700e-66,1.976776761925630305e-60,5.172950950163621501e-65,6.413080806738799934e-78,2.970640330508429256e-79,4.378765251297908446e-77,2.575824644384972581e-62,7.906607067334228381e-81,1.537559288208542965e-80,4.718816229977427651e-65,6.512951479298962768e-66,3.886862416153062232e-65,2.580170936890639851e-66,2.631681324994090810e-65,4.176896275679644881e-66,2.173847018005749642e-64,4.834691539346577792e-79,2.874577751665315658e-64,3.690675222214720033e-81,8.449934580389192315e-77,5.555433030779144091e-77,2.193874158199120870e-66,1.606694873234307348e-76,6.739645240920817584e-64,2.045924660743760812e-80,2.369775113597821643e-66,6.319812868741649480e-77,4.129440994319831693e-65,1.151507737054918570e-64,1.016856509197825553e-63,6.010260658050147295e-79,1.331310254192348003e-56,3.119713055777071860e-77,1.151436135208033790e-63,5.431906327465580659e-81,1.499941184152698759e-64,1.029623142469620728e-62,2.345881213687660099e-76,4.257151859704358630e-58,6.737182241799299155e-79,7.230442585017873371e-79,7.506091634662043322e-78,4.439356845022641742e-78,2.943629563966655181e-75,2.758061664226714201e-64
5.409726110910275512e-59,6.777942884065543821e-63,1.221177505318310451e-64,5.462123697777278359e-65,6.886033739953796374e-51,6.025266669885339679e-64,2.800156398952695443e-67,9.613384308805431827e-68,1.988996611898274705e-66,8.766658281035524592e-68,3.289560936029847928e-66,7.678105254357031716e-64,4.569377202504307008e-64,1.033920451882134653e-66,1.927912787512451425e-50,3.830188735066773283e-66,2.849100118310768070e-66,4.260841854691014096e-64,0.000000000000000000e+00,4.879884562003649663e-68,4.032051270815608578e-67,3.464078094349953534e-65,1.760422323974846818e-68,7.045945613682693425e-52,4.529530863820668284e-54,3.466455279248906009e-64,1.035433923158515979e-54,2.504038875031136717e-67,3.602632042077181069e-65,3.544069837629188258e-47,8.093926721964358571e-51,2.502779209522421636e-47,3.271231821308201473e-56,8.557042185397175951e-45,1.964021945640900051e-64,1.930201973954718861e-50,5.899405375996537419e-51,2.108553837919110525e-48,6.990826684656655183e-58,8.949094382302822181e-55,1.148374656769246237e-51,1.457753358458050939e-48,9.483829820217542711e-51,9.953072624027878727e-63,1.595102395693302849e-67,1.442507781328746706e-66,4.329548568207376342e-65,3.153712340277058826e-47,1.195411760798363532e-53,1.390408402374734563e-66,1.424569960613356209e-68,2.388322860099968448e-54,1.494891372206248962e-45,4.547178601549089261e-67,1.499374292348073381e-52,2.840286729278778966e-64,7.529694387807988490e-65,7.544026585113342047e-69,2.067632078417598432e-66,1.128889883241060787e-66,2.386131305731392274e-63,1.409321734137725731e-49,2.479190110454312084e-64,7.601396718015823780e-52,5.915953266788093161e-51,5.690238568445203061e-52,5.969595915450444490e-58,2.952387245567326277e-67,7.691235151517664923e-68,3.438366881629627865e-67,1.999591287809543468e-68,1.833388492578790706e-50,1.306915789330844957e-67,6.362686821144791881e-68,2.691089393617185727e-48,2.789857331196868569e-68,2.097110222648436117e-62,1.284487208268297436e-50,3.660635364928846899e-51,2.433843452947635906e-67,7.410057243626139592e-68,1.005548555590406694e-50,9.400974000347028179e-52,5.941566232858636253e-55,1.174133868962444689e-67,1.561989335608245354e-65,2.717057146279278591e-66,2.315083195564388230e-66,2.230522408864460668e-48,4.164551561831327685e-68,9.282675117913380482e-50,2.753512478564649949e-67,2.092438274848341544e-52,2.539916775546754538e-64,1.759724152403768894e-64,1.961815649951130591e-65,2.937959227935809448e-50,5.068488383720217731e-66,1.050520158723160506e-62,1.419165925835113652e-63,1.445269694137848842e-64,1.040821042971549937e-49,1.716046584991210313e-50,2.121949432713376332e-62,1.786583427782721889e-64,7.991062536369416051e-64,1.357505760813888216e-50,9.192624079018760088e-68,6.148873435785327606e-49,1.779258045990146132e-53,1.433833323091663131e-49,6.971582353272433902e-65,2.089835390140593469e-67,5.020852260589264733e-64,1.700241820469313993e-47,1.691331615250469801e-49,4.987340252774900285e-55,9.399511362789626825e-51,3.083773450607145620e-47,4.342799156478663821e-54,6.112572915730608120e-48,4.483678257530158546e-49,6.662896205747171274e-54,1.160981518491851918e-51,1.589708018502966377e-49,5.213786860837928776e-63,1.768431991380254898e-51,1.108555890288206176e-50,2.142069799676825196e-49,1.207680037175766395e-51,7.177814727031096100e-67,4.542829282434898581e-63,2.699728560508872922e-64,9.705224906544456984e-68,6.219524607760815109e-68,2.465040858817088865e-49,5.283604011944561545e-54,2.167430647917012043e-68,3.690932119996142497e-48,1.316243314403249752e-59,5.647085335746161481e-64,1.186235907023939546e-66,3.003686094767263267e-68,7.719436853476793659e-43,4.594900703640298438e-66,1.110638620388749348e-48,5.753317834288967357e-64,3.426476405244285504e-52,1.297550145504112603e-67,7.663797087589893441e-43,2.820093975419951526e-63,1.668072627849692201e-53,1.987648731630365238e-64,8.604988117147167922e-67,4.946406288405557216e-49,4.937327085825245598e-64,2.023675854971670293e-50,1.176705953707175503e-53,1.711860514718522109e-65,1.107632098043658177e-49,8.701958245396220289e-67,7.895529512171310380e-66,2.206688545622845049e-49,1.937908575108620632e-62,4.110246178935498571e-68,1.816280597963931245e-64,7.655586068794404829e-64,5.016090840699265351e-63,6.895579881401111945e-51,2.918916349949183205e-49,1.389965823919465480e-50,2.427018548924998876e-67,3.139222164684866138e-64,1.676785020650215258e-64,2.012807852261221769e-50,1.201821076255298042e-66,4.302829281050924670e-67,6.643360517567271252e-51,2.063551279620217975e-65,3.269704749010977187e-49,1.267405251037159282e-47,1.628597846797964591e-53,3.002714272237373746e-67,7.992328633375543883e-47,9.976331386552232490e-49,1.077487699320122853e-50,6.134897286809677238e-65,4.683160978432217005e-54,1.492414255913364601e-51,1.019731939084877630e-58,1.444579291205929590e-52,7.772589908131085315e-60,1.418373188325647586e-62,3.070532575839870795e-54,4.007088280993782137e-54,5.570389433658190539e-64,2.735567736283389516e-54,1.128325644494865508e-66,5.821800206644170407e-51,5.094628360838309642e-64,3.092514517075303076e-53,1.161559590039691932e-50,6.264498297530165413e-66,1.107437389481282143e-66,1.512597433044355126e-52,6.678198454203151931e-49,1.024508921082030306e-50,6.105383830370344926e-49,6.402269461226702663e-67,5.366774471338663977e-67,3.201095122701379181e-50,8.130712232019787147e-52,7.839301100317043817e-50,1.910242612866308006e-50,9.687078728093102556e-62,3.256225180809353628e-67,7.188353555440131276e-65,4.601762814269685639e-52,1.512963719162649208e-68,2.547547992591487051e-68,4.655550365976631776e-50,2.174227650805728460e-54,1.127403239427545898e-50,3.545685137571637688e-54,7.582430719745203574e-51,1.572806633655201264e-46,1.642746588199493472e-49,3.028523767873416848e-67,4.270183179398440652e-49,8.798407778006145983e-69,3.791365980956989910e-65,2.788920411862297902e-66,2.458059525726437520e-54,1.362131582578521590e-64,8.265091833213375706e-52,7.801178909398746176e-66,4.394406340756783512e-54,3.604107055098435369e-64,1.396358520017634990e-50,9.615946523468375072e-53,1.163221561906604022e-46,4.418923039687808997e-59,1.157654995925168248e-50,4.656291389408691347e-64,6.208843659510166827e-48,1.024299934083472279e-68,3.581299640032153777e-49,1.351964301363325295e-49,8.234190302355825535e-64,7.565890907123173640e-51,6.659871522669584637e-59,2.307387036764755993e-64,4.912589153803825081e-66,3.885956316944609608e-63,5.469586290283675736e-63,3.165275474167703139e-36
1.060723862877981759e-82,2.370094248600916747e-82,7.470923951217148099e-83,1.371398926602663064e-81,2.525046006634448147e-66,6.209502087725678660e-76,5.904373543186805941e-80,1.242537895482619839e-78,1.693707711227803165e-80,4.000000005475185527e-01,1.459850379315287401e-81,1.942776945037513827e-82,2.113475750690403651e-82,2.062153522385563632e-79,1.798988540368581342e-68,1.798770026606557438e-83,5.029683677938840855e-81,4.467549398398459060e-80,4.879884562003649663e-68,0.000000000000000000e+00,9.753328521875506528e-80,3.940251333708751453e-82,2.508155788430617008e-79,9.987039763555947646e-69,6.433454856959730785e-67,4.943976243486480396e-76,5.253516782748662729e-68,8.196305501537126149e-80,5.239572335687893265e-83,6.470916878002406776e-68,1.988982645724004181e-66,3.816984622544562322e-70,7.875812337258435191e-82,2.665418270029343616e-67,5.405635731423897923e-82,1.762680793423399350e-68,2.481573194286916441e-66,5.147694312157157734e-68,1.158180062137818490e-82,5.115139595969350134e-68,3.935572843568312411e-69,1.840571899829838247e-67,3.840264318194026398e-69,1.206449069997605118e-82,8.509070103468956173e-79,1.999946397537184114e-80,6.779612900498551832e-83,5.646132136567320314e-70,4.984218309152165033e-64,1.116144330985069675e-83,4.084823049373424904e-80,1.196557997818251314e-59,2.902197296240152869e-67,9.459716040449100554e-79,7.748462019254011856e-64,6.035784183664594664e-82,5.611558394741454644e-82,1.390349963483064821e-80,2.079150510024718116e-83,2.167014709647116891e-80,2.723027912317572256e-82,4.497302542138850121e-68,7.873135437126771147e-83,1.245818986387784264e-69,3.500764694686161906e-65,9.545161115636103330e-65,1.273368569190859249e-82,1.117717445797809356e-79,5.963402059746371097e-77,1.289744715374357264e-79,1.466522915691627249e-79,2.920845104232183458e-68,4.731179502059959936e-79,7.552358145067215252e-77,5.804748173726262966e-68,1.262004312690206830e-78,5.487504773712864379e-80,4.187870590047038681e-69,2.390372990862652124e-68,1.448577512245287109e-79,8.927842178299957764e-79,1.662172376553210270e-68,1.617071145531027085e-64,2.356094743927633559e-64,6.056745858497889053e-79,7.200403538680662350e-81,1.245740835246903034e-80,1.942540066312812506e-83,1.974522757602590124e-67,2.501563361999420671e-78,7.917421747781229898e-68,1.716285754768459081e-79,1.288116642390318168e-69,6.934280140153811083e-83,3.531108341790631106e-81,1.618284143518083346e-81,1.759161220275204454e-68,3.783656101700590588e-81,2.490712977160388842e-82,1.331093744473083483e-82,5.908402239502740150e-82,2.301175910941181519e-67,1.650785463269245025e-68,1.361854599470235370e-82,5.210738861433249779e-82,6.937451863936989268e-83,1.526496561491311382e-67,1.218675925470440042e-78,6.510034470370783889e-68,6.894682168965730597e-64,4.322683183323966636e-68,4.701766102365403609e-82,1.480259247025022904e-77,6.940598656381785561e-83,5.065148863578901460e-70,2.278561191731327574e-67,2.319612528552899026e-64,2.720383736857055014e-67,7.843364640891079336e-68,3.734093808067820336e-64,3.382935171100043119e-69,2.023138934488092811e-67,2.886182768839872350e-65,3.500097845093178829e-65,1.946581758425710835e-66,6.399763951460328200e-82,3.244346863002573162e-69,1.352913217289617832e-67,2.373691005766799366e-68,1.316042939544801261e-68,2.474296480843262901e-80,3.882536313127767610e-82,6.703668767265193790e-82,4.172980588636065660e-79,4.000000001535685135e-01,1.816413779026357501e-67,5.743011001984027777e-65,5.633686653019613464e-80,4.049067054733607921e-68,1.358302800412035685e-82,6.839059137069392325e-76,6.440533916753331999e-84,1.715154552391096700e-78,2.663701876901912861e-68,3.528946524333777881e-79,2.774633350400079743e-67,3.910876800594179577e-82,1.141401448406714587e-66,1.268545476806986969e-76,4.514267024737524185e-68,1.483159835640547862e-81,1.550091700321453368e-65,1.357008520294885438e-82,6.407255475412326145e-84,1.032681557402335113e-69,7.839775010155729491e-83,2.220004312784446486e-68,1.970628189738890199e-64,4.400710448083913056e-83,8.327538991733304782e-68,2.074954085460355363e-80,2.548784043535548008e-83,9.096554332092956190e-70,1.410306674388083301e-82,3.428166943560344598e-78,1.380202386982145332e-82,3.867921003132837976e-82,3.576000745780588789e-82,2.396856584956234420e-68,2.518186579391214179e-69,2.188843022253330002e-67,1.323701953712074701e-79,6.830693071540346864e-83,4.292180185403376286e-82,1.229915974227344777e-66,1.807524969770490031e-80,5.205799298192593816e-78,1.881324195938840224e-68,1.951290599997730704e-81,1.805421775535468728e-67,1.727213826774911608e-67,1.648378097310935158e-65,7.456629279355319924e-80,1.716340629269804288e-67,2.726250943578543197e-67,2.638946511590071344e-68,5.302037416329773029e-83,6.614886768766330521e-64,2.227102711432671242e-69,2.875858141081426668e-82,1.875107090454282626e-63,1.721555726907016361e-82,2.003690104205881664e-82,2.498990947266447703e-59,3.385710715050700689e-64,6.302751385439335931e-76,1.148832851033297007e-59,1.274398903449791024e-80,1.892745433948979380e-66,6.025263557034612913e-83,3.195060496497922912e-65,2.809888904979933548e-68,1.384214543477810422e-81,2.691603841216551446e-78,1.317592592203808269e-69,1.050455011177581489e-67,3.409896934963430182e-67,2.665469355284142615e-68,8.436887989396440726e-79,2.527269839203584512e-78,1.809490770144919235e-68,1.515841485280821087e-69,2.805691978991639564e-66,1.809044586339972569e-68,3.980129108004598200e-82,4.626925278516824902e-78,7.201525911665953618e-82,3.130777229697969593e-67,1.415531890003431753e-79,1.426116542603503681e-78,2.786675596750540393e-68,1.019554207999506699e-67,3.301537549071850272e-68,5.208467957567870961e-64,2.197679894139295334e-68,7.592078231032865705e-70,3.213647803965398272e-68,7.124886039584766586e-80,3.835998030916033080e-68,1.328572344702013200e-80,4.083112985982123521e-82,4.128134551349696404e-81,3.004544513887612524e-59,4.324432016549713962e-82,2.310841823765449126e-69,2.224688292773379253e-83,1.772591948583399426e-65,4.792237285159428234e-82,4.155744162130155390e-68,6.280031372552847850e-65,1.671045535595880208e-67,9.124337415427029115e-83,6.838628048552454179e-67,4.680585800373244117e-82,6.701568768508768147e-68,3.696578756321938889e-80,5.710895445504763700e-68,1.895895318683935168e-67,3.377879543815763222e-81,2.863725230982112316e-67,1.110309299343337439e-82,1.151002739112250000e-82,5.393160983400025535e-78,2.952975133313251443e-82,1.316778562945734989e-80,3.096411461874940816e-68
7.529366210585754207e-82,1.927291147728667113e-81,3.974308304028021950e-82,2.102131021695577636e-80,2.720785866431566048e-65,6.506484254003751446e-77,4.400173400767275767e-73,4.714676487480097376e-78,1.306351299013620531e-78,1.928168925821109788e-79,9.396177262075657507e-81,1.058872310951778934e-81,1.159122034325701013e-81,1.507769019465096878e-76,8.242579245701602064e-68,9.167327424639620470e-83,2.186746145758327708e-79,4.543851471970628064e-79,4.032051270815608578e-67,9.753328521875506528e-80,0.000000000000000000e+00,2.361750420185528994e-81,4.640054510336379930e-81,3.436304812520710558e-68,9.633562478250738806e-65,3.983996367946572976e-77,8.023748098226006516e-66,4.061569991389049905e-73,2.651695681430849819e-82,5.085350239073688516e-67,2.514885929013383752e-65,2.579017454056880418e-69,5.374640085127686066e-81,2.050505257776636300e-66,3.743061321211535392e-81,8.624137084864310860e-68,4.598060564520993956e-65,3.800481441201420121e-67,7.490545908897464703e-82,5.169653677288674380e-66,3.002351291648836076e-68,9.496461723682611724e-67,1.808656520181271963e-68,1.210149048957888239e-81,2.450821372880420507e-77,2.188054215830804608e-78,3.413339521545190451e-82,3.338221405878218687e-69,4.348462847905061274e-66,4.472851737874923823e-83,2.335945881243302999e-81,2.778007739123041004e-66,2.191014253596727521e-66,6.083951735480729407e-80,4.777744789626283397e-62,5.849571878614888821e-81,3.820945269736522524e-81,1.007817631114814249e-81,5.935707192337501080e-83,3.972098259674707320e-78,1.734841975226553533e-81,2.674938220601048159e-67,4.860405285593246833e-82,6.982443443611720493e-69,8.471005409443169676e-64,5.254256453421431482e-62,8.929297143406149107e-82,1.623599913390796311e-77,2.728612935333348274e-79,3.999999992770575385e-01,4.346517164464536424e-81,1.317113920383436612e-67,5.233770213567671483e-77,2.553958471362895465e-79,4.124683184666086256e-67,1.456073236144941618e-80,3.042269758794003647e-79,1.948959848665141185e-68,1.963375713325291495e-67,3.093044505796884300e-77,4.753170623490878019e-79,7.649723552862254310e-68,7.345906209597380926e-62,4.280646492924970996e-66,2.611265301443718431e-77,6.080550223446469933e-80,1.444230824628508444e-78,7.081994664997576441e-83,1.053845855450260419e-66,1.776415723589839135e-80,4.208088904230580288e-67,4.000000012381679237e-01,1.095541412456452746e-68,3.198634367979976578e-82,2.298586679717663526e-80,2.021672957522495538e-80,6.820986777042526191e-68,1.042949808047087611e-79,2.309846434791619477e-81,7.571306820170697905e-82,4.285272203528067586e-81,1.904768585709557405e-66,7.551660301039652997e-68,1.155484601624721042e-81,3.110671865300966546e-81,4.489548237273853473e-82,1.142409565353682724e-66,4.084569663125186162e-78,5.362776396037745966e-67,5.485669838769030363e-66,2.468687128746900317e-67,2.921398596815607346e-81,1.193252678684697493e-79,4.367263623453720611e-82,3.232841586116904101e-69,1.597901987506900064e-66,2.702276883861893104e-66,2.710092542588001274e-66,7.541121288053069673e-67,2.320858405587853527e-66,2.058413945840978511e-68,1.262895424703601271e-66,1.055831903363608533e-66,8.571448249249891380e-64,3.016545002798511606e-65,3.795938847944923337e-81,1.664278342978987485e-68,1.220632119942979939e-66,1.325027708641689583e-67,5.063244288777714865e-68,1.270175139394526615e-77,2.837618900016454522e-81,5.752597505946735747e-81,7.552140736155905072e-79,9.851034195549987918e-80,1.557874581712369263e-66,1.248352547611163018e-66,2.486021753673064079e-81,2.787735926945812235e-67,1.197595259758416535e-81,6.690578635027560677e-77,3.375442726044532650e-83,1.227939658619280331e-80,1.847557033840000701e-67,3.585884871594709579e-76,1.237356956838586945e-66,3.631861739373382436e-81,1.008875957253239244e-65,4.805054301183938079e-79,2.624736954003984209e-67,7.457008351443617178e-81,7.144900371104379180e-63,5.944315614302011584e-82,3.093951341319990349e-83,7.279625255479815937e-69,4.783023236477999351e-82,8.322456883276702585e-68,3.347459635406517581e-66,2.139094818244525190e-82,5.234405729318279761e-67,1.705627012188050673e-77,1.157740086905248576e-82,5.492631470148588451e-69,1.110556191049585704e-81,3.510139652181197909e-80,5.992618611571393316e-82,3.870920968452998055e-81,2.357461262438375313e-81,2.640007166201676181e-67,1.487861824509291382e-68,1.791779642907653193e-66,4.042896949584795605e-77,3.301192279517107413e-82,3.315377836318210201e-81,9.976731971092839968e-66,4.558418940617196991e-78,7.539313751434389207e-78,7.506563457144268517e-68,2.311487839456116335e-80,1.430438239290463772e-66,9.870712455753417875e-67,1.237819170240382000e-62,7.107594181957641773e-73,1.330520964113383465e-66,1.409649554395765594e-66,1.222929913149118098e-67,3.216786236072124788e-82,2.515393947980517597e-66,1.247442570486161853e-68,2.181651157576634098e-81,1.266048765166410236e-62,1.308090063444727403e-81,1.197500969467794679e-81,3.440615699635365868e-66,2.138469879330973157e-66,6.389599940721193250e-77,2.597497651670041709e-66,1.939935059791169493e-78,2.954158404773093167e-65,3.432974997666885399e-82,1.006596297913922222e-62,1.078895092769378969e-67,8.760390097433972690e-81,3.220905456714277092e-76,1.044188284402048864e-68,4.596861824863456068e-67,2.692820414325934459e-66,1.886676652247059131e-67,1.038317025248495489e-75,1.190721041697732210e-76,9.886382705456132057e-68,9.823755668121748438e-69,5.149880408590839142e-65,6.189280684542778081e-68,2.545229651077934259e-81,1.151994784672197364e-77,8.858328928680056139e-81,3.299342871208473065e-66,4.011410992453527777e-81,1.190329961473560506e-80,1.571161902783287006e-67,8.078060626024456684e-66,1.180607291967725920e-67,2.186480284573917493e-66,8.764595595538905854e-68,5.355120570496703876e-69,1.563232999197475957e-67,2.102435753163533272e-77,1.882957494694376685e-67,1.105537888162939862e-81,2.017589456251544396e-81,1.256786410591354513e-79,3.176042772267123985e-66,3.390839461731870368e-81,1.938300513411365433e-68,1.053886585869427119e-82,7.312359973719231006e-67,4.184210400545446408e-81,1.803545195256181607e-67,3.135116507316658552e-62,1.384681725335149937e-66,6.613560522141924159e-82,6.242035428612526107e-66,4.983005479354359477e-81,4.934672096816904078e-67,1.758529118115966844e-81,3.891521091433079806e-67,1.285706855062226587e-66,3.724595050493180388e-80,3.308237726381488246e-66,8.311677055670739499e-82,4.814491284587173973e-82,8.993943471737149893e-76,2.459391181652275743e-81,1.450143658636915090e-79,2.480450811333336645e-67
8.828937187433424813e-80,3.688111400171013972e-79,8.435125436107866610e-81,3.561844168637916565e-79,6.033057697516329493e-64,2.129884334470020119e-78,1.106753525569655211e-81,1.139554700580114985e-81,3.653834569228019170e-80,6.572886905028030603e-82,8.432029535780505608e-79,4.533130040921548028e-80,4.304504193220532113e-80,7.461903029185629990e-81,3.901883515379494837e-66,8.102081792524102886e-82,5.104474390853405376e-80,8.670187398993154098e-77,3.464078094349953534e-65,3.940251333708751453e-82,2.361750420185528994e-81,0.000000000000000000e+00,1.266409956542447039e-82,4.647714052449520144e-67,6.918132137780352773e-68,1.792929700383873337e-78,1.290998191892184053e-68,8.178251290799703253e-82,5.754299545442631178e-81,3.336696121893029766e-65,1.195916964806588235e-63,2.228886050671144480e-67,6.132164468894783415e-79,1.739899561255028286e-64,1.623777624792512919e-77,3.310979431225499066e-66,2.603903269913476437e-64,2.817025299619771723e-65,9.929354741714653669e-80,1.538293051825711398e-68,8.966974864306135668e-64,5.992813321188997761e-64,1.271839252159405048e-66,3.110086047996957061e-80,8.609978889127244226e-82,2.386802597932391955e-80,4.562445724063966396e-81,5.724320131623548567e-67,5.930368013046589073e-68,7.132474824725991149e-82,7.080809404333813631e-83,1.720791797976300980e-68,2.246281857342201287e-64,2.037566969970484645e-81,6.284824270420845580e-67,4.892478433961930973e-79,1.335947515691118871e-75,4.184483731161084092e-83,1.912710201447887014e-81,1.333692160268171779e-80,8.325383137361522800e-79,8.912369835226978946e-66,9.894863667218083224e-81,1.012740520296385486e-67,3.200244785270793807e-64,4.761279068762771403e-66,7.727959519916684963e-80,4.093567138239751418e-81,3.210504521138289127e-82,2.245589744517220707e-81,8.841575337182581671e-83,4.169697884006788436e-66,8.999586466163456880e-82,3.693136599204546211e-82,6.379068862102611781e-65,9.584552898557927916e-83,2.689926443756408272e-74,1.390873938401343534e-66,4.454004862773364954e-64,2.124183137012501732e-81,1.101301659092177120e-81,1.603099475391766064e-66,9.410331284301833121e-66,3.445126034330568207e-69,7.257826221947222473e-82,2.358400874964987315e-78,2.603860299524864671e-80,1.013428227171936686e-81,5.772327974762075165e-64,2.122677265923640709e-82,9.774210529493624993e-66,1.956805687936595042e-81,5.966903769820344303e-65,2.866422800332761356e-80,1.872499832453449325e-73,1.812745939120325998e-78,2.111114979321655737e-65,8.944782190563005499e-80,3.707554207587008705e-79,3.758962921907867267e-80,3.999999991769562779e-01,9.312243944381315117e-64,3.089590241888111919e-66,5.492036275400792038e-80,1.512830296632502781e-75,1.995521712087013270e-80,2.327462692326460738e-62,9.038802081617133285e-82,8.082581875029820490e-66,1.506184909198977198e-67,9.439000701995987687e-66,1.652012980862099729e-75,9.959463990161335036e-82,1.990857948557645830e-80,2.619691061006654947e-67,5.183424516486621973e-64,2.113071076072520149e-69,1.484940481071744835e-63,3.671312186401563742e-65,2.211704945297338862e-68,3.238460999899052075e-66,8.745509023072413137e-64,3.706540905369044621e-68,4.691346789132580980e-65,1.913724435872652840e-63,1.219723274876982725e-77,2.996611416054212294e-67,2.946324773416709964e-62,5.684049759288119483e-66,7.853225661838558512e-67,4.979295927122331142e-81,2.171455662895585938e-78,1.457981202444753168e-77,1.768859800376229426e-81,4.817322726411252623e-82,8.328810396809247353e-64,2.760036395542626288e-68,1.282301177757984808e-82,2.357624616096856688e-65,1.683126189571744981e-79,2.543069349453581328e-78,2.698725203367914755e-82,1.796680829907147767e-82,2.846575478237527759e-65,3.059027862903367856e-80,2.582757975305313918e-64,7.858207310457643976e-78,4.467221924194208982e-65,7.584557247074081496e-82,7.755363289027172831e-65,4.033561806199173725e-79,1.105361424205548803e-67,2.757045086988080722e-79,2.563811272804129684e-82,1.515499787902915504e-66,2.411247611260680973e-80,5.970182780214810170e-66,5.437773593585679766e-68,3.081971727630739651e-81,9.062368310967431601e-66,4.336254819068088219e-81,1.761183728354979761e-81,1.140428522772154233e-66,6.558339968986114843e-80,1.405468916014747489e-82,3.439829058604265329e-79,4.333329425028663941e-79,8.045280418552159979e-79,5.757479703861195935e-64,5.608328018619046803e-66,6.866587159250491066e-63,2.066461065998380308e-81,2.471909819517064496e-80,9.967274517982309241e-78,1.900598191463901676e-62,1.033254510312448176e-80,4.291443922820685109e-81,2.350298151429607580e-66,1.206685806024957755e-78,2.079090257257871619e-63,1.398117611597305762e-64,1.257728958057492759e-67,1.400868561169886978e-81,6.134762300514692837e-65,4.133684152685216777e-64,2.416941959823922423e-66,5.893246174643608817e-81,2.844881176831049815e-68,1.861959227661960417e-67,4.315269878148532630e-79,6.315844033124961778e-67,3.078700480305258373e-79,9.002017954110285629e-79,1.947879292714728155e-68,2.160285265726847709e-68,2.198726748804134025e-78,1.893008313203536999e-68,1.216213629137837818e-80,4.220843682131302718e-64,1.681997185395163709e-80,1.788080167273528239e-67,3.777656158098647312e-66,1.595238447961016294e-78,5.249984863431951499e-81,4.659191722434685646e-65,9.374365543978054806e-65,2.352211410777950359e-62,1.005804639514997361e-65,4.437194912561296734e-81,2.982008149518665795e-81,2.953169385872189877e-66,7.889920646149815809e-68,1.422332474327095976e-63,1.635227184356721299e-65,1.428127793982330255e-78,1.987423611844488119e-81,3.420722589417978110e-79,6.797073677647041786e-65,7.109477681995667086e-83,1.432379147758539989e-82,4.668161892721995707e-66,3.901533610322365137e-68,4.413048912215799703e-66,2.346747900553553918e-68,2.611854195295121888e-66,4.642244149571301573e-67,5.636655817423700544e-65,2.839811398140202687e-81,6.183034638525325724e-65,3.223757480235802840e-83,4.000000017739017699e-01,5.906995596247413833e-80,2.226165001082671911e-68,1.682993988825091535e-75,1.347037610281618728e-64,1.544463217683654972e-81,2.515715115878616933e-68,4.338014691158579219e-78,3.888098230219500120e-66,6.130267635170365811e-67,7.017290666283116301e-65,5.270649005046526507e-80,2.311995392368446526e-63,1.222911567093808391e-78,9.685856078132274098e-65,6.114873739714634812e-83,1.003998408156081712e-65,1.380322750501684695e-63,2.982913274757830789e-78,5.996451327381889950e-64,5.315239328538076502e-80,2.468243290097813215e-79,4.692234593935710220e-80,2.888455963777420185e-79,1.124742924550285601e-76,2.729963339173135894e-65
4.012435921590863960e-83,8.258969315861200621e-83,2.801783776075401721e-83,3.336398841066387450e-82,5.676220893089785272e-67,3.604081331742123410e-74,3.024904495195084811e-81,2.420201418462623259e-80,2.126463807373828484e-81,2.432945273009939449e-79,3.807613941035871588e-82,8.009453606337204860e-83,8.246362817516241719e-83,1.083689011792951572e-80,6.841311269558468414e-69,7.135392469105852088e-84,7.862002341056715626e-82,1.105571266486310800e-80,1.760422323974846818e-68,2.508155788430617008e-79,4.640054510336379930e-81,1.266409956542447039e-82,0.000000000000000000e+00,4.371434039165507086e-69,4.043465911906997374e-68,3.210562605332931773e-74,4.225629286798361224e-69,3.851152895470695340e-81,1.856261026441489513e-83,2.332346620323684045e-68,4.090011681077407700e-67,1.325731199056958327e-70,2.529058986792433448e-82,9.096087532140338721e-68,1.573689458172010165e-82,6.633807024153125166e-69,4.743746337605079593e-67,1.661890740777814106e-68,4.343951014398451083e-83,3.959199131608192580e-69,1.262329589989150871e-69,6.831279563841893038e-68,1.585221955704320209e-69,3.858926214490357238e-83,1.778912273835917993e-80,2.062300889530538662e-81,2.486575091209272656e-83,2.004154755961074443e-70,4.801913966282977646e-63,4.268426495810566780e-84,2.172389900120738371e-77,2.597178525866494105e-65,1.019199693263659611e-67,2.604832650620455817e-76,2.231436589678436201e-65,1.761078558623001543e-82,1.745731800698132156e-82,1.144045255811396270e-78,9.547163564867754541e-84,2.020381822160118359e-81,8.567116414716646673e-83,1.567256491332849864e-68,2.921163325953661946e-83,5.165410468280033690e-70,5.326322159953452362e-66,5.599860637627827030e-66,4.440279616891846786e-83,5.467769483943334869e-81,1.008854049071742973e-79,6.168673049806018506e-81,3.999999995527136476e-01,1.146566334603983686e-68,1.301006705613955474e-80,9.984298691415431494e-80,2.005851219957472129e-68,3.369152128604704515e-78,1.577831385865466720e-80,1.477283514989060815e-69,7.270050619261800702e-69,6.217911102453843768e-81,2.623418954551096624e-80,6.489480447644903972e-69,9.342008590393478026e-66,4.202191729387619784e-67,1.427621488374101567e-80,1.617339694007099425e-81,1.429603894286839555e-81,7.358749318581263633e-84,6.783433895483273827e-68,9.582115036255452083e-78,3.100248994479963740e-68,7.385453507698032166e-81,3.829791380965554422e-70,2.894394886057259840e-83,1.109197881504035434e-81,3.774814851744956258e-82,7.191558881528997117e-69,6.620736554928073079e-82,7.917634084500262577e-83,5.077683190379991898e-83,2.023824918202317695e-82,7.575106582191594917e-68,6.532995884381861461e-69,4.565425882524234059e-83,1.732982468597830041e-82,2.841227750037254527e-83,4.529371517671119621e-68,2.408863718940342123e-80,2.317738513127320432e-68,2.529292956976214224e-62,1.577044604554358400e-68,1.489825448742834527e-82,2.436881700603941590e-77,2.313981308818438065e-83,1.830194695608737375e-70,6.614948331856395145e-68,5.061848896111928039e-67,7.031969617500260272e-68,2.602457840870347560e-68,4.654989231765202296e-64,1.142082130935588359e-69,6.214026403014964010e-68,2.693841217748232361e-62,4.085510028179581351e-66,4.886530007702760106e-67,2.487394889579209439e-82,1.319635657452244244e-69,4.035958984149318395e-68,1.016361149586086306e-68,5.460433182482559406e-69,1.895557696423555448e-81,1.353363609093163074e-82,2.086894696003960417e-82,1.579546767535821048e-80,2.480080441981572213e-79,6.136633891775941061e-68,2.073881290621902577e-57,3.267722761766948960e-77,1.415007059910867905e-68,4.206559554237051476e-83,4.239842747744387796e-74,2.636398731930256001e-84,1.136340952395687462e-77,9.354506206494777189e-69,2.109361106199667214e-80,1.078077724733681089e-67,1.247694635476591326e-82,2.224500434489408885e-67,1.613883158304843104e-79,1.483500682136394435e-68,5.756670603433847154e-82,5.169200028856542538e-67,5.103970175042333049e-83,2.672177347784258990e-84,3.363276497651665681e-70,2.774546496582436156e-83,9.886355270699516719e-69,9.816856362834722316e-58,1.584088786866950691e-83,2.997175983651139996e-68,1.542171506046326827e-81,1.041829925706287865e-83,3.189656719115670203e-70,5.312568687424434552e-83,1.794123057570867731e-78,4.775794482443230670e-83,1.190080136236334039e-82,1.275510528411608018e-82,7.642399431704119899e-69,8.466209366893521001e-70,6.589821188795680878e-68,6.230252487893181275e-81,2.830901386983290196e-83,1.252144131293385008e-82,3.094847014152529797e-67,1.501230664477231036e-81,1.208235440518424364e-79,8.614453965105155609e-69,5.056661533863592440e-82,5.865236798383491872e-68,6.417505826978572925e-68,5.615443697335176061e-67,3.829932041460540030e-81,6.131070252798334307e-68,1.024033747718126272e-67,1.008584684390809876e-68,2.192114334539432680e-83,3.955623456838133012e-64,8.205469775504953590e-70,9.852030395143117173e-83,3.153948913979691587e-65,5.342037111672405985e-83,8.011642519134836768e-83,1.910230582953523933e-65,4.997923734111765707e-64,3.827126732151719719e-74,3.719199575229414324e-65,1.498933640373522631e-81,3.736668068820887398e-67,2.283659507632700719e-83,1.345865529047401010e-66,1.133666495519574375e-68,3.382646835014215184e-82,8.561062909746858295e-80,3.536819165335467958e-70,4.082736187082128741e-68,8.907394098011028328e-68,9.945741955568107645e-69,2.692785178591888119e-80,6.063814662015674613e-80,7.070219419635660661e-69,6.077507455276937326e-70,6.809497929393308121e-67,6.507966354625583206e-69,1.269706361576494153e-82,6.395923112774494682e-80,2.013250090306750244e-82,6.278396867618296380e-68,4.000000004005037080e-01,6.586275544218619480e-78,1.088747605252881156e-68,9.063731617063960420e-69,1.272126558754665874e-68,4.543236088074183276e-64,9.593752850782208892e-69,2.864582992606870905e-70,1.209900906783730489e-68,4.074606682965865766e-81,1.428248426317058260e-68,1.154007182172156935e-78,1.432859174562579000e-82,7.211673470405968401e-82,2.285957200036255742e-65,1.406734984074830981e-82,6.054293745156829020e-70,9.024274374069957586e-84,1.197493278456879089e-62,1.382828700137199853e-82,1.768008277400093940e-68,2.363047560149370038e-66,6.123550512264497944e-68,3.587926862408651091e-83,1.836278292517618987e-67,1.546027964915837087e-82,2.357684539849042510e-68,2.180622346636706876e-77,2.264398295339594843e-68,5.761454178364176895e-68,1.030759268570534370e-81,7.619658540014901910e-68,4.224575590993468446e-83,4.187785697003606370e-83,2.223219624616845894e-79,8.932348006050762107e-83,3.642428857573464410e-81,1.090191494394521908e-68
2.401670095061268745e-66,8.203020503075619066e-67,2.849115486402228222e-65,3.016148914541691353e-67,1.426603050810478883e-52,9.173403922353773688e-65,2.269388995989641723e-68,1.797857717842769702e-68,1.113152709759243580e-67,1.417000950496820995e-68,1.567360450536377036e-67,5.480101964068563432e-65,1.146235447660300913e-64,8.006326603947370015e-68,1.443829957843612293e-50,1.193134775040734601e-62,9.311757161942688537e-68,5.088000204870313421e-66,7.045945613682693425e-52,9.987039763555947646e-69,3.436304812520710558e-68,4.647714052449520144e-67,4.371434039165507086e-69,0.000000000000000000e+00,4.819201174209532311e-55,7.073327317769070300e-65,8.302153280415053051e-56,1.925185992249017778e-68,1.289360002836138214e-64,9.332962304849653154e-52,1.697985191034155018e-52,1.709217605235125698e-53,1.486986081327280287e-65,3.684512148107762050e-51,7.323042543696752668e-67,2.632559522862243226e-50,1.085991248724295242e-52,3.436455877833574388e-52,2.390547639018911761e-66,8.605962162203582954e-56,3.955010331107473021e-54,2.337997870754616225e-51,1.065718080858852481e-51,1.080112157091644271e-66,1.706181714891454589e-68,9.629154252221200831e-68,1.262264513498918440e-64,1.770865115621041771e-53,1.977482799685725759e-54,2.514537456625205834e-60,2.371390523240157088e-69,3.824721723662438769e-55,4.222601772926615120e-51,8.889435740136196472e-68,2.058371963929123173e-53,5.469644382988585177e-67,5.431709409421035441e-67,1.611412621223735190e-69,3.994194411326784048e-60,7.223365363923440870e-68,1.167827430452029895e-66,1.299082328700489936e-50,2.347182388656341671e-65,9.861287821348502730e-51,4.345339219076556009e-52,4.715829304219316223e-53,2.916781123425330506e-66,3.207913993138446855e-68,9.105251462900629001e-69,3.605107577261761813e-68,3.298103880581684877e-69,9.982466631666140398e-50,1.870638681614299133e-68,9.457351035584396920e-69,2.402724855832321592e-52,3.914022535471482358e-69,9.062514584959612954e-65,7.857852846538132013e-52,1.396305807010620496e-53,2.534686205049661977e-68,1.374928931250272252e-68,7.044500919921749526e-50,9.238174645081611996e-53,7.667413662724725651e-56,1.410954245498041057e-68,5.490560885542419399e-67,1.104662123382469670e-67,2.309589307705732993e-60,2.662937723900086512e-51,7.883915716601430518e-69,8.426669719434175059e-50,3.188156428312752543e-68,7.591533060237221136e-55,1.321735279107818497e-65,1.799475891207261229e-66,2.044007809758466826e-67,7.416627866601073076e-52,1.039614798446820488e-67,1.038544617556228661e-66,1.390196259317989964e-65,8.416417348356122610e-67,2.251058822416231709e-52,2.149779791215382170e-50,1.180130499664709685e-66,7.779770538510471369e-67,1.009919115057198967e-65,7.485043886689948567e-53,1.633797344372811238e-68,1.482742974132626444e-50,3.197971697648029933e-54,1.272127409473973014e-50,3.872018398058588239e-67,3.144107922214099797e-68,1.197323193066877751e-65,2.805774701963150259e-53,3.453346999837995211e-52,5.681437480208713580e-56,6.844497566157456126e-53,4.971536248226826984e-52,6.919821967056234573e-55,4.630109638373589192e-53,5.412035781863874117e-52,1.257174695615803527e-54,1.404231056583522170e-52,4.606468915418231768e-52,2.961761765944916952e-66,1.317829787754115990e-50,7.162574956334640296e-53,3.712169098934828231e-51,5.251417747275762305e-39,4.528778968110784641e-68,1.249966555847817798e-66,7.378773401329158348e-67,1.821077739134297423e-68,9.890884469026798952e-69,2.559914473224117043e-52,9.089540445303732476e-55,3.863306077654497444e-69,3.716596604262374918e-52,1.319902877506352796e-66,1.036307403270794363e-64,7.341890135604480422e-63,5.891570808670562268e-69,2.561598867516641786e-52,3.177073302483427565e-67,2.029154685733617997e-50,6.544568749917328689e-67,2.624385573464805367e-53,1.662848346296003173e-68,6.629763794779085337e-52,6.686554074140005490e-64,1.430051837417863981e-54,2.725614917657442939e-66,1.555556056759696725e-62,7.162262726892376356e-54,1.367951844692150325e-65,1.790050429084673232e-50,1.890658207510654592e-54,6.707011486847355360e-64,8.093732683730827270e-50,4.369227683895932532e-68,2.296207118337904276e-64,1.028409740263047288e-53,1.332847849187587620e-66,5.562471933175568850e-69,2.211941278855103074e-66,5.152398492938730413e-67,1.387494989870009488e-66,1.427223902276791623e-53,2.208221775790196482e-53,8.036049565777006407e-53,2.369151613920690715e-68,1.332812516953749835e-65,4.730918942371343342e-67,2.489141954134454229e-52,6.863604733818272970e-68,7.133150284196449785e-68,6.475462822016184162e-49,2.017744858070499194e-67,3.685131861058565962e-52,1.128866487671857284e-50,1.765420647268295647e-54,2.572284684591215953e-68,7.554496610843288215e-51,1.089302033116990564e-50,2.554986579363731062e-49,1.117571318536303865e-64,7.739338890185931637e-55,9.486292072197341002e-51,3.838664119268472632e-66,1.643375936449023955e-53,1.751580132420080358e-66,1.507403173025607216e-66,4.052695534091400332e-55,6.953434555870572477e-55,9.495549647998642458e-65,4.641645509251570102e-55,5.570898331061706369e-68,1.092215450418840730e-52,9.988318156524967903e-66,2.818069940631347560e-54,1.633588835813532949e-49,1.883025725454854564e-67,1.144277501748605147e-67,8.223882894835194511e-55,4.169312095386159010e-51,1.159038567694367526e-52,3.208509316221400032e-51,6.917349206699091360e-68,6.084762120647476091e-68,1.940738560493795429e-50,1.380509656102056484e-50,4.502720972242102508e-52,1.395914516816502860e-51,2.979476443121710924e-66,2.916903404751293101e-68,2.860249911900813144e-67,1.665686912128380362e-53,2.948443230714174451e-69,4.284110333775185995e-69,2.113445675223927377e-50,1.937395620847735177e-55,2.127607462298825316e-49,7.286301936673240866e-55,2.821577604619106944e-49,2.652319834222473986e-53,7.785746057585123368e-52,2.697844370109082952e-68,9.576711676170550123e-52,1.483126243198024757e-69,4.505392222624696622e-67,8.040861061317841447e-68,5.211230178927919576e-55,4.792649996261374493e-67,2.508507532034884318e-54,2.263161043875262850e-64,8.579840386350367749e-55,5.604189621008558593e-67,4.637912015786548130e-49,8.799733039605191211e-54,5.754478993590109184e-51,2.480446566643123518e-66,1.237202156540978780e-52,5.753142642356374447e-67,3.014836884957635795e-52,2.052755114660705904e-69,1.725609282586116303e-50,3.307886689361196377e-52,1.812852588623357639e-66,5.078819593198339826e-53,2.455114128886432425e-66,3.118025808042264587e-66,6.174159898628575302e-67,1.034816124931638015e-66,1.020116282520554041e-65,3.675157143168587229e-52
9.684429291524821912e-69,2.226142018194883120e-68,4.729857664972422703e-69,1.428810089918587004e-67,6.416932766206242383e-52,4.272288734882462921e-64,1.507666748975274621e-65,1.695995853952784991e-65,1.471109393437063311e-64,1.085391896443081006e-66,4.118527493921487376e-67,1.565790376801345308e-68,1.688706078439560016e-68,9.673817840789135040e-63,1.341522319243744203e-54,9.529302853787783729e-70,3.086973161804119163e-66,1.164829733897296544e-65,4.529530863820668284e-54,6.433454856959730785e-67,9.633562478250738806e-65,6.918132137780352773e-68,4.043465911906997374e-68,4.819201174209532311e-55,0.000000000000000000e+00,3.447618399549306020e-64,1.542397149398963254e-31,1.030829212884302278e-65,3.299788798559345408e-69,4.838689062752353381e-54,5.633803746631190803e-52,3.533875443804875424e-56,6.049513569776242921e-68,2.102419493520371008e-53,6.546299551875652665e-68,1.351696095577651357e-54,8.470724927423920105e-52,4.055989022320281308e-54,9.221788134672509252e-69,1.164220914147906285e-37,5.422415146510898003e-55,1.994406249703645345e-53,2.857083079594363591e-55,8.663044588070190293e-69,1.515656281515080531e-65,5.936918954818106517e-64,3.975939765616145878e-69,5.521047628394602830e-56,2.785487740740659648e-53,6.346932865859787362e-70,1.722374939946644858e-68,1.507943904594906154e-53,2.193193309269018214e-53,5.512163097573979738e-67,4.950505765143889215e-51,5.280384571702315444e-68,7.899925697352058033e-68,8.334852276792790451e-69,1.331452625070718657e-69,2.426180986288324576e-63,2.453451628156987981e-68,3.100380863935601838e-54,4.989146230165724328e-69,7.805313101347314911e-56,2.593446812942029254e-48,2.762409379236321748e-47,9.564142386216301766e-69,4.327591352112278024e-63,8.031670521988023678e-67,3.982089206870072657e-65,3.204656876969046242e-68,1.814298565869664207e-54,1.809011640312849303e-65,7.467827297185668819e-67,5.077365587361262701e-54,5.531775071717779456e-68,7.239073056401142959e-66,3.172284551128897966e-55,3.304893303201084497e-54,1.843692563433510894e-63,1.003275790997681927e-65,1.037099098865345204e-54,8.285792087057742446e-47,1.108689936107982414e-53,1.279737466202996016e-65,3.227564256030897234e-66,2.974559343800145229e-65,1.035006697672604931e-69,2.126664736921914092e-53,1.164985374908547439e-67,5.279887683250319208e-54,5.931984162157254690e-65,1.956486529819542878e-55,5.707188460301705213e-69,6.553420382671477969e-67,3.139033042997722840e-67,1.594247644432616699e-54,1.400362272103170325e-66,2.172406398381972301e-68,9.255269859156085428e-69,9.014552233902683556e-68,2.610557584926052411e-53,1.280470606120961071e-54,1.076863434080385644e-68,8.370754343974009854e-68,5.288840905475138918e-69,2.578520400737101437e-53,1.494525960041851341e-65,4.133186585415429343e-54,5.697502820965236643e-53,2.767942892910061256e-54,7.989793264240856228e-68,5.649538752458612173e-67,5.141487793394090514e-69,3.466770607251512112e-56,2.052645734801423926e-53,5.185333027993290364e-54,4.478726229869076158e-53,6.120434284707436029e-54,1.337143148713624059e-53,2.603000744210493167e-55,1.934077348380447549e-53,1.048256878413206360e-53,1.764839187603039170e-45,2.698534356009605801e-52,7.600031072730103122e-68,2.081630215518863482e-55,2.166729283919937079e-53,2.027488109946470832e-54,7.550907634225508215e-55,1.635587676303499124e-63,4.573720551963125124e-68,8.074466494594665173e-68,2.348138955545780301e-65,6.836517930322478010e-67,2.056714903006833464e-53,9.960702580307510658e-54,3.146515974971799092e-68,3.238844933515989648e-54,1.277922193854436524e-68,4.825976759700911756e-64,3.616659758189699912e-70,1.061970007358632362e-67,2.931052145109453478e-54,1.184453696642381113e-61,2.686226939462893535e-53,4.816604694506138567e-68,9.312685193242591625e-52,1.580092465531048891e-66,5.255227895313770653e-54,1.169959714733039005e-67,1.131789784293241526e-50,1.301660842283539746e-68,3.267003574943625065e-70,9.981176749808311212e-56,5.393850355962798405e-69,1.872169293333403643e-54,1.937967586753642917e-53,2.751746907018535162e-69,4.978159174837866988e-54,1.255220798145058248e-63,1.361464969602861833e-69,8.150514193607578632e-56,1.028771119945982669e-68,1.103380767944248527e-67,1.511381519277462365e-68,3.627080985702244096e-68,3.572390274539743267e-68,3.831432868553678939e-54,2.393994734708622825e-55,3.311559016717205991e-53,1.528283163282519492e-63,5.843573466032031150e-69,5.095500617914749715e-68,2.477731466467060687e-52,1.394523280676863621e-64,6.778479301378696561e-65,1.426443836075475376e-54,3.309159757366269147e-67,1.965484848634638659e-53,1.365053425537428146e-53,1.489043835089614732e-50,2.067370362422220363e-65,1.377637181950222013e-53,2.282633086185965975e-53,1.717144070232942473e-54,3.587887365365713860e-69,1.864796581788889660e-53,1.430365832156497123e-55,2.600550335059827266e-68,4.597153179463324856e-51,1.766717761894748887e-68,2.126092302148921814e-68,2.174259604915573217e-53,1.404381697621213778e-53,4.624873333846625361e-64,1.883057878832463170e-53,7.006805681368278772e-64,5.096173270654896786e-52,4.522933986788350916e-69,2.838694932885082253e-50,2.278527390944104795e-54,4.416384151130412989e-67,1.389523843932881898e-64,1.822609345769771144e-55,9.492293389507004143e-54,5.815603644762393352e-53,2.455594789065159550e-54,1.411242157714119627e-64,7.882664937412007107e-65,1.423498002797805231e-54,7.998562091426972657e-56,4.143505715366233708e-52,1.577246293514345593e-54,4.097745194127309156e-68,3.747261087044394687e-65,6.878646005314861462e-68,1.228300477549508280e-52,2.585959753152820088e-68,7.524115676964618816e-68,1.950541396925252432e-54,1.122512439160140502e-37,2.249836772915885501e-54,1.538826576520812669e-53,1.561645434726607333e-54,6.553883324043966673e-56,3.657985091581316346e-54,4.844748768714225628e-63,4.160301547415044374e-54,8.044391356162415460e-69,7.183821732549495622e-68,2.336873586896814892e-66,2.437233979852393937e-53,7.533882688387251357e-68,3.093030442514109332e-55,1.215635620739633844e-69,7.203536535747890969e-54,5.725529336817553767e-68,2.527231538611984548e-54,2.032957541320447634e-49,1.600439488663965701e-53,8.587786220348323257e-69,1.181733438662133275e-52,4.682967796974519542e-68,6.473806542857974077e-54,1.530816053260565576e-68,4.478685287772628553e-54,1.911036348986896463e-53,3.413871332109004315e-67,4.555103578983021069e-53,9.156497961507569259e-69,1.296316454031669588e-68,1.891365373387483669e-62,2.459132093671247811e-68,1.754224676232064892e-66,2.727477268374293169e-54
7.293064144185704544e-79,1.416920084924025045e-78,5.036378768696165093e-79,6.071382556651597443e-78,7.015471577454331540e-63,1.641889213437754638e-19,2.956470904855399918e-77,1.159268606781770563e-76,2.165672192913126953e-77,6.280539145514430788e-76,4.601817643982832638e-78,1.408243718326037117e-78,1.544951193267562247e-78,9.249874302652602978e-77,1.173107586623457717e-64,1.330043769813199228e-79,9.630985405768249370e-78,1.693688628866710903e-76,3.466455279248906009e-64,4.943976243486480396e-76,3.983996367946572976e-77,1.792929700383873337e-78,3.210562605332931773e-74,7.073327317769070300e-65,3.447618399549306020e-64,0.000000000000000000e+00,3.961722805147192500e-65,3.832774851251461686e-77,3.453695683669165877e-79,4.197973266850449809e-64,5.789998921026770098e-63,2.609154354895944145e-66,4.642525393206876924e-78,1.612192193784102349e-63,2.417520006057431424e-78,1.183788342588288637e-64,6.671167139819744036e-63,3.164996360767902494e-64,7.571160837691434718e-79,3.665382374265696794e-65,1.985681078612487363e-65,1.047948210321282416e-63,2.534042460368769510e-65,8.656416926082398686e-79,1.076306455273670798e-76,2.089841459929136680e-77,4.894116490427034104e-79,3.643247715801807621e-66,1.943707712030001573e-60,7.691464968975103710e-80,4.990517544353357085e-73,3.892244258206545535e-62,1.832514356331539648e-63,8.393522898658835926e-68,1.538659851166568539e-61,3.331956360767681346e-78,2.602500557467206292e-78,2.621001505048995207e-67,1.544831050551743780e-79,2.057549137236984928e-77,1.351542643392698234e-78,2.946689960242339501e-64,5.633651233367685763e-79,1.009063190167603026e-65,5.616913153523971231e-62,4.880659267948113548e-62,8.198451959978914334e-79,4.350897370652191045e-77,3.731030833465530114e-76,5.538753837692565975e-77,4.249153380817079745e-74,1.985690639642776424e-64,8.657480634851490559e-77,3.340398903364442491e-76,3.184916014769612104e-64,2.691650320938038464e-75,2.585478910063811278e-76,2.416165005665945548e-65,1.133206709932878864e-64,5.112162196697546384e-77,1.298606497980016441e-76,1.214655791688613777e-64,7.986574812279252092e-62,1.689619392866342948e-63,9.049014960901692195e-77,2.225613771924673474e-77,1.770472276035102458e-77,1.286906221620102917e-79,1.126217953905777562e-63,5.007537639662500655e-75,5.471476012203258021e-64,5.900713244868798721e-77,6.028739298935213229e-66,4.688980226715876013e-79,1.509076257726921816e-77,5.776615049162312182e-78,1.092460886374131949e-64,9.196889814635073473e-78,1.431135535377150725e-78,8.704722015144585881e-79,2.865340395601535469e-78,1.281268190771238926e-63,1.167890337677630866e-64,8.621844057425883579e-79,2.883850108006615589e-78,5.144683180587036526e-79,7.205397017983767705e-64,1.184660490520743870e-76,5.246031596529379938e-64,4.903953829501600983e-60,2.805017829924291313e-64,2.151447472565882766e-78,1.609029228093651946e-74,4.294426574187649444e-79,3.144314776390707649e-66,1.074494672020974701e-63,2.030334189974668754e-63,1.093914730732920087e-63,5.288305857824664692e-64,2.888044154408307713e-61,1.916168301900613515e-65,1.050740832054429137e-63,3.811078563554314447e-59,3.644603438388290742e-62,9.366773465945160189e-63,3.685175726852984239e-78,2.369308804724733915e-65,5.852066747892364404e-64,1.860489704524840052e-64,9.157395024101765086e-65,1.793932325376870303e-77,2.236397258002120539e-78,3.116612602858751220e-78,8.298435234641398155e-77,5.326457179278812567e-76,1.093054345634402413e-63,6.257977803526255102e-60,5.663614827671996050e-73,2.653948312696188766e-64,8.286235704394736045e-79,2.138391797003489731e-13,5.246842175046428472e-80,4.565351680081955207e-75,1.866348333838876438e-64,2.044032758414724290e-76,1.839793172973701080e-63,2.146708707054715577e-78,2.465576214693429062e-63,5.494507238830320137e-76,2.733425906555750575e-64,9.932131475653326085e-78,4.217133656462173746e-63,7.362338819842099328e-79,4.853583555002945216e-80,5.831314227309094866e-66,4.882564652274977439e-79,1.586782312462956296e-64,7.814094025240063708e-60,3.281482361806891495e-79,5.578628273315041680e-64,1.764657484048502560e-77,1.684555934659948915e-79,5.395605665894534259e-66,9.381649489782475162e-79,1.478284189300599523e-75,7.548721086659994452e-79,2.125938421585175085e-78,2.071696235126681784e-78,1.245517037578569171e-64,1.460781046545800080e-65,1.011280494730632930e-63,4.429265752543080814e-77,4.877935034458490243e-79,2.082713105747417710e-78,4.498685942880669552e-63,1.804934220905480812e-77,5.824595341079635846e-76,1.472869132331392006e-64,7.181839658492159666e-78,9.795254126381917551e-64,1.062410032645283300e-63,4.353754989437107552e-63,3.617045067684463972e-77,1.208021270969066677e-63,1.571940458961939065e-63,1.936455440442939039e-64,4.050509886648439047e-79,2.152593284326778071e-61,1.628077223938576480e-65,1.689177449624320215e-78,1.914461907610266396e-61,1.045435223232946278e-78,1.194259537346301355e-78,3.800121384505551592e-62,2.716281515102117254e-61,1.641898539562744083e-19,4.750989458991732648e-62,1.497386716674394848e-77,5.083032273301106043e-63,4.559251781997984209e-79,9.680402435057441393e-63,2.018043867913573384e-64,4.655819536498857664e-78,6.097246757568842905e-76,5.832098779657595662e-66,6.325802960247104854e-64,1.381167969008020141e-63,1.864017135735422843e-64,2.001344870548018607e-76,3.955574366214779194e-76,1.380946832595763975e-64,1.246699221531784097e-65,1.176927938758261925e-62,1.022243438349722900e-64,2.214387750311017000e-78,3.898730339748089676e-76,3.564113348916676908e-78,8.496562321138200767e-64,3.683267552933417535e-74,3.234129300589974336e-75,1.869087841749342666e-64,8.394470173669112089e-65,2.281292979731439595e-64,2.283329721720685405e-61,1.576747466606489745e-64,5.067286201260571864e-66,2.022075134159676599e-64,3.343464540322442773e-77,2.373012005378673315e-64,1.892933978407076985e-67,1.978039417206577540e-78,9.145029987110501420e-78,3.718141336984388837e-62,2.362574327016374959e-78,1.125911241154461862e-65,1.585454645422859522e-79,5.650604665166511973e-59,2.518593123627259196e-78,2.920673704057003373e-64,1.958242625304173504e-62,1.309737122733846537e-63,6.876227093362050122e-79,2.674812492830107554e-63,2.652606512484848755e-78,4.157295862989112700e-64,2.619391956303062993e-73,4.401028717177165187e-64,9.425925538446849554e-64,1.770028520737994624e-77,1.157519001607934848e-63,8.178593766387686178e-79,6.655281313122633489e-79,1.453205283258352504e-75,1.737771413687962854e-78,6.474666602662770539e-77,1.996090536677393236e-64
2.127567514438796687e-69,4.917091774832043505e-69,7.738024934157189521e-70,3.610639487137500374e-68,1.373016308536353386e-52,5.845961385552127213e-65,1.832442814057503420e-66,9.969305506825208591e-67,9.515227358573229574e-65,1.013142834092706751e-67,8.308499819836546214e-68,2.945658726188145598e-69,3.061969550897018975e-69,8.813330988478056513e-65,2.292204672304738450e-55,1.671392204803773537e-70,1.159909233094150864e-66,2.596342131139621019e-66,1.035433923158515979e-54,5.253516782748662729e-68,8.023748098226006516e-66,1.290998191892184053e-68,4.225629286798361224e-69,8.302153280415053051e-56,1.542397149398963254e-31,3.961722805147192500e-65,0.000000000000000000e+00,1.212983624223945900e-66,5.933000648126707007e-70,1.067975600428084055e-54,1.314229014451741749e-52,7.152011494870178717e-57,1.292521499577550204e-68,4.334048561883124610e-54,1.229045602072621997e-68,2.330295884549465296e-55,2.343408557960712208e-52,8.097126947388534851e-55,2.070737171692317098e-69,1.247176628330881415e-37,1.246664172170465108e-55,3.859848099994962038e-54,4.624205928339392350e-56,1.916848978496917714e-69,1.057781154925519037e-66,5.243239539267044052e-64,6.706471452100146117e-70,9.734320419304890967e-57,3.098082400434264271e-54,1.092823428093294955e-70,1.953837895823644551e-69,1.617524711389668266e-54,5.100542006905986080e-54,5.717028648936705182e-68,4.727348935521570152e-52,1.164541395082164909e-68,1.628054133987706667e-68,9.838706157012590903e-70,2.072601121320422330e-70,1.524064895010470275e-63,4.617398252162284577e-69,5.566996421974706432e-55,9.111292674890241342e-70,1.447133598086398430e-56,3.073871287024843511e-48,1.526761003013911634e-49,2.009253424752039830e-69,4.580508305505781598e-65,8.019086664114810059e-68,3.916331052511610613e-66,3.506185520205619270e-69,3.726065586423643318e-55,1.244544128998963129e-66,7.627094615970247913e-68,9.692594515653342408e-55,7.146499548308293649e-69,1.236014809331091535e-66,4.633138891489268870e-56,6.351793097329890975e-55,1.716865780434424939e-65,5.367555424570929867e-67,1.988044738478325892e-55,8.205814358833396927e-49,1.097407441257441920e-54,8.933400250962846890e-67,6.399924227710440164e-67,2.230142144921021157e-65,1.618100447242332130e-70,3.525781928212334288e-54,1.257974511851393244e-68,8.797766526399965493e-55,4.646824493627802237e-66,3.753728855489907123e-56,1.033453409201434967e-69,1.154663508531925037e-67,8.021269238543121504e-68,2.798296610316195476e-55,4.358871631329393520e-67,5.038760124440960760e-69,1.619988423855846670e-69,1.924487683312672298e-68,5.984016682882718783e-54,2.155849465805573447e-55,2.095609371249725835e-69,1.621774177128558263e-68,1.012238938801322760e-69,4.990707570546555018e-54,8.274064778004563345e-67,9.533837035595847684e-55,5.539995932444520446e-54,5.691181105047748202e-55,1.480849214144878829e-68,6.712815638466255300e-68,9.279120931641360814e-70,6.928090371165327426e-57,3.565957405034864666e-54,5.836093854659277062e-55,1.020994436134559903e-53,1.505710437478048958e-54,1.446594739063940468e-54,5.121171902338409547e-56,3.961605468693139100e-54,1.187542775112753425e-54,1.765874671321019600e-45,6.762694039120574280e-53,1.396160871012070493e-68,3.507950305047798553e-56,4.523316252811931140e-54,3.952700832876545252e-55,1.225092253232975295e-55,2.603768191527997327e-64,9.057364404527846605e-69,1.752143783230482805e-68,1.321604741385935858e-66,6.686351092540265673e-68,4.329577831353056300e-54,1.167322197385376548e-54,3.402568075189687276e-69,6.096153229207546860e-55,3.046362651567669407e-69,5.705308811725898133e-65,6.404569366122963587e-71,9.393323033635896569e-69,5.298239998053631500e-55,1.986635200737793484e-63,4.194779071922485801e-54,1.063720894150922591e-68,1.912043604425703449e-52,1.599165116993206943e-67,9.325403429714222613e-55,1.974284661918162098e-68,3.957528111697077890e-52,2.291890184559323122e-69,5.794114752927513669e-71,1.894737046422811598e-56,1.133017639470495382e-69,3.570601449960888173e-55,2.680317668981735411e-54,4.840995602038187067e-70,9.014140366556504720e-55,1.724626651216467986e-64,2.397531431946841038e-70,1.577319812250617394e-56,2.288042418674779917e-69,1.294111487144301591e-68,2.571895953913114554e-69,7.711664237733693631e-69,6.731926309972150688e-69,8.318294748535188691e-55,4.930486893824927829e-56,6.251934237215422462e-54,1.688112883322206319e-65,1.058324658756740728e-69,1.033693160874216646e-68,5.039273570356442422e-53,9.082825821403372340e-65,3.400072050436229730e-66,2.441981673612576607e-55,7.723315261211270593e-68,4.152270711789463545e-54,2.572605657706644023e-54,4.671474546897701029e-52,2.373485162459440245e-66,3.125027830118103005e-54,4.465214562808135844e-54,3.170046150543695859e-55,6.777218715149758375e-70,2.099365871179306503e-54,2.435723541688455591e-56,5.497738148180765060e-69,4.459136658152860751e-52,3.885209780945084082e-69,4.449068683805148335e-69,2.264435881867595804e-54,1.451175410620937252e-54,5.454861528149458243e-65,1.789552933229923755e-54,5.341378168444564478e-64,1.309421060513372012e-52,9.121191483795646438e-70,8.045221357075066261e-52,3.352699675271965152e-55,8.040772127340113695e-68,9.263924704702532485e-66,4.198955904094456997e-56,1.592665123765698101e-54,1.182775137188725656e-53,4.575065275324013490e-55,9.067356127185075488e-66,4.739178327576500677e-66,2.634783204760742349e-55,1.488092431739545834e-56,1.123064925130290197e-52,2.448586871723433574e-55,7.984406108474533306e-69,1.930386724559107114e-66,1.744565693310654406e-68,2.918640607881199989e-53,2.873130219510444493e-69,7.717797946638024737e-69,3.749969914856027597e-55,1.204790922020685192e-37,3.826427523303641847e-55,1.564777680253814913e-54,2.648098071242400026e-55,1.280187080026193845e-56,5.805344739077974610e-55,4.348466592446725307e-65,7.098867298190164838e-55,8.844493560190300142e-70,1.188444199156927044e-68,7.141030701486738304e-67,2.306327049596198729e-54,1.629318059048890534e-68,6.758419968912459422e-56,2.193171936982080275e-70,7.661691781420018580e-55,1.285493538807105549e-68,4.764340216105907169e-55,4.014854008086875983e-51,3.514533350105005613e-54,1.687140958509138849e-69,2.741321695806547211e-53,1.166346236494527523e-68,1.264258603831463517e-54,1.656184304094485421e-69,9.155462840437011132e-55,3.684587292695777480e-54,7.420815966592499751e-68,1.046661360547668008e-53,1.993590731827848004e-69,2.286505836842834029e-69,2.820216109399798519e-64,4.883571316457735292e-69,3.947443295209484176e-67,5.916014899784246990e-55
4.213048108428068136e-82,1.188400622454532307e-81,2.746993286537336092e-82,1.464663815826394061e-80,1.252902762757747262e-65,6.985353637625092575e-77,4.000000006650834550e-01,2.120998290495370596e-78,3.142090186726474333e-79,1.656963490693757182e-79,2.610680390284082931e-81,6.694918163423899182e-82,7.133824574884680432e-82,1.834244077584236432e-77,4.136717656880565814e-68,5.730264325205779337e-83,7.232194944624041109e-80,1.896666766528365773e-79,2.504038875031136717e-67,8.196305501537126149e-80,4.061569991389049905e-73,8.178251290799703253e-82,3.851152895470695340e-81,1.925185992249017778e-68,1.030829212884302278e-65,3.832774851251461686e-77,1.212983624223945900e-66,0.000000000000000000e+00,1.568819928540899259e-82,3.181320945345512280e-67,8.541449713645254778e-66,1.541528248548083901e-69,3.052961372607219543e-81,1.268060094776302475e-66,1.851628585395361759e-81,5.038563263045504821e-68,1.879965860811052574e-65,2.942972179352282388e-67,4.290244175348606286e-82,7.262428028045661045e-67,1.402263000493384992e-68,4.649383369070791324e-67,8.922814245615767769e-69,1.057098931542058932e-81,1.562858370553522502e-77,4.010754210951020987e-79,2.617642160630694707e-82,1.742923183566328538e-69,4.243149841400886681e-66,2.529451721472503826e-83,2.200441634207944110e-81,2.357575038509038866e-66,1.264414775877798644e-66,5.814562711332446723e-80,6.982282964575750693e-62,4.211063197549894044e-81,1.635552767812288929e-81,9.691388913421026330e-82,2.978824125180278504e-83,6.626564986166787914e-79,9.566396956951952468e-82,1.514830168565133370e-67,3.306105006046375448e-82,4.429350010528825587e-69,1.568197226150633988e-64,6.035979776414096120e-63,4.922413325165337995e-82,1.378709209782984386e-78,3.300233762597342888e-79,1.195621748536560291e-72,4.747732550656415022e-81,7.854243442558555431e-68,3.874710809493928500e-77,2.829451463791125502e-79,2.694445310813985281e-67,1.841267175583897162e-80,1.363863713401978470e-79,9.893603175271592369e-69,9.922204899085707245e-68,3.830167291250594815e-78,1.623714275401873997e-79,4.862327613912212944e-68,1.023548475252027321e-62,4.133942628215714831e-66,1.880633300121943230e-77,1.755216406304690662e-80,4.883350898345704669e-79,4.375003927915672349e-83,4.845599966021455241e-67,1.900091029583014587e-80,2.767179094147765884e-67,2.612850720354879245e-73,5.507288760388853143e-69,1.831895614333635566e-82,8.366778736274962973e-81,9.408847127416165153e-81,3.266226119589759618e-68,4.607701954415723508e-80,1.253180794502144612e-81,4.220939068978307096e-82,1.519664278329372839e-81,1.263956134304669222e-66,3.923439844733689579e-68,8.154539649774827505e-82,1.539138696643949740e-81,2.763513795851597846e-82,5.345801549433611203e-67,2.135377855046250067e-78,4.046066667822648601e-67,3.742951570046648742e-66,1.436950617924191969e-67,1.335457588604401872e-81,1.301179202958814997e-79,2.135592401341529936e-82,1.709769703799984600e-69,9.521850565101546619e-67,3.303359618275471074e-66,1.444091784532635479e-66,4.726921958482421933e-67,2.192885516623166940e-66,1.111896261305703499e-68,7.167896626899996293e-67,9.766007376778462435e-67,1.389338339025545992e-64,1.757520033573208438e-65,1.572457817011283845e-81,9.816536601206607633e-69,5.096147613805895963e-67,8.314756822902793703e-68,2.555298651971537520e-68,2.229333086701559974e-78,1.534837305371713247e-81,2.876514353633034074e-81,2.041774366657529286e-79,7.654571830285761461e-80,9.048105646769476143e-67,1.319747948528298782e-66,2.334269934505041732e-81,1.903657661441963196e-67,6.763991799565035400e-82,6.725221664717291909e-77,2.096495348856197769e-83,1.354720411878212882e-80,1.060079277067753453e-67,5.480506532010975671e-77,5.950672405646987097e-67,1.743740349696137285e-81,2.416359609381062019e-66,4.138740910498682726e-79,1.352776804809521966e-67,3.997473092133011344e-81,1.499159372556679596e-63,2.539566730121842368e-82,2.028861346295008003e-83,4.063309458456699749e-69,2.636755218750442010e-82,4.275589898598856786e-68,3.735719439169854624e-66,1.458811690456025512e-82,3.409097289973763844e-67,3.353449528746699880e-78,7.239515832395053022e-83,3.738737484897517091e-69,8.239223394600849534e-82,4.920356566988549923e-80,2.364918864735249844e-82,2.589767985798301229e-81,1.347851437161075990e-81,1.403380142661659496e-67,8.297693249707347150e-69,8.468721976494700393e-67,4.797569328408434151e-78,1.768419819426581273e-82,1.589146564227063722e-81,3.873111926195330186e-66,1.287140592895866338e-78,3.020489945538143102e-78,4.230782196751140783e-68,1.149674591932339644e-80,7.381288284287621616e-67,4.584451196595848641e-67,2.841304383432789102e-63,3.999999996402392455e-01,8.107817755741733507e-67,6.124604283869336044e-67,7.836788597180934007e-68,2.283270534644069723e-82,2.535395004848023533e-66,8.449187522199772142e-69,1.043592041084762281e-81,1.880385141644899439e-62,6.978669520508809117e-82,6.110344242181754338e-82,2.749951692657348906e-66,2.313601277836690431e-66,6.222503834654826524e-77,1.967172197048964476e-66,3.438700454305235425e-79,1.126021729566332562e-65,2.173011051941077951e-82,2.031580881114743768e-63,6.060783419002208118e-68,3.175157911823339820e-81,2.304384595619609857e-76,6.051125022087223071e-69,2.274801129820024387e-67,1.065926253670009377e-66,1.045695744110197484e-67,3.905327802534593497e-76,7.097619120409909139e-77,6.075527949648908014e-68,6.727618990491644119e-69,2.665083726838171264e-65,2.653736599177683905e-68,1.179065591388303819e-81,4.858031012553012903e-78,6.627204745173533477e-81,1.022842851605264674e-66,4.680069104111113285e-81,1.179819634778902393e-80,9.185026599041746163e-68,1.033604538568496067e-66,6.096277082710175110e-68,1.984394911295837049e-66,4.727134787143497769e-68,3.268922773081366714e-69,6.665180791643232496e-68,2.220784919459674174e-78,9.286024097073467529e-68,1.162727107538844862e-81,8.298894617589848467e-82,4.634886321528662301e-80,2.403449813847932902e-66,1.451732230727632273e-81,9.457463659453547020e-69,5.887162341067592069e-83,6.604398351999398617e-67,2.425383973242708117e-81,1.082375898899701769e-67,5.203737658248229091e-63,9.176217155220500883e-67,4.318052412011350058e-82,3.120483844246284572e-66,3.054383476362783944e-81,2.682770376014733331e-67,1.489205349245970156e-81,2.501238693296258431e-67,6.794022201561825885e-67,2.660933718746059388e-80,1.575843948403255437e-66,5.183916530386645231e-82,2.098161215468484951e-82,1.267392316864888438e-76,1.476491910566701175e-81,8.658283230298496487e-80,1.322851963989870290e-67
1.313804574880805473e-79,2.352219450561363071e-80,4.837044183610475676e-77,5.169400592939924317e-81,1.578637999140921309e-66,5.334302363284597058e-79,1.774018791403399171e-82,9.200201420407017125e-83,8.821112491925419654e-82,7.998084144991660107e-83,1.209351014748706074e-81,3.144865628445374511e-77,1.810980616702523658e-76,6.374056741350748358e-82,2.618489308807080331e-62,1.422175771815003164e-78,9.150996186991151539e-82,6.442545254676363857e-80,3.602632042077181069e-65,5.239572335687893265e-83,2.651695681430849819e-82,5.754299545442631178e-81,1.856261026441489513e-83,1.289360002836138214e-64,3.299788798559345408e-69,3.453695683669165877e-79,5.933000648126707007e-70,1.568819928540899259e-82,0.000000000000000000e+00,3.840834595398012019e-65,1.941475846595590881e-66,1.467957464039000432e-66,6.935897990528842255e-79,1.579513446285769104e-64,1.436652221721184597e-80,1.366729954660709567e-61,1.330273014763566099e-66,1.043495262349748052e-65,1.166146741787436677e-79,5.991006352189366402e-70,7.432088336588853148e-68,6.860485594676971957e-65,2.615607906790079265e-64,3.845926948470235774e-80,1.254833774206696988e-82,7.515335396647229350e-82,3.999999988684764807e-01,1.119126172708492993e-66,1.100417540512945307e-68,3.079909238058641030e-79,1.243838586008925585e-83,2.095172179566473560e-69,1.627085810014189919e-64,4.656924024098578723e-82,1.291559124796714210e-67,1.177174860097305508e-80,7.188813528132417312e-81,8.098607918227839814e-84,5.253988247511482246e-79,5.803107834587135959e-82,2.983581116819018739e-80,8.487468698911843145e-63,2.348878306933253636e-77,5.942781374320816045e-60,2.905650027631435288e-66,3.276051023956120283e-67,1.478275788222713572e-79,2.106959022317920550e-82,5.819167510220124197e-83,2.418876533253846078e-82,1.890388821501549180e-83,2.218972524531898129e-58,1.195360338893272759e-82,5.351302290018314012e-83,7.144856838211907461e-66,2.491462034953756823e-83,1.625950927928084734e-78,1.869211497011220041e-64,2.379562910458056480e-67,1.678098252976450018e-82,6.927069874648190578e-83,2.749383136046008465e-58,6.386588848841632593e-67,5.023318076271187765e-70,9.286205646437376535e-83,5.189067057467146016e-81,1.125877909653715984e-81,8.020358839478181290e-79,7.682065665354188768e-65,4.318708739882888505e-83,1.667451480637108106e-60,2.005855673667288803e-82,1.390953975578236856e-68,2.692657548345434875e-78,2.469994973487652057e-80,2.975129736379256173e-81,1.754633868266128343e-65,1.273804836980248236e-81,3.126149697046882883e-80,2.789854821843732267e-78,1.409617081449354124e-80,4.036946569015288064e-66,8.638733597189832282e-62,4.796348874301820452e-80,1.298801439288807977e-80,2.733910067736809924e-78,1.165074359437642750e-66,7.768574605740925679e-83,8.663127493657614362e-63,1.690300518786996479e-68,7.209867796335805636e-63,6.202810533011959617e-81,1.999392202640045314e-82,4.251223820954062898e-78,2.155985792229608611e-66,6.815156348617126407e-66,3.615774515446889561e-70,1.053794007741945720e-66,2.170100884606818834e-65,4.128457356461041822e-69,1.638833646837540208e-66,1.063245530526068284e-65,6.401465558746721892e-69,8.537991323023415372e-67,1.016611461996976397e-65,6.388530680359607747e-80,5.599879761380510589e-59,1.098905022661488872e-66,1.295979599797371160e-63,1.932690375044101538e-64,4.247432112593732079e-82,3.289187223800673642e-80,1.416652386551951770e-80,9.075843086627318103e-83,5.518587358041375184e-83,5.954303743576914683e-66,5.341464595981898370e-69,2.033552014009574754e-83,1.245609375681809639e-65,5.749621586389688695e-80,5.360568836917201246e-79,2.364346249906358903e-79,3.045772532305653949e-83,1.202198261543750784e-65,2.871997766079336385e-81,8.815166426659226675e-64,1.516718484413941518e-80,1.699936625398266997e-67,1.082935367620680058e-82,3.027281917696040579e-65,4.435067586058816543e-76,9.959892997405825865e-69,5.582986397914336187e-80,1.648251577785119741e-79,2.226705455691819585e-67,4.250056998126460233e-78,2.008390828221283578e-62,1.070754187446252293e-68,9.354207568834469578e-74,2.033281383837939721e-60,4.085319523545855961e-82,4.438009126874191100e-74,3.356602585506031780e-67,4.809948212721334891e-80,3.606020457227268922e-83,4.654577216331672403e-80,1.320126207143117077e-80,3.431801817948319853e-80,2.920871804705242010e-67,6.128597592093526929e-67,1.168083644996908426e-66,1.644792409647488666e-82,3.675636748043378990e-78,8.402091650233579759e-81,3.372806889435343185e-66,5.706512764852415108e-82,3.933835706711310181e-82,2.831939423217683381e-62,2.608082337548179771e-81,8.055859018896019094e-66,7.844435031725187293e-64,1.182812686459761354e-68,1.791339065339168383e-82,9.076722232578872468e-64,3.176439346257338951e-64,8.675328548154043260e-59,4.000000012895955637e-01,3.992976239081680412e-69,1.934679267932747758e-59,1.577196489255601578e-79,1.031102053037179519e-67,6.702181767127457699e-80,3.589303489113078736e-80,2.492323314651967554e-69,4.063556723204025092e-69,5.321968358271014656e-79,2.445668003157621795e-69,4.677658149247394050e-82,1.286247343944634850e-66,2.903814913997735339e-78,1.898581627733390469e-68,9.908238312326965449e-62,1.784174632640256916e-81,7.929345368134074795e-82,1.300592782820769233e-68,1.990191314079767443e-64,1.453819915779975091e-66,7.470065880206127830e-64,4.367803205415928936e-82,3.848254888772077459e-82,1.178033334375282676e-61,3.602269463018702600e-60,7.644142173467878853e-66,3.459814911120264035e-65,8.525550576744987460e-80,2.088875383195709202e-82,4.818651914662849472e-81,1.537711752924411781e-67,1.598990365018998836e-83,2.342140016425163171e-83,8.028002886989769206e-62,1.277968895033159500e-69,1.055905097788807312e-61,3.485464551852696432e-69,4.149522291047359523e-62,1.689241332113877442e-66,2.730642514445015887e-65,1.837252927066837396e-82,3.599044159469856580e-65,8.513448892439361698e-84,5.109889250890788983e-81,8.226231663650375491e-82,2.445993331964773747e-69,9.112193240029506721e-81,4.927587923752848849e-68,3.412006403791801138e-74,4.565915393610785816e-69,1.269950741301347626e-80,9.323598681935600180e-59,6.316441450946043532e-68,5.348593450311395477e-64,1.608261987430693240e-79,1.615213604010615164e-66,1.242915972584688535e-80,9.904800587445812643e-66,1.011524379387573653e-83,1.031064106341362742e-62,5.886416050702486747e-66,3.693005342870868383e-80,8.440085128676931234e-67,1.425577713191744682e-79,7.885904643884848535e-80,3.544177938169211220e-81,2.592038906681550545e-80,2.340689636456080359e-79,1.622093992837834891e-65
2.848402303965726900e-62,1.014267008266849840e-61,1.761549377023430539e-64,1.344110419714766343e-64,1.099200573214692786e-50,6.435782155982200038e-64,3.822674710189868500e-67,1.265456085208328921e-67,2.625391339533343993e-66,1.040385108172903464e-67,3.755790919323682919e-66,5.544655707497327220e-64,4.009339624060224625e-64,9.832362643332426901e-67,1.820388461247661127e-50,4.174378023860792693e-66,3.637078032509749728e-66,4.464759804929591322e-64,3.544069837629188258e-47,6.470916878002406776e-68,5.085350239073688516e-67,3.336696121893029766e-65,2.332346620323684045e-68,9.332962304849653154e-52,4.838689062752353381e-54,4.197973266850449809e-64,1.067975600428084055e-54,3.181320945345512280e-67,3.840834595398012019e-65,0.000000000000000000e+00,9.398923614472537639e-51,6.107822978417944138e-50,1.233812095331947105e-60,3.509820914484720180e-45,4.685369023697749543e-64,1.477077214257202543e-50,6.649634824918910452e-51,1.890628521217734514e-44,1.459859530593185087e-61,9.821032728654813297e-55,1.479830685424782210e-51,1.227085925190040411e-48,8.561437187087837308e-51,1.454188564192901919e-58,1.786149041053053480e-67,1.781219515053227167e-66,6.254158125993250434e-65,7.026364543038571712e-50,1.389392528880022532e-53,1.549167174958241807e-66,1.535960783246167819e-68,2.806954348495137746e-54,8.411975726824596909e-45,5.139203346205813813e-67,2.506658492275108531e-52,1.086507433578777094e-63,1.064924491852719931e-64,8.716915667952269205e-69,2.101683270924627300e-66,1.239304473198357663e-66,2.290166753339078624e-62,1.376157539483447065e-49,2.903759141847784569e-64,8.704695967811344869e-52,5.640132965016252921e-51,5.472707125836933041e-52,2.872097063989862139e-61,2.590074052855652743e-67,8.490670068676909320e-68,5.043043002705206744e-67,2.205146226177572617e-68,1.904337386237350059e-50,1.948537891020832238e-67,8.289072384462459901e-68,9.053967877113459743e-47,3.450715581902894638e-68,3.394844283609576476e-62,1.214945770112146254e-50,6.193469382481947513e-51,2.359812405919557381e-67,7.126164722371415961e-68,1.040675656905140332e-50,1.206904278822196833e-51,6.304728103549055767e-55,1.479888720573856728e-67,1.183392837837924309e-65,4.359394602498393277e-66,3.248674155612049904e-66,2.211552224456499371e-48,5.271324678712715176e-68,1.003220238803411650e-49,3.724139070383034490e-67,2.902310256214419186e-52,2.093568453220878094e-64,1.815444890773678272e-64,2.724929208548585006e-65,3.082120897401931212e-50,6.324098321678249665e-66,2.280420243885819382e-61,1.221112960129147073e-63,1.230413049782447364e-64,2.800197732445176431e-49,1.458961086528786611e-50,2.285354462447558236e-58,1.942206926382442721e-64,5.374320471515239727e-64,1.654514516769068810e-50,1.108570545809841918e-67,4.535919204033220945e-49,1.627435113212707446e-53,1.385003410954976148e-49,7.239581835490752028e-65,2.432164451000887422e-67,3.239321009915695263e-64,8.750267271746156676e-50,8.725961805464815157e-49,5.852724931304033991e-55,1.553199720129278307e-50,1.199361686902461222e-37,4.800236623107194492e-54,2.208701094219600064e-47,2.201399703314937167e-48,6.856877159518360721e-54,1.423187124756662909e-51,1.975774268852854348e-49,9.285356634419381538e-63,2.196225496288494162e-51,1.449940446974964146e-50,1.134302498536092171e-49,1.267015568860602785e-51,8.749173687960691488e-67,1.734372448217527012e-62,5.426262406824953222e-64,1.043941361512307331e-67,6.446921728461980204e-68,5.942788768681816443e-49,5.609124297351808451e-54,1.972912167722944096e-68,2.563958172529785328e-44,2.631172498230989798e-61,6.760011234468184202e-64,1.314695161811046151e-66,3.830656408999153258e-68,2.702441995677487572e-47,5.208065794692452343e-66,9.093507706782618093e-49,8.808905525214329343e-64,3.204509812651967043e-52,1.361739025999568060e-67,9.562755017714939886e-48,2.467122858979815879e-63,1.495914719258022177e-53,2.005378223609798047e-64,1.040060313307226726e-66,4.853780997344571448e-48,4.354838799430467429e-64,1.459808595644008420e-50,1.422587106697013427e-53,1.895673268715783071e-65,1.256573852362285428e-49,9.285471504722545763e-67,1.253973930753955930e-65,6.757364826190609929e-48,2.095133636717823789e-58,5.757449050329587702e-68,1.642152729150793520e-64,3.029600133528216553e-63,5.884848313369636916e-62,6.843577995519483081e-51,2.170914035369307880e-48,2.076823119574279112e-50,2.425652567564109314e-67,2.185992782083226669e-64,3.146681546817232865e-64,2.373233623598933055e-50,1.567433880809391478e-66,4.896997744667162009e-67,4.991391884727456303e-51,3.341533378468047028e-65,7.546343344517335434e-49,4.489010117257674557e-48,1.726211718455013694e-53,4.148236349698066439e-67,9.700247090751526873e-48,1.133108275666024500e-48,1.231995459990440301e-50,6.503752740508494995e-65,4.958754556277725628e-54,1.552246393339419358e-51,2.979505871049767160e-61,1.858724420028629285e-52,2.454629393806007689e-61,2.170980473928352511e-62,2.856293547910846064e-54,5.098791307021954735e-54,6.068970202835643580e-64,2.936811750679077040e-54,1.152646443957453582e-66,7.496863497225199538e-51,4.053690889424949867e-64,3.152028239017783778e-53,9.872833209930875062e-51,5.382460026595075647e-66,1.302038331000855902e-66,2.452201763798563780e-52,5.228938718870730110e-49,1.520454494378379070e-50,2.061355153847338081e-49,7.577776395337047511e-67,5.791478711503620253e-67,2.216728644751097321e-50,9.957730553194210795e-52,1.192070593908391922e-49,1.681089465706809865e-50,9.151498101993174059e-62,2.430836520056264745e-67,2.085297667513178828e-64,4.879042866677455879e-52,2.142693828840879238e-68,2.953015521940073435e-68,4.371949614949043935e-50,2.151630816268652623e-54,1.092713671685426507e-50,4.600320391414677077e-54,7.017605683585545697e-51,3.953214724233240786e-49,1.082907796064655268e-49,2.685972195727161308e-67,2.529260362940770202e-49,9.885126855921155863e-69,3.806201295462587863e-65,3.810013073928234062e-66,3.084416691714981184e-54,1.084313528122065017e-64,1.184723817979701252e-51,9.792673760844312041e-66,4.527803215515371643e-54,6.782807724440125355e-64,1.703128516342363263e-50,9.537381987388016473e-53,1.092744690657978289e-47,2.431124174872767951e-62,1.944313225579842051e-50,1.165462716652850392e-63,1.234676259165658625e-46,1.167819180565639727e-68,2.209650984231791087e-49,4.228955395648759346e-49,2.093777608266559030e-63,1.037630356900301815e-50,5.256090387190910136e-62,1.579345157016294623e-64,5.167341113090815879e-66,1.316238239154199462e-61,7.769786292816138568e-63,2.699201190971040178e-47
1.516590293634596041e-65,8.710422201186381355e-65,3.237613464841142228e-66,1.995743714674749722e-63,2.955337911080426786e-38,7.695557147535644953e-63,1.218365282117341686e-65,6.626319164571733676e-66,6.975787635382968009e-64,3.033592981890484853e-66,7.952243015941840961e-63,1.103946691504266734e-65,1.121209495253716412e-65,6.384440824223637268e-65,8.889867602904330040e-52,4.076879112295064776e-67,2.896013442791170370e-63,9.462883517378158816e-59,8.093926721964358571e-51,1.988982645724004181e-66,2.514885929013383752e-65,1.195916964806588235e-63,4.090011681077407700e-67,1.697985191034155018e-52,5.633803746631190803e-52,5.789998921026770098e-63,1.314229014451741749e-52,8.541449713645254778e-66,1.941475846595590881e-66,9.398923614472537639e-51,0.000000000000000000e+00,4.351083005320393231e-53,1.277919577701047377e-64,4.011627809310067594e-50,9.141599917494055660e-64,7.793153553012185599e-52,1.826037519472007497e-44,9.501864703167206197e-51,1.615010593633081941e-65,1.562168061368360062e-52,1.155806546817062423e-50,4.327368866274537176e-50,2.288659304912011339e-52,1.687965851658485522e-65,6.189042963367425729e-66,3.813341210497809625e-64,2.024470396322222306e-66,7.910423188891211373e-53,2.401018640834029401e-52,2.560495289879246400e-67,2.275667273527134227e-67,6.710422313300944126e-53,5.013430704193325095e-50,7.346231056057809761e-66,5.600883820852438484e-51,3.595716396383901894e-64,1.753891404656876610e-63,1.364646749546085899e-67,4.359894151897102115e-67,1.620414634476773454e-64,1.148040202949260295e-64,2.547476603587776105e-51,3.712197281063561370e-66,3.723797783940267387e-53,7.275632789711502930e-48,3.938365293489951512e-50,1.577408112438612777e-65,2.550562578907312620e-65,2.042897266574797506e-66,2.097650303860852853e-65,3.426509068307364368e-67,1.081011169424976099e-51,6.993229149001054157e-66,2.169731663297824687e-66,1.485965584547308958e-50,5.374635258253364865e-67,9.191458750365070095e-62,2.392594245315496866e-52,7.584921110000725190e-50,1.566188293808232354e-65,4.584586121173240832e-66,5.103671508866211659e-52,8.351291327494414349e-50,2.124472556201566109e-53,5.193875894802986145e-66,3.058657267084410613e-62,7.205881464648534041e-64,3.898478179127529625e-67,4.649976721568839907e-50,9.860618583343838405e-67,3.152997153994537357e-51,1.789915841250329295e-65,4.430425140078552132e-51,4.356438123692856443e-66,1.722069849534963568e-62,1.947006188907758101e-61,1.894719120257605512e-51,8.067674211293910159e-63,8.898753522118616369e-65,9.243497911273788693e-66,1.561765010450264014e-63,2.588330644763424868e-49,7.135659008908476554e-52,2.104087153853439647e-65,1.163394068314948574e-63,4.939936676193208869e-66,8.291098823727542835e-49,5.194463429342124282e-66,3.344370725662766931e-51,4.375880904809594006e-52,2.489264465040552660e-51,1.380939167465928054e-63,4.450776247586831140e-66,4.780434603415368969e-66,5.063952033190158696e-53,1.326297062887436633e-49,1.376526932791424910e-53,4.868465059549802637e-48,1.430257239186979314e-50,1.046855721063693559e-52,5.521249098043799189e-52,1.108356476550207346e-49,1.214683666399283397e-52,4.321734966884781083e-49,7.147972866315662185e-48,3.725301644383500042e-64,1.038906543022532765e-52,9.025656871373317612e-49,1.380585422693064443e-51,2.732089360212430891e-52,6.453250920845640093e-65,2.185824171871979030e-64,1.272445674387771667e-63,6.977883485410292148e-66,2.145279784644349443e-66,1.648436100165345737e-49,1.073144752032418837e-52,3.551334481444216180e-67,6.428474992401460000e-51,3.446235709482830679e-65,8.341978968874513645e-63,1.357807739884243146e-67,7.064966361808432452e-67,5.305665747089379122e-51,3.267450746021117197e-64,2.794505295889003128e-50,5.586341937607637217e-64,9.588967671021125070e-49,4.383190560129335359e-66,9.337429722827147294e-51,8.348076044350036804e-65,7.672595182915779387e-52,2.217821515436152452e-65,1.209432944166249564e-67,2.736232282614264584e-52,5.814729303644760411e-66,9.847642488134107300e-52,2.137739591561835983e-52,1.277959169611477763e-66,3.427496882784783536e-51,6.362317400011180896e-65,6.678269759994040061e-67,1.833323263319306052e-52,1.997723117787788633e-65,8.043649000031634431e-67,2.641223485912657134e-65,1.867585924329383224e-64,1.210155378823641255e-64,7.791274480266281100e-50,6.913102072209309676e-52,1.464705818094682214e-48,1.519041464018709016e-65,4.251917634945071954e-66,7.708195397162606633e-64,1.017702863155380062e-46,1.961845094221366631e-64,2.262632407415456733e-65,5.456858238504007942e-52,8.252001455180277558e-62,1.774732898590064537e-49,1.846386577359525720e-50,9.547813515624852676e-52,1.412495384560213145e-65,1.595812200891493847e-50,3.915175893891625327e-50,8.524409087955031627e-52,1.951258536927081052e-66,1.126746565823510653e-52,7.332705063706573274e-53,6.325428742940806907e-65,4.508231579471028963e-51,4.912375817102938190e-65,7.173883066246265290e-65,8.303266458782850293e-53,9.246657509001250481e-53,8.051791934451468630e-63,8.406657360871387248e-53,1.604564185259743147e-64,2.048011219384576229e-44,3.884466499363265341e-66,1.295892251438511017e-51,9.229141603208371214e-52,1.172833090037213062e-62,4.050063234108504872e-65,5.714453763635496433e-51,1.038616115687805677e-50,5.583347247894986613e-48,2.325709625780654278e-51,3.306543196879021200e-65,2.246434840362796361e-65,8.209755574932703338e-52,4.083317940716305528e-53,1.760773246736601650e-47,1.502090720411198110e-51,1.353219505199754968e-64,1.130362907215863478e-65,6.771528682557379964e-64,1.933749269240475006e-48,2.918643629975370031e-67,5.690682780882721636e-67,1.264938510641338203e-51,3.655987394951153477e-52,1.103280225482911861e-51,9.990505399676591738e-53,6.409302948026790469e-52,9.546011743164155746e-53,4.817842290972352880e-51,2.086035742605509809e-65,5.455274098993306685e-51,1.224646062731407768e-67,9.630843180368772863e-64,3.769230163083246240e-63,9.117021943181092706e-53,1.324719444869520588e-63,6.455707132748323756e-51,5.929894262793097527e-67,8.737904544217460334e-53,6.906053016816319843e-64,1.175980633707514987e-51,5.169586225591826116e-51,1.792834150059193180e-50,1.071056289408264824e-65,3.214154376001652236e-47,4.251401434496388005e-64,1.873853650785302686e-50,1.903765330470483665e-67,3.113786409810242666e-51,1.688100599645449288e-49,2.945621661300555465e-63,6.732360220767757630e-48,1.291231908400848513e-65,1.709020883085061867e-65,3.371417982812614188e-64,8.956018927790805815e-65,2.740791731423918640e-62,5.673561707975264216e-51
6.806746913857896451e-61,1.099263463851631065e-65,7.185558412191145005e-66,2.038207946879780156e-67,3.781542158124389596e-53,4.283951890849601139e-66,1.856350530140102084e-69,7.400574296459296080e-70,1.390685143563389666e-68,6.803310028170647285e-70,2.231585700838320230e-68,4.920986688231246433e-65,2.866424715200161084e-65,6.224731512868136841e-69,1.173328195206724223e-51,8.776735140906994526e-68,1.642919452570498935e-68,2.057359819174719460e-66,2.502779209522421636e-47,3.816984622544562322e-70,2.579017454056880418e-69,2.228886050671144480e-67,1.325731199056958327e-70,1.709217605235125698e-53,3.533875443804875424e-56,2.609154354895944145e-66,7.152011494870178717e-57,1.541528248548083901e-69,1.467957464039000432e-66,6.107822978417944138e-50,4.351083005320393231e-53,0.000000000000000000e+00,1.556546544306918680e-62,1.417068701589993513e-48,8.935341830421453987e-67,8.669543459518190958e-52,2.867400199890797615e-53,4.508050068260110934e-51,6.960082942246192409e-63,6.333747295905318015e-57,5.103116472966925365e-54,1.916402456299776683e-50,7.634062312861787028e-52,1.871360145699306772e-65,1.038729693878082010e-69,9.296041161597881429e-69,1.840117244460133780e-66,1.569712822357733946e-38,8.286100045838217026e-56,3.668240497333747125e-68,1.012662100145415523e-70,1.695844308347395576e-56,7.117097431133033503e-49,3.442896877059725465e-69,1.074928907387304774e-54,9.812551815634067463e-67,4.131112661980385743e-67,5.556565103015909445e-71,6.225763188971416473e-68,7.123909989854641898e-69,7.338406671651649866e-66,9.761423878605132743e-51,1.433092210637562822e-65,2.519386247027487218e-53,3.785756953882584784e-53,3.689560951910730612e-54,6.036714331106672556e-63,1.973550310268734319e-69,5.589246683474994379e-70,2.591026981145518280e-69,1.401546414282614298e-70,7.648791006984540178e-52,1.016641216973569587e-69,4.672870750356820058e-70,4.291058084036055482e-51,1.963891984510322816e-70,1.249281888130376549e-64,1.039884286953474041e-51,1.410113571004381979e-53,1.782746704715280808e-69,5.846108110077030280e-70,3.694379925586363155e-52,7.098753040012485981e-54,4.178642626395414527e-57,8.655540235144390702e-70,9.572117520444071848e-68,1.589811151604002215e-68,6.422667021021118271e-68,2.860242062507032664e-50,3.185926211807619935e-70,4.476748092376019669e-51,2.041036754721270674e-69,8.040761162048780603e-55,1.742503543358735321e-65,8.937107592980939279e-67,9.839326417926680832e-68,8.988643585085977595e-52,2.851120055138934566e-68,1.785531732917421617e-65,8.757315019141981728e-65,7.487753030317667693e-67,3.494249788148083020e-52,9.100434355307355491e-52,3.956391324834281626e-65,8.783002756734525684e-67,4.477854784566833349e-65,5.996677853643701041e-53,7.160083844447566017e-70,2.629820193601820512e-50,1.344309973460608214e-55,9.773100212677900925e-51,3.110147344614224404e-67,1.502174817865329505e-69,3.196770453288174609e-65,1.987787090193630656e-32,6.857841287664648784e-52,3.122350769593099366e-57,4.178675099293162865e-53,3.456659045873505429e-50,3.041703887747510759e-56,5.298980985160517662e-51,1.590970728662508911e-51,4.606523009343670209e-56,9.287999023427059502e-54,5.098604086818735520e-52,2.472123533789595717e-65,6.979716539926051588e-53,5.141270220986260793e-53,1.130976400536223017e-50,2.949180159727255929e-53,4.267773414793134739e-69,1.143228096840815774e-65,1.046641711598071988e-66,7.634136417515399726e-70,4.379467204825335046e-70,8.317759344361127865e-52,4.095872926087599791e-56,1.658989295155440409e-70,8.345167973443901977e-51,7.879400655759550814e-64,4.075608258888320605e-66,2.674915719626137587e-68,2.369958102230419387e-70,4.903937378236755885e-49,3.008135774553881880e-68,4.634794332686635219e-50,1.841573074386552059e-66,2.517451930594473584e-54,8.898461199449438201e-70,2.302261623891627822e-48,2.097559634002532614e-64,1.150665909832123154e-55,4.037075498789144753e-66,1.856117766154117972e-68,4.805110135285280577e-52,3.139506005853074513e-65,1.112447487981018161e-51,8.748852518816045245e-56,5.700443384280265528e-67,5.123683182288016112e-51,5.011389989779537579e-69,3.124134241198830295e-67,3.832252348921245375e-52,3.685150814516525777e-65,2.820592467460722153e-70,3.690981683403441104e-66,2.027760147704678618e-66,1.281492156680198868e-65,2.243163060058637703e-53,6.639594674327132741e-52,6.256213744149586683e-53,1.602639180176822045e-69,2.145601809520430271e-65,6.925498347437159174e-67,1.032953042207134874e-52,7.621673441346607374e-69,3.438795686323980033e-69,2.118772170233943386e-52,8.984172031160991893e-68,1.191583055991865778e-51,6.406155443675037884e-49,1.150773372398209039e-55,1.934025046260463218e-69,2.123995604047700172e-48,2.562002907586237904e-50,4.111608695623951477e-52,2.362793859245595728e-66,3.337421629048419384e-56,5.449849250154696563e-53,2.919885933812366526e-63,9.281256981306319994e-55,6.287234434560151119e-64,4.282713622316859601e-65,2.138879625627580869e-56,3.133896955444105444e-56,3.860890041970027109e-66,1.933327505590967077e-56,6.419120240619809107e-69,3.118250197245078342e-53,3.222048144713766077e-65,1.840828142239035342e-55,4.771477547981861725e-52,3.993136782530231891e-68,7.060941324438744487e-69,6.916593832894359659e-55,2.171972846169343086e-50,5.504588136321291335e-53,3.027800029058549592e-50,4.707576923477702465e-69,3.766071555638613256e-69,1.424194308757878659e-51,2.543695860932849845e-53,2.980934871154698289e-52,7.868694691702950076e-52,1.965505394190556114e-64,2.070058161471097564e-69,2.649347469685488976e-67,2.959763205968218060e-54,1.116174736368050060e-70,1.974019257890456413e-70,2.434583446054522525e-51,1.421970169921687745e-56,4.446418612185763951e-52,2.611784415864875070e-56,2.805461138751491430e-52,1.489062720894874239e-38,4.080557538096822736e-51,1.959442895689398199e-69,9.341417690192930038e-51,5.933267007360835310e-71,2.464303939519020620e-67,1.705708651560439550e-68,1.912067449189819103e-56,6.164831987264498248e-67,3.590673960280798647e-54,2.793399405807848262e-67,3.197396619902715347e-56,1.249521935665250565e-66,5.017210678745472476e-52,6.119067134406095734e-55,2.482943438303272694e-48,7.361792829050651762e-61,5.555318453409030921e-53,1.394810269036266714e-66,9.776678865330348359e-51,7.945821441227817701e-71,1.813365122452966485e-50,5.571051490941301347e-52,2.612471448650650192e-66,3.087630341032750679e-53,5.019064204382721677e-61,5.079611086756678070e-66,3.288173401675213150e-68,8.523878548475561349e-66,1.792465922977433924e-65,1.289286933524413811e-48
1.184632544690347529e-74,1.671313124592676690e-76,2.622080607414480841e-78,8.150299352116809881e-79,1.110031320704355019e-64,7.040881697687871174e-78,3.728853838339409632e-81,1.548954490568915692e-81,2.740801186345318689e-80,1.069352839365680976e-81,6.019242129131664151e-80,1.127869265831929190e-77,8.066360916343084702e-78,1.148983747332235133e-80,4.280555057149550337e-64,6.780976473755454980e-80,4.111524811126574346e-80,5.228079339740524221e-78,3.271231821308201473e-56,7.875812337258435191e-82,5.374640085127686066e-81,6.132164468894783415e-79,2.529058986792433448e-82,1.486986081327280287e-65,6.049513569776242921e-68,4.642525393206876924e-78,1.292521499577550204e-68,3.052961372607219543e-81,6.935897990528842255e-79,1.233812095331947105e-60,1.277919577701047377e-64,1.556546544306918680e-62,0.000000000000000000e+00,7.951667442065099795e-58,4.821322589434795033e-78,3.366961190478844361e-64,7.768489622957964555e-65,7.230946731774702090e-62,3.999999942911129369e-01,1.321291860207832687e-68,1.740159605552429376e-65,3.781252674026416878e-62,2.322573041320353182e-64,2.344244067337418174e-76,1.892455502636864857e-81,2.201807815039978173e-80,8.156237218119335126e-79,3.445813345859530927e-62,1.528245955749838558e-67,2.795420428206609008e-80,1.652080042227223634e-82,3.171641017355442792e-68,1.586098546038891978e-58,5.472385436127620071e-81,2.254353695245006091e-66,5.319623116184438765e-78,1.437143296647185618e-78,1.062653740273569776e-82,4.126092892583878560e-80,1.346266300635136294e-80,1.013969464837652466e-76,3.071706477833642678e-63,4.018478353414940604e-78,1.131778088462777447e-65,9.664382119841991938e-65,6.458035041280042383e-66,3.999999938941812272e-01,3.406056946709196583e-81,9.108834161211916149e-82,5.163633419385903680e-81,2.288828015569844132e-82,3.794111187062517063e-64,1.982782290463909018e-81,8.801110165165863899e-82,8.022709977831466458e-62,3.496360811713699646e-82,4.986106470009573121e-76,2.993838331321387455e-64,6.245423722284366382e-65,2.658591345454898524e-81,1.040010398536415128e-81,1.660866598228405283e-64,1.308441362200301061e-65,8.057329561958071692e-69,1.591445464939239121e-81,1.831081855286526015e-79,3.757884283479828179e-80,5.035256621052162430e-80,7.106542716742162928e-62,5.764395688961876068e-82,1.607296540640960801e-63,4.091354556433274577e-81,2.632191932170647374e-66,4.778914366603345489e-78,2.522961615484399640e-78,2.883500850447364534e-79,9.765250659313538498e-64,6.925846570081958791e-80,3.165189526565870967e-76,2.812239499343653460e-77,2.192687786322309410e-78,1.814510908470013652e-63,2.806898294387322746e-64,5.468681146451392985e-76,2.626502920526018719e-78,1.128438197434819176e-77,1.798125119700455760e-64,1.314525888134849965e-81,6.747002641800788330e-63,2.096344246429890905e-67,3.262251495739171991e-63,9.334517507819438723e-79,2.567096697315284392e-81,8.923309331165783525e-78,2.716236156699533847e-62,4.724613363340929917e-63,6.107522777205986453e-69,1.348019970944142179e-64,7.813564045529591819e-61,5.381789594066661173e-68,7.319577889484810168e-61,1.316447460572142991e-62,8.022287293197741153e-68,1.832373056308394921e-65,1.651620538346650435e-63,1.995723872822784467e-76,3.382718734129291805e-65,1.796638243553636067e-64,2.203459295063683751e-63,2.358448361663021515e-65,8.995355797201215761e-81,9.970327703162314134e-77,4.714366718852471116e-78,1.284261761836298269e-81,8.006388658767063144e-82,3.861536843672820604e-63,6.565361686664813597e-68,2.437247010696296328e-82,1.292144557127463257e-61,2.752170685945440052e-72,6.934496605269459082e-78,1.786077865351332568e-80,3.810609896733191513e-82,3.467035253716913491e-56,5.414243248904964633e-80,3.146870236113108108e-62,9.077291626834463873e-78,5.041625695790346644e-66,1.556997612799566314e-81,3.014195845037472914e-56,5.801287201330356265e-77,1.842663016443300452e-67,7.028676126196065250e-78,1.410875496722087796e-80,3.006248971025322220e-62,1.004969757495092785e-77,3.597254888348033671e-64,1.411922925807172594e-67,3.012307219345135805e-79,2.128459687415986120e-63,9.778169592843917723e-81,1.898106884912955135e-79,1.330613884567526028e-62,5.154994700123414633e-76,5.189700384284419400e-82,5.936569554128586603e-78,1.307118268337823399e-77,1.607669662325485724e-76,7.281859774002163338e-65,1.909421349049209139e-62,2.154788943050028054e-64,2.723495059196519861e-81,5.028743519791483213e-78,2.997535447401488974e-78,3.280757371779117062e-64,1.781610004144398275e-80,5.603503584779821031e-81,9.652274608919453295e-65,2.655361641980052323e-79,6.393121662351315211e-63,2.842974566572415255e-61,2.064192462005151001e-67,3.901637638233896191e-81,3.463814520185740810e-61,3.648381668393082044e-62,2.072237001939057314e-64,9.138285852577470660e-79,5.431590505075961098e-68,2.568520896902863845e-65,2.075809199101306255e-71,1.787372032544997271e-66,2.330367049397784345e-72,6.346950866397206057e-76,3.635454540813637852e-68,5.380095495770099788e-68,6.837717806174601705e-78,3.563822103104988489e-68,1.280359577514609191e-80,8.871378583718163694e-65,7.987551107569186115e-78,3.407061076202647460e-67,1.987108491140430988e-64,8.994213240349320352e-80,1.304142617887213306e-80,2.768949120895543049e-66,1.838558259680940930e-62,1.884850819559815399e-64,6.413026691827725203e-63,8.201134008229618774e-81,6.714418963721147249e-81,4.536823217337781597e-64,1.381356593440936421e-65,9.706117033202119400e-64,7.330583900162987925e-64,5.456238784876885278e-75,3.129693302815740585e-81,1.181906499700031097e-78,6.456932941386041939e-66,2.158174312606672676e-82,3.093860847237447582e-82,7.995408222540300355e-64,3.002808566404753864e-68,2.259253631044146521e-64,4.809474239685467228e-68,1.265688787065143207e-64,1.370087833918303416e-61,3.938457002051944960e-63,3.318900318225932132e-81,9.783319131359813149e-63,1.055004355830877288e-82,6.591687793897375492e-79,3.818597803964580891e-80,3.555377353602322044e-68,1.621033370988723160e-78,1.474446660075585247e-65,1.604612270041059712e-79,5.418106633031844432e-68,5.581851200973463402e-78,2.764082737375503539e-64,1.092046284468600080e-66,4.088969065706648561e-61,6.262895959653325456e-75,1.866349595711680044e-64,7.166831599990584808e-78,1.928740257767160761e-61,1.265927321060018345e-82,3.822599030031745878e-63,3.831976741036766090e-63,1.212665071491857692e-77,9.457740377624228192e-65,1.759574881023285906e-74,5.866023082969784145e-78,6.358884335081427918e-80,1.273104438782398880e-76,6.492598001122292951e-77,7.668171540961787871e-56
1.158698322255861560e-60,1.873496621187951706e-61,6.283590301676491580e-64,4.299851382491203325e-64,4.219202520210661669e-50,2.490312247198449668e-63,1.347995312480891879e-66,4.985765313344042155e-67,1.081219781426396424e-65,3.973582243427866128e-67,1.665379704550293212e-65,2.637893869253519345e-63,1.765980112068223092e-63,4.441663649912239665e-66,8.111396996484775399e-50,1.716348801503872825e-65,1.472849777110228001e-65,1.955612767731836743e-63,8.557042185397175951e-45,2.665418270029343616e-67,2.050505257776636300e-66,1.739899561255028286e-64,9.096087532140338721e-68,3.684512148107762050e-51,2.102419493520371008e-53,1.612192193784102349e-63,4.334048561883124610e-54,1.268060094776302475e-66,1.579513446285769104e-64,3.509820914484720180e-45,4.011627809310067594e-50,1.417068701589993513e-48,7.951667442065099795e-58,0.000000000000000000e+00,1.776118463023823069e-63,7.355996866010080722e-50,2.962125531830134507e-50,1.987014908711705649e-46,7.234130950470049366e-59,4.518747739278266091e-54,6.495747720482352611e-51,7.534439822369727053e-48,4.170048569934073599e-50,8.178035949731862100e-61,7.499957964758078566e-67,7.151760176167800731e-66,2.296280940319210704e-64,2.419290052496597806e-48,5.486783362233820664e-53,6.849890095619295338e-66,6.279452097300151297e-68,1.112725060052054463e-53,1.176543596950150477e-37,2.103237949179073361e-66,8.466600692640316528e-52,3.045758287921330217e-63,4.871170870972879803e-64,3.633349372669734921e-68,9.471306004313417584e-66,4.760169970120751027e-66,6.132025152037461045e-62,6.305477397727134530e-49,1.131650579576747811e-63,3.289862349784015907e-51,2.663793922154982645e-50,2.382058380008574637e-51,1.032495138236239997e-58,1.198230382715991271e-66,3.447775054288586066e-67,1.935744311123290424e-66,8.867968292927128910e-68,8.366185983160372380e-50,7.176131669510836346e-67,2.966139345602136034e-67,1.329866297352708134e-46,1.304797065105544960e-67,1.508120373130666559e-61,6.217510346538450811e-50,2.382804909403759465e-50,9.759901033757967257e-67,3.244091927733786012e-67,4.346942828899749523e-50,4.638966074275122642e-51,2.573150952028869888e-54,5.727360661730995113e-67,5.903166432798103342e-65,1.471202920738804835e-65,1.280743131637413900e-65,1.345009056889466496e-47,2.151726959245994264e-67,4.415244135908970416e-49,1.406085508742137894e-66,1.258105640205045559e-51,1.037559604082332233e-63,8.780938095240044510e-64,1.054063879734520031e-64,1.615684407187739731e-49,2.672424229106045690e-65,3.902195682875006139e-61,5.722779424310814833e-63,6.632347307832407069e-64,9.036410346797280487e-49,6.446511233746151107e-50,1.622558097040789562e-60,9.189596278525047315e-64,2.618971370229631931e-63,7.305491148800242985e-50,4.547244916690966105e-67,1.836551520981066511e-48,7.182656897431991535e-53,6.114581996154223089e-49,3.458542840751838081e-64,9.716892015237253736e-67,1.728376234053881072e-63,2.162170053804538880e-48,2.426907781301114657e-48,2.209250576529321858e-54,5.591220934488897045e-50,2.334545654884512074e-45,1.910135126632277358e-53,3.695081408859828356e-45,6.332624547320372284e-48,2.893065005669759798e-53,6.257925018571997736e-51,8.034453132848557410e-49,5.687802592431343288e-62,8.016014371553687957e-51,6.526315678759876663e-50,5.598194033045808363e-49,5.616926326048564337e-51,3.418990559010181738e-66,6.055806321683914723e-62,2.055339105333408394e-63,4.214625476495522958e-67,2.714479899781736565e-67,2.020217889654113129e-48,2.308090018365846506e-53,8.696520697896290225e-68,3.624447925328693931e-46,1.367509889992720979e-58,2.546138322592951085e-63,5.130690753105571231e-66,1.526227892610291922e-67,1.784002660173533274e-44,2.194328162195070979e-65,4.904247868621846030e-48,3.711373762276347838e-63,1.521914463938103721e-51,5.450194025357723248e-67,5.997614492595580225e-45,1.206450370195792807e-62,6.654347317672539277e-53,1.072829876838188928e-63,4.112728265387655385e-66,6.583745898511980503e-47,1.965348789176513520e-63,7.417154807023804552e-50,5.301222729827415608e-53,7.328730787122667802e-65,5.270694252290404723e-49,3.739311338627727071e-66,4.490414078820813228e-65,4.289016132664888210e-47,1.598055081701325416e-60,2.161253732817553123e-67,8.838580562057168856e-64,8.518535151264287989e-63,1.338070326888391838e-61,3.229324457755029995e-50,2.278291481831981709e-47,8.641955429153930292e-50,1.048917977974284000e-66,1.067085356805501981e-63,1.163300338876498658e-63,1.133801354560765715e-49,6.025340960958049503e-66,1.995050564267219862e-66,2.493810237473537096e-50,1.261912616857003473e-64,2.810439682681816355e-48,3.646060340620210746e-47,7.777393116313307212e-53,1.523379142100386092e-66,8.114977681867945709e-47,5.617230095189736842e-48,4.628448693010396697e-50,2.487752033710924643e-64,2.056552146503200792e-53,7.032565532618214499e-51,2.673615602192576506e-58,6.972725071772467469e-52,1.321334374996625679e-58,1.845133837916821567e-61,1.203892201490406037e-53,1.979934653954506627e-53,2.457736721749388763e-63,1.256929347294929922e-53,4.866791140444680005e-66,3.290432656203271661e-50,1.877713310911694189e-63,1.284997007494277411e-52,4.664227747045512658e-50,2.794222051259796159e-65,5.403911884004077298e-66,1.004108847591363718e-51,3.107368878722776664e-48,6.220568121666864857e-50,1.335908079758641928e-48,2.842453973389941640e-66,2.368822739459013994e-66,1.066250063887147389e-49,3.686388466281308731e-51,4.453962729172336476e-49,9.535009937614941650e-50,1.368509721426227655e-60,1.171635917716248717e-66,6.131608462408826093e-64,2.167078779839432228e-51,7.966713168630991409e-68,1.207253788255087437e-67,1.806849787653622588e-49,9.364575684287245404e-54,4.756062009939611539e-50,1.760138543085015632e-53,3.225826555658636020e-50,1.356162559518505905e-47,6.798463778559315383e-49,1.277786638303930678e-66,1.653494840546938374e-48,4.095263374084842042e-68,1.924004112605064820e-64,1.534752990048470885e-65,1.171249404342788206e-53,5.497467315773252844e-64,5.277336544861113731e-51,4.037220863747089142e-65,1.908191865034699583e-53,2.609162224161973926e-63,6.726386933181937665e-50,4.173173434725995855e-52,1.024604123978030603e-46,6.877904964526363812e-61,7.143821293984077636e-50,3.735872903569078613e-63,2.716736688052257130e-46,4.842098312396902707e-68,1.023655220635020252e-48,1.522411719997995215e-48,7.108188387458491664e-63,4.227971589921877765e-50,1.945536588063887256e-60,9.529551665903835987e-64,2.232663760549993931e-65,1.599094322916654342e-61,3.279593339939785835e-62,1.618989939218484362e-44
3.466231642894386319e-79,1.171398634789082751e-77,3.738466681239198973e-80,1.063874732850288373e-77,9.664064094414271270e-64,3.175195453678773235e-78,2.317930283156910469e-81,1.197812810997579677e-81,4.066628729904797293e-80,7.259234223087069446e-82,2.194529768800977338e-79,1.171018793527307728e-79,1.093277552769808492e-79,8.391849787873653887e-81,7.704625003205163061e-66,2.048649658566145685e-81,6.305667612203387704e-80,7.418616916500168926e-77,1.964021945640900051e-64,5.405635731423897923e-82,3.743061321211535392e-81,1.623777624792512919e-77,1.573689458172010165e-82,7.323042543696752668e-67,6.546299551875652665e-68,2.417520006057431424e-78,1.229045602072621997e-68,1.851628585395361759e-81,1.436652221721184597e-80,4.685369023697749543e-64,9.141599917494055660e-64,8.935341830421453987e-67,4.821322589434795033e-78,1.776118463023823069e-63,0.000000000000000000e+00,6.022213813799097646e-66,3.179481526179141464e-64,7.599806946051976548e-64,6.006840220315523010e-79,1.439044993296639719e-68,6.363131480415202165e-62,1.398180238245676895e-63,2.484042830765946134e-66,7.891856276985690630e-79,1.313725044843133779e-81,2.724197395111274331e-80,1.685816099891980176e-80,1.811190628462122142e-66,8.249460203270475704e-68,1.205012316826605882e-81,8.304895649723273186e-83,1.834532447667711918e-68,2.254084428814727871e-63,3.315275052460201744e-81,1.490475588697463709e-66,1.009804667017625344e-76,4.207596114117868748e-76,5.753639825802488754e-83,2.013652283942187322e-81,1.403786836704332781e-80,3.624231325011827834e-77,2.863649940162154752e-65,4.093198825848095998e-80,2.396177609535964966e-67,1.407059919024314093e-64,5.247372626876685724e-66,5.766022835015387964e-79,2.747033666092258842e-81,4.867036523735900506e-82,3.773093780658100247e-81,1.344977499052773879e-82,7.991092977643323889e-66,1.499636224833355733e-81,4.912840150548234003e-82,1.545858056509504428e-63,1.818925618389783114e-82,6.991974030755894422e-73,3.357728145294884655e-66,6.012848818870800013e-61,2.148074854752550597e-81,8.114876509070407773e-82,3.662341140728362062e-66,1.126733510662695485e-65,4.410107292646626463e-69,1.105870725193783772e-81,5.210885622901772497e-79,5.042155522083294734e-80,2.143200436091436346e-81,1.953144642088166700e-63,3.428221033416579439e-82,2.536536573282542468e-65,2.871255927557902741e-81,1.077490458511084801e-62,6.140272983273716126e-80,2.267783855838526120e-76,4.680496198231371316e-78,3.595062367011565342e-65,1.440600483958258187e-79,9.413322727544364159e-78,1.395360200224478986e-79,6.458720785913775916e-77,5.420328630375604256e-61,5.188065961265149772e-66,1.060209449595238209e-78,3.143268901406727186e-76,6.079691459476680034e-80,1.361469099130554534e-61,1.006069391282556663e-81,3.405002555750963027e-65,1.237609706486717218e-67,2.782172048489290448e-65,1.156127993821083825e-76,1.473369784451812185e-81,5.618696364545262639e-80,1.132546363334935157e-66,2.324907654743396163e-61,3.271201790596795977e-69,1.218470813919928651e-62,5.917581145540823337e-64,3.217191586175373797e-68,3.694439504063797977e-65,2.214627244037548784e-61,4.680587325939274767e-68,3.006714697298320127e-65,3.016980959978985325e-62,8.281865936275884322e-77,7.162456906181249778e-67,1.359190820685424594e-61,1.610327961525566414e-65,1.122509517201967015e-66,8.232893057890061480e-81,9.417584303743987833e-77,3.999999986557938869e-01,1.172622315268511350e-81,4.988690058943081331e-82,4.879859387789990522e-61,3.927484077454235710e-68,1.366504283952173217e-82,4.719317192073972522e-64,1.197785892785266910e-78,3.420326738040113303e-78,5.946750412771269507e-82,2.785443325077116940e-82,1.838989908631613120e-64,5.089698835467615947e-80,4.580371714404565522e-64,4.961183243287970499e-74,1.035918277968726513e-65,9.178995666468660398e-82,3.141007765626774218e-64,8.311542836124375147e-79,1.088600107688261407e-67,4.297033773832194161e-79,5.361712169037923353e-82,2.008114733819700465e-65,7.741758443564083428e-80,8.271115008090090690e-66,7.647532888063928450e-68,7.536009051672061897e-81,2.685592154040101512e-65,8.038430849899767291e-81,4.848449604213213717e-81,1.714464345056369805e-65,1.055545267789774153e-78,2.979085523659946445e-82,4.603085057971450356e-79,1.115226305386688930e-76,2.654974470586332356e-77,3.336759596398773905e-61,7.042110661535955522e-65,2.137528926866382447e-61,2.149304081276573948e-81,4.981639734650566613e-80,4.000000017071698721e-01,1.684735388693250946e-62,1.525579692240460757e-80,4.458524147606394137e-81,2.903698593598503211e-66,4.996728219958527040e-78,1.377056664920603819e-60,4.267437449883942785e-64,1.571731895452246990e-67,2.443054609476489345e-81,2.627347471261005580e-64,8.795362665521653166e-64,5.304651039153602014e-66,1.458784113041488851e-80,3.383191566615112974e-68,4.973013685847464407e-67,2.269660728533273791e-78,1.091790631455796544e-66,2.220643125716762465e-78,6.039825115462380755e-78,1.971369697120066382e-68,3.529923016118524513e-68,3.379442688366204696e-78,2.255369889377709483e-68,1.238461870187539400e-80,4.361314451824025925e-64,5.329394125803873906e-80,2.153718555216872640e-67,5.597823874267036070e-66,4.439731614840651462e-79,9.397747129291450927e-81,2.309572562960963821e-62,2.385740323747308638e-64,6.158033542927634791e-62,2.408553050183641811e-65,4.835340421900927996e-81,4.411475094127598067e-81,5.885756925291456495e-66,2.306476132182822149e-67,1.409613782079906126e-62,2.101117922339877676e-65,8.833204831159548323e-78,1.907363450719949135e-81,1.526126881812553533e-77,2.354890501811487802e-65,1.294600363503010786e-82,1.867969267403250305e-82,1.094689274541570539e-65,3.023443890373484819e-68,6.999488715165938490e-66,3.359937748960493662e-68,3.890006094194536078e-66,2.791875276141905757e-66,9.284752554217060680e-65,2.724780607512196377e-81,1.296822940714125147e-64,5.663848144795044432e-83,2.057535315964568982e-77,7.597868184999649955e-80,2.512851078561726854e-68,1.364344294992412608e-76,9.495103157993917904e-61,3.869295510734618645e-81,3.351634230320648754e-68,2.755649006992867046e-74,8.679782506347549301e-66,8.345648038873851521e-67,2.758332705549077184e-64,2.289602316568174517e-79,6.997837459302049883e-63,3.116508657054905503e-76,1.817598576470495502e-63,7.289695375921572673e-83,2.954883594617777364e-65,9.049433699618234400e-61,3.282261318628408950e-76,2.964163191458694504e-63,3.060472751568551026e-79,2.737283412569195462e-79,5.071240815023378456e-80,1.286811466409562284e-77,5.836136808570201401e-71,1.579660352955864830e-64
8.196134075569845238e-65,1.059510776609796838e-65,5.232390922185896425e-62,1.718732396861092488e-66,6.157778965073496206e-52,1.768354861342546121e-64,5.386822733730250059e-68,3.200334920771481923e-68,3.315306651497512912e-67,2.681579698797009360e-68,6.252546482057789564e-67,6.060627548615198818e-62,1.668754125687692566e-60,2.326162835286680889e-67,2.229261005142585944e-43,2.025785295379259839e-64,3.337401408784245484e-67,2.962564791217182131e-65,1.930201973954718861e-50,1.762680793423399350e-68,8.624137084864310860e-68,3.310979431225499066e-66,6.633807024153125166e-69,2.632559522862243226e-50,1.351696095577651357e-54,1.183788342588288637e-64,2.330295884549465296e-55,5.038563263045504821e-68,1.366729954660709567e-61,1.477077214257202543e-50,7.793153553012185599e-52,8.669543459518190958e-52,3.366961190478844361e-64,7.355996866010080722e-50,6.022213813799097646e-66,0.000000000000000000e+00,5.072030124250432013e-52,3.835443635650850509e-51,6.128108520251840261e-65,2.330603538894110241e-55,3.408012673365200807e-53,4.757811790514517764e-50,4.491694165994367218e-49,1.230629131940971822e-65,3.992751500257448459e-68,2.957439255741064239e-67,6.126496912200228649e-62,7.399871811127245834e-52,3.633050472614649443e-54,6.421969131461646670e-65,4.407071088698601006e-69,7.654399507395374935e-55,6.993699966945238381e-50,1.600792023099271816e-67,3.845185716147471209e-53,3.810047776492956725e-66,3.842338810885398596e-66,2.651205158851672662e-69,1.572077551417273129e-64,2.240696513572813569e-67,1.223876702476018270e-65,1.068429606693752082e-47,1.857501843742929877e-62,1.011903747819143324e-48,1.329937120424577528e-51,1.343886683798981611e-52,6.812596410258593286e-65,8.169920364574873661e-68,1.864512478714553345e-68,7.772419609293119490e-68,6.518165154106980283e-69,1.699270326853090632e-46,3.774646246877294728e-68,1.780364654277502654e-68,3.255156121743291279e-51,7.274937479116254424e-69,8.044907683722109599e-64,2.933688647815729039e-49,1.082904395714071518e-52,6.487724572982305190e-68,2.887351239620188291e-68,3.770100858249507251e-47,2.351084662447385215e-52,1.552339606424033889e-55,3.174826878667207319e-68,2.535461318777615083e-66,3.638431172982653511e-67,1.359495510770447367e-64,4.657705220638610941e-50,1.309725434516417888e-68,6.428208228639962786e-46,6.440702262355698988e-68,6.543408317680513369e-54,5.005127539915497160e-63,1.294559937902620800e-65,1.153243199964153494e-66,1.290933799311017086e-50,4.520879822992893098e-67,1.305688281037295860e-65,2.752629448137049669e-63,7.997998920930369673e-66,1.816861867851545787e-51,3.944235719565754557e-37,1.785597045101920268e-65,7.026068153204464681e-66,2.866247339129390125e-63,5.596060010972151181e-52,3.068516524391853502e-68,5.082382133948634303e-48,6.566247753561017107e-54,9.105707802418090560e-48,3.622652593021815143e-66,6.243504254263450050e-68,5.013896762141177850e-63,1.268838537654531274e-51,2.511253563771953039e-51,1.208119123240950642e-55,4.200735626670029645e-52,8.215640907009580233e-51,1.355351454918462780e-54,7.384990535782975202e-52,4.924955853700032457e-51,2.354431476669748033e-54,3.577954716728158194e-52,3.849188975841681882e-51,3.507698749448317409e-65,3.615224308972379290e-48,5.352244121240406423e-52,1.722097606727702513e-48,4.544284301342637888e-50,1.403177185882277111e-67,1.719213204623915867e-65,6.086367081722957663e-66,3.846242854428193095e-68,2.122589676122150930e-68,2.422976412263402321e-51,1.800142017254631066e-54,8.001682938953836681e-69,4.735995654439151661e-51,2.836753670870926819e-65,1.773348183472518047e-64,3.280140895232602147e-65,1.116610120499702857e-68,5.950673731981970754e-51,9.944073543990398914e-67,6.921051928753089927e-49,7.274125109912697733e-66,8.487567608535003730e-53,3.425790748482609170e-68,1.897195129319544114e-50,1.763058740157058497e-60,3.889727968152012106e-54,4.019739061118215888e-65,2.450404031378261462e-65,1.157284381824231741e-52,5.032676435252946128e-63,2.280120271465600414e-43,3.659279960867719460e-54,2.324940365607881017e-62,3.044769362524205908e-46,1.435312545785369045e-67,1.383148467333749960e-62,1.607499898970805762e-52,1.846690267447415681e-65,1.079768550786233338e-68,3.184087420128285613e-65,5.394646569381976919e-66,1.576334757341237524e-65,1.462291888158477255e-52,3.084863896605512403e-52,5.575138191779174499e-52,6.261649796217309279e-68,6.381406431708955343e-63,3.912817897962739175e-66,1.549050524993534007e-51,2.019056870044557984e-67,1.436417729049391192e-67,8.370898631506715895e-48,1.012215579631318730e-66,3.572647597972519873e-51,6.564852454125780173e-49,4.348864165739783546e-54,6.081764020175081621e-68,4.696597001901367822e-49,1.969729450839446079e-49,2.676631653598918438e-47,2.084621946333530357e-61,1.477546114137698498e-54,2.104999830832377534e-48,8.371592278329779795e-65,3.505401061832089774e-53,3.455306842412224660e-65,2.321452867933570868e-65,9.355705309446256224e-55,1.400836614318640638e-54,1.786412379711472665e-64,8.704542354470990295e-55,1.863801284514678206e-67,5.183779692777161401e-52,3.287954405667993603e-63,7.016481649280743314e-54,2.709531792514109711e-47,9.365215047398884477e-67,2.850541583019971752e-67,5.969997430505129755e-54,1.411671051225327094e-49,6.854960732366607917e-52,8.915896995310250614e-49,1.501993267809877781e-67,1.384271196364510432e-67,3.002963356407914239e-43,4.959250108057088414e-49,2.856243511157166937e-51,2.655525049767823810e-50,5.026809521422770610e-65,8.173507698104349169e-68,1.744184864117576106e-66,6.839548351295430693e-53,5.100433030738970617e-69,8.018431677789268305e-69,1.179346883496703116e-43,5.804750151420036661e-55,2.820834172999956159e-47,1.255652663605929698e-54,1.123670992541292906e-47,8.869645306027900031e-52,2.037128504439620188e-50,7.683733556891000426e-68,2.926044047018050569e-50,2.827477209773182077e-69,3.133421811717539797e-66,3.010778293976717455e-67,9.152146928296736343e-55,4.721088485055717121e-66,2.198716265176483457e-53,1.208345100493242358e-62,1.645069574155150727e-54,5.427770588943596494e-66,4.775956205173152377e-47,2.353634321844815874e-53,3.048517153769845802e-49,9.285732612661148698e-65,6.752763129304221822e-52,4.853986618092497792e-66,4.432424474850638045e-51,3.634684065683527784e-69,1.022727910790816008e-47,2.582511627972869794e-51,1.457635745272181171e-65,3.085837217754440082e-52,7.500839519556313899e-65,6.240380792438095242e-65,1.413819244045768973e-66,1.047284386741850357e-65,1.043771023663798900e-64,9.198110785108031033e-51
9.861875996001230739e-66,5.742232727533348823e-65,2.295182394206284521e-66,1.856543290117445359e-63,1.910684620258285243e-44,1.001541985910159988e-62,2.451011432967064629e-65,8.661771198296044254e-66,1.570767304618595409e-63,3.868429605658007192e-66,1.456468632364571278e-63,7.498325136501821891e-66,7.694755920292789521e-66,1.218853851641144754e-64,5.085382280277752712e-52,2.966775788553459360e-67,1.185685282042635097e-62,1.861443269767062657e-59,5.899405375996537419e-51,2.481573194286916441e-66,4.598060564520993956e-65,2.603903269913476437e-64,4.743746337605079593e-67,1.085991248724295242e-52,8.470724927423920105e-52,6.671167139819744036e-63,2.343408557960712208e-52,1.879965860811052574e-65,1.330273014763566099e-66,6.649634824918910452e-51,1.826037519472007497e-44,2.867400199890797615e-53,7.768489622957964555e-65,2.962125531830134507e-50,3.179481526179141464e-64,5.072030124250432013e-52,0.000000000000000000e+00,7.102682498803350224e-51,1.077718260171800208e-65,2.546171688568072019e-52,4.113607365909443512e-51,1.969558392896350121e-50,1.299684340975479713e-52,1.431908663485716850e-65,1.121794959161861114e-65,7.168741495339625856e-64,1.530909115582349075e-66,4.598209614839282822e-53,3.137234595178286805e-52,1.609168366341992529e-67,2.773533353920541315e-67,9.210484315142020178e-53,3.179553987289840948e-50,8.675723624279254261e-66,1.001374021911505810e-50,2.801051952574387980e-64,4.592042873271952703e-64,1.547123553170088214e-67,2.569343018956431546e-67,3.117790709216546106e-64,5.345314651744129125e-65,1.700021820878765059e-51,2.824805876286525332e-66,2.945561685279855053e-53,5.897121296288114144e-48,7.459340521635791650e-50,1.081570759651649275e-65,3.904512210799729206e-65,3.101034915904076877e-66,4.014929565121047604e-65,4.361809270988645350e-67,6.975452224099380089e-52,1.219295331922867232e-65,2.946202551825323087e-66,1.053604843189288064e-50,7.571750915257129726e-67,2.610345947542459753e-62,1.404683955078385011e-52,2.917791183011522229e-50,2.495636395361515518e-65,5.773550642955596162e-66,3.763272208968181096e-52,1.593355375235736472e-49,3.132173681989005527e-53,9.043403172949484966e-66,6.140401090685032678e-63,2.163298780303268453e-63,2.614854988363304483e-67,2.154846948531378321e-50,1.247096355556199115e-66,2.218489237778046204e-51,3.063150849291247875e-65,1.735915658159993868e-51,2.805619684290103256e-66,4.148579342797626779e-63,6.475061912106901724e-62,8.429143155994806168e-52,2.613218684543936624e-62,5.654611349126258534e-65,5.751440404563988110e-66,3.962122821541246240e-64,1.529768155554087847e-49,4.370788448992815855e-52,1.715560570834666273e-65,3.309737351583229750e-64,3.511050291891029784e-66,2.501977510513532693e-49,7.294469203665252676e-66,3.201185874108195765e-51,4.879823842519582991e-52,1.583985886815235690e-51,4.123086544056837433e-64,6.356064462956162007e-66,2.915210345115391387e-66,3.236868151139301412e-53,7.384076227052927481e-50,2.276180599893778774e-53,1.558039549902919705e-48,1.104543397097458680e-50,1.267916462848697865e-52,3.210080541379381213e-52,5.197885949286999112e-50,1.447640388606307244e-52,4.910257722887727804e-49,5.482281151773324545e-48,1.355774020656979401e-64,7.145860618412272285e-53,2.547149456458456927e-49,1.045600417593502318e-51,1.654812207379396164e-52,1.486677605023227022e-64,1.080469369787482500e-64,5.508686482270190548e-64,8.715763860220950971e-66,2.666614546089081441e-66,9.016843267443769049e-50,1.318001881305933685e-52,4.150601504662600763e-67,4.677638283364414548e-51,2.096485065012780266e-65,1.018823019407289320e-62,1.019955100991171193e-67,8.880802147396271203e-67,3.278024369359893255e-51,6.949684626971012814e-64,1.317486001925118978e-50,2.636645766275842851e-64,2.825690950858081014e-49,5.990152182691809318e-66,5.253602139588394255e-51,5.053311891484238873e-65,1.424578043335980530e-51,9.205248152408975517e-66,8.873403959279055758e-68,1.585976146752843236e-52,3.400066322722830919e-66,5.678789970277804639e-52,2.746874549142006705e-52,9.256993744154386574e-67,2.375601326323660709e-51,1.436330424829509787e-64,4.434848204124564072e-67,1.054645235618277066e-52,1.691649622604836516e-65,1.221846174898587335e-66,1.072298135246264738e-65,1.383848478453696033e-64,6.908456462957926961e-65,3.646020354255575822e-50,3.428371300467134965e-52,4.946665101620394680e-49,2.515458545813333641e-65,2.971330891145384764e-66,2.996875723453016365e-64,1.796520002142075697e-47,4.767700325405165668e-64,3.277817579348247091e-65,3.788017846437353035e-52,3.720690721157661157e-62,7.838870761078488142e-50,1.033722960349811147e-50,1.712956505981264024e-51,2.871907072447516293e-65,1.233159168880524832e-50,1.681990049013931002e-50,5.524930838572960652e-52,1.545265763788094641e-66,1.401572582973050078e-52,5.982577266726404010e-53,3.550079283970705769e-65,7.927471136075860078e-51,2.647488497015032823e-65,3.332022939418586236e-65,1.139031286184743051e-52,1.242136418466468876e-52,9.723592752509266519e-63,1.013266553839530329e-52,3.553100874849306898e-64,2.657816073199751743e-38,3.007725930225378881e-66,2.560744088868294275e-51,5.869120905905765264e-52,2.114665176185357367e-63,8.315767116729668406e-65,1.993989114346176458e-51,5.543804303980410187e-51,1.246109762756955413e-48,1.452174498664193694e-51,5.868398284597002818e-65,3.527429060712043062e-65,6.023280461243743835e-52,3.371675535354495773e-53,1.366141389042091077e-47,6.588129677365090075e-52,6.542178031302789328e-65,1.760683542152324484e-65,5.936150608428162812e-64,5.585233597847361034e-49,3.629949631392952270e-67,7.274846179220819299e-67,8.677615956399010695e-52,5.566993760407369919e-52,6.733394841328134842e-52,1.267483709278107880e-52,4.275572621025631520e-52,6.201709814306298298e-53,2.413082405141620741e-51,3.681310442247915417e-65,2.996842361127028274e-51,1.566221939137350400e-67,2.226083650758578395e-64,1.379916472372272753e-62,1.111880138425592517e-52,4.069183344941294004e-64,2.291434320075707248e-51,4.095693400616858209e-67,9.611754997585777947e-53,3.631865391740810450e-64,7.782457056564740728e-52,8.878698758852231324e-51,1.449430627472391018e-50,8.023758481476449271e-66,9.171925748743984810e-48,2.772102164462452127e-64,1.195902516810440272e-50,2.121515138247977854e-67,2.402336635632227176e-51,7.367064754018931312e-50,2.417172632794114660e-63,2.798748549311818196e-48,1.025232705804908859e-65,7.751917928744533316e-66,5.220302183784366169e-64,5.809206801813973789e-65,1.498190063878300520e-62,3.618986771431726311e-51
1.680640808167111691e-63,2.217536606970759196e-61,5.027028197769289243e-65,2.643286843982952518e-64,1.339280846216071448e-50,4.487147459749455436e-64,3.468337720531867141e-67,9.473030359827912485e-68,2.594756081793930603e-66,7.359721901885711162e-68,2.997931504767762857e-66,1.187391335247655852e-64,9.913354823729790189e-65,7.052771818366045782e-67,4.597332377909756152e-51,1.419164560148584632e-66,3.587093024416352277e-66,4.467244810237789011e-64,2.108553837919110525e-48,5.147694312157157734e-68,3.800481441201420121e-67,2.817025299619771723e-65,1.661890740777814106e-68,3.436455877833574388e-52,4.055989022320281308e-54,3.164996360767902494e-64,8.097126947388534851e-55,2.942972179352282388e-67,1.043495262349748052e-65,1.890628521217734514e-44,9.501864703167206197e-51,4.508050068260110934e-51,7.230946731774702090e-62,1.987014908711705649e-46,7.599806946051976548e-64,3.835443635650850509e-51,7.102682498803350224e-51,0.000000000000000000e+00,7.895186478691789192e-63,7.728448303010927350e-55,1.749493915624236001e-51,4.036115336045610153e-49,2.138787919586518425e-51,1.182450861485943403e-57,1.281583971992804856e-67,1.506556697924552387e-66,2.119011039298511482e-65,4.789459076836271431e-51,9.612889018383366425e-54,5.594500050649812609e-67,1.124185393244092095e-68,1.951413914904819486e-54,6.448269485620556637e-46,3.720441716772288248e-67,2.374816361069651820e-52,2.937176009668816313e-63,1.362844705508264680e-64,6.515794705149181807e-69,7.856353200736240281e-67,1.001351829466079834e-66,5.167820736874340734e-62,3.514915567599428510e-50,7.015710880250928622e-65,2.112439274637788458e-52,4.728397934722179809e-51,4.462621488177158775e-52,1.539388580994023337e-62,1.664086203545842833e-67,6.660799432258869121e-68,5.324796653258910597e-67,1.648652601296253000e-68,5.476810502135983858e-51,1.702560974415204757e-67,5.935648708304706581e-68,1.302669364976877137e-46,2.547147336769814296e-68,4.525044657004515377e-62,2.890104946393932241e-51,1.003653739914707503e-50,1.735435819537821397e-67,5.500903903748531776e-68,2.691111668342259465e-51,9.652228332371411004e-52,4.894677687935553560e-55,1.210622990201556096e-67,7.721568593706089467e-66,3.794447706737368964e-66,1.195172332784373919e-66,7.786650909493039271e-49,4.153678315810553502e-68,2.871805196160689328e-50,3.330316724669803371e-67,3.443162452858025259e-52,4.527097831803432756e-65,1.563066454732638637e-64,3.652259848246820069e-65,1.122114743988294288e-50,7.613877985040340824e-66,3.880746371320780954e-61,2.605445119144243716e-64,9.812116401135660022e-65,6.438202796198299505e-49,3.407856705953759785e-51,1.081082623141682385e-57,1.862822680594027490e-64,1.023287945804284314e-64,1.868338155468026747e-50,9.540071902475494230e-68,8.124706357778869085e-50,1.047549433266616164e-53,3.283876124977061950e-50,6.608977219288951289e-65,1.843158178428709660e-67,6.121845321482670770e-65,6.845922386141762305e-51,2.726114637186285536e-48,4.244382678018611256e-55,2.229743220179190629e-50,2.372518914015925229e-44,3.337421894986707920e-54,2.322452529191634268e-48,5.344970221052554198e-48,4.699804199640185529e-54,1.122865923081651165e-51,2.726299768718531216e-49,6.943965122453872829e-63,6.715723817307964882e-52,1.865504533921976277e-50,1.860265716255761744e-50,4.698977215005158565e-52,6.902725257930870003e-67,3.031534061321080582e-62,7.661337461837046985e-64,7.174217222189227814e-68,4.519390533644927781e-68,1.141231868636589366e-48,4.599847086421474155e-54,1.377478566040286933e-68,4.208101740811946133e-37,1.739979688764503507e-62,4.588032990390156296e-64,4.138233367149967925e-67,3.156802962143034821e-68,2.074098297290095621e-48,4.126669254008032755e-66,2.359614054879308112e-49,1.209119467047709911e-63,2.562481394263129769e-52,9.367111588144430844e-68,6.920008830549486805e-49,6.199989048851041594e-64,1.168714279695208841e-53,8.391157820055056619e-65,3.531152519302348258e-67,1.094498353601271744e-48,8.707011278821249021e-65,3.512506724250280161e-51,9.427057208870328708e-54,6.378046627916141002e-66,3.703646743712948496e-50,7.595523137910889170e-67,4.424267939758067666e-66,2.134170508917057978e-48,1.744121624890530739e-57,4.385189765030606970e-68,6.633924355134755009e-65,6.984760852514170925e-63,1.252147550427493948e-61,8.655393203397312097e-51,7.226197031484768688e-49,3.258575520965790375e-50,1.625673804076933931e-67,4.167790116237538898e-65,5.263609611678728644e-64,2.687398879111466352e-50,1.428864584091084169e-66,3.603232180125770433e-67,1.429182590666578348e-51,4.512529547790716903e-65,1.352766414780117959e-48,6.224492106066365501e-49,1.563491384372834198e-53,3.400449708065990922e-67,8.284997225494667124e-49,3.494026852633801283e-49,3.786356187962518868e-51,1.686469979734259730e-65,3.675489141815966035e-54,4.740306276449911096e-52,1.932006478990248184e-62,1.483662357056602014e-52,2.067864004933893037e-62,8.279572945232391903e-63,1.926881827187236505e-54,4.184765035697731263e-54,4.573089133402622916e-64,2.017250585429132306e-54,8.988507756033520351e-67,7.993220734109099225e-51,7.891678106829496462e-65,2.122512174993802639e-53,3.033571236035013461e-51,5.079259278079352027e-66,1.088353841104840029e-66,4.482238098341158583e-52,1.387311785285092846e-49,1.974903828031065507e-50,3.258669718795288486e-50,5.860034410371228880e-67,4.833429753468712131e-67,5.089720724167487075e-51,3.294605645914348844e-52,1.732302993239207609e-49,5.636593971503041054e-51,2.239381394204970492e-62,1.641355780518883588e-67,4.873742671695449957e-64,4.064261770724000685e-52,1.731231234670171875e-68,2.270114201818737740e-68,1.010786303610663451e-50,1.578442966073609184e-54,2.980127640493971389e-51,3.449775411235740666e-54,1.971995272543021127e-51,2.720397824161686730e-50,3.289640757532360870e-50,2.008720786714412084e-67,6.335305224835676227e-50,7.127121644709622216e-69,3.592583867399521015e-65,4.087112187545044749e-66,2.240620153922321915e-54,9.074523620326562147e-65,1.657851274619860346e-51,3.044754188027478100e-66,3.131310535661818610e-54,1.143442891664941367e-63,5.265652807881628557e-51,6.983383793738472587e-53,9.054210543541229686e-49,1.735550312704036146e-63,2.719010533625787488e-50,2.397084217217318650e-63,1.094636052080632267e-46,8.173547903420439712e-69,3.703824608741814282e-50,1.029191230149339573e-48,4.872820583508227692e-63,1.401651824466324871e-50,3.502896162512752251e-63,4.801922250073399259e-65,3.985909576413822606e-66,4.123604967223242321e-61,1.184559069887481245e-62,1.497584532022459966e-48
4.856397538103336175e-75,1.916464211648644079e-77,4.657183574845093444e-79,9.944455983658438929e-80,1.699873914857763145e-65,1.078679603111899206e-78,5.530547367828842261e-82,2.364652114080254367e-82,4.450107427538140091e-81,1.738746066636295719e-82,1.007106550518188994e-80,2.476783416853102371e-78,1.595079052688852884e-78,1.691978186228356592e-81,7.660217662066101261e-65,1.060218734117321774e-80,5.915255112236661084e-81,7.959615123438534664e-79,6.990826684656655183e-58,1.158180062137818490e-82,7.490545908897464703e-82,9.929354741714653669e-80,4.343951014398451083e-83,2.390547639018911761e-66,9.221788134672509252e-69,7.571160837691434718e-79,2.070737171692317098e-69,4.290244175348606286e-82,1.166146741787436677e-79,1.459859530593185087e-61,1.615010593633081941e-65,6.960082942246192409e-63,3.999999942911129369e-01,7.234130950470049366e-59,6.006840220315523010e-79,6.128108520251840261e-65,1.077718260171800208e-65,7.895186478691789192e-63,0.000000000000000000e+00,1.959614067823933960e-69,2.663986503755112765e-66,7.935471288669127214e-63,4.772882208618469487e-65,2.559113898372295860e-77,2.939772664948198041e-82,3.210983425445750886e-81,1.409555660662851046e-79,1.351340563625234568e-62,2.332317910264656693e-68,4.512474421080499119e-81,2.643947319282409309e-83,5.494035520276624920e-69,1.318133689805852969e-59,8.758747156316867080e-82,3.372805692475030637e-67,6.695246306001073575e-79,2.166771297698854912e-79,1.575912532014434983e-83,7.891460496256782974e-81,2.158988295117985073e-81,1.115980729579480224e-77,5.040472555767997932e-64,7.827582236791361478e-79,2.184344384287796496e-66,1.349460062898746591e-65,1.109998995618491766e-66,4.000000117978302350e-01,5.467605900200797146e-82,1.415274517162557966e-82,7.647065849347739584e-82,3.781996978776529904e-83,7.271448375066133766e-65,2.965570991240650613e-82,1.310150187158491658e-82,8.885994280478312899e-63,5.002328017495312948e-83,7.081431143324392832e-77,6.300699967621610424e-65,7.999012798917125985e-66,3.972368285573182210e-82,1.667315174728701078e-82,3.151051516713823685e-65,2.164356259415570707e-66,1.179255614848414799e-69,2.506010174840598617e-82,2.909098234503151516e-80,5.795612810554070488e-81,8.383233079103195088e-81,1.260780635113837625e-62,8.761432475661098054e-83,2.882928653579264434e-64,6.050569181880270559e-82,4.131246949435125718e-67,1.115463227830845681e-78,4.089623416225900942e-79,4.098683718924103694e-80,2.206450182649198686e-64,1.038323759580734338e-80,3.321175556670386656e-77,5.678956956901966971e-78,3.483689155129416005e-79,2.567097683926438489e-64,5.735313882277504681e-65,6.232722827361575245e-77,4.105652503380433231e-79,2.321913847246307758e-78,2.884114237591404270e-65,2.086002720828274626e-82,1.277673239811326653e-63,3.386532076052273586e-68,5.403957110097934526e-64,1.554977363934267020e-79,4.216725517511839652e-82,1.628026111691016014e-78,1.048616221246577458e-62,5.792835466623984439e-64,8.940203147132963022e-70,2.032160724739209325e-65,8.833054902995452621e-62,8.178192438650979448e-69,6.834875994522442140e-62,1.629138726900118220e-63,1.293163444352755620e-68,3.023098913705823349e-66,2.219301777231963701e-64,2.785677258662612086e-77,5.709824857882775200e-66,2.595004017682561055e-65,5.596928856564652812e-64,3.847094520943538205e-66,1.430197652748687476e-81,1.269245273216945878e-77,6.687414690848454474e-79,2.351239704460073958e-82,1.236896792553754410e-82,5.360642025325674193e-64,1.018493266207899139e-68,3.962628389787509847e-83,1.533430500037991436e-62,1.053240958379004748e-73,1.042941955251523158e-78,2.933790520568558474e-81,6.308594625641673799e-83,5.810344145570136436e-58,8.447139181199058336e-81,6.690180992634767347e-63,1.184723308679586030e-78,8.706084681272206295e-67,2.314937225733575365e-82,5.228948086876176143e-58,1.118864461598334226e-77,3.025626755034492045e-68,1.365639992758967364e-78,2.334213750036797402e-81,2.652267240857119062e-63,1.868349816078467615e-78,8.490722117581110232e-65,2.290954423679752518e-68,5.092014814023558817e-80,3.590485704904740802e-64,1.439414477412739865e-81,3.184315535526532312e-80,1.423234947306105878e-63,6.212767225954409607e-77,7.882869823415354064e-83,1.179765297044084039e-78,1.610913262488173875e-78,2.000764267592947664e-77,1.036874098355273304e-65,2.050973550696474588e-63,3.196191634959592523e-65,4.507374770839335585e-82,1.127987150270649726e-78,4.309091295385502029e-79,4.754942285734368043e-65,2.279582509378271804e-81,9.375721485436547163e-82,1.940924209981148546e-65,4.458218956473247139e-80,8.574561211598406937e-64,6.620574779564712593e-62,3.106523029230205351e-68,5.736858783225042565e-82,8.753219526906844596e-62,7.021496464650779578e-63,3.579843844590950849e-65,1.781005276998994240e-79,9.124214206012362298e-69,4.292565693096727608e-66,9.673007938309332398e-73,2.880051564268639144e-67,7.622700223539799493e-74,8.272779415163367930e-77,5.850267096337202605e-69,8.885671163522062361e-69,1.058915549121109617e-78,5.368106110440976987e-69,2.153928144605810238e-81,1.227384977277804265e-65,1.715930143041471758e-78,5.428429508736084940e-68,3.804241063873117236e-65,1.415605529293886278e-80,2.113583790475668958e-81,3.647377034197598142e-67,4.127340271325297509e-63,2.796226544755005083e-65,1.298151538340593616e-63,1.299180504217895019e-81,1.020580519015426917e-81,8.466922235857224343e-65,2.155178218370430235e-66,1.284908083833005838e-64,1.512071981661439442e-64,5.824510330902313595e-76,4.872963314269030174e-82,1.532422633822274481e-79,9.989737589378042038e-67,3.288535855025923773e-83,4.954103048712636493e-83,1.540610968084749289e-64,4.579799276676098216e-69,4.191036397668464873e-65,7.745195423416368904e-69,2.414398606638944761e-65,5.154999303794092339e-62,8.131708080215360512e-64,5.307692360250648755e-82,2.111485751799102698e-63,1.650434825361763808e-83,1.099565710415712430e-79,6.002268827433992416e-81,5.826969281213213372e-69,2.477999430168478368e-79,1.855700819621384057e-66,2.740559432191388740e-80,8.405770479396956977e-69,7.108965663581430009e-79,5.282146712597399055e-65,1.694943512578527734e-67,1.075836560125586824e-61,2.880769278387215759e-75,2.760854807227463953e-65,9.304242560794097300e-79,2.259262708086921376e-62,2.097497645842026445e-83,8.023333811231687223e-64,4.645504271767888546e-64,1.590262754976004305e-78,1.517780785757796649e-65,6.909289031975885414e-75,1.327123040111560529e-78,1.030881660134417382e-80,1.334428452545153972e-77,8.517705853691731855e-78,2.303913812248662226e-57
2.046500310356337804e-69,4.654555819698865822e-69,7.929922247601711233e-70,3.447725411831158794e-68,1.472873157329954064e-52,4.752438403454122002e-65,1.132870635710790714e-66,8.503875927785715358e-67,7.723092793242314652e-65,8.552314999340510715e-68,1.076579363022787529e-67,2.703365748347769786e-69,3.024371247967978214e-69,6.106275495767337284e-65,2.386796156604067682e-55,1.670578741620840469e-70,1.068288615625444229e-66,2.690486461441142277e-66,8.949094382302822181e-55,5.115139595969350134e-68,5.169653677288674380e-66,1.538293051825711398e-68,3.959199131608192580e-69,8.605962162203582954e-56,1.164220914147906285e-37,3.665382374265696794e-65,1.247176628330881415e-37,7.262428028045661045e-67,5.991006352189366402e-70,9.821032728654813297e-55,1.562168061368360062e-52,6.333747295905318015e-57,1.321291860207832687e-68,4.518747739278266091e-54,1.439044993296639719e-68,2.330603538894110241e-55,2.546171688568072019e-52,7.728448303010927350e-55,1.959614067823933960e-69,0.000000000000000000e+00,1.230333518711123301e-55,3.950549150818812619e-54,4.794967865664859012e-56,1.624725352692527058e-69,7.754478877775360129e-67,3.904303169251540884e-64,6.200875135564733034e-70,1.046049665908487104e-56,2.694055158756045879e-54,1.155223782257640110e-70,1.727457857409879986e-69,1.329203108817508281e-54,4.717472869337864359e-54,5.057726667712889108e-68,3.170424921930771112e-52,1.103681063273353686e-68,1.781440888716692234e-68,9.179668839233091957e-70,2.076570664242726757e-70,1.115419302587989440e-63,5.158857880895493231e-69,5.456073552229708505e-55,8.668304571645602210e-70,1.363830112861875414e-56,6.678122944542375132e-48,9.122154341497115060e-50,1.797596303526366837e-69,3.476343657478925266e-65,5.963360862447186442e-68,2.577196341198999443e-66,2.974330384595018349e-69,3.644754091722677662e-55,8.972777843602519329e-67,6.112799370874116554e-68,1.011346679605288110e-54,5.752642843432022834e-69,1.403661846177443560e-66,5.257213100622259010e-56,6.443764356108004559e-55,1.230696663966898558e-65,5.316996301592714074e-67,1.851102457376725060e-55,4.996293056876295379e-49,8.909187813453518180e-55,6.504895455239868881e-67,8.224095682542782655e-67,1.541470821711864994e-65,1.717510096548710032e-70,3.952097266136220158e-54,1.071366347661707793e-68,8.733987197130071984e-55,3.089004933698449497e-66,3.853319067548545685e-56,1.031012990409846767e-69,1.334845112410109634e-67,7.402250708630341740e-68,2.892920897945425811e-55,4.017422873503713543e-67,4.715533066284244131e-69,1.651346587407763499e-69,2.150666213431945002e-68,5.340722833282883145e-54,2.147205556501697830e-55,1.990796932016784339e-69,1.660804509815095830e-68,9.557181460142387357e-70,5.242597013561369827e-54,6.520999189838955774e-67,8.271688339720893408e-55,5.423590608848229854e-54,5.251083125899015593e-55,1.632564046140148743e-68,5.670879996323752286e-68,9.361726531590956349e-70,7.000846895474432802e-57,4.020520076689441177e-54,4.228889877794347269e-55,1.022805861915070201e-53,1.274427102683675052e-54,1.250821942040997817e-54,5.098061320909022014e-56,3.716265722300480919e-54,1.013666373034906675e-54,2.150703706479873567e-45,6.526716160736543671e-53,1.500173766780232341e-68,3.266485331984461449e-56,5.124349290691507401e-54,3.453694500990029458e-55,1.269795544814916344e-55,1.472891231247170836e-64,8.373200799692678233e-69,1.871505882608554127e-68,1.205024099851149307e-66,5.687424571503518849e-68,3.967329133523836005e-54,9.990240693696174484e-55,2.970288761353935593e-69,5.951040511692821763e-55,2.854343618420182983e-69,5.153443154988149477e-65,6.218174896983910457e-71,8.714606116791866587e-69,4.868881676094915480e-55,1.067600834220670377e-63,4.485361952633000353e-54,1.087558741061231538e-68,2.784879173544642026e-52,1.348846581850017432e-67,9.563509090588036808e-55,2.025332218197312669e-68,2.651805568127741006e-52,2.575447725071489732e-69,5.507627900191778806e-71,1.928683648713967284e-56,1.086587458305431018e-69,3.112577405074248149e-55,1.933947777529930237e-54,4.756501531982274017e-70,9.172806354306546905e-55,9.025485120425541320e-65,2.170346235955484179e-70,1.588705776469803342e-56,2.062031769578568505e-69,9.909051866420313755e-69,3.014618918300593693e-69,6.983771516452906553e-69,6.240558292557096536e-69,8.083063142872902821e-55,4.837772165579935421e-56,6.536734186081861935e-54,1.119324165802742335e-65,1.016076514739105624e-69,1.031067125900634937e-68,5.711189000822399797e-53,5.890947010898723839e-65,3.069438908708066967e-66,2.422693639614895540e-55,7.345943794578362421e-68,4.354419824947536165e-54,2.778771884293808496e-54,3.324308833723531742e-52,1.505693128954887372e-66,2.796464221225810992e-54,4.570875954299653277e-54,2.966167532951458799e-55,6.256645831169985940e-70,1.713349178013055043e-54,2.553545862019370747e-56,5.639257209445158351e-69,2.814802452430768703e-52,3.841339684182475684e-69,4.286800551486210494e-69,1.986255254111544615e-54,1.249585712738097313e-54,4.921390853691924305e-65,1.575058375275603310e-54,3.681989037007650962e-64,1.457018464283317717e-52,8.283627205789331714e-70,5.104486489650265346e-52,3.419885172847896434e-55,1.015403911869929041e-67,6.216881279261492800e-66,4.245068251302520995e-56,1.638569215308284892e-54,1.277681813835431938e-53,4.512118046321610335e-55,5.999606171120657624e-66,3.111637170577285085e-66,2.364886421244439405e-55,1.345562047665681599e-56,9.745945870540533615e-53,2.750386700537136615e-55,7.932388927442789987e-69,1.540241149299030104e-66,1.555666636016171105e-68,3.311755198903449221e-53,2.517735409226005110e-69,6.703160902555744284e-69,3.356954555347672479e-55,1.543409967056228332e-31,4.171243329225935606e-55,1.468355746205049408e-54,2.640568890448182353e-55,1.203065606212422347e-56,6.178502191660690149e-55,3.133952500829515980e-65,7.294599067689469695e-55,8.341911647066910738e-70,1.398836528874301617e-68,6.632080400300066746e-67,2.114875223732705727e-54,1.702295631012061107e-68,7.123086893079540009e-56,2.093901687964120338e-70,7.215980720718584483e-55,1.289618162367159833e-68,4.370265776999513934e-55,2.659010866914909359e-51,3.145736081555336106e-54,1.585654558124298039e-69,2.708478959629276213e-53,1.091902428999309204e-68,1.215380136804861138e-54,1.473543064797484539e-69,8.037293222237928219e-55,3.852385937721093290e-54,6.701806043973318510e-68,1.068840510240501585e-53,1.793836216636797063e-69,2.630724991110251892e-69,2.110732751669528626e-64,4.671136042699843057e-69,3.867039596067002500e-67,5.728578891050552523e-55
2.030097514820725519e-66,2.949254638760001183e-65,1.469546503128453283e-67,5.022327693128150230e-65,1.021696237710503209e-50,2.760478377248410806e-65,1.866746827886910629e-68,9.367169370819151183e-69,3.734204579654234824e-67,6.567645347042288212e-69,2.663291006877822300e-66,6.849668788363137236e-67,5.637690834924661328e-67,8.124568993252600346e-68,3.933954355759583017e-53,1.009421678405945352e-68,7.186467169244124841e-67,1.538193584086915694e-63,1.148374656769246237e-51,3.935572843568312411e-69,3.002351291648836076e-68,8.966974864306135668e-64,1.262329589989150871e-69,3.955010331107473021e-54,5.422415146510898003e-55,1.985681078612487363e-65,1.246664172170465108e-55,1.402263000493384992e-68,7.432088336588853148e-68,1.479830685424782210e-51,1.155806546817062423e-50,5.103116472966925365e-54,1.740159605552429376e-65,6.495747720482352611e-51,6.363131480415202165e-62,3.408012673365200807e-53,4.113607365909443512e-51,1.749493915624236001e-51,2.663986503755112765e-66,1.230333518711123301e-55,0.000000000000000000e+00,6.975103766333110150e-51,1.362802116147904054e-53,2.370535571505492002e-66,1.145452037104848733e-68,2.272378687289670272e-67,8.226411292004436864e-68,9.868705701774058018e-54,6.864216274745326490e-55,6.339432819456443800e-69,7.623325270999812957e-70,1.734363494457270442e-55,8.397930241042350261e-51,2.425324404957039161e-68,9.786658560511126345e-54,1.354414503294994530e-64,6.301051683704622405e-62,4.368016633886972960e-70,1.277943559080536400e-68,1.401565445842684763e-67,4.567347953135604348e-65,1.361114778178666044e-52,2.085820701452071119e-67,1.546412779965101032e-54,1.520634707024298280e-51,4.844811441998562304e-53,2.402954823776779324e-66,3.301091141031733453e-68,4.238586563325325432e-69,2.915130661948145029e-68,1.085861252691194094e-69,4.730009337755377703e-53,1.107386171846744097e-68,4.373010156158144463e-69,4.094214915176120749e-51,1.446991367163086783e-69,2.537919496220341858e-58,1.567562303667278764e-53,1.189433703956389496e-42,2.028517599817896609e-68,7.623070227538070569e-69,2.196941842794912552e-53,1.053749001139235951e-52,4.035132387164193959e-56,9.130334925368453360e-69,7.940384419157228481e-66,4.295683833663933833e-67,1.045169181342673670e-68,7.482027046912251408e-51,2.570268508987225641e-69,1.376810140003398160e-52,2.419566438879380952e-68,2.402529392953649201e-31,3.250036511258486862e-67,3.447813196505271096e-62,6.515799497946725680e-65,1.603008228016243619e-52,1.743098904012432496e-66,2.487086761607676920e-65,6.555742960357296169e-67,4.701419223456647494e-63,4.354819559297336024e-49,3.292632084589040373e-53,3.246762249803788376e-66,3.993924542754959907e-62,3.694057014479311620e-67,1.032783293216951405e-46,8.599730792683957158e-69,2.212600644049447084e-52,1.229851987122562466e-54,1.437204571833464740e-52,1.817258259456535142e-62,1.231791421905581050e-68,2.827386189565241848e-67,5.516359902760397046e-54,1.116809627988051813e-49,2.819982507261174138e-56,1.909058261484259415e-49,2.207279768945620660e-51,2.561684579716513815e-55,1.029345394130162083e-52,1.207751989716935201e-49,3.875258565683976516e-55,2.657667410755153833e-52,3.220297958495960709e-49,2.892120742006126786e-64,3.821226075323269065e-54,8.821536101403391558e-47,1.027012157400797543e-52,6.366898327428702745e-54,6.869542488087477419e-68,1.658196233233101156e-64,9.527142174606552490e-62,1.193485674763448669e-68,4.622290212336315995e-69,3.517844297661528540e-49,3.103401048282987857e-55,1.235806626258381976e-69,1.252466679507379482e-51,5.935388656995737475e-66,2.905252920255142506e-65,3.559084046956238215e-69,1.938685133141143594e-69,9.022396325842438955e-52,3.778637070155179035e-67,2.083550813042892224e-51,1.082550655457949481e-62,1.369881122424777399e-52,8.705130927996025626e-69,1.439467928664749789e-51,4.336887023468508960e-66,1.252725094463807886e-54,1.913628573175909695e-66,3.053338810776523551e-69,5.842626477908479757e-53,3.802810077379781348e-67,5.421132709356320467e-53,6.628510430304066653e-55,4.017525196105160966e-68,1.398778410318490201e-52,6.332414305134585334e-68,2.271838509817403101e-68,4.037337430472937063e-53,3.503234318414396862e-66,2.185932831242713600e-69,2.313354572787396318e-66,1.091862773986638026e-64,5.240461498844406745e-65,1.157659532097700553e-42,1.767651566903846032e-52,1.000190167475940837e-46,2.007821026227604629e-68,3.052039428296887010e-67,4.952642072986605553e-62,4.863683224797677854e-49,1.391247094023822587e-67,4.122834004782273577e-68,2.094954738231420458e-53,6.375465795446294500e-65,7.606376889062854649e-49,1.935775975700846408e-51,1.346778550562164872e-54,1.968931951736417891e-68,1.578802820976563969e-51,3.431962338460445364e-51,2.907862218969388336e-53,8.759285288013311262e-68,2.898338380559096055e-55,2.765302380126632964e-54,1.090883122658004683e-65,9.011004928196721331e-54,9.076271300594121560e-66,2.067239342475153061e-65,2.024539847072864971e-55,2.559268541992894905e-55,2.570156106150171964e-65,1.893772330449632722e-55,1.338281577384633790e-67,5.723145204989818261e-51,3.045599463759142741e-67,2.077824159919661507e-54,3.423283300640079853e-53,6.075684740966500290e-66,7.191827726759381603e-68,1.787159611274843282e-37,1.055058276911731038e-51,3.499457062360825566e-47,1.523795221000200757e-52,5.644973000268920706e-68,3.516555146398311542e-68,3.964334383552624406e-53,1.371233718086764685e-54,1.360848543294359880e-49,9.663278477145051828e-53,3.308756326078047161e-65,1.981377610939442722e-68,5.395379434922206586e-65,3.276017644116624816e-52,8.482718983873236503e-70,1.538732063620974192e-69,6.170478485105915302e-53,2.839027092748912579e-55,3.974807958190501944e-53,2.525576789300208433e-55,2.365604725544270614e-53,1.195749414513834034e-53,4.817310490095744422e-52,2.665922509153106153e-68,6.844681594440060640e-52,4.172164272900122310e-70,1.115565303822013794e-63,8.898305567922086350e-67,2.099497759471315421e-55,2.371729838102161696e-62,1.771714342646615918e-37,1.929575992450627970e-68,2.550886445549396325e-55,6.219963978800273980e-63,4.097214432118111725e-53,7.029307765564661021e-54,1.953645936151359345e-51,1.486067200641217070e-66,1.111284701278204331e-49,4.115444781138692246e-64,5.463986437924385758e-51,6.080295228003178993e-70,1.899422239020148557e-52,4.000297547454308118e-49,7.252584778800175779e-64,4.871477008854792988e-50,1.772109062589255267e-66,1.483169585261596920e-66,4.467880808552351481e-67,2.414179151218589133e-65,7.966899553548057231e-61,7.583790054471204545e-52
5.310742634615525315e-63,2.393994942877748460e-63,1.732606980675444503e-64,9.158692623839799009e-65,3.524514681799436686e-50,1.319088056042451040e-63,5.607599951527066133e-67,3.993956469979345959e-67,8.120722558525186688e-66,2.988843758118703697e-67,3.694969884879658758e-65,1.277064438063987051e-63,8.372207510226083462e-64,2.637076649968421049e-66,6.859543038613645810e-50,5.778912725109766022e-66,8.357105820006648822e-66,2.062270529212731809e-63,1.457753358458050939e-48,1.840571899829838247e-67,9.496461723682611724e-67,5.992813321188997761e-64,6.831279563841893038e-68,2.337997870754616225e-51,1.994406249703645345e-53,1.047948210321282416e-63,3.859848099994962038e-54,4.649383369070791324e-67,6.860485594676971957e-65,1.227085925190040411e-48,4.327368866274537176e-50,1.916402456299776683e-50,3.781252674026416878e-62,7.534439822369727053e-48,1.398180238245676895e-63,4.757811790514517764e-50,1.969558392896350121e-50,4.036115336045610153e-49,7.935471288669127214e-63,3.950549150818812619e-54,6.975103766333110150e-51,0.000000000000000000e+00,4.442625723083025941e-50,5.838950226556833527e-64,4.263799375081861705e-67,5.686643541959222167e-66,6.349071271788677356e-65,8.285659389479242918e-50,3.182548910294108001e-53,4.065035204175267700e-66,3.844026468517824743e-68,7.698091370039459826e-54,8.721124502019678160e-48,1.323142866389730533e-66,3.679641748014577388e-52,3.990411124900356707e-64,8.191144609782548001e-64,2.277889248505868686e-68,1.068230412677370988e-65,3.922836431101189574e-66,5.053485140532993431e-63,2.015679155017105599e-49,2.226635541875831401e-64,1.114515363113868345e-51,3.247756458689722446e-50,1.756623883992120901e-51,5.661745314772194994e-63,1.154179170270922426e-66,1.659184159889710480e-67,9.250690835236010271e-67,5.650735066259767351e-68,5.246523569816247395e-50,4.237215036095512887e-67,1.721298035738516800e-67,7.003263420341432986e-49,5.962084075300193102e-68,2.500536585891494633e-61,5.705179790786318090e-50,1.485131147184632261e-50,7.578672673989013903e-67,3.639378966936936059e-67,1.993182053151199740e-50,3.387327607150100809e-51,1.497296675089845945e-54,3.455465664520290505e-67,1.133037879769623049e-64,7.525792862056078020e-66,6.849756609860801970e-66,1.417136272358974885e-38,1.244786596025672397e-67,1.439574850127525268e-49,7.717634577500093844e-67,9.736344832751611430e-52,1.369640867598031483e-63,2.049210927090407676e-63,8.063738860334611117e-65,1.541299602899950045e-46,1.344262899801949588e-65,2.936818471030450006e-63,1.666071831565020736e-63,1.570594878798962510e-63,2.851411288142038911e-49,4.502148528747908879e-50,1.273194831958868453e-63,1.644348982487823331e-63,6.951610410190727303e-64,8.192295894169394761e-50,3.606703566914302427e-67,1.794519556588924020e-49,6.420112455037825115e-53,2.308684349696179776e-49,5.953143492503506473e-64,5.581680373340814228e-67,5.575770275781240081e-64,2.736057097756738708e-50,4.681148828071853351e-49,1.071766892973041016e-54,4.523033550392629994e-50,7.909323139693322720e-49,1.175941922967133585e-53,2.253922361630517438e-49,1.605460897954336543e-48,2.164015675203225380e-53,8.902105448087150871e-51,2.246369244343403922e-49,7.299624393153052200e-62,3.219906894734187342e-51,7.978565165175413564e-50,2.016326480932464383e-49,4.033965955153029762e-51,2.041113022278519042e-66,7.177364171543245425e-63,1.156592410160495174e-63,6.246030025748814516e-67,2.117091919083474699e-67,4.537501247610901288e-49,1.563903428052142469e-53,6.953864943174901535e-68,6.004906577927680558e-49,4.674493518090258806e-63,1.477229967060431300e-63,1.709815646323829586e-66,1.087199663862961363e-67,1.230676486027064237e-48,1.259529200009956185e-65,2.912947101375462879e-45,1.425029323644240606e-63,2.897620839570978480e-51,3.322257245002338174e-67,1.319864995973514638e-47,9.180663723115096091e-63,4.154481519581207477e-53,1.611505047400483406e-60,1.593835093634793006e-66,3.618858402361615203e-50,8.598907968021764811e-64,1.303786474434223851e-49,3.179251613527900871e-53,2.807702385347439595e-65,1.230189405663923804e-49,1.789418046025461895e-66,1.843347478868557238e-65,4.824055511516142202e-50,1.548489347426317856e-63,9.151666061224972414e-68,1.555974750974108360e-60,6.283761722963226464e-64,6.155495936563546223e-63,1.667382391887928294e-50,2.313361237694901150e-49,7.261836170476125523e-50,7.914368730915139202e-67,9.043613176673828376e-64,7.983053266124654701e-64,1.602463638300512693e-49,2.971916077499077454e-66,1.771338944374564224e-66,2.092666715720993363e-50,7.517231259267431339e-65,9.769642197697234573e-49,1.971464148126078255e-45,4.772852284922789514e-53,6.026868487585147462e-67,2.873272001706785108e-48,5.150242361943546911e-45,2.511854159807447352e-50,8.167581314121769540e-65,1.441844002074703304e-53,2.032406872897808268e-51,1.943432789794643909e-62,3.377146800810995362e-52,1.035076916995866480e-62,3.246447870221410314e-62,9.195218657086003710e-54,1.301547200108225003e-53,1.329328566618175246e-63,8.926193754519070884e-54,3.419666162687744014e-66,2.386866156767120632e-50,6.035744179503977019e-64,7.753207841504726236e-53,3.712058900735515710e-50,6.066588961909685041e-65,2.810647136030051277e-66,8.732173632973379619e-52,2.425717022884399630e-45,9.249044002358717675e-50,3.334346776573077302e-49,1.699951930493966206e-66,1.349866301203289396e-66,4.504586539230824407e-50,7.419904966049850941e-52,1.509168706198986551e-49,1.087238468336856581e-46,4.759417628936296467e-62,7.860023809121900063e-67,1.180948302200316934e-64,3.320494463420123849e-51,4.397784016137451127e-68,7.432093060966737989e-68,8.176559012682627991e-50,9.162031978012021437e-54,4.412538345090597999e-50,1.280304607472025333e-53,2.559292124469474388e-50,4.620748653610363293e-50,1.559545040286455811e-45,9.463657458764752318e-67,3.007829189242259604e-45,2.187737267470183848e-68,6.513971171351949135e-64,9.626517933492355614e-66,1.009783017615753408e-53,7.663077888113087472e-64,3.829901374038807346e-51,1.532872025486109931e-65,1.457803389153865469e-53,8.702820975940808435e-64,4.284316286903888135e-50,2.652527126229463541e-52,3.050848755759592191e-48,3.056025325634809314e-63,6.603192344068382324e-50,6.387146150141892690e-64,1.409969602837039268e-48,3.268697951383486223e-68,2.386453686671926614e-49,6.358832221665241137e-49,1.222893907571249604e-63,2.663069379226016248e-50,2.997509987420168955e-63,1.754868413155412100e-60,1.746232682823645840e-65,1.809063190256862346e-63,1.214286506177434291e-62,9.805584514059601299e-49
5.071810910092090808e-65,5.276926131101370347e-66,1.528909184640605190e-62,5.067190170893644531e-67,1.970352981534228138e-52,2.990966799822417409e-65,1.192675090185213178e-68,7.728883663479207177e-69,1.001841419218169098e-67,5.500065176881655342e-69,1.945287683300909035e-67,1.038807460712434453e-60,1.469493551324396965e-61,4.114112988381129592e-68,1.940853023014222672e-48,4.670426396675302882e-66,9.055642076456433178e-68,7.965097941538223354e-66,9.483829820217542711e-51,3.840264318194026398e-69,1.808656520181271963e-68,1.271839252159405048e-66,1.585221955704320209e-69,1.065718080858852481e-51,2.857083079594363591e-55,2.534042460368769510e-65,4.624205928339392350e-56,8.922814245615767769e-69,2.615607906790079265e-64,8.561437187087837308e-51,2.288659304912011339e-52,7.634062312861787028e-52,2.322573041320353182e-64,4.170048569934073599e-50,2.484042830765946134e-66,4.491694165994367218e-49,1.299684340975479713e-52,2.138787919586518425e-51,4.772882208618469487e-65,4.794967865664859012e-56,1.362802116147904054e-53,4.442625723083025941e-50,0.000000000000000000e+00,5.283522954179048418e-66,6.705229687452583522e-69,6.642336976249272357e-68,2.555809171342653121e-64,6.643875199864189257e-52,6.859735636209278244e-55,2.049710702389084521e-66,8.782041580795719003e-70,1.562779381398772463e-55,4.726675104676485384e-50,2.918167516378284786e-68,8.721012093641617534e-54,1.730948948989505766e-66,1.731662069862980065e-66,5.363161753380838602e-70,5.910820758814423687e-66,4.734348606069814129e-68,7.498376338956737517e-66,6.018261577681069903e-47,2.010721432574903624e-62,2.562564168679492286e-51,3.354358112725884503e-52,2.687737404668118433e-53,5.688777878687415614e-65,1.500213934111311287e-68,3.816248695767347330e-69,2.068477256340723528e-68,1.105209079137671795e-69,2.127398872277772734e-49,7.806071767057520100e-69,3.859597824340689844e-69,1.644538418971453638e-51,1.359716329981959425e-69,4.022902580205438053e-64,2.142294513177588170e-35,4.028837182976421142e-53,1.237112346111990030e-68,6.076979927062034289e-69,6.144265676741110160e-50,5.338025557457067388e-53,3.067139616086633849e-56,6.152261729777592833e-69,5.639035619780715801e-67,8.341202550156078012e-68,4.270537784629151958e-66,5.077698617216241147e-50,2.769587710302747021e-69,1.925104945331972824e-48,1.813845641536488612e-68,2.043929145480302419e-54,2.923539535605523489e-56,4.342114959536649609e-66,3.553292484487226529e-67,1.627562825487330830e-50,1.253778476685928376e-67,6.509112297765344235e-66,1.875440279358590794e-61,2.933506344948515038e-66,7.790413562346644449e-52,5.744191931975510837e-49,8.457902960941554855e-66,2.780406107533941054e-66,8.302718921911417746e-62,1.798995170964665163e-52,6.926651025499332235e-69,4.635346125983653424e-48,1.143917216200366062e-54,8.766640048330521060e-47,1.051835290938693051e-66,1.103537471959191650e-68,9.457519997070374438e-62,1.779578586023286833e-51,1.407710245080126843e-51,2.355666263961110725e-56,1.376968454954485973e-52,3.666263304920358315e-51,2.467170028836096292e-55,6.423928417174188943e-52,2.737258833012512498e-51,4.175026982131886488e-55,8.554094062275871157e-53,9.543456744757121060e-52,3.018378685837307700e-65,1.168546794516146910e-50,1.879650241173521602e-52,1.813534947807376274e-47,1.700685838095247632e-51,2.925273851864001460e-68,8.541889232403217814e-66,2.320425256789057022e-66,8.122371567984048726e-69,3.719542562338296872e-69,1.206072925139410307e-51,3.257241187251393674e-55,1.272924891842405559e-69,3.230787044478806161e-51,1.264678140134137424e-65,3.490895038724266975e-65,9.280955511488030218e-67,2.201843417308615879e-69,3.957783309018148227e-51,1.727066698476873968e-67,9.783892652412784879e-49,2.916360871139433296e-66,2.264406052183382657e-53,6.562071940587238063e-69,1.421398369537161668e-50,8.774936713018418831e-55,6.954371403967194682e-55,4.403064575933033559e-65,7.882695214286698761e-67,6.817824398697278192e-53,1.926209298199774751e-61,1.298872150458614268e-48,6.213888728424896332e-55,6.138972625626045117e-65,1.399236517994685976e-48,2.708618735866931465e-68,5.522500497670403085e-65,1.058360392067668359e-52,1.064147262073196459e-65,2.059711741014683259e-69,3.178449775709525386e-65,2.089835242402334938e-66,1.036263003132797861e-65,4.325192268742422024e-53,2.504057836156337350e-52,2.307788344545947882e-52,1.182390854942862806e-68,2.560822100715634212e-56,1.806221566872796645e-66,4.606876401864152882e-52,4.477359903076670313e-68,3.093020916958032837e-68,2.986616355457695072e-50,3.663554116553164333e-67,1.964424066887208563e-51,2.022808653961603182e-48,8.520619605548842738e-55,1.301577317204711878e-68,2.183078971470797692e-49,2.682078887202853508e-49,6.303220579630171393e-50,4.654421594607341604e-64,2.752092336688884155e-55,5.803027131521713896e-51,5.672314650865544429e-65,6.389437728896445582e-54,1.841128124313652687e-65,1.967159012117218827e-65,1.554596883922323447e-55,2.433705554413467432e-55,3.327313016931602845e-65,1.761086844398145825e-55,4.404016569932898597e-68,1.488931426962414757e-52,1.189945445790109841e-61,1.324835126416622632e-54,9.215789799164577083e-50,2.496178429005253481e-67,4.879676158778211822e-68,2.118074662085077572e-54,1.994015596768091413e-49,2.649774237656961629e-52,1.186787626421364109e-47,3.498316843705691968e-68,2.702453794960727263e-68,7.290420840558552021e-49,2.046045536364398778e-51,7.635367845187157905e-52,2.581565731601695734e-50,3.767645195023303467e-65,1.248022081998339805e-68,6.139968904260482143e-67,1.813283311662770383e-53,1.025107344693328585e-69,1.553185413991837575e-69,3.094608754687051875e-48,1.209903740846177487e-55,9.223175939369347131e-50,2.622086297011904272e-55,4.563726928963218201e-50,8.340848767999605340e-52,2.426234303436390153e-50,1.349206106831396237e-68,3.215988287986722915e-50,5.011992252320358433e-70,1.478177894054302045e-66,9.816181840080233288e-68,1.971139827554516335e-55,1.517866113734416006e-66,8.185808662071267042e-54,4.071345530866581296e-65,2.694068251673528281e-55,2.008952977041955207e-66,9.814194518230590228e-50,4.045219013920882269e-54,1.215510667685283645e-49,6.342169845310307799e-65,2.234067628014374459e-52,2.063083687670158999e-66,2.581255661840806719e-51,7.257457538568206945e-70,9.578598339477551710e-48,1.392648074756081556e-51,4.907297110134004426e-66,1.032315127440662799e-52,4.831638772059975330e-65,5.031885617973946201e-65,2.818643177919442452e-67,6.227640729785476866e-66,2.943008321929176985e-65,4.898131372421008599e-51
6.813361092525001100e-78,1.866741481014888908e-76,1.842241816830985988e-79,6.415550848089644205e-79,2.251731570621278884e-65,1.504198996466896324e-78,1.108174884408635269e-81,2.285470160831747212e-82,5.718330283568879428e-81,2.185307881289390850e-82,4.057911819097179161e-81,4.322976589177911407e-79,3.321144561005673786e-79,1.952950808072655465e-81,1.314122981171588275e-65,5.629377988357406417e-81,8.547563046172402920e-81,8.033560340994675225e-79,9.953072624027878727e-63,1.206449069997605118e-82,1.210149048957888239e-81,3.110086047996957061e-80,3.858926214490357238e-83,1.080112157091644271e-66,8.663044588070190293e-69,8.656416926082398686e-79,1.916848978496917714e-69,1.057098931542058932e-81,3.845926948470235774e-80,1.454188564192901919e-58,1.687965851658485522e-65,1.871360145699306772e-65,2.344244067337418174e-76,8.178035949731862100e-61,7.891856276985690630e-79,1.230629131940971822e-65,1.431908663485716850e-65,1.182450861485943403e-57,2.559113898372295860e-77,1.624725352692527058e-69,2.370535571505492002e-66,5.838950226556833527e-64,5.283522954179048418e-66,0.000000000000000000e+00,3.963753007081019638e-82,3.397745019981162177e-81,8.841607008219138072e-80,1.424062561274907791e-65,2.831329274693107853e-68,1.816064116098175542e-81,3.076475548668248131e-83,5.130895483133152332e-69,2.421188754305079688e-60,1.038244454677979922e-81,7.586493222466980654e-67,4.656979056080311391e-78,1.509388177959151746e-79,1.790558387666499742e-83,1.816519533229982291e-81,2.471938497259388054e-81,3.127964536386944365e-77,1.216697706217656898e-64,3.531010796570222401e-79,1.019437213575048902e-66,7.864196024519670549e-66,1.095456501109781257e-66,5.794448130335121735e-77,4.167067559234617719e-82,2.122558432481420780e-82,1.420459881638922108e-81,4.916582965329196211e-83,1.803132669987826838e-65,4.497199352877780353e-82,1.879329783459876258e-82,1.436759031890778936e-61,9.167516907558461023e-83,4.286408057594571305e-77,7.582296468198566144e-66,1.320822530187985323e-65,4.589289553137197286e-82,1.027040032792385391e-82,1.086336326154542988e-65,2.396429702032846580e-66,1.391960279503019962e-69,3.426882475715259609e-82,1.459024528779244393e-80,1.258518664854603423e-80,3.869294628788917984e-81,1.099336769092626137e-63,1.198814254081393800e-82,1.049222878656289631e-64,8.725247807705222716e-82,5.535923877100150573e-67,1.188136046145781936e-79,2.040309346694981672e-79,6.654453370230736255e-80,1.539318006190849350e-65,1.675283955778067218e-80,3.959993614999058801e-76,8.579676251148663829e-79,1.195903482657679832e-79,8.312478565565454938e-64,1.129454242133718079e-65,4.000000007408237024e-01,2.505835198667859209e-79,4.242925652087967747e-79,2.798166543642109668e-65,2.177891841857010005e-82,5.609134316502789566e-64,2.572581379776085896e-68,1.108284626099729467e-64,8.907143730374015090e-80,5.572267325713202579e-82,2.347302453684658092e-79,2.264517540835460812e-65,2.602799496005653514e-63,1.398289217708750429e-69,3.767446976665453272e-65,1.935690655617213470e-58,1.043575861032850775e-68,4.158498457161333729e-63,4.213171590413348186e-63,1.288763234080122323e-68,1.979784093915636893e-66,6.980206475845633598e-64,4.639808908897459398e-78,2.302499985869148729e-66,2.400791536246489683e-65,7.918774722352148094e-65,1.301970000187359072e-66,1.847690514466990515e-81,2.085345676216525777e-77,1.076984707649736372e-78,1.417410348209798776e-82,1.153772804338602115e-82,1.546767987422444397e-63,1.209757538063096629e-68,3.715152976411794901e-83,1.231154115778542380e-57,6.476619900237135715e-77,1.407395106565208937e-78,1.903761085784152347e-81,8.440804160269799271e-83,5.784769076019814372e-63,1.146743192098668629e-80,4.243733685473766626e-64,1.556004914209626915e-78,3.946730692310554869e-67,2.833720857544657518e-82,1.440026941371210903e-63,1.811936096470749953e-78,3.413260075721403158e-68,9.746282019110158982e-80,1.530678842774838247e-81,1.663893415758422851e-63,3.300297479338630113e-79,8.458374764634528813e-66,3.251726615733592327e-68,2.476226597835328322e-80,1.477189021309098042e-64,2.408937298538957824e-81,1.380749079818222329e-80,3.339490824612091961e-63,3.999999999595489353e-01,1.586525312908895287e-82,7.879494595310465442e-80,1.085359930415730520e-77,8.268577992715843035e-77,1.513129739354977201e-65,7.083131900228682382e-64,4.243718239587881181e-65,4.347832233883886828e-82,1.209004168423425150e-79,6.212630769156564551e-79,3.786465415647581518e-65,4.264324904209294604e-81,8.037104438570896798e-82,4.220703352905789079e-66,8.738803226749338018e-80,1.410117363704319264e-63,1.540144831951443812e-63,3.868037258653362090e-68,1.110710771781503698e-81,5.106251310994188394e-63,5.839083084485949334e-64,1.373963427682601390e-65,7.759280703940070576e-80,1.038416004552799171e-68,1.936875748265873147e-66,5.090060751837119493e-77,5.158190859706286237e-67,5.063654213456552740e-77,7.452323178703389416e-78,5.333489098052554012e-69,1.153335430574032924e-68,1.214379126116801900e-78,5.382334823712231740e-69,2.062722895346821564e-81,1.533078971638276742e-65,3.201924734808468287e-79,6.033761978194207124e-68,8.631762941503786074e-66,7.018613607806018338e-81,3.148662824341732795e-81,5.819773277836477831e-67,2.471219593101803780e-64,2.588402363377548708e-65,1.409203441230076391e-64,1.686664700565025888e-81,1.406313900179562115e-81,2.035212528051081138e-65,1.495513679417241504e-66,4.122334242863180208e-64,7.440303539724277845e-66,2.423969487209325308e-77,4.999293295024529678e-82,9.890155098009492616e-79,7.879717233221875810e-67,4.959518344760937794e-83,6.714607728309821550e-83,3.753084829078301560e-65,3.388737018861046621e-69,8.443116670132482388e-66,8.457476024395770164e-69,5.817063542539338515e-66,1.119874390642549322e-64,4.818374847361722207e-65,4.800985999289971621e-82,1.126372724686540386e-64,2.210643880572500970e-83,3.640536460025548642e-80,8.776880661704770182e-81,5.374856011304892376e-69,1.387912373898868980e-79,2.361364427259796139e-66,1.021680200199954679e-80,9.038720462427618894e-69,1.590888395319532971e-78,1.591767661038133955e-65,2.095678168039204508e-67,6.189380218943818212e-63,8.065616598497202111e-78,4.144685521905986093e-65,3.865861646412856146e-78,1.148740141666632338e-61,2.193869651567016010e-83,2.029545587868781294e-64,8.650565943030260758e-64,8.999890832796237634e-78,2.474173975572950600e-65,1.662476974504930058e-77,6.618542253838242847e-80,9.264246283412388873e-81,3.755297690387083116e-76,2.190998687131807137e-77,5.846364039422170750e-63
2.898712794085107783e-82,6.453654468811149423e-82,1.499163288918228575e-82,5.204739670239548416e-81,7.440435795045345786e-66,1.882242566327209371e-76,7.769414118235964508e-78,9.312140885336140507e-77,1.346936354784193946e-79,1.904623985374647059e-78,3.091460018667989387e-81,4.785259726085344578e-82,5.003964733450739754e-82,3.075104410501400132e-77,3.684494786632595554e-68,3.929310489250253796e-83,3.004593979306293641e-80,1.442236781323840726e-79,1.595102395693302849e-67,8.509070103468956173e-79,2.450821372880420507e-77,8.609978889127244226e-82,1.778912273835917993e-80,1.706181714891454589e-68,1.515656281515080531e-65,1.076306455273670798e-76,1.057781154925519037e-66,1.562858370553522502e-77,1.254833774206696988e-82,1.786149041053053480e-67,6.189042963367425729e-66,1.038729693878082010e-69,1.892455502636864857e-81,7.499957964758078566e-67,1.313725044843133779e-81,3.992751500257448459e-68,1.121794959161861114e-65,1.281583971992804856e-67,2.939772664948198041e-82,7.754478877775360129e-67,1.145452037104848733e-68,4.263799375081861705e-67,6.705229687452583522e-69,3.963753007081019638e-82,0.000000000000000000e+00,2.143231825274009588e-79,1.489951689720885743e-82,1.385704612603132261e-69,2.134480107794929742e-65,2.206853942842372307e-83,7.351588719257772942e-81,2.239661718844295827e-65,7.364774255947451260e-67,1.955449696834148630e-79,9.646755354152804974e-60,1.746494708293348285e-81,1.189611896220811757e-81,2.940250868927825833e-81,3.070590527232782940e-83,3.805112310796088605e-79,6.198621816642060832e-82,9.556799900844965421e-68,2.031947542122904153e-82,3.486141189735015630e-69,1.526594436363467619e-64,7.648387570280934829e-63,3.058886463346378933e-82,7.190895795471270804e-78,2.628015045280886713e-78,1.750264424321107309e-77,1.739485563798393657e-80,6.312453813113288719e-68,2.101079303712833119e-67,2.397217203183974380e-78,1.546457002903811947e-67,6.899013845942793464e-80,1.118855550826919960e-79,7.688784050509241345e-69,5.828513555479364442e-68,1.740373396660829857e-77,4.418746965619842107e-78,3.707350001361057121e-68,8.680554332875278479e-63,4.743546323183695422e-65,4.000000273010586027e-01,2.361071680595682494e-80,1.313418607019019946e-79,3.609480233267530758e-83,4.112446009313394381e-67,9.145156274355097376e-80,1.720876093358877421e-67,4.047382480725330136e-77,4.023289821450135480e-69,1.487234111876835953e-82,8.816886944782662465e-81,5.008315681498461714e-81,2.814530888770796952e-68,1.862354197354857279e-80,7.388544923945404231e-82,2.575528694960260038e-82,1.591921510312085031e-81,5.980022892746330026e-67,3.556813901992139843e-68,4.002599102264865166e-82,1.241701424081380784e-81,1.754450477509907435e-82,4.125643256683667028e-67,9.930385296227284776e-77,2.287493491460660410e-67,2.985628939843002120e-65,9.296486660649541457e-68,1.278465061206912539e-81,6.750823188156146304e-79,1.621781534231841690e-82,1.135557934456256050e-69,4.961844117439784081e-67,2.565098574454616153e-65,8.296548043886053434e-67,2.524888229291502572e-67,1.234351806046995860e-65,7.341982274747847850e-69,4.158357108115806115e-67,4.198199395373432396e-66,1.946091656661176170e-64,8.438152027796630866e-66,1.295395115715609471e-81,6.761791265005019260e-69,3.806089861462183208e-67,6.240024647443328203e-68,2.428392733402268514e-68,8.493304765024125874e-79,9.818512533719518955e-82,2.068323539187383223e-81,4.240026542892341647e-78,9.091107622169208218e-79,4.854494669209318285e-67,5.342798887654687981e-66,1.025277516327478270e-80,1.007878542861653252e-67,4.552805942140865501e-82,1.835443426562167139e-76,1.637349861742792654e-83,6.115582351649323449e-80,6.867476565963793533e-68,2.666248032720503702e-77,4.801188931319464111e-67,1.179821219308940114e-81,3.303584363011453336e-66,4.917603157143066913e-78,1.151960747650124049e-67,3.062812527421285618e-81,1.215400271539660897e-62,2.419805650670230580e-82,1.522648423436535906e-83,2.533252730080537170e-69,1.900255756295973522e-82,4.368032781276738547e-68,1.502676183929988020e-65,1.006344603879970669e-82,1.866159970260158242e-67,8.839495422417861718e-79,4.553366960937695670e-83,2.250653480078660302e-69,3.878529615708812330e-82,1.746408352735651160e-79,2.503903337560715014e-82,1.135249627865385275e-81,8.241061001183018105e-82,8.393042001592058863e-68,5.481957391611717254e-69,5.154648592252550777e-67,2.077021372220241994e-77,1.555892907618036541e-82,1.021749679907129290e-81,3.328787546990229089e-66,3.115781446184546907e-79,1.201354871615072459e-76,4.146815890426468775e-68,6.634766781823152019e-81,4.437389539590887247e-67,3.797354211578514638e-67,1.341616254706215160e-62,1.188021115799068289e-77,6.184340955724523200e-67,4.989720452542659070e-67,5.756584514706500754e-68,1.376879291457394007e-82,1.557797128997030978e-65,5.827650675479502056e-69,7.658348489958990861e-82,1.192710672367190537e-59,4.859258230407781409e-82,4.099201021706013983e-82,3.343880721794530653e-65,1.195131484084949183e-65,1.647597559173188317e-76,2.047206103458797850e-65,1.719509504143643700e-79,6.916124428144313998e-66,1.443278543709334061e-82,1.713770740264888676e-62,5.475994952127815277e-68,3.212472435096485848e-81,1.867953126745062916e-65,3.520274288170281133e-69,1.911198451057296772e-67,7.965962561972195410e-67,7.192893170108884879e-68,1.549829682203904455e-67,3.999999862438490261e-01,4.583305893728431525e-68,3.702603594691373032e-69,1.199682995033917436e-65,2.643195846930009655e-68,8.806519360215401556e-82,7.311497721824894634e-76,2.302143963252554767e-81,1.012339838996848077e-66,1.416316076694086041e-80,5.871724826025937281e-80,6.517541222811919446e-68,1.246012124316507952e-66,6.369087255041076476e-68,1.238469900280807370e-65,4.398001476358051866e-68,2.008945068725019351e-69,6.480601122298004826e-68,5.711523246900717732e-78,8.385348881235796608e-68,3.294470473812308006e-81,7.678402862416980395e-82,2.083320150844065338e-80,2.635712930624810939e-65,1.311579943225674966e-81,6.384204608519922408e-69,4.198080378703450096e-83,2.810715560438773055e-66,1.402832484123220309e-81,8.167153951967801998e-68,2.025366086328773515e-62,6.422985813751599261e-67,2.534022177763687387e-82,1.973132313010909771e-66,1.491706330788459631e-81,1.825776185977210386e-67,5.776159815026018727e-81,1.790415657452096462e-67,3.837074974615473850e-67,1.117603144307655218e-80,1.028710265026272071e-66,3.023592946169656419e-82,2.331742764990161599e-82,9.028472142541002274e-76,7.013397582125302532e-82,4.863279619266777415e-80,8.197460207899726292e-68
2.829513756772831373e-81,8.644021692843105328e-81,1.119271672925196820e-81,9.419873864044489195e-80,3.846492871687754148e-64,3.023551946095297373e-77,6.733302093559815626e-79,1.988404150454969484e-79,3.525150866725220803e-75,3.346492017205868556e-80,1.912452023436746586e-79,3.546721220844754644e-81,3.819011733185643887e-81,8.540052560408220091e-78,3.008681902003328517e-67,2.065805528258141785e-82,5.298516299215821548e-78,5.485967654120883858e-78,1.442507781328746706e-66,1.999946397537184114e-80,2.188054215830804608e-78,2.386802597932391955e-80,2.062300889530538662e-81,9.629154252221200831e-68,5.936918954818106517e-64,2.089841459929136680e-77,5.243239539267044052e-64,4.010754210951020987e-79,7.515335396647229350e-82,1.781219515053227167e-66,3.813341210497809625e-64,9.296041161597881429e-69,2.201807815039978173e-80,7.151760176167800731e-66,2.724197395111274331e-80,2.957439255741064239e-67,7.168741495339625856e-64,1.506556697924552387e-66,3.210983425445750886e-81,3.904303169251540884e-64,2.272378687289670272e-67,5.686643541959222167e-66,6.642336976249272357e-68,3.397745019981162177e-81,2.143231825274009588e-79,0.000000000000000000e+00,8.266422911660064358e-82,1.420192306546491665e-68,1.385829391711986017e-66,1.248797086050467377e-82,9.839357298436294891e-82,6.412465008169801852e-67,8.542303047682714457e-66,2.717852494296044374e-80,1.676830078435488232e-64,2.480420504270170792e-80,3.400695729846470072e-80,5.329543923322681482e-82,2.172953556641686632e-82,3.999999989768991404e-01,9.584523222404959930e-81,8.190461037270884615e-67,1.251449446252320809e-81,1.667093920130383412e-68,4.612365684004037650e-61,1.029174790294112444e-62,3.273730675634347384e-81,3.291062055054749590e-78,2.547961736496175852e-80,1.241464570686871155e-78,1.626708907827487055e-81,4.702577910096213481e-67,2.771053233179975972e-79,2.707389625758121887e-80,1.673564884195906320e-66,3.311481215385249546e-81,2.392819774512608283e-78,6.917947641600250480e-68,1.378009977108944451e-66,1.331048019609197380e-78,9.963523868539490462e-80,2.214972503599880774e-67,4.291937923682642265e-62,3.480049135696998633e-67,1.899641948667460267e-79,1.144081788586151006e-78,1.253941166756954285e-75,2.021763247465520240e-82,6.207649615418199583e-66,5.580484570465914600e-81,1.094042786852530018e-66,1.150316063875413642e-78,7.326627843185977935e-68,1.317583336733054057e-81,2.241784893346506707e-79,2.102461062540933040e-79,4.040930667676781965e-67,1.788395177846379728e-78,9.384769481006498321e-81,2.360817769536843707e-81,3.558625312842332898e-80,1.120830685012354801e-65,2.488965008322740487e-67,3.633957714018295856e-81,2.565949604891500448e-80,1.398247082244588701e-81,9.174656349808701092e-66,1.632963917868838873e-79,1.213190875661186515e-66,2.228033777893173922e-66,8.309015752248627819e-67,2.607377033509669126e-80,2.999732207916765546e-80,1.379336394491578788e-81,1.115822534985989993e-68,8.513998625931576639e-66,2.126569552107764080e-67,2.345808231756286892e-65,2.457746676598560158e-66,6.358025257592936422e-67,8.495982749621748361e-68,7.698263113174395372e-66,5.194588172316281862e-67,3.546593339651729419e-61,1.435478239099688462e-64,2.333155464619307303e-80,4.399565370598126918e-68,1.000219712606125395e-65,4.322323041745691924e-67,1.441723255264018769e-67,1.212642502590431891e-76,1.540756436498678777e-80,3.435019810670597831e-80,2.167352533894586602e-79,2.199243941873307335e-80,7.467693524608825874e-66,5.144055420834685250e-67,1.378828226293866613e-81,1.063713248627681924e-66,4.796385938879132677e-81,3.197145533601983048e-77,6.868884378783957657e-83,4.229515539860085572e-81,7.073147131379155779e-67,2.181945976003587617e-76,5.836482831305459850e-66,2.022248466527652214e-80,3.397234430637191592e-64,5.386575023721058097e-80,1.277815168668752382e-66,2.628652890198050781e-80,4.887502988757267674e-65,3.835323370456041667e-81,6.778955382803166694e-83,3.374148348856408531e-68,1.732507817119826096e-81,3.568980439047327393e-67,1.186498488853499359e-66,5.669644297112891841e-82,1.282022177293583309e-66,7.906687237511406564e-77,3.123950734176801088e-82,2.579423735003292304e-68,3.597773622151273028e-81,6.174494822613688507e-81,4.022306257942390373e-81,1.535438269415605801e-80,1.151612247529863059e-80,1.583392969392185365e-66,7.905473050997277262e-68,1.394808431543117163e-65,1.500890250277070258e-78,1.249274404892547302e-81,2.287042306630552222e-80,1.155035433864987787e-64,2.130939462351927504e-75,5.854850055241155990e-79,2.481672052787419048e-67,2.015426694546540165e-79,7.930267283097340175e-66,4.168989837518313896e-66,6.552673954229992031e-65,8.592012953730656405e-79,4.065450985472876331e-66,7.551327127605985232e-66,3.693150548833013628e-67,8.353076989466226878e-82,8.009030777561092425e-67,3.065936446902186878e-68,9.382358753427955721e-81,1.217148936019758493e-64,5.943327009063157649e-81,7.170754663750704710e-81,7.855919657237815282e-67,6.413818327801876156e-67,2.889019934967560588e-77,6.679410205318568050e-67,4.000000003651507097e-01,4.340514232973056922e-64,1.174600396255446912e-81,8.812591746706185792e-65,3.603317076447025551e-67,1.574978455233963300e-79,1.770336816640269647e-78,8.883109963501920656e-68,2.102337972477718383e-66,2.956341601618598012e-65,5.705143536158757933e-67,1.770488384054621158e-78,8.489984321261002185e-79,3.025718393209214882e-67,1.909973795801890974e-68,2.722279635143693984e-64,3.418840511742969891e-67,1.351115588482668123e-80,3.046539677635506928e-79,4.195550592525689164e-80,6.855055836183402984e-65,1.476192919089670438e-81,3.442004127269317295e-81,4.746179527272071573e-67,8.608020262282138776e-64,4.353192202917043657e-67,6.526874223423242557e-67,2.859372218015578172e-67,1.896105115347472581e-68,7.725398921238293200e-67,3.091758229610980148e-78,9.241120041369040051e-67,4.794844580711887623e-82,2.129101182281094723e-80,2.952833103789204563e-78,8.596235622606865133e-67,2.515321741319664353e-80,1.387459859614573524e-67,2.631776008483562584e-82,3.490308669756990141e-67,2.368133642756614322e-80,5.736745359840148261e-67,4.420539732457919693e-64,4.385032811591365980e-66,2.265433983079212372e-81,6.405902407148836495e-65,2.301497773257533792e-80,2.104223231194653874e-66,8.153165501459248177e-82,1.087363561994461859e-66,7.964007157644477416e-66,1.571972115369988353e-79,2.521644567977514009e-65,2.742465154991726899e-81,3.139755218511230225e-81,2.556942879763584098e-77,1.010502763038722198e-80,7.451816492453406984e-79,9.087351006753937469e-67
1.464210431390415594e-79,3.470127831915682153e-80,8.917784271196206277e-77,9.504460200773699347e-81,2.319553669898076145e-66,6.893312002786241835e-79,2.872504945712550279e-82,1.123631192006721593e-82,1.319244741146019979e-81,9.918883107238856925e-83,1.154967472229174046e-81,3.301303062203063493e-77,1.604801118106688500e-76,6.545133970949149575e-82,1.394225013273500267e-62,1.687657971777835211e-78,1.207238900190705289e-81,7.777894362526210493e-80,4.329548568207376342e-65,6.779612900498551832e-83,3.413339521545190451e-82,4.562445724063966396e-81,2.486575091209272656e-83,1.262264513498918440e-64,3.975939765616145878e-69,4.894116490427034104e-79,6.706471452100146117e-70,2.617642160630694707e-82,3.999999988684764807e-01,6.254158125993250434e-65,2.024470396322222306e-66,1.840117244460133780e-66,8.156237218119335126e-79,2.296280940319210704e-64,1.685816099891980176e-80,6.126496912200228649e-62,1.530909115582349075e-66,2.119011039298511482e-65,1.409555660662851046e-79,6.200875135564733034e-70,8.226411292004436864e-68,6.349071271788677356e-65,2.555809171342653121e-64,8.841607008219138072e-80,1.489951689720885743e-82,8.266422911660064358e-82,0.000000000000000000e+00,1.026771498138388334e-66,1.393744794034008181e-68,2.723341535789874287e-79,1.612577239304221985e-83,2.403169972631790963e-69,2.414552228400554608e-64,6.620415752211955670e-82,2.341937850784921543e-67,2.285567235156590025e-80,8.713495965936219136e-81,1.026305351056747289e-83,3.938848385927951594e-79,6.691588946605242748e-82,4.068883062553197830e-80,1.124290881272331269e-62,4.604610000593183171e-77,2.745725240101456406e-59,2.730811137444379142e-66,4.054246580025615753e-67,2.122820727659195979e-79,1.847337103296372190e-82,8.707189371032732366e-83,4.090591991823368601e-82,2.594777289660083085e-83,3.774115175913923347e-59,1.749590648033899739e-82,7.467239580989269690e-83,1.143601730196421583e-65,3.374111908279459846e-83,1.901964751343498845e-78,1.982374667023900661e-64,3.250644960125300309e-67,2.005046680167856705e-82,6.674978067406262556e-83,9.778887630274816181e-59,9.052223428799944574e-67,5.627930623238822985e-70,1.274325485584149186e-82,4.129877164288941239e-81,1.627212347965378096e-81,8.728941513941688954e-79,7.843691111937004460e-65,6.178447512549058973e-83,2.273434959706585765e-60,2.955671053710372931e-82,1.727746573563045540e-68,2.434609933680298825e-78,2.344323886224142225e-80,3.820861082482320173e-81,1.790229197886993632e-65,1.813404163413769654e-81,4.261126225000460406e-80,4.376619510804107624e-78,1.092844847052282488e-80,7.048088532427644031e-66,3.911078286502538883e-62,8.692060387956283429e-80,1.503078845143810125e-80,3.582817688936532660e-78,1.450211960010224932e-66,1.060523576992485418e-82,1.311651191928447974e-62,1.649921614777373151e-68,8.295383637460392398e-63,6.178686952348351164e-81,2.530852590168665494e-82,4.165498959387126202e-78,2.718605370784041907e-66,1.174786567747130327e-65,4.533651817778259218e-70,1.438679253944432291e-66,3.096407575748368415e-65,4.846538740475725553e-69,2.521155811651940687e-66,1.675705121969917071e-65,7.426354921260846443e-69,9.873494845955868295e-67,1.284136341193283275e-65,6.908041454425888580e-80,1.494201829166845987e-58,1.208994120021242859e-66,1.362247906146357964e-63,1.618959624014193412e-64,5.235449233972298907e-82,4.263042267041504114e-80,1.771053063697125005e-80,9.244892256410305124e-83,5.877678509330333745e-83,9.467092206992369551e-66,6.669882486994417587e-69,2.353815690985550428e-83,2.468076287083880812e-65,6.035988405424178345e-80,7.038868047153382280e-79,2.722839539441868427e-79,4.655845227411336529e-83,1.637242325593856688e-65,3.503051284751371982e-81,8.821145347654988033e-64,1.668794169284249155e-80,1.590350040028673998e-67,1.166324325202383769e-82,3.055760262570007056e-65,3.552290478228456560e-76,1.195167619995144249e-68,4.974802940800000227e-80,1.877390860427712881e-79,2.902032414602678612e-67,4.561861836585722812e-78,6.389421732381941857e-63,1.405910217348267495e-68,2.824170989302165814e-73,3.349608968232826817e-60,5.336517764156843062e-82,1.003099303591125167e-73,5.254145854064411990e-67,9.233242825239688212e-80,5.891077589423357942e-83,3.761147578432582983e-80,2.282150637872214458e-80,5.761635686447521347e-80,3.316496639296040807e-67,8.293986051160464907e-67,1.706395685262040980e-66,1.829304194326367516e-82,3.166527629109690575e-78,1.121997615189483153e-80,3.701774040321678254e-66,7.963059585952393499e-82,4.772683650570945533e-82,1.020739542779446489e-62,4.096846949272136541e-81,1.063707999260167593e-65,8.320755577908457973e-64,1.518889585223734805e-68,2.684637901682745883e-82,8.925578690256466092e-64,3.104394486799876140e-64,7.264461736704936667e-59,3.999999998250530209e-01,5.066616676955133600e-69,7.700099249940767812e-59,1.597951960660529687e-79,1.545696124396178621e-67,7.579523778195198330e-80,4.138869759671394779e-80,2.568197016363186441e-69,5.993045308211428060e-69,6.823374402533479627e-79,2.849379479851586679e-69,5.529719668390904070e-82,1.465047607589108350e-66,3.809915753047167286e-78,2.312604202896957904e-68,3.775982784220527204e-62,1.696177689870857228e-81,1.141338751591205298e-81,1.784821784460174615e-68,2.099608639859270120e-64,1.716494994634127292e-66,7.116650496146615952e-64,5.596097968621273471e-82,5.616151769826312036e-82,7.549658756487967906e-62,2.385147042493097828e-59,1.056859162786169952e-65,2.832195291545359714e-65,9.108234340030090662e-80,2.063663162226019159e-82,9.136497595969988294e-81,1.514774864256224389e-67,2.375682628645814531e-83,3.256965139368805100e-83,6.650089944574111234e-62,1.345862705929432601e-69,3.607831964970822353e-62,4.651676289781511276e-69,1.656306525251236611e-62,2.429731641336874812e-66,2.543136834788316089e-65,1.952355691618783203e-82,3.508931493862602338e-65,1.143794956996014559e-83,5.169992228872952888e-81,1.272489339068299981e-81,2.993982324815576010e-69,8.234968236141840029e-81,5.405777188874369919e-68,7.989623521890548926e-74,5.267704780303391966e-69,1.685669013764853310e-80,3.406037961811598019e-59,7.232117563615002294e-68,5.665863984485132441e-64,2.127223232106296730e-79,2.180320274213820154e-66,1.890679142270175865e-80,1.492660815707623754e-65,1.278324201044459002e-83,1.158993603212699812e-62,8.891396772082968516e-66,6.940205374029295687e-80,1.104316440306706502e-66,2.014421665709977897e-79,5.555860734525329098e-80,4.409792310177435042e-81,4.917549347184405932e-80,2.961452972847062669e-79,1.846923004281702045e-65
6.743555147033527212e-61,1.857242488549656067e-65,4.000262351032873676e-66,2.440372315325454228e-67,6.280192834341779006e-53,5.338153678936649860e-66,2.123653199173619256e-69,1.112552189533981650e-69,1.898734850461097900e-68,9.162124760710554009e-70,5.016934566418764903e-68,3.038034103928005880e-65,1.865685236092516399e-65,9.795912216678557818e-69,9.814164991878539616e-52,7.464670734703760938e-68,2.272675548160488411e-68,3.643739255401693177e-66,3.153712340277058826e-47,5.646132136567320314e-70,3.338221405878218687e-69,5.724320131623548567e-67,2.004154755961074443e-70,1.770865115621041771e-53,5.521047628394602830e-56,3.643247715801807621e-66,9.734320419304890967e-57,1.742923183566328538e-69,1.119126172708492993e-66,7.026364543038571712e-50,7.910423188891211373e-53,1.569712822357733946e-38,3.445813345859530927e-62,2.419290052496597806e-48,1.811190628462122142e-66,7.399871811127245834e-52,4.598209614839282822e-53,4.789459076836271431e-51,1.351340563625234568e-62,1.046049665908487104e-56,9.868705701774058018e-54,8.285659389479242918e-50,6.643875199864189257e-52,1.424062561274907791e-65,1.385704612603132261e-69,1.420192306546491665e-68,1.026771498138388334e-66,0.000000000000000000e+00,1.195802399897432159e-55,3.412293322895860217e-68,1.393956104454249728e-70,2.476963677379331508e-56,1.080224952526273811e-48,4.587887022192488747e-69,1.188643560514655785e-54,1.154778200011916619e-66,8.481182104169633661e-67,8.058298120583980660e-71,6.983549265506617230e-68,1.077426934990644519e-68,1.514872737208854800e-65,5.743120198603122613e-51,6.831778730212634740e-66,1.796073180120014336e-53,7.195461245099180715e-53,5.223784780024780256e-54,1.002167537211396306e-62,3.282059295926182878e-69,6.554946389843856902e-70,3.129937966547782148e-69,1.902947902007620832e-70,6.298535962269055843e-52,1.334202577998160065e-69,6.030998285795810159e-70,7.031298285180595631e-51,2.272227456064006188e-70,2.722837056997971058e-64,8.786808773688568400e-52,2.550886543702409876e-53,2.577561036895240788e-69,9.940133865014074832e-70,2.752038682587769359e-52,1.001653450325284072e-53,5.581652335400800309e-57,1.051159419893310111e-69,2.084929555553632527e-67,2.042718966535865519e-68,5.845014065742075827e-68,1.166223426891837788e-49,4.243091403587765084e-70,2.830499231556501884e-51,2.633537644078546863e-69,1.476789870132897435e-54,1.651864322931217251e-65,2.182254358236633889e-66,1.487969311256859427e-67,3.123539027800419896e-51,3.693132962106691173e-68,2.720254637776514043e-65,5.700608423834744340e-65,1.838298480186898460e-66,5.372807458984970750e-52,7.071127499936319025e-52,3.757219473543960270e-65,1.982640224565066842e-66,2.629002562708309284e-65,1.121036685575676709e-52,1.055265932792778668e-69,1.108172537359721251e-50,2.087729230171803009e-55,6.006987834685369134e-51,7.307937685603629101e-67,1.922658784169579691e-69,2.104108910091388948e-65,1.562888311308448718e-38,1.006747518804610689e-51,3.989563888434313853e-57,6.697261813389059508e-53,3.943676343242621972e-50,4.231601979686463757e-56,1.182191693224524690e-50,2.965748018126226819e-51,6.947698765708691216e-56,1.671275569123301370e-53,7.087417499071370581e-52,8.988911315897433699e-65,4.996001167090503444e-53,9.842374438101550594e-53,7.070163999653091745e-51,3.058238271597873581e-53,6.112696892337050204e-69,2.536066038082851760e-65,1.791172286888432934e-66,1.334499785536272490e-69,6.706000740648348058e-70,1.220891143073431407e-51,5.307021445741914010e-56,2.413441306037193064e-70,9.743194046760290768e-51,1.745492457937394115e-63,5.633721545073656785e-66,2.150485493272105017e-68,3.227351886513096982e-70,1.141227848690529011e-48,3.920678510253613760e-68,1.265257857303374840e-49,3.517668544218816502e-66,4.923792833101799956e-54,1.216937211304666783e-69,6.829876492855392562e-48,1.581668773360958190e-64,1.500320727300113858e-55,1.709017433273122513e-65,1.565896077395938110e-68,1.086010182386732525e-51,2.153074837420916243e-65,1.195989175882378849e-51,1.117016077904537610e-55,4.062181583190602676e-67,2.925088554029642186e-51,6.347059624444732256e-69,2.192341930329413672e-67,7.715696295346990684e-52,3.851776317004130881e-65,3.270155422517195537e-70,1.576502569128175987e-65,2.512124249392552175e-66,2.423803892987345189e-65,3.787604007752893420e-53,1.801538530854697132e-51,1.095487032602329779e-52,2.339896125954236169e-69,1.771894636439183865e-65,1.163046816643934727e-66,2.039089297401056020e-52,9.520406072699453913e-69,5.144221982765921364e-69,2.109082083700574121e-52,1.311968954431863846e-67,2.127667316321033456e-51,1.170507040134504815e-48,1.568253294569480073e-55,2.452471095326288356e-69,1.103500058951659356e-48,8.476058117943544029e-50,3.001762558530319703e-52,1.457958271567639318e-66,4.660918298146185127e-56,3.617926304591292622e-53,7.996987768283446056e-63,1.140997188381308116e-54,1.764149517165353625e-63,1.580925645759563302e-64,3.057150575136652970e-56,4.030312508846909853e-56,5.487998948824219612e-66,2.933715115461117990e-56,1.002008669888119006e-68,5.117662962809836678e-53,1.915611041647610447e-65,2.779034151437968354e-55,4.370584561904629677e-52,8.859849688605770685e-68,9.415143554534665598e-69,1.172198140053719905e-54,6.196061316663905617e-50,1.047715453462634714e-52,1.905236761585157194e-50,5.828486083922034230e-69,4.841516119126871294e-69,1.002811864636825271e-51,1.499257084303096879e-53,3.916878248550935172e-52,2.642163671714697054e-51,7.021738400820073036e-64,2.996210288571109335e-69,3.051614557863019861e-67,5.309798541624312768e-54,1.538577133014459117e-70,2.541901949571595194e-70,1.622624095177989776e-51,2.471789285854630117e-56,4.456562836527896322e-52,3.708868165504851381e-56,2.683721137877205534e-52,1.986646672405363046e-32,1.506516649732924735e-50,2.938577925919307167e-69,3.260690537234704235e-50,8.260422570462572097e-71,6.041893632165562717e-67,2.332960664532944071e-68,2.841658647756266379e-56,1.265792481219229661e-66,6.525764807584863197e-54,2.069938305648615302e-67,4.696926271726017251e-56,1.978493357801575366e-66,4.239353660027326961e-52,8.952047277290157832e-55,1.327488585563795491e-48,6.471036220907583968e-61,9.493338040695884642e-53,1.845945642979288831e-66,1.776890461576048250e-50,1.109622653718309069e-70,9.349162083303100629e-51,1.031249456580704029e-51,3.380644155884377035e-66,4.951119124888823336e-53,4.488730635974162995e-61,2.176744681597343672e-65,5.266919864398538931e-68,1.123297141254432890e-65,2.663660698704562537e-65,2.510831077249126626e-48
2.393317995751851341e-68,4.672243290878703412e-68,1.448216674556618059e-68,2.311851187334097765e-67,2.972799272563994131e-52,2.824506504950397832e-60,2.869484396757428632e-66,2.017609267991185286e-65,1.228235569433195589e-66,4.988448719747764089e-64,1.722285271505065963e-67,4.204658795574758334e-68,4.709366892111041528e-68,1.076513783973032839e-65,3.398644438734744944e-54,4.263247644493786989e-69,5.151022441061267918e-67,6.960386685369378454e-66,1.195411760798363532e-53,4.984218309152165033e-64,4.348462847905061274e-66,5.930368013046589073e-68,4.801913966282977646e-63,1.977482799685725759e-54,2.785487740740659648e-53,1.943707712030001573e-60,3.098082400434264271e-54,4.243149841400886681e-66,1.100417540512945307e-68,1.389392528880022532e-53,2.401018640834029401e-52,8.286100045838217026e-56,1.528245955749838558e-67,5.486783362233820664e-53,8.249460203270475704e-68,3.633050472614649443e-54,3.137234595178286805e-52,9.612889018383366425e-54,2.332317910264656693e-68,2.694055158756045879e-54,6.864216274745326490e-55,3.182548910294108001e-53,6.859735636209278244e-55,2.831329274693107853e-68,2.134480107794929742e-65,1.385829391711986017e-66,1.393744794034008181e-68,1.195802399897432159e-55,0.000000000000000000e+00,2.243884259155766669e-69,3.218909593165449974e-64,7.623104743939005548e-50,5.656924515235051487e-53,5.841384310563428469e-63,2.272532607281785308e-50,1.071280550265626159e-67,8.079030820204270548e-68,5.875831559025332958e-65,3.994776749214108359e-69,1.502844070661413190e-66,4.372742657781393281e-68,8.985837504285306615e-54,1.687521199891950608e-68,3.213694027301538470e-55,2.967920148972354090e-51,4.549883160366564331e-51,2.566777842098006078e-68,4.408136248655427330e-66,2.138608950797469171e-64,5.138819524057659227e-66,3.245447875491301118e-63,5.772246822363470077e-54,1.209679768621172708e-65,1.803250504605195310e-64,1.110701896716719601e-53,1.029075514106799685e-59,8.136525978206449554e-66,7.021955250368722615e-55,3.990626097184180046e-54,5.723268434839919925e-66,2.023311781239123389e-65,3.689328723410902692e-54,7.450075564541803481e-51,6.657701922116665334e-52,1.535170550574822164e-65,1.015735332581542189e-66,1.118394010692108612e-66,3.771359088559636346e-69,3.376128110200664766e-53,4.305350610791396884e-58,1.656469040548417449e-53,6.145071997168076125e-66,2.262382286051450824e-55,1.364428198067926488e-68,5.391852558620681579e-67,2.311602202964396808e-67,2.802968751308002708e-54,4.348968400476122579e-67,4.875477650080816222e-68,2.458290014255213430e-68,9.857549227496552187e-68,4.206603828031743453e-53,3.456052748241257641e-54,2.833725962230025183e-68,9.327164056705014620e-68,1.595680398843067358e-68,2.495239187329726745e-53,1.989907525419198472e-65,1.840127579778653919e-53,1.868311033481542016e-37,8.512860716652311550e-54,7.945878089210661186e-68,2.569800764715378744e-58,1.381043924668991425e-68,9.730541252865093914e-56,3.336135896430497849e-53,9.584844172287794572e-52,4.026180079301621067e-53,1.760178015906138519e-53,1.084482707251482886e-44,5.405814944114530990e-55,3.240637731819940454e-53,3.086801435026901814e-49,2.123084665122340354e-51,3.860096071323162752e-52,1.087401749162823643e-67,6.730749918721226625e-55,2.149026883284417182e-53,5.953976697451094884e-54,2.607782878607781465e-54,1.589014984426120321e-66,7.700387595473055973e-68,1.083091089291650208e-67,1.032421874690716102e-65,5.031186233269944555e-64,3.444082307318773846e-53,1.587667356304556045e-48,4.602575161311064652e-64,7.771622809195827325e-54,2.787141827344384874e-68,2.971855648692266396e-60,1.737158328591316561e-69,7.228247373917092755e-58,5.804242795462562749e-54,1.907266457475844406e-65,4.945317929327647001e-53,7.507385769262113034e-68,1.034940689097682062e-52,2.929623172837642793e-64,9.161835148438564900e-54,2.869833127361859972e-67,5.338680639530222934e-52,1.993733297041286455e-68,1.508485951542126134e-69,1.985200361902159217e-55,1.490882349429697314e-68,4.403791751848967431e-54,2.181673440040730382e-47,9.396963747701491533e-69,1.716164421775958463e-53,1.441311045795565539e-66,4.766538374888331573e-69,1.686923169605778443e-55,3.028313777775163110e-68,7.405957292122625130e-60,2.059876008837025276e-68,7.791701432976088277e-68,6.350349893305007644e-68,4.993894001988607456e-54,4.333828964049289875e-55,3.448278408045599531e-53,5.378714526473296086e-66,1.475606448184215598e-68,6.566306068062278228e-68,1.687644136330037705e-52,1.254155355352013025e-66,1.038412011444609710e-64,4.389569076540260561e-54,2.852591285656793448e-67,3.035004914176254924e-53,3.168056591052087266e-53,5.194991982897995971e-52,3.744361661461840978e-66,4.405036419197526754e-53,4.344787718505777750e-53,5.271601217707277209e-54,1.230721995580864568e-68,9.329585619273594129e-45,5.153206408975503317e-55,5.453838840948509112e-68,4.085714424310716579e-50,3.355655494548704496e-68,3.563917128154375521e-68,5.414527611459954402e-50,1.463656853401670480e-44,2.601232209684196686e-60,1.216542749211026870e-49,1.059683520845651451e-66,2.418189053865665219e-52,1.345031484856901128e-68,1.314371489495126877e-51,5.998709123965122000e-54,1.743554888287668620e-67,9.361296703281171703e-65,1.979412017756285206e-55,1.784415869388625577e-53,4.719336168415145595e-53,6.143269922783660827e-54,2.503634783212730988e-65,6.495229475448674793e-65,4.385227930514288072e-54,3.862886423736954282e-55,4.893682400978431308e-52,2.537453328414377993e-54,6.950495160509629443e-68,9.013083761413278654e-65,1.258973790439054220e-67,3.534861298856487338e-53,3.115783891697722835e-63,4.273960662403942504e-58,5.830167302512687396e-54,6.270691462524415760e-54,6.308472796436998158e-54,8.743879620833256100e-45,4.744322207746801865e-54,1.650160694344459354e-55,5.957182622334701946e-54,3.232762565810763189e-66,7.231802464495245426e-54,6.651639336817517460e-65,5.838063662718473444e-68,4.429834330265456854e-67,4.915571160090075091e-50,8.362704066502163036e-68,3.884702847104150820e-55,4.534768243539140368e-69,1.503875118117514905e-49,8.820234877173180254e-68,8.532842526089501652e-54,2.396225600200128507e-51,4.486176252328703404e-53,2.162363439405606599e-68,1.052917364074607824e-52,9.159325118623579242e-68,1.326760176616736336e-53,2.912744297039149037e-64,1.520889999827693268e-53,2.826416828826246233e-53,6.738190555516441402e-67,4.762109242200039915e-53,2.555108090104569927e-68,1.944147535600195416e-68,1.673761139259398822e-64,5.200111409315840778e-68,2.359521804193980325e-66,7.208930795861229463e-54
4.522622302659320927e-81,1.359147281984290024e-81,6.009712446500317646e-80,4.760228495822069132e-82,1.946224332596793396e-67,1.107944664689522606e-79,2.788134251217379519e-83,2.053368444583297814e-83,1.399634757139728667e-82,1.623858463522806204e-83,2.123411370667767330e-82,1.249635686161869750e-79,2.640273047682948548e-79,1.086595808891831225e-82,3.261281795389318001e-65,1.284554419494812187e-77,1.240984670172325048e-82,7.692409606259132765e-81,1.390408402374734563e-66,1.116144330985069675e-83,4.472851737874923823e-83,7.132474824725991149e-82,4.268426495810566780e-84,2.514537456625205834e-60,6.346932865859787362e-70,7.691464968975103710e-80,1.092823428093294955e-70,2.529451721472503826e-83,3.079909238058641030e-79,1.549167174958241807e-66,2.560495289879246400e-67,3.668240497333747125e-68,2.795420428206609008e-80,6.849890095619295338e-66,1.205012316826605882e-81,6.421969131461646670e-65,1.609168366341992529e-67,5.594500050649812609e-67,4.512474421080499119e-81,1.155223782257640110e-70,6.339432819456443800e-69,4.065035204175267700e-66,2.049710702389084521e-66,1.816064116098175542e-81,2.206853942842372307e-83,1.248797086050467377e-82,2.723341535789874287e-79,3.412293322895860217e-68,2.243884259155766669e-69,0.000000000000000000e+00,2.598593881967907856e-84,4.365633183346635983e-70,7.380864681363872522e-66,1.040617515795064049e-82,2.328065904490736781e-68,8.486546201795877960e-82,8.095693630100137341e-82,1.784415573297561669e-84,4.000000003213532995e-01,9.630453270932341935e-83,1.966593449754342617e-81,2.816470879491752430e-65,5.071919962008398693e-80,1.886038928200273499e-65,5.627806694778737304e-67,6.328315055030393992e-68,5.066422173231179158e-81,4.132229987873229409e-83,1.099204722216011115e-83,4.209027478032712858e-83,3.884868737260979622e-84,2.162476287126649002e-64,2.192256709167279926e-83,1.107538957625149969e-83,4.076617069030429616e-67,4.569240745190749340e-84,1.535048925647554283e-79,1.631026922157023020e-66,2.205120401070321056e-68,3.246086377137105046e-83,1.609513343827685783e-83,1.504198494068739340e-64,1.175349748154522069e-67,9.421450509161255903e-71,1.824656199791125746e-83,8.567126711037354978e-82,1.531124099966433026e-82,4.000000004436177758e-01,4.587173578403019782e-66,8.845152950241404408e-84,1.857816331066305777e-64,3.700771216840458391e-83,1.212237471497753443e-69,2.505404687959170671e-80,2.676011816756303831e-81,3.179976264175972771e-82,1.170733240834816617e-66,1.526763010043743278e-82,1.761652121025075557e-81,2.716075750384657581e-80,1.391179492187292363e-81,3.424597739684313725e-67,5.028837342951902526e-65,2.187495814648022454e-81,1.217506844621316801e-81,2.033193555530268823e-80,1.166845666693259580e-67,1.703126727139869798e-83,3.199568665688226619e-65,3.816163367078166498e-69,2.684261934380988113e-65,6.250317367438572593e-82,3.809453080589680405e-83,2.765453554748918380e-80,5.200599921344010388e-68,5.408182937253666247e-67,6.699951747555225975e-71,1.074770783283587592e-67,9.243890765171157456e-67,8.330151044103777075e-70,7.708929586812515082e-68,8.296092010938342600e-67,1.428916756034973585e-69,1.744442198793294253e-67,8.222286055262556584e-67,4.599370044728423060e-81,2.627018943916700251e-65,1.183121865965362192e-67,8.224086218923163008e-66,2.526506550479258991e-60,6.035009673902123834e-83,2.076871838069369782e-81,1.151047823143745090e-81,2.062046443732877258e-83,1.156040296401978040e-83,4.277556603843285880e-67,1.143035607465993559e-69,4.811964007698877233e-84,5.863809276528194173e-67,2.663482561156223523e-81,1.124916793842982246e-79,5.703428154358450441e-78,6.865312188337051702e-84,5.017675777902426117e-67,4.616585075785357708e-82,3.563971345307650491e-65,1.090084316555830528e-81,3.462351856861936991e-68,2.030041942989806482e-83,1.331327719663997860e-66,1.485544659950666414e-78,1.929565321604183598e-69,4.301876223130796678e-81,1.086157733198472335e-77,1.269638267469944607e-68,2.879205268288336984e-80,3.907471719184246343e-65,2.215081948000007461e-69,1.167501850180378324e-78,1.783935071614084860e-64,6.157606999274802980e-83,3.988774086526107836e-79,1.743034931289198172e-68,2.120816807416647273e-81,6.487981389626948505e-84,3.739538290975256544e-81,8.640917859880019881e-82,2.143892901297938080e-81,2.446774098936887468e-68,3.598076228739535093e-68,1.205966889990407596e-67,3.073820682343953245e-83,2.747985825050652963e-80,7.354212229323040722e-82,3.940280992930146591e-67,9.075449315923843657e-83,8.097465721407309034e-83,1.006318932074537339e-63,2.813380360338147914e-82,5.919060589696111133e-67,2.045981674505463049e-65,2.296978968351430251e-69,3.078572951348345133e-83,1.648582946137724390e-65,1.780885490107498608e-65,4.941581483913897648e-64,2.395833586155737193e-79,8.829583834615014386e-70,2.075265724207658186e-65,7.287571464550405364e-81,1.939778179199636288e-68,3.324211512184187065e-81,2.394651541904052452e-81,5.165191247681386885e-70,8.661210687899644639e-70,1.084440273759894324e-79,5.413846129536175892e-70,6.875877231036842275e-83,1.650065945769887619e-67,2.063957039285152193e-80,3.337978405705411499e-69,3.447490276152369978e-64,2.745276393773257870e-82,1.450217328185250837e-82,1.338314050387565022e-69,7.580436076853767276e-66,1.797997598792777412e-67,7.656003738996112693e-66,7.942762145599168048e-83,7.509875541740354546e-83,4.649360826380748636e-65,2.273284248634019839e-65,7.035750003487157691e-67,2.389611363799682722e-66,5.259790041557409696e-81,4.155598294748427836e-83,4.163768430633218905e-82,2.281726364576833316e-68,3.315577393586082710e-84,5.105645616172616981e-84,4.949458154185108250e-65,2.480325829572976250e-70,4.220294326272227248e-64,7.774154367235090753e-70,5.094830551691843751e-64,4.950568735821744717e-68,1.426471757470379285e-66,3.512781715408762635e-83,1.746985435830944948e-66,1.720664170499454335e-84,6.304935652565903186e-82,1.066609308899579760e-82,5.730059424862680876e-70,8.250380428786379071e-82,4.265218337871747435e-69,4.020407705684038409e-79,1.061520065761957345e-69,9.512468524813625251e-82,8.467206224324215992e-64,1.168336623605848144e-68,1.252389453639405744e-65,4.570293773767299287e-81,1.709890325918584074e-67,8.898339289283421204e-82,5.152013381869673592e-67,2.349332154457085419e-84,3.995066979751698484e-65,5.149885389213397852e-67,2.894701285730654447e-81,7.826451248502452898e-68,4.678391403702978088e-81,5.557467427444901234e-81,7.344837521074247800e-82,1.654441640859913746e-81,1.823613335923394166e-80,7.027516255145564561e-67
2.937527127726690573e-83,5.081542693963196638e-83,1.617054123438199735e-83,2.314210453617914404e-82,2.613472309989106411e-67,6.116372361043427967e-73,1.572377070425563750e-81,6.639982381860649860e-81,1.027205259105414383e-81,5.303142019139936140e-80,1.610176885684336268e-82,5.361970532291522851e-83,5.407859922033818559e-83,5.408596212009990602e-81,3.965724070446059724e-69,4.763451593028209509e-84,4.477660664625695351e-82,6.714796737270813062e-81,1.424569960613356209e-68,4.084823049373424904e-80,2.335945881243302999e-81,7.080809404333813631e-83,2.172389900120738371e-77,2.371390523240157088e-69,1.722374939946644858e-68,4.990517544353357085e-73,1.953837895823644551e-69,2.200441634207944110e-81,1.243838586008925585e-83,1.535960783246167819e-68,2.275667273527134227e-67,1.012662100145415523e-70,1.652080042227223634e-82,6.279452097300151297e-68,8.304895649723273186e-83,4.407071088698601006e-69,2.773533353920541315e-67,1.124185393244092095e-68,2.643947319282409309e-83,1.727457857409879986e-69,7.623325270999812957e-70,3.844026468517824743e-68,8.782041580795719003e-70,3.076475548668248131e-83,7.351588719257772942e-81,9.839357298436294891e-82,1.612577239304221985e-83,1.393956104454249728e-70,3.218909593165449974e-64,2.598593881967907856e-84,0.000000000000000000e+00,3.800510076496399391e-66,6.722856968407641410e-68,6.355060286244000139e-73,8.937744989746761144e-66,1.159501001323158968e-82,9.354900239118956333e-83,1.653705705901774457e-77,4.825508533516532180e-84,1.028831426864055037e-81,4.648352822757092347e-83,1.014238846705069495e-68,1.951381535294003628e-83,3.671412274505145326e-70,2.329077112378122204e-66,2.484055550600778031e-66,2.802542681515489425e-83,2.467858763740741049e-81,2.936620158706382077e-80,2.724803684904922100e-81,3.050572379844786880e-77,6.890095388862040402e-69,4.654664775911795868e-81,2.568774607995808535e-80,1.202734156913311368e-68,3.533001192639726027e-79,8.228142415015059626e-81,8.563422654858939318e-70,4.030046739039859137e-69,2.944157684572372184e-81,7.430384607392577127e-81,4.230273435470464777e-69,3.884123399326462013e-66,1.260147556621726840e-67,5.496064172244737942e-81,9.364673286530293922e-82,7.801763832116087505e-82,4.295316415284815801e-84,3.705117988007994498e-68,6.893152540023241595e-79,2.022889870789601005e-68,3.085525693365478353e-81,2.382431091368564735e-70,1.681575564376601885e-83,6.013663038628972566e-82,2.325396064741853615e-82,3.354825454428502975e-69,4.004484637124257977e-82,5.453126784071894953e-83,3.026362536153506125e-83,1.219275210663312402e-82,4.561471489542729590e-68,4.386301778142755773e-69,3.123372257143112542e-83,1.010310032416661382e-82,1.927805380994987111e-83,2.688624945648874471e-68,7.013735622832002887e-81,2.092955436664900852e-68,1.271014408791947263e-63,1.007793388066184227e-68,8.285738817192378035e-83,2.199892809021826365e-78,1.629591613701059328e-83,1.132646600950671673e-70,3.610541363738615655e-68,1.566023732634516555e-67,4.214069362041598820e-68,1.988653520312777566e-68,3.799696807750054959e-65,6.395353148886655655e-70,3.398362732728470508e-68,1.458465307190557381e-58,1.487434699094607698e-66,4.147212526606320214e-67,1.301011620664466296e-82,8.356331553395843970e-70,2.369235605235859744e-68,6.635067029059477257e-69,3.301569834375647020e-69,9.333151164641398206e-82,8.516017551418658810e-83,1.207987937830812303e-82,4.418846322936923570e-81,4.799736057671122087e-80,3.874806732566377594e-68,3.728155227870157631e-63,3.999999984395353758e-01,9.062609745602353282e-69,3.220165383628772915e-83,6.475638151677438385e-73,2.022311175416661668e-84,7.235854618244465387e-79,6.985689986477528199e-69,1.108988943701693068e-80,5.930392787024153958e-68,8.530983232313776206e-83,9.979874937657755474e-68,4.506885981217214673e-80,1.024086084583233446e-68,3.307291836461812420e-82,2.602329559541786252e-67,2.432101431153725739e-83,1.832313841478913559e-84,2.109536491861912932e-70,1.725596545121639804e-83,5.532152991247252774e-69,2.899821270766454940e-63,1.113679568359202709e-83,2.138783708391885415e-68,9.158005129951115664e-82,5.486529260919458342e-84,1.801479724645700795e-70,3.544810087618528470e-83,1.788276122830336079e-79,2.448472797795860098e-83,8.328046015448590823e-83,7.224573268702789732e-83,5.569931438090931530e-69,4.854753983159411652e-70,3.715748147896194151e-68,2.699680432964282983e-81,1.742624150168843154e-83,7.655735247721285020e-83,1.659907519806892248e-67,8.547883663250285249e-82,3.515484754321492520e-80,5.589946419878269502e-69,2.708764143846631793e-82,3.677583228729431137e-68,3.761783939289467763e-68,2.451530987587879256e-67,2.052534404582300928e-81,4.957160340891213489e-68,5.159145070723428548e-68,6.446595799282141344e-69,1.541972875104345491e-83,2.982826985511828414e-65,6.018398050424274308e-70,6.663780164608784498e-83,1.275126487350423690e-65,3.946634635505076929e-83,4.194853674595772749e-83,3.720502384657295922e-66,3.643760281651976295e-65,6.135517322019238930e-73,5.025386908782155185e-66,7.538473432567595763e-82,2.218702011826681279e-67,1.495434293564180489e-83,5.960677609726763557e-67,7.096589955081670882e-69,1.704273768123355664e-82,3.676434756858864438e-80,2.053018362199820358e-70,2.064527049862978826e-68,4.687540609987095327e-68,7.624414887795860125e-69,1.219043389373644514e-80,2.433140342701260510e-80,5.016996499148548697e-69,4.631259663212478521e-70,4.990826312560586271e-67,3.187886901228934823e-69,7.705530076415595630e-83,2.827020309478918393e-80,1.351306260454111179e-82,3.311677303544022652e-68,2.038473877715864977e-77,4.909212890305835491e-79,7.162504835218487885e-69,3.738768124908729091e-69,7.339499937234324900e-69,2.923726576078457569e-65,5.804854311603401960e-69,1.795676993438706963e-70,7.314274498147527661e-69,1.911822133011536852e-81,8.188725094144203084e-69,1.786576010066847149e-77,7.081068685956376523e-83,4.212275244726028151e-82,3.171090384808045641e-66,9.577074136275286541e-83,4.215057945125932138e-70,5.247379435444584784e-84,1.761770390962402525e-58,9.516715390124261204e-83,9.770732828333863883e-69,1.132649928613025821e-66,5.487469674661691638e-68,2.793814069196180122e-83,9.916233857101655048e-68,1.113673691972444975e-82,1.524629750752888847e-68,4.000000026812062792e-01,1.725189357262209256e-68,2.883465940190322208e-68,6.895987016332978832e-82,4.572249604717103971e-68,3.017288172753887259e-83,2.391524425621584230e-83,7.922067095055925814e-80,5.822950301939747662e-83,2.842466832484026587e-81,7.943470105756892860e-69
4.934789036755195365e-69,1.024024044201603041e-68,2.567483813915652212e-69,5.179900336689320451e-68,8.387643901441349504e-53,5.379010631702567019e-62,1.625073762662330874e-66,2.617724539126582205e-65,5.073145917599887097e-67,6.882930591190292549e-60,5.812815532835347296e-68,8.584432990631208356e-69,8.833985360221312841e-69,6.119766009781607416e-66,6.922804271306480094e-55,7.415180906244620662e-70,1.884250202234672378e-67,1.736297470263737745e-66,2.388322860099968448e-54,1.196557997818251314e-59,2.778007739123041004e-66,1.720791797976300980e-68,2.597178525866494105e-65,3.824721723662438769e-55,1.507943904594906154e-53,3.892244258206545535e-62,1.617524711389668266e-54,2.357575038509038866e-66,2.095172179566473560e-69,2.806954348495137746e-54,6.710422313300944126e-53,1.695844308347395576e-56,3.171641017355442792e-68,1.112725060052054463e-53,1.834532447667711918e-68,7.654399507395374935e-55,9.210484315142020178e-53,1.951413914904819486e-54,5.494035520276624920e-69,1.329203108817508281e-54,1.734363494457270442e-55,7.698091370039459826e-54,1.562779381398772463e-55,5.130895483133152332e-69,2.239661718844295827e-65,6.412465008169801852e-67,2.403169972631790963e-69,2.476963677379331508e-56,7.623104743939005548e-50,4.365633183346635983e-70,3.800510076496399391e-66,0.000000000000000000e+00,1.278704666059587116e-53,7.593669588519862174e-65,1.909615700561711022e-50,2.284626381289634101e-68,2.094875297882181018e-68,1.054913904594898998e-66,8.746863930131700504e-70,7.399258168499132094e-67,9.491365586373140351e-69,1.735727683345245697e-54,2.945258112839885647e-69,6.057388577523440282e-56,1.178027124308309012e-51,2.793595912375173887e-51,5.446202442106070324e-69,3.274142730657138863e-66,1.232390347785247327e-63,3.027350683325188218e-66,1.610559768305233629e-65,1.266517745050818177e-54,1.040278312897669614e-65,1.596753862422377563e-63,2.317437648159646480e-54,1.798894983037692204e-64,1.899881088969772296e-66,1.509347424836373555e-55,8.713102964409598764e-55,3.619887928850894077e-66,2.261083932901644899e-65,7.019436228187348963e-55,4.263442977292718093e-51,4.354077395997049532e-51,1.522868636693022395e-65,2.818757015011463579e-67,4.235096904157086091e-67,7.004682936371867290e-70,7.625429624369385000e-54,3.145353528699861232e-64,2.986577887925109741e-54,4.152474513935496212e-66,5.436625211335401087e-56,3.009861443586615980e-69,1.412125777866210543e-67,6.319578784563254412e-68,6.637878592526963546e-55,1.390170622926701889e-67,1.108951067664177281e-68,5.089359193913361782e-69,2.800053703685661364e-68,9.515579228950840328e-54,6.730604129571011346e-55,5.365942523286495689e-69,1.963096739695714650e-68,3.162228502598935989e-69,5.452987634594291919e-54,2.518801155356787494e-65,3.203869103202989997e-54,1.039417675582380057e-49,1.847323207194284965e-54,1.895967648322090795e-68,2.228153964365416219e-63,2.876085653165177598e-69,2.124215287084175673e-56,7.853864411114550573e-54,5.151053102946587606e-51,1.052585545204167604e-53,3.600559716900135390e-54,5.136450228947042709e-50,1.256448610345332080e-55,7.394692409850587106e-54,2.753706100306534938e-51,9.073825438599353027e-52,8.598332953676185731e-53,2.554299243986117427e-68,1.396587666035633181e-55,5.814084766232820798e-54,1.156353497323643282e-54,5.453654254698685131e-55,7.729326931771991690e-67,1.625550754853432604e-68,2.651881269961828423e-68,1.042866266775767556e-65,2.071638382194545937e-59,7.580483320718610541e-54,6.551644633214734601e-51,5.065607185387665025e-66,1.577007542321922496e-54,6.429367404551895645e-69,5.927077201119116079e-62,2.798557809836187409e-70,2.303581990576711783e-64,1.114042548872865706e-54,9.867206666604480887e-66,1.029495639574977627e-53,1.796468102047536840e-68,3.821125600357631873e-53,2.783044381144909181e-63,1.757420806374421160e-54,5.855562810145522445e-68,4.547982694344752608e-52,5.286988914997368941e-69,2.757356479433443377e-70,4.241765866266467939e-56,3.246525116082375041e-69,9.709868369006062236e-55,2.767598622153194362e-50,1.662129798537907501e-69,3.397042536411133007e-54,6.234442764886681300e-67,1.004990953841297380e-69,3.527734405039077689e-56,6.256635466246829410e-69,4.231585361906646090e-64,4.998221093431503919e-69,1.669946743701675578e-68,1.416683947696533172e-68,1.114396795470235360e-54,9.548365235971000899e-56,8.271373709722616843e-54,3.974769918759142978e-66,2.963846274675681446e-69,1.678326161935154822e-68,4.461086155371672193e-53,5.627638561383595438e-67,1.197398832365108906e-64,8.935797492108578006e-55,8.125164999827937150e-68,7.051624863278989120e-54,7.055068485013794266e-54,3.845345115790973979e-52,2.321456036363835958e-66,8.754630443566430397e-54,1.117614730760450098e-53,1.053450179096992626e-54,2.457727225907127727e-69,8.671716542088975966e-50,9.302576728398518170e-56,1.382567243594814088e-68,4.980417774849344070e-50,7.300917584116510708e-69,8.348397851356572765e-69,2.327346287108686340e-41,4.440518394431057575e-50,4.860292327085779723e-62,2.982123924424360688e-35,4.583840981976068042e-67,7.476520474282679652e-53,2.704483942566421325e-69,9.179556863497527980e-52,1.120547803090652223e-54,4.598698484550346145e-68,7.213812243994857053e-65,4.777056717551973649e-56,4.005527227464072210e-54,1.306528492327529576e-53,1.217912339659008327e-54,2.379813483678172247e-65,5.795825170199890463e-65,8.486551284045100413e-55,6.606258985248265907e-56,1.252662436138499286e-52,6.226030768813630569e-55,1.576430252509101414e-68,1.258505126153221426e-64,3.065139791460236160e-68,1.183768637067977720e-53,1.496704344581028266e-65,2.076848016390613095e-64,1.272333559439158960e-54,3.223047848563894337e-54,1.208767990474881587e-54,6.363297689867143792e-50,9.628371365224176013e-55,3.207073805538688325e-56,1.319195715310376554e-54,2.011414855076669323e-66,1.612687127490755795e-54,1.102635647870850222e-66,1.556798831392271888e-68,1.535164074422902717e-67,2.277416101272978046e-41,1.928018490082057575e-68,8.966828044429474380e-56,8.883194315862410639e-70,1.489658219158579547e-51,1.891831191564027939e-68,1.749854717705673883e-54,1.560042894313187755e-51,8.636301558063436360e-54,4.400179512134966830e-69,2.683946532994863596e-53,2.138764088702030634e-68,2.801097218351749894e-54,3.440304442426738200e-66,2.874774650401493510e-54,6.543914346091041679e-54,1.444822979556067103e-67,1.200190112643752318e-53,5.356928262282278601e-69,4.650564322978000533e-69,1.226939410766134038e-64,1.149797774679963330e-68,5.625527609968184655e-67,1.417217039050646897e-54
4.386743784274991833e-61,3.468699229602022084e-61,6.475206047322149249e-64,5.285055244013861614e-64,4.986173547543300911e-50,2.724123528832461350e-63,1.633469665994694912e-66,5.965661529960606527e-67,1.316405111749623321e-65,4.763863340034258949e-67,2.103941299281340510e-65,2.513852219159818038e-63,1.677192161953758178e-63,4.045020966487338953e-66,8.787621437567646629e-50,1.693911544002449227e-65,1.888664612209116032e-65,2.221357567862010025e-63,1.494891372206248962e-45,2.902197296240152869e-67,2.191014253596727521e-66,2.246281857342201287e-64,1.019199693263659611e-67,4.222601772926615120e-51,2.193193309269018214e-53,1.832514356331539648e-63,5.100542006905986080e-54,1.264414775877798644e-66,1.627085810014189919e-64,8.411975726824596909e-45,5.013430704193325095e-50,7.117097431133033503e-49,1.586098546038891978e-58,1.176543596950150477e-37,2.254084428814727871e-63,6.993699966945238381e-50,3.179553987289840948e-50,6.448269485620556637e-46,1.318133689805852969e-59,4.717472869337864359e-54,8.397930241042350261e-51,8.721124502019678160e-48,4.726675104676485384e-50,2.421188754305079688e-60,7.364774255947451260e-67,8.542303047682714457e-66,2.414552228400554608e-64,1.080224952526273811e-48,5.656924515235051487e-53,7.380864681363872522e-66,6.722856968407641410e-68,1.278704666059587116e-53,0.000000000000000000e+00,2.068234660478509640e-66,1.097784028577896817e-51,4.340586143993074716e-63,6.759039025053274409e-64,3.786336753277824620e-68,1.083446009579086974e-65,5.658829998712884041e-66,1.194673984214647818e-61,6.028384321572841461e-49,1.094981852319482192e-63,3.271146893643168018e-51,3.216204340066838680e-50,2.551859851061751077e-51,2.401706440152005054e-59,1.307741767482591738e-66,3.677730549251857676e-67,2.476810673836251974e-66,8.564226426485057818e-68,9.889243537873944474e-50,8.152871286111299681e-67,3.741662078619794863e-67,2.487259435121621897e-46,1.406506776439728306e-67,1.987205355615287202e-61,6.067384738170026411e-50,2.956396866683249518e-50,9.551323781412933479e-67,3.572533977889337214e-67,4.301878272395570282e-50,5.416664217640965662e-51,2.974220230241918715e-54,6.682793044226527994e-67,5.983184068330896820e-65,1.977334985534182232e-65,1.419310144998637102e-65,1.573427153654596224e-47,2.321857949659938510e-67,4.246959309487187892e-49,1.737411799985832637e-66,1.363016776791908015e-51,1.011491450421902936e-63,9.613298238185682360e-64,1.371873560484645540e-64,2.052540725231884540e-49,3.298468313033456743e-65,7.637500019749115268e-61,6.157005595960062580e-63,7.906217766021432752e-64,1.226297084815978402e-48,6.507305609678820572e-50,4.348102816769085617e-60,1.092130695600956963e-63,2.346335528146509845e-63,8.575525053539441999e-50,5.444859695284031099e-67,1.592465050184814896e-48,7.328275648721153313e-53,6.546312401981144226e-49,3.657433403274318985e-64,1.059960120287120003e-66,1.631894437070060133e-63,1.240381659912591732e-48,3.928339798428413299e-48,2.423094099705677528e-54,7.317534873121757190e-50,5.958879204520132845e-45,1.973275507155138419e-53,4.763733733077271203e-45,1.037581331416919806e-47,2.878566784684525255e-53,6.685219933397478922e-51,8.691850247690076852e-49,9.068259378285208977e-62,8.734554766946283012e-51,8.108875382797344014e-50,4.563013653829052382e-49,6.235181620952234264e-51,3.514779283473792973e-66,8.553774036290232999e-62,2.619701201541225672e-63,4.875889474569036131e-67,2.892178107196721716e-67,2.786068038003740461e-48,2.493803187439990903e-53,8.404928871162255073e-68,1.048968396235357526e-45,3.486534151605188136e-59,2.684735857959114443e-63,5.191766999835560702e-66,1.561564016549312576e-67,3.078108969394486941e-45,2.110502588103274211e-65,5.853346857945855948e-48,4.615429688758616627e-63,1.971730530825314964e-51,6.093645865341217941e-67,8.275170430834202921e-46,1.182760004092980357e-62,7.648688135693853641e-53,1.455719801679435296e-63,4.368505116831912022e-66,1.530081260882631037e-46,2.105971176469834990e-63,7.394643475019389348e-50,5.751764703858071447e-53,7.626347090732123372e-65,5.417800630288991173e-49,3.779243575115798454e-66,5.181380212356451563e-65,1.215639794692014501e-46,4.377083949777131476e-60,2.204878581472102229e-67,1.193285525549100662e-63,1.095750757887273059e-62,2.502704888219415729e-61,3.400063285199336851e-50,6.969433136846490037e-47,1.107998078982985770e-49,1.077003631104494616e-66,9.726848406650740343e-64,1.656826878787131767e-63,1.349762770822645376e-49,8.033821407580082100e-66,2.209231411405575833e-66,2.319622678612166340e-50,1.510020738504374374e-64,4.216967538622154996e-48,3.527595229652236507e-47,8.041451500483056849e-53,1.771610418658053633e-66,4.995428071242012805e-47,8.007671251988125372e-48,5.270961782882060929e-50,2.523614705938470621e-64,2.191327800840421033e-53,6.582084350034456845e-51,5.214890322587766412e-59,8.001767020928502323e-52,3.652768304707070411e-59,2.843075525462617165e-61,1.343286601531629899e-53,2.144516703902944907e-53,2.503742687654975493e-63,1.288910183363960430e-53,5.210693311015211698e-66,3.944661923572116306e-50,1.820617516018052216e-63,1.254449172143599331e-52,4.624077344913752367e-50,3.102093297858032712e-65,5.064197249699270648e-66,1.368866333949411231e-51,3.396538868154677005e-48,8.449540909400224716e-50,1.038860769615653300e-48,3.669729878270857717e-66,2.487280294929540717e-66,9.852357111523657264e-50,3.827176697527362467e-51,5.326514320671538813e-49,1.285940690851669246e-49,1.888463589418794351e-60,1.100616975394506440e-66,8.902203219116386493e-64,2.738188089358663267e-51,8.310350519988109790e-68,1.338937126481890547e-67,1.819964161313048260e-49,1.035002760406723458e-53,5.053667675598901901e-50,1.912047179878286640e-53,3.040973542394292644e-50,6.178878331586873233e-48,7.246487433092254239e-49,1.228248270595976136e-66,1.728338362721388243e-48,3.843238998463779195e-68,2.414644048293466617e-64,1.906228371307478006e-65,1.397316955995327246e-53,6.301197028883761228e-64,6.884218814559912449e-51,4.060399765963921280e-65,1.902829252447429673e-53,3.067977401208279224e-63,7.272502418737120083e-50,3.987882895423519576e-52,5.877829322874701043e-47,2.872204530355192991e-61,9.344507391681231464e-50,5.531939091023377354e-63,5.421096583794183575e-46,5.081786844635788082e-68,8.691846696204606028e-49,2.188032113827223430e-48,8.360367930300324018e-63,4.909840147109464973e-50,7.597335080527696355e-61,1.063838342814411425e-63,2.435750380711657253e-65,3.524017123570397833e-61,3.692882451900116306e-62,2.312747986781582328e-45
8.840930445791103790e-82,1.712581544379728826e-81,6.586576561553444886e-82,7.418225915827543851e-81,9.456470535959547830e-66,1.006945302666912964e-67,4.051350400146297596e-80,1.658680623192128828e-79,2.849214773097749907e-80,1.082844696706780598e-78,5.403381049651786820e-81,1.939776168757511006e-81,1.969711403803725760e-81,1.459812943649148630e-79,1.517690181441202058e-67,1.884163820118128744e-82,1.146467470738315107e-80,2.192023335469543358e-79,4.547178601549089261e-67,9.459716040449100554e-79,6.083951735480729407e-80,2.037566969970484645e-81,2.604832650620455817e-76,8.889435740136196472e-68,5.512163097573979738e-67,8.393522898658835926e-68,5.717028648936705182e-68,5.814562711332446723e-80,4.656924024098578723e-82,5.139203346205813813e-67,7.346231056057809761e-66,3.442896877059725465e-69,5.472385436127620071e-81,2.103237949179073361e-66,3.315275052460201744e-81,1.600792023099271816e-67,8.675723624279254261e-66,3.720441716772288248e-67,8.758747156316867080e-82,5.057726667712889108e-68,2.425324404957039161e-68,1.323142866389730533e-66,2.918167516378284786e-68,1.038244454677979922e-81,1.955449696834148630e-79,2.717852494296044374e-80,6.620415752211955670e-82,4.587887022192488747e-69,5.841384310563428469e-63,1.040617515795064049e-82,6.355060286244000139e-73,7.593669588519862174e-65,2.068234660478509640e-66,0.000000000000000000e+00,2.304774992324578169e-64,4.006637257575962933e-81,2.823879661580975724e-81,3.999999918098813834e-01,1.870366429130575550e-82,2.847695297193870041e-80,1.734113693078944749e-81,3.490035888777458635e-67,7.199745128735107056e-82,1.309542660578225881e-68,6.790675045056023609e-65,7.271163293703245742e-65,9.447098399607632372e-82,6.111879752083017823e-80,6.570330926162695255e-79,6.850555709876290975e-80,3.900443849916049324e-76,2.321932357099482193e-67,1.293958689726102198e-79,5.391815359454424775e-79,4.324606794448660563e-67,6.444515891999317595e-78,3.135920376342149524e-79,3.111711477984795908e-68,1.530684699719048883e-67,8.454916345075255895e-80,1.983859522823026088e-79,1.597434433747269027e-67,1.217258192898211398e-64,2.793328609171380816e-66,1.461163999643781724e-79,2.998487671270151540e-80,2.197628103371432553e-80,1.692033836266602845e-82,1.352046352676790886e-66,1.374811254537583205e-77,7.047969898486675424e-67,7.742756144687579061e-80,8.728124152026899623e-69,5.984017892548590581e-82,2.115252740454674166e-80,7.220288880484334575e-81,1.247910708157738800e-67,1.105225658913481630e-80,1.739647613494481708e-81,1.052602595165373936e-81,3.475832517622293428e-81,1.564626315250904607e-66,1.480352599826353334e-67,1.169729404047442590e-81,3.651167277639934384e-81,6.455373786263147283e-82,9.703230936180273944e-67,1.750914078538599506e-79,6.695267799985804138e-67,1.999050715794408370e-62,3.284876731939038507e-67,3.008879536905519887e-81,4.028128836503309049e-77,5.464469448088933503e-82,3.575275422338339683e-69,1.252339485493839247e-66,3.317702862285983421e-66,1.387006827542181877e-66,6.701785981416321314e-67,7.214893336629894307e-64,2.375382435038282545e-68,1.255031187713618005e-66,7.849191315661668160e-59,5.411497406726802905e-65,1.170641990846114747e-65,4.360573683457426852e-81,2.947980504246237706e-68,7.442607889314637070e-67,2.680647956776153940e-67,1.243642551076244959e-67,3.014427514139960737e-80,3.049294221843842422e-81,4.053236617390885770e-81,1.262444323662846602e-79,9.995266705548172971e-79,1.305671791585976021e-66,4.640866430601966558e-62,1.106653641106105854e-72,3.193441756626687982e-67,1.006065177954079405e-81,1.145658955430511206e-67,7.533405979532932817e-83,1.470608648004774561e-77,2.460403378837155947e-67,3.436396755182578335e-79,2.147230121001265344e-66,2.563992786166182976e-81,2.823675992104559661e-66,9.675320606260573273e-79,4.063545224951378298e-67,1.229225441670400915e-80,5.981148319560674978e-66,8.363809514347224720e-82,6.740531558425964253e-83,7.346723359065218903e-69,5.781595474391132217e-82,2.193851050007115860e-67,3.682629574432193379e-62,4.171185309497529742e-82,6.741214417610844583e-67,2.687781820139495848e-80,2.232682192717222747e-82,6.942077761683005956e-69,1.153912339751235190e-81,3.568571047034725980e-78,9.023868616214780025e-82,2.822938620979967400e-81,2.591760305434387996e-81,1.616057783899335275e-67,1.761742677306856810e-68,1.218494237253332863e-66,7.505678865456988814e-80,6.335365320209312835e-82,2.518053344414269016e-81,6.136297806771342276e-66,2.203125084131467257e-80,9.938981574218293989e-79,2.040650087124129206e-67,9.350676104393390243e-81,1.053612935864244231e-66,1.246541018199540206e-66,6.641773083316817440e-66,4.828608830832294187e-80,1.645077115730060144e-66,1.762930638175962001e-66,2.464399126593152136e-67,5.191584943917971081e-82,5.512078884265336428e-64,2.266168820886143586e-68,1.956555935333809932e-81,2.886667154665423583e-64,1.253406182211994376e-81,1.439297519338100244e-81,7.560805847098396942e-65,7.709073417714371780e-64,1.065281385059340839e-67,1.062937083921947956e-64,2.060679717094046159e-80,6.221167136151476672e-66,5.446205619206191406e-82,1.572468754660979501e-65,2.797538906787223348e-67,5.845815640259185111e-81,1.074164196733953783e-78,6.742216785247183373e-69,8.271686906191399352e-67,1.583145105766100084e-66,2.493439334347080952e-67,2.548817188101479012e-79,6.374217843763488480e-79,1.803581792945158808e-67,1.537560587053799118e-68,1.532581553234246873e-65,1.202814306583771705e-67,2.503399585268830099e-81,6.648794639894945645e-79,3.872399736372515501e-81,9.790891996540271695e-67,2.724619001040501434e-76,9.069199695900852020e-78,2.481090071494037597e-67,1.193230234785329526e-67,2.854699738068513839e-67,5.845058931964584270e-64,2.204102028800538274e-67,6.770211716041223560e-69,2.752406071715851831e-67,5.280833327850158671e-80,3.216041445455128126e-67,3.999999958398172129e-01,2.255916533668083205e-81,1.125638975369988666e-80,7.129413530877707880e-65,2.954234342626238276e-81,1.310637160713746731e-68,2.024519935142911485e-82,9.306648205602209454e-59,3.159706304698685873e-81,4.010107054542417669e-67,3.153630522736210948e-65,1.751008604465506534e-66,8.247275139036455421e-82,3.323496294194924790e-66,3.150371729913337190e-81,5.644901968128225324e-67,5.568570000546225529e-73,6.149869308273844720e-67,1.151037380728019882e-66,2.338860459602886223e-80,1.527857806905585867e-66,1.009087223070961384e-81,8.211314846420400847e-82,2.219930462589165597e-78,1.947132016179645489e-81,8.407010293002811723e-80,2.448971936858179948e-67
2.608732822206213432e-67,8.427738452123351646e-67,2.519998932674355637e-67,9.760392951999973059e-66,8.641811864351618720e-51,2.358728296060299031e-61,4.004339420140572847e-62,2.289264973618141531e-62,1.430532700255398401e-64,1.540220314292663162e-63,2.202771567501553641e-66,4.961138918485398551e-67,5.407569653982173595e-67,7.751422034659973736e-63,3.668475536620542978e-53,4.593587355104916044e-68,3.802388626402487868e-65,1.135174663775430178e-64,1.499374292348073381e-52,7.748462019254011856e-64,4.777744789626283397e-62,6.284824270420845580e-67,2.231436589678436201e-65,2.058371963929123173e-53,4.950505765143889215e-51,1.538659851166568539e-61,4.727348935521570152e-52,6.982282964575750693e-62,1.291559124796714210e-67,2.506658492275108531e-52,5.600883820852438484e-51,1.074928907387304774e-54,2.254353695245006091e-66,8.466600692640316528e-52,1.490475588697463709e-66,3.845185716147471209e-53,1.001374021911505810e-50,2.374816361069651820e-52,3.372805692475030637e-67,3.170424921930771112e-52,9.786658560511126345e-54,3.679641748014577388e-52,8.721012093641617534e-54,7.586493222466980654e-67,9.646755354152804974e-60,1.676830078435488232e-64,2.341937850784921543e-67,1.188643560514655785e-54,2.272532607281785308e-50,2.328065904490736781e-68,8.937744989746761144e-66,1.909615700561711022e-50,1.097784028577896817e-51,2.304774992324578169e-64,0.000000000000000000e+00,3.129924902365743895e-66,1.338646766110169537e-66,3.653289927277587511e-66,2.981627563255773172e-68,2.413154403541023805e-64,8.593627569915085886e-67,1.203785774756147330e-52,2.804733409775871931e-67,3.461769476625529757e-54,8.812909200406338310e-50,2.655104001047537088e-48,4.050766279324552550e-67,1.029458656632328911e-63,2.926299243318260472e-63,7.531329518228715368e-62,2.008084549511784843e-65,6.989737777242086090e-53,1.442572582819077913e-59,2.805582070009475127e-63,1.870412463769785300e-52,1.032137111239878210e-64,1.114099849979262554e-64,8.868345261408428959e-54,7.011623130998504862e-53,3.363325263402229336e-63,7.281358603884063896e-64,3.850149262243561482e-53,4.443661105137713213e-48,3.897518571885625378e-50,1.127327949517570631e-59,9.892640894028341807e-66,1.980074604442424469e-64,4.391213658767092576e-68,4.185277125673250528e-52,1.181896218200831264e-64,2.169147787851601985e-52,9.488281410337108216e-62,3.709602311580434710e-54,1.533100268201022730e-67,6.271264850423722103e-66,5.898005982154994658e-66,3.310678943355940876e-53,2.402108799425656486e-65,9.200066672010534618e-67,3.866728070584362755e-67,1.070825060631023497e-66,9.094590791757706585e-52,3.161864986966849859e-53,5.917403931480572238e-67,1.024690119848223492e-66,1.994739884120957417e-67,3.627876038075822559e-52,2.592091263149901486e-62,2.467328776897686587e-52,1.948843794465183560e-50,1.169052666378996296e-52,9.077537251433042389e-67,7.918937456949806851e-64,1.646372484497554218e-67,1.428787686632329938e-54,8.714015610016335737e-52,2.878629194620080140e-50,1.043297895807404411e-51,3.165921453464057264e-52,1.340145271323378794e-50,1.020374051720575769e-53,6.265406399915503975e-52,3.834832423926765687e-51,8.153081426266301801e-50,8.942321052376920512e-51,1.295726442732752559e-66,8.808562920994679675e-54,3.683377476172743082e-52,5.715616290038653463e-53,2.360253549372211630e-53,6.266366070166303644e-64,1.033722217588766914e-66,2.153509088013864025e-66,6.303704513629353353e-64,5.748045299691331155e-64,6.435247460748836786e-52,6.044698986668415570e-51,7.678732722331519093e-66,1.592952861379670952e-52,4.358619309213752949e-67,2.385063107583907373e-61,1.605766187587773393e-68,8.138255383804283600e-65,7.033793417874358728e-53,1.500075556118140344e-62,5.327065399159342928e-52,1.156636358593010876e-66,1.809875734054926893e-51,3.752108583009516339e-63,9.243792772455237400e-53,3.234677529969793468e-66,3.289930762184199385e-48,2.475667794041873425e-67,1.784196329237238139e-68,2.916773414510442306e-54,2.261059858837285350e-67,3.469727213466324065e-53,1.755282218558747175e-50,1.173651995511464022e-67,2.717777051086861656e-52,7.797415553399530012e-64,7.176812133508242569e-68,3.060794475298010427e-54,5.881711363833149287e-67,2.984817505977163557e-64,2.285253345114532408e-67,1.665145585621757000e-66,1.095483080696571293e-66,7.545204978033986846e-53,7.042516912493457371e-54,6.280460764921016625e-52,4.225448506620831294e-63,1.375242737694440651e-67,1.410755785323855260e-66,2.661138101681459335e-51,4.305945545454063612e-64,2.118776286054530226e-62,3.102544326229512116e-53,8.767559944591774747e-66,5.479847912359627104e-52,4.076964993718077033e-52,5.149511670854882802e-48,4.919092175924927478e-62,4.777886330387359745e-52,6.468754483817807626e-52,6.684436222548993513e-53,1.797035467789349114e-67,1.473481645813118634e-50,6.424589898188748051e-54,8.246430391294018440e-67,1.367735943276634062e-38,4.815744768727244420e-67,4.765277674082606342e-67,1.949939290842990715e-50,1.500273980509994539e-50,2.147982057737790621e-61,1.417463966199544111e-50,1.168596084008859303e-64,6.768738745401345811e-51,1.685265059239460743e-67,4.027840401980993922e-48,4.677117047078563126e-53,2.099594335691892855e-66,6.926000755230248409e-59,4.302665289363622265e-54,2.040212354706907508e-52,8.870403240917852083e-52,6.379936191690923189e-53,1.100947611975864463e-59,2.972201236221366675e-59,4.010088592108713520e-53,5.273421789350525009e-54,1.576714130232942961e-50,2.702852290545044215e-53,8.633680987619202713e-67,9.538818577911875018e-62,4.729083096028971221e-66,7.077778039835609923e-52,2.214362360665984221e-65,7.029062493800617329e-65,7.392292110104622954e-53,4.925552993006428476e-52,5.449331528187617086e-53,1.431512032222367739e-50,3.953532870928620024e-53,2.395585034104823246e-54,5.394931589527791094e-53,1.158535906045527058e-63,7.077484761312624230e-53,4.168744077399623598e-66,6.516661403771897736e-67,2.646282092226430768e-65,2.254471853686288526e-50,8.560705106494789494e-67,6.331087029996205523e-54,5.205694185291960854e-68,2.664581910669072464e-51,1.506752645558312531e-66,9.986145187300456730e-53,5.176372468153827718e-48,5.107626072666890274e-52,2.699549193219381818e-67,2.271837731077212848e-51,2.150363063261072605e-66,2.017742824157815224e-52,6.423199154092332432e-66,1.621186268919856274e-52,5.801642742403678128e-52,1.748273725650218365e-65,1.087078480472012824e-51,3.545314056972872324e-67,1.685345584651252215e-67,1.869841077745982365e-61,1.245988420297837921e-66,5.057281285605562256e-65,7.875118322020593921e-53
3.244915977657991505e-79,2.797648282149326339e-77,4.377555448549816245e-80,4.210856604817458710e-76,5.692087288702127332e-64,4.788272585207488012e-78,4.810649330870684114e-81,1.233784810258294769e-81,4.571623078369006212e-80,9.358855565609243293e-82,5.236362990026619018e-80,9.715621984624167233e-80,8.886583272478471699e-80,1.010985114442855790e-80,4.550402874623086382e-66,1.969386852612856235e-81,9.596850784793785489e-80,2.151935346600861855e-77,2.840286729278778966e-64,6.035784183664594664e-82,5.849571878614888821e-81,4.892478433961930973e-79,1.761078558623001543e-82,5.469644382988585177e-67,5.280384571702315444e-68,3.331956360767681346e-78,1.164541395082164909e-68,4.211063197549894044e-81,1.177174860097305508e-80,1.086507433578777094e-63,3.595716396383901894e-64,9.812551815634067463e-67,5.319623116184438765e-78,3.045758287921330217e-63,1.009804667017625344e-76,3.810047776492956725e-66,2.801051952574387980e-64,2.937176009668816313e-63,6.695246306001073575e-79,1.103681063273353686e-68,1.354414503294994530e-64,3.990411124900356707e-64,1.730948948989505766e-66,4.656979056080311391e-78,1.746494708293348285e-81,2.480420504270170792e-80,2.285567235156590025e-80,1.154778200011916619e-66,1.071280550265626159e-67,8.486546201795877960e-82,1.159501001323158968e-82,2.284626381289634101e-68,4.340586143993074716e-63,4.006637257575962933e-81,3.129924902365743895e-66,0.000000000000000000e+00,5.280062701252418101e-78,6.909937817278949083e-83,1.108042838387604342e-81,1.548306027992212119e-80,3.086992032574196003e-77,2.742017885331057859e-65,6.114029734861659576e-80,2.665223996059075384e-67,7.749220271531785325e-65,5.935780463509568056e-66,8.718421129870594443e-79,2.344487450024845712e-81,8.358674507458508460e-82,6.942622861459259095e-81,1.834038253334012831e-82,6.012097296020428448e-66,2.225623276683235619e-81,8.081652094446372706e-82,3.452240097392690419e-63,3.117260459296667577e-82,1.479887216234110250e-75,2.115705298374647383e-66,2.071458900176358107e-63,2.342627589816169756e-81,6.275441239002423482e-82,3.141800992162605013e-66,1.389258052046002602e-65,6.404222602989405763e-69,1.595308108391706450e-81,1.434884575471738745e-79,8.286093149422632743e-80,1.742401902678806063e-81,6.005758476356316516e-64,4.867443763724531789e-82,2.852972810314216917e-65,4.672457216549310675e-81,4.400018956938917847e-65,3.458633242170847248e-80,5.136387534543168800e-78,2.756524656247964619e-78,1.112906020710132775e-65,2.480501421027043618e-79,2.273072006203378188e-77,1.526930657146869472e-79,1.866431572640815095e-78,7.077423738005142444e-59,3.460553572255749304e-66,3.567184436145677957e-78,4.667729934897057340e-78,7.149410456221252030e-80,1.325549563186637708e-63,1.119305108546074644e-81,6.329076129370551456e-65,1.192835394015593088e-67,2.601537587313406344e-65,2.067608328030252571e-78,2.151746537987912889e-81,4.358432260773305203e-80,1.269743993569950285e-66,1.466598540875120721e-59,5.638969406819764258e-69,3.189144779932032267e-63,1.712288922162267018e-63,4.059866601799787755e-68,4.008730487098545878e-65,3.700029078726122439e-61,4.849716051015513405e-68,1.542276207821580264e-65,1.113066409878116581e-61,1.188922271522306144e-77,7.143638671693121753e-67,1.378908929518921120e-63,1.452024461784710861e-65,7.413431250533875420e-67,1.060934404967416111e-80,5.815449945512212217e-77,1.912129488269414242e-76,8.447640492839479102e-82,5.375094559903947978e-82,1.277687235265071402e-59,4.747475453898478123e-68,1.396214689528088271e-82,1.280182380562059764e-63,1.530861193335930088e-78,5.008231440633734035e-78,6.203353228057652732e-82,3.506841814181290321e-82,2.080183703482789371e-64,5.799456953306063124e-80,1.810036557727800220e-64,3.251359292265479019e-76,3.916541599687458035e-66,1.310439385852175436e-81,1.460381961513798124e-64,5.401218446706247445e-79,1.567059765065857499e-67,1.064589706303645596e-79,5.716341440233074043e-82,2.197526824938519271e-65,6.278774058561811853e-80,3.642265025062590903e-66,1.103618430056691697e-67,7.661718014383235539e-81,3.617481522224650412e-65,1.161538100225057711e-80,5.015665969689286358e-81,1.967123780120070883e-65,3.686142527532244924e-78,5.615039749470016461e-82,9.631150570365150337e-80,4.000000007115062650e-01,3.538174298610678533e-77,1.753765613799976854e-63,4.703384834628721139e-65,3.723797322570877656e-63,2.188826842571960317e-81,3.273935907206640612e-80,1.168184269867041577e-76,1.443348596335088649e-63,2.535497918590418037e-80,4.394848081299773475e-81,1.780660544788540608e-66,4.406373919912623368e-78,1.118067092968122851e-60,2.425145855202337145e-64,2.074796702622347395e-67,4.818837992000061699e-81,3.234322938042857584e-64,3.224160705641755574e-64,4.778381189484217990e-66,1.723380422715803232e-80,4.111447427400634978e-68,5.460861257992372476e-67,2.088037009337283901e-78,1.889723099644414258e-66,1.856204961905219141e-78,2.488969388690935826e-78,2.313071203222865107e-68,4.352636912175536352e-68,4.681908086613700401e-78,2.335525821103200085e-68,1.469783721167665867e-80,3.353553591146180996e-64,5.520445637886895298e-80,2.854550914965054618e-67,3.455586775965320950e-66,9.359973493039480195e-80,1.363517800956405482e-80,7.406640036096169149e-65,9.481942442193059863e-65,1.325239538834917791e-63,2.033753058332761805e-65,8.543773211359540442e-81,5.941052757387510367e-81,5.101024282381646694e-66,3.833174015866410029e-67,5.202485193448760624e-62,5.695066222692669318e-66,4.403276713434727858e-78,2.065974004826638243e-81,9.429307202574408748e-76,8.911573029421590390e-66,1.754861035438381432e-82,2.555273461738329222e-82,9.915220035566150183e-66,2.270003862468406550e-68,3.735534527122144826e-66,3.827912150456025806e-68,2.298965468627311712e-66,3.367243417281647211e-66,2.933962717870018695e-65,2.624418260073690833e-81,4.673269241863224925e-65,7.494435152436618011e-83,6.258141802249317884e-79,1.064631472723289700e-79,2.725275126456951665e-68,2.942578019805623725e-78,2.131411865446844734e-64,3.493002265636164779e-81,3.356787207214453683e-68,1.166609979006533606e-75,6.087757401136988543e-66,9.531466366096032094e-67,3.474209677033488168e-64,3.350684987894662166e-79,2.188329249218229436e-63,3.999999993478694504e-01,2.825195457084999350e-63,8.550711959372040685e-83,3.257270321816934192e-65,7.386880012056440743e-61,7.233560664229887417e-74,1.802159185689466940e-63,5.234294472064957420e-79,5.642827391546028257e-80,5.149712643351364211e-80,5.175398849654535615e-77,9.284700153461676999e-75,1.766560516075500886e-64
1.665223995831222952e-79,1.847215786232384808e-78,1.674788521470512748e-80,3.170242176001256570e-78,1.484333795464455162e-63,3.098252726990023477e-78,2.357641679743692361e-81,1.536414549874023159e-81,5.928735975353242565e-80,8.900448583378266929e-82,5.697135230546439644e-79,6.635531621907272498e-80,6.054309226796026873e-80,9.137892966316549873e-81,4.568016430331567922e-66,1.161185162580784755e-81,9.587411150983366342e-80,1.857463446750675144e-76,7.529694387807988490e-65,5.611558394741454644e-82,3.820945269736522524e-81,1.335947515691118871e-75,1.745731800698132156e-82,5.431709409421035441e-67,7.899925697352058033e-68,2.602500557467206292e-78,1.628054133987706667e-68,1.635552767812288929e-81,7.188813528132417312e-81,1.064924491852719931e-64,1.753891404656876610e-63,4.131112661980385743e-67,1.437143296647185618e-78,4.871170870972879803e-64,4.207596114117868748e-76,3.842338810885398596e-66,4.592042873271952703e-64,1.362844705508264680e-64,2.166771297698854912e-79,1.781440888716692234e-68,6.301051683704622405e-62,8.191144609782548001e-64,1.731662069862980065e-66,1.509388177959151746e-79,1.189611896220811757e-81,3.400695729846470072e-80,8.713495965936219136e-81,8.481182104169633661e-67,8.079030820204270548e-68,8.095693630100137341e-82,9.354900239118956333e-83,2.094875297882181018e-68,6.759039025053274409e-64,2.823879661580975724e-81,1.338646766110169537e-66,5.280062701252418101e-78,0.000000000000000000e+00,5.596936766235977148e-83,1.829533262511171035e-81,1.728438609978836813e-80,3.922512616581285715e-78,1.448996649955489740e-65,1.942274619961588166e-80,1.322008981172315257e-67,2.766552558857378380e-64,6.807512842236617983e-66,1.980507259275218221e-79,3.777899493092310959e-81,5.416224059244606864e-82,4.467411524454986069e-81,1.227496457856969980e-82,5.695928850726608928e-66,1.467724467963318766e-81,5.798051016917998924e-82,2.782130801293013581e-64,1.581374385032153067e-82,3.999999937593183286e-01,2.047451899300665135e-66,1.910922633269856077e-62,2.451376007316770590e-81,1.125488665460896695e-81,2.161794190796563719e-66,1.393208969668089462e-65,4.895781382293503991e-69,1.141006638744492184e-81,1.288894068985029461e-78,5.658540390363350077e-80,1.284175556722416989e-81,9.234230987234852218e-64,3.255281718811956410e-82,1.550885786829329177e-65,3.535002746350046703e-81,2.693983181679456407e-63,3.733164752586544300e-80,1.919146311586053536e-70,7.051293531926319104e-78,2.617168512051387775e-65,2.130288090679817698e-79,1.638219241316638314e-78,7.465940750849925214e-80,7.248546954933333930e-75,1.283472840846864188e-62,3.573696151969554112e-66,2.106334337536281737e-79,4.000000337109461679e-01,3.281897533376445177e-80,1.089488135015880237e-60,1.358527252357518666e-81,1.479232646244274885e-65,1.531555174513172672e-67,1.472457574041445613e-65,1.174308096174524989e-70,1.414981660477820326e-81,2.860950253222395831e-80,5.372836387559545270e-67,5.468581311829302421e-63,3.207543108868985417e-69,1.347728733875719864e-62,1.291785287635101649e-64,3.052022933065222367e-68,9.737941561096487310e-66,7.106360066217274487e-63,4.468384950630944481e-68,4.399653446549985994e-65,1.374525866666441701e-62,3.488128900423476298e-77,4.294212906092047450e-67,9.674387004049045899e-61,8.488634332868681868e-66,8.050051484990292086e-67,7.603431573679901668e-81,1.113219728160029533e-77,3.712256687882641641e-76,1.649411704515362675e-81,5.887308383747624597e-82,9.926586927698954518e-63,3.785888631648182112e-68,1.433834720150256975e-82,9.422011727480106474e-65,3.969691785212175209e-79,3.419997019251866367e-78,3.464793705776045496e-82,2.682196533722199966e-82,6.846636472545740639e-65,4.478330560614352528e-80,3.056700624146192344e-64,1.067354291742637663e-76,2.734946217739550972e-65,9.707123285627057795e-82,1.175164337890225405e-64,5.318872352426573911e-79,1.550003767550814876e-67,3.119799581604713547e-79,3.510445303279684596e-82,4.720588708319066766e-66,3.961570012726153758e-80,6.482214324485108162e-66,7.947206132696883965e-68,4.334759167039819873e-81,1.589017880455684215e-65,7.326865953896520383e-81,2.817246585876836193e-81,3.594089594051273116e-66,2.515507888892361888e-79,2.363666647420559743e-82,3.500895469471903262e-79,4.239630014825050601e-78,3.853835736048872041e-78,1.836043780942442884e-62,1.711921860037213972e-65,3.313397884186285474e-61,2.540312788391427826e-81,3.134536063548843280e-80,2.650508978172833090e-76,6.491685102557444918e-62,1.856751599870207045e-80,5.345035241841858443e-81,2.390874239276420251e-66,6.108761887377440642e-78,2.318442751176763786e-62,2.138710060539546861e-64,1.866651998992196421e-67,2.504121410685425975e-81,9.577338945796562779e-65,5.316356171566711737e-64,3.166789183717755235e-66,9.030459845002028526e-81,4.047374407070347187e-68,2.629439065680796315e-67,8.807862385906117901e-79,1.085333992637419613e-66,7.144983698456333371e-79,2.366262355893496967e-78,2.270202940075178390e-68,3.340032251938266803e-68,3.190381213448847053e-78,2.375572009984055861e-68,1.702915666596930160e-80,7.590480323881822417e-64,2.729696697913554700e-80,2.434052575547083385e-67,3.889578244722783986e-66,1.216893950097661478e-78,8.315836662811964200e-81,2.229115275385281016e-63,1.354602654214074808e-64,4.535719302311843011e-61,1.425944100679284902e-65,6.686377231063471222e-81,4.970760945471721989e-81,3.725587836458405178e-66,1.348555242959439430e-67,8.728995475657174462e-63,1.616841451374617746e-65,3.197027611527399990e-78,2.217927248612346299e-81,3.240032646491823773e-78,5.640794658047851550e-65,1.163186815009333980e-82,2.122101998098356552e-82,6.281523213447639377e-66,4.132650990913877531e-68,4.542351171893709135e-66,3.342397919523007847e-68,2.922344418045847145e-66,1.026436993903840945e-66,5.951625825902642408e-65,3.317604910674862401e-81,7.753743081941210657e-65,4.740379165305280561e-83,1.637565215367995160e-75,1.135909803022961031e-79,3.066005461760834453e-68,1.347489521194905427e-70,4.851216238133549816e-63,2.316419947833302984e-81,3.322535765547797678e-68,7.099066548515929850e-77,5.251578274141071037e-66,8.538478088026288071e-67,1.232327776593933829e-64,1.146146126970944538e-79,1.109799119425161207e-62,1.306300042762767375e-77,3.675074536344714518e-64,7.830118220461942462e-83,1.506629417567950066e-65,1.742582290094817062e-62,3.324273796299441458e-77,3.409760615275669510e-63,1.271005953149175535e-79,2.165529123454789133e-79,6.641604990197540502e-80,1.735401173594796353e-78,2.339072000180303620e-75,6.086727244105352754e-65
1.577545710919584589e-83,2.998267309476919823e-83,1.063862178580538638e-83,1.345169493737504638e-82,1.582587788221998960e-67,2.842501021011972763e-67,6.801529127017595990e-82,3.149712982913490183e-81,4.673940076834824495e-82,1.642650658000784376e-80,1.037361976426945850e-82,2.985096025389418052e-83,3.366582950847670907e-83,2.393318742925797131e-81,2.606585317871970082e-69,3.113136763529976910e-84,2.177462652614174605e-82,3.564944284362140272e-81,7.544026585113342047e-69,1.390349963483064821e-80,1.007817631114814249e-81,4.184483731161084092e-83,1.144045255811396270e-78,1.611412621223735190e-69,8.334852276792790451e-69,2.621001505048995207e-67,9.838706157012590903e-70,9.691388913421026330e-82,8.098607918227839814e-84,8.716915667952269205e-69,1.364646749546085899e-67,5.556565103015909445e-71,1.062653740273569776e-82,3.633349372669734921e-68,5.753639825802488754e-83,2.651205158851672662e-69,1.547123553170088214e-67,6.515794705149181807e-69,1.575912532014434983e-83,9.179668839233091957e-70,4.368016633886972960e-70,2.277889248505868686e-68,5.363161753380838602e-70,1.790558387666499742e-83,2.940250868927825833e-81,5.329543923322681482e-82,1.026305351056747289e-83,8.058298120583980660e-71,5.875831559025332958e-65,1.784415573297561669e-84,1.653705705901774457e-77,1.054913904594898998e-66,3.786336753277824620e-68,3.999999918098813834e-01,3.653289927277587511e-66,6.909937817278949083e-83,5.596936766235977148e-83,0.000000000000000000e+00,3.198568103907240967e-84,5.031355027098096093e-82,3.195797645144561825e-83,6.459956692721992677e-69,1.199815008844833712e-83,2.085459647191386195e-70,1.376338261710638156e-66,1.111845368098004828e-66,1.686220242862497113e-83,1.129197191879202778e-81,9.275685535575030150e-81,1.247801205286497345e-81,1.450411143565040462e-78,4.448206753275699965e-69,2.166819253619756780e-81,8.443576459034240022e-81,7.050613379602673739e-69,7.514428230624044813e-80,5.450318052878355206e-81,5.161426374256355915e-70,2.430469043189294288e-69,1.233198449332972246e-81,3.302778669153964141e-81,2.654069876679887801e-69,1.846951540208708777e-66,4.584704406950669458e-68,2.231661693463580993e-81,5.458527909680819581e-82,4.157561320942510946e-82,2.982023105468578347e-84,2.452800132326247856e-68,1.481511097694201001e-79,1.164504714099700853e-68,1.357890205999455291e-81,1.293961416060799010e-70,9.680851351954545268e-84,3.356990640744875693e-82,1.332071322038744357e-82,2.229337972688354610e-69,2.019032124232399582e-82,3.134015856340756028e-83,1.743077599147943615e-83,6.521022326954253718e-83,2.692649092797186986e-68,2.461789328092811496e-69,1.813509057342426548e-83,6.226529340464408725e-83,1.096005051428930639e-83,1.537521565516708076e-68,2.968748973047093022e-81,1.143660125859374219e-68,1.660350347582714844e-64,6.208643668282491154e-69,4.897183668686704246e-83,4.575826243000675422e-79,1.004005891164117230e-83,6.738322143183049656e-71,2.205041820396555955e-68,5.025811521875035118e-68,2.380931402464166378e-68,1.152046015248871614e-68,8.335679695919212081e-66,3.925943466978450710e-70,2.215162892454017089e-68,1.629939570987574697e-63,9.343017434229995831e-67,2.035094577015216771e-67,7.901633828414329006e-83,4.788615234147171042e-70,1.354014190879107171e-68,3.698790849750571071e-69,2.169087776633296103e-69,4.581451779295854253e-82,4.786226060527246588e-83,7.121099689327730692e-83,1.978157016195264153e-81,1.412380734549403452e-80,2.158199070085369406e-68,2.194984897156449044e-64,2.009095316232059889e-77,5.089260264700649774e-69,1.897456596121680314e-83,3.104130245134364052e-67,1.171251999477302364e-84,1.356335405768410579e-79,3.815446076786192704e-69,5.108026576062489455e-81,3.755378108931095597e-68,4.726419133879745127e-83,5.569176008848782386e-68,1.508592547884849644e-80,6.399253029591522671e-69,2.217651346082203346e-82,1.016803589075967162e-67,1.598608256700196512e-83,1.110967661045593314e-84,1.282071262886350080e-70,1.080786654598763942e-83,3.360360427793452289e-69,2.525044251297660936e-64,7.313569905591977097e-84,1.210436682945813729e-68,4.164149736038813327e-82,3.657558506408972196e-84,1.149477048183407823e-70,1.968936305768176303e-83,4.123921508498959547e-80,1.649504855670269116e-83,4.658896010921359041e-83,4.206943564350225916e-83,2.800828415629352963e-69,3.121323447648817248e-70,2.041581148800829300e-68,1.156637919424357357e-81,9.999370505693540078e-84,4.258621786791809406e-83,1.026919870575627013e-67,4.178760365899402543e-82,1.429526946602349870e-80,3.224964964444091513e-69,1.462245499148194854e-82,2.021532292678980621e-68,2.357987474155142686e-68,1.070396791237188435e-67,8.524386996443291178e-82,2.756149303691922493e-68,3.611632035778880664e-68,4.150938956884156153e-69,8.321548770499267227e-84,6.511657322489744239e-66,3.712162824115201529e-70,3.720108083488560048e-83,4.806847166706523100e-66,2.382995277706477276e-83,2.602358997907020866e-83,1.028072898879351969e-66,7.809095744823452420e-66,2.943238882101899710e-67,1.437856314762579289e-66,3.457529242391312764e-82,1.212152543495090512e-67,9.041338364769635001e-84,2.432825033116635928e-67,4.481339471092269595e-69,1.076299032087832316e-82,1.554979330405584534e-80,1.354367871527449278e-70,1.309454581415939013e-68,2.838762894595317527e-68,4.207511976383715229e-69,4.634675883333171191e-81,9.618373105968780017e-81,3.102934263949181790e-69,2.584817546801726949e-70,2.622111387341026282e-67,2.128688234402094231e-69,4.855285706736695356e-83,1.017670308799326187e-80,7.467499666404474404e-83,1.922894560628537824e-68,1.238815284033655466e-78,9.559808157875526563e-80,4.209015873133916306e-69,2.026845675625108537e-69,5.148636118532028850e-69,6.522965152932844661e-66,3.413779423068594513e-69,1.120229808655548256e-70,4.389097315950002941e-69,8.595207196433181783e-82,5.075100074430557349e-69,4.000000123334263580e-01,4.237535506595588613e-83,1.876370943120916382e-82,9.578297653824454821e-67,5.197268842925174097e-83,2.572917273982133080e-70,3.396310974600888054e-84,2.204927394935981071e-63,5.565439935590899988e-83,6.621900068834440702e-69,4.934316706617676521e-67,2.806545716125743698e-68,1.352968671743533960e-83,5.755758301778666061e-68,5.638797570164137005e-83,8.431435896589401818e-69,9.367206692964579655e-78,9.665760219250748638e-69,2.122668473460318331e-68,3.942169239002716068e-82,2.452655664058672287e-68,1.723427690305558755e-83,1.488038621895133050e-83,3.589602625300583414e-80,3.445944476432166166e-83,1.446001512237815211e-81,4.493877345273418442e-69
8.090980869873147025e-81,2.144461500260136075e-81,9.528657663208230047e-80,5.004179834639856129e-82,3.735262459135184647e-67,1.669290551932241845e-79,3.754598312942997362e-83,4.017293530734916543e-83,2.839005433425185220e-82,2.981872704322929791e-83,5.706543510512694449e-82,2.787127089999168952e-79,5.433642430581222803e-79,1.656222784573727639e-82,8.606587156969153558e-65,8.236162999598651308e-78,1.924164414352447470e-82,1.582993831727224234e-80,2.067632078417598432e-66,2.079150510024718116e-83,5.935707192337501080e-83,1.912710201447887014e-81,9.547163564867754541e-84,3.994194411326784048e-60,1.331452625070718657e-69,1.544831050551743780e-79,2.072601121320422330e-70,2.978824125180278504e-83,5.253988247511482246e-79,2.101683270924627300e-66,4.359894151897102115e-67,6.225763188971416473e-68,4.126092892583878560e-80,9.471306004313417584e-66,2.013652283942187322e-81,1.572077551417273129e-64,2.569343018956431546e-67,7.856353200736240281e-67,7.891460496256782974e-81,2.076570664242726757e-70,1.277943559080536400e-68,1.068230412677370988e-65,5.910820758814423687e-66,1.816519533229982291e-81,3.070590527232782940e-83,2.172953556641686632e-82,3.938848385927951594e-79,6.983549265506617230e-68,3.994776749214108359e-69,4.000000003213532995e-01,4.825508533516532180e-84,8.746863930131700504e-70,1.083446009579086974e-65,1.870366429130575550e-82,2.981627563255773172e-68,1.108042838387604342e-81,1.829533262511171035e-81,3.198568103907240967e-84,0.000000000000000000e+00,1.641742856050837383e-82,3.299594898809532704e-81,4.880155212322221676e-65,6.885342052928189184e-80,2.766383412162334663e-65,1.262112692413274475e-66,1.139201368668465987e-67,8.301968671625963004e-81,7.985766242274369002e-83,1.743167937472821117e-83,7.148731730045578904e-83,6.645689577677087474e-84,5.257894742169455755e-64,3.513460926558051695e-83,1.758686296161594531e-83,6.148181349252685030e-67,6.041531032652137396e-84,3.444024210509996630e-79,4.044339905133728705e-66,3.859380757373307014e-68,6.234096337710316300e-83,3.926397342118585606e-83,3.192730188077579640e-64,2.290066489448258844e-67,1.423162639025737701e-70,2.753421564168568579e-83,1.941222158635310697e-81,2.047652712690289853e-82,3.999999992181534902e-01,1.111921842023472717e-65,1.524852956823811641e-83,3.439448859169499572e-64,6.460804957822526009e-83,2.175484476663315979e-69,7.889940022002037051e-80,6.666910014794908785e-81,5.423826170161506292e-82,3.989066280173278121e-66,2.318784125745317700e-82,2.480108120734935278e-81,4.954606031304870983e-80,3.270937632875283606e-81,6.117578441916432922e-67,1.421438938305452427e-64,2.488114348427597273e-81,2.971484860959774333e-81,3.870874317051748216e-80,2.274721609056627281e-67,3.570278942673680338e-83,3.235932390794874401e-65,7.837759151513682605e-69,5.006622654684702005e-65,1.323049732853896822e-81,5.584334754910279457e-83,4.514871084453139528e-80,8.663539155202280634e-68,8.777879021501150431e-67,9.874195118390846187e-71,1.767599701742202233e-67,1.075484205686077167e-66,1.363031600486031844e-69,1.390859089951721011e-67,1.647733986576495146e-66,2.778231181920618543e-69,4.422923194587416689e-67,9.450266467997280913e-67,1.187954049935034712e-80,4.896821468376068259e-65,2.226074476602041825e-67,1.706387002695762251e-65,4.060012186309828425e-60,9.011109929970684729e-83,4.233321920719822703e-81,1.823907095998005702e-81,5.830228958137769488e-83,2.259402625877290509e-83,7.051744990606516180e-67,1.948320200217839794e-69,9.998531633052002366e-84,9.808524273911825283e-67,3.480835363430852762e-81,1.992038430281451537e-79,3.050748026921537935e-78,1.297180807997232767e-83,9.150844552250852082e-67,6.249638621725940056e-82,1.068344234487931377e-64,1.867586675687579068e-81,9.061444332110167845e-68,3.048499885372300756e-83,2.572647992235543373e-66,3.737570136301311905e-78,3.084528985343264115e-69,1.279471995056112754e-80,7.011341470252979878e-78,2.016756829388088310e-68,5.127279262377371514e-80,1.718761972479862385e-64,3.519630347345108521e-69,1.635837673203123704e-78,2.415017862940246941e-64,8.052681873356815435e-83,7.201837119307107885e-79,3.154741715008166345e-68,3.093489361123135496e-81,9.155811804906389040e-84,1.058621251619836455e-80,1.150988653782874878e-81,4.291996724282645724e-81,3.926432790499614370e-68,7.392096398922652511e-68,2.508875740031672948e-67,5.400329866549975145e-83,7.566218855028982875e-80,1.394739543603121070e-81,8.087887177599468567e-67,1.324138658470885152e-82,1.738439764976671332e-82,3.115530736755585145e-63,4.951472899562561570e-82,1.061060733303013781e-66,4.357074522187195986e-65,3.875246242032421069e-69,4.107481614612695914e-83,2.081218181892601280e-65,4.493811950712009636e-65,9.282084931052714878e-64,3.949992506512632871e-79,1.660743232246397639e-69,2.789236844543574377e-65,1.184187164091512054e-80,2.795272496151066456e-68,5.181087068638283509e-81,5.624358072320034444e-81,9.020544349071436310e-70,1.434124210341215972e-69,1.771624556600944258e-79,1.006098692890150926e-69,1.406412495811459503e-82,2.692273389433881947e-67,4.136511265760446842e-80,5.928664820014246668e-69,1.179571925640384559e-63,7.054344510296191014e-82,2.192039518152070306e-82,2.302224476928299683e-69,2.172929977550571008e-65,3.742751890182282825e-67,1.234572237124902577e-65,1.325819881512685120e-82,1.303170599582968908e-82,9.969093918291852284e-65,2.296437281009956811e-65,8.777585233248188956e-67,8.262074635133668636e-66,1.033016398078815110e-80,6.748369982431442658e-83,5.347099684499121732e-82,5.098252236749234496e-68,5.503079079521383420e-84,8.304464417226006750e-84,9.707699667578274107e-65,5.463788547608960780e-70,1.311932951577577664e-63,1.469485645700115205e-69,1.708459257274500735e-63,8.309877178866938661e-68,4.309174835545352477e-66,6.254459448068720480e-83,4.871285616838201630e-66,2.811205820587801676e-84,1.943161398631352683e-81,2.044062195494120539e-82,1.206584157307201519e-69,1.623816932372617662e-81,7.255903408059869044e-69,7.124656413949655680e-79,1.798583105140339843e-69,1.458617261977539886e-81,2.000898900585818825e-63,1.794735322232578203e-68,1.671643331930561159e-65,8.372964255215486735e-81,3.414800320355977150e-67,1.297457617656174443e-81,8.675125755639324132e-67,4.548992234974247441e-84,6.043614141056665266e-65,9.233136982025402735e-67,3.845011555772848636e-81,1.276490959232429981e-67,7.257268049564388242e-81,1.724146392237056347e-80,1.402033751802073313e-81,2.492198960512797237e-81,2.461916382443857100e-80,1.079605163991804076e-66
2.133939323567299069e-81,6.309581588209649737e-81,7.954299135921927882e-82,5.027509579960039289e-80,1.740121830214341528e-64,3.074072571945622389e-77,1.071557998692260195e-78,2.876860718923675320e-79,9.368412998675346518e-76,4.468159320140534014e-80,7.912394169327029288e-80,2.734680169231366828e-81,3.051183459156630784e-81,2.525807900895651738e-77,2.202132161134170935e-67,1.658718791458228182e-82,2.026246889909408137e-78,2.897840616979116051e-78,1.128889883241060787e-66,2.167014709647116891e-80,3.972098259674707320e-78,1.333692160268171779e-80,2.020381822160118359e-81,7.223365363923440870e-68,2.426180986288324576e-63,2.057549137236984928e-77,1.524064895010470275e-63,6.626564986166787914e-79,5.803107834587135959e-82,1.239304473198357663e-66,1.620414634476773454e-64,7.123909989854641898e-69,1.346266300635136294e-80,4.760169970120751027e-66,1.403786836704332781e-80,2.240696513572813569e-67,3.117790709216546106e-64,1.001351829466079834e-66,2.158988295117985073e-81,1.115419302587989440e-63,1.401565445842684763e-67,3.922836431101189574e-66,4.734348606069814129e-68,2.471938497259388054e-81,3.805112310796088605e-79,3.999999989768991404e-01,6.691588946605242748e-82,1.077426934990644519e-68,1.502844070661413190e-66,9.630453270932341935e-83,1.028831426864055037e-81,7.399258168499132094e-67,5.658829998712884041e-66,2.847695297193870041e-80,2.413154403541023805e-64,1.548306027992212119e-80,1.728438609978836813e-80,5.031355027098096093e-82,1.641742856050837383e-82,0.000000000000000000e+00,5.227374216665422962e-81,5.840528519185983220e-67,1.037793030568490405e-81,1.458816042719026362e-68,2.920493684696376365e-61,3.355343176807866148e-62,2.141289605733774415e-81,8.661261073249303339e-78,3.293658962449223412e-80,1.918676772370830552e-78,1.960113666008811267e-81,3.243429421233372553e-67,4.591090121480712198e-79,3.458556140172897622e-80,1.146247226541464532e-66,3.558959261965409604e-81,1.258397150992339891e-78,4.691054334448685589e-68,7.865719978814914723e-67,3.817707689023247953e-78,1.539277890624629466e-79,1.769155937999784429e-67,1.339280288610792377e-61,4.596703324713455179e-67,3.304329792369612926e-79,5.937808143980398183e-79,1.920864692409544789e-76,1.449527175966711595e-82,4.035557460145565106e-66,5.643268435648848028e-81,8.486468515286223087e-67,1.948052996981299712e-78,4.519099320487007988e-68,9.426292230400490210e-82,1.230556004130604889e-79,1.000157117844021645e-79,2.486043810477980784e-67,7.036683527180682758e-79,6.330925043275850828e-81,1.695178830952893505e-81,2.052841439015109388e-80,6.918889991408943888e-66,2.042450672779025643e-67,2.545970480407663202e-81,1.611248704613043694e-80,1.081065470540814593e-81,5.405963375228831490e-66,2.544272851057914122e-79,1.019489242953130757e-66,2.658698372469166044e-66,5.644982340201856705e-67,1.707238246650323833e-80,3.421027703441356279e-80,9.732338860907957720e-82,7.467518408931357927e-69,4.594907549859819375e-66,2.743625037124654174e-67,1.351235621751580469e-65,1.713086329769095704e-66,7.178317208860558583e-67,5.121776866388171550e-68,4.451668820086753356e-66,5.710124586626043241e-67,6.002524876448306873e-61,9.312093653144842410e-65,1.400764659995713926e-80,3.686670649864400701e-68,5.494333646997862033e-66,3.926205608087845685e-67,1.095761361831762613e-67,2.786321850310156407e-76,1.014969765028107912e-80,2.015607689899903234e-80,3.574751749635894898e-79,2.827895176273032210e-80,5.284419703178091993e-66,5.573605670246724623e-67,1.542769796050173703e-81,7.219430624619499921e-67,3.441200994282455141e-81,3.335150780083570337e-77,6.062846022379259740e-83,4.985830515576381487e-81,5.527319948581547330e-67,8.029261946733068447e-76,4.111020642580153379e-66,1.307523659689246699e-80,1.550775026144591192e-64,7.607246123947422155e-80,9.860405027032149756e-67,1.905237470661296783e-80,1.106814952264625044e-64,2.235086313879981710e-81,5.548092866004617552e-83,2.249465210206241933e-68,1.162521303689313784e-81,2.746415921637796013e-67,1.298995710019880453e-66,4.619312226017594389e-82,9.251750128419541048e-67,1.994358214775747805e-76,2.211527613359209563e-82,1.744333810579125261e-68,2.691832236003274034e-81,6.852359163420697148e-81,2.452573182462388227e-81,9.875710512017250432e-81,7.537984906510150095e-81,1.040952671450443145e-66,4.916620817237831876e-68,7.550890065069090401e-66,4.110367675589391958e-78,9.456313187836518560e-82,1.329791639576662445e-80,5.409857295987460945e-65,6.352293006337610639e-76,1.008510052042086750e-78,2.109018638997848153e-67,1.036943251937510990e-79,5.202331025561842321e-66,2.792343831440958117e-66,1.385280571813864852e-64,1.415571267164702312e-78,3.535930461219342961e-66,4.423605326304482853e-66,2.944819043776285276e-67,6.899547224537482924e-82,1.001444546461544326e-66,2.404201090805327170e-68,6.063236306507457127e-81,1.865660522788331048e-64,4.305716468134303209e-81,4.557573999499416509e-81,9.927716338607539701e-67,7.061807279791864152e-67,2.990022295391858647e-77,7.858534125646316260e-67,4.000000006410749376e-01,1.801944135086942042e-64,8.758957637004535985e-82,2.218075775663598960e-64,2.928032064074323810e-67,7.515567512288822344e-80,3.506308723022962259e-78,5.007163172394132983e-68,1.393655184198395068e-66,1.364109625268504319e-65,4.649304497499919289e-67,3.470468935666156010e-78,1.509183752222626176e-78,2.384653255461275650e-67,1.577808992757217344e-68,1.548501521812216951e-64,2.023214154035761555e-67,8.402846145686844145e-81,5.902260163384989978e-79,2.394770837575477414e-80,2.924022286552593616e-65,1.463201115241370995e-81,3.797269507482779372e-81,3.917095812238074712e-67,2.213378639458859877e-63,3.170938014754937121e-67,7.564851950013130389e-67,2.180566650805194484e-67,1.408794271541203522e-68,5.542071937107033951e-67,9.115643008220597862e-78,6.745053463619218745e-67,5.174172120972014807e-82,1.227286301113494386e-80,1.112167351815339033e-78,9.700767196688626501e-67,1.742220651108275775e-80,7.670458966360314182e-68,1.931035463339486327e-82,3.805435163715301298e-67,1.536640659371494792e-80,4.308883753640181558e-67,1.084217954747086780e-63,3.978862519637739928e-66,1.784849305792521479e-81,3.430904089794686139e-65,1.473808881731385294e-80,1.464581767338453099e-66,8.178026952497706769e-82,9.587545257731232563e-67,4.117140376718615199e-66,9.643290501390650880e-80,1.458224428728360337e-65,2.210868294996082734e-81,2.080397017892554255e-81,6.044726195242518727e-77,6.088636417678959056e-81,5.036526224689660731e-79,6.144031092155318360e-67
3.092493942287481368e-78,6.615873511264913645e-75,1.033050771421381558e-79,1.633532717909898625e-78,1.234768481789538062e-64,1.778917718866418659e-78,1.177557945084412470e-81,5.922221695213719465e-82,1.486272794832307584e-80,3.665926304329919659e-82,4.500318538709461448e-80,2.961197098974376301e-79,2.427895073363555424e-79,3.556960730704689881e-81,1.691134189131194304e-65,3.365413636853606019e-81,1.999245870262649755e-80,5.279289796574233981e-78,2.386131305731392274e-63,2.723027912317572256e-82,1.734841975226553533e-81,8.325383137361522800e-79,8.567116414716646673e-83,1.167827430452029895e-66,2.453451628156987981e-68,1.351542643392698234e-78,4.617398252162284577e-69,9.566396956951952468e-82,2.983581116819018739e-80,2.290166753339078624e-62,1.148040202949260295e-64,7.338406671651649866e-66,1.013969464837652466e-76,6.132025152037461045e-62,3.624231325011827834e-77,1.223876702476018270e-65,5.345314651744129125e-65,5.167820736874340734e-62,1.115980729579480224e-77,5.158857880895493231e-69,4.567347953135604348e-65,5.053485140532993431e-63,7.498376338956737517e-66,3.127964536386944365e-77,6.198621816642060832e-82,9.584523222404959930e-81,4.068883062553197830e-80,1.514872737208854800e-65,4.372742657781393281e-68,1.966593449754342617e-81,4.648352822757092347e-83,9.491365586373140351e-69,1.194673984214647818e-61,1.734113693078944749e-81,8.593627569915085886e-67,3.086992032574196003e-77,3.922512616581285715e-78,3.195797645144561825e-83,3.299594898809532704e-81,5.227374216665422962e-81,0.000000000000000000e+00,7.799324004220638069e-65,1.259551346739730405e-79,4.881812697492666329e-67,4.187442092334629552e-65,2.052485764518670427e-66,1.344279909342471262e-77,1.125728695899246923e-81,2.514056316717319256e-82,2.029110234459254303e-81,6.708814273234986674e-83,1.730487529047107080e-65,7.434859723119656117e-82,2.668875245285161400e-82,8.761840495864401830e-61,9.423408311900112154e-83,1.852856088290244521e-75,1.062374150245514743e-65,2.409515234738449140e-64,9.045093900075601035e-82,3.607311194410855003e-82,7.290218694789643309e-66,5.103375253125087129e-66,2.201529547183742767e-69,5.202674432372568057e-82,1.021576936814131317e-79,1.847000372147445893e-80,3.808224487428704675e-81,9.387748675482106560e-63,1.956769896970433682e-82,6.331925348532818919e-65,1.413915195438365449e-81,7.829156621889445468e-66,1.747462608467225376e-79,4.163688345518497669e-78,3.642749002348577212e-79,1.059488779791113578e-64,3.853068143868142673e-80,5.013277195043177054e-75,5.844891191924395614e-79,2.573188726000667972e-78,1.690525314447615148e-62,1.089778089230175619e-65,4.291005800251565556e-77,5.245960434676206079e-78,2.148542969921443328e-79,3.955378897430446413e-64,4.884004100194283895e-82,1.050653830416948883e-64,6.113631399847675362e-68,8.457860886183040740e-65,1.577202859804766349e-78,7.786079664951431100e-82,1.690070972718979393e-79,1.179739374167393861e-65,1.083443772947086444e-61,1.618217996368272857e-69,3.106081963915746562e-64,2.366379833943928940e-62,1.528040122573875303e-68,2.964335241917477203e-63,1.047014542230133427e-60,2.316894026889878908e-68,1.016545602701703789e-65,2.056668733702103460e-63,1.067245115008533167e-75,1.523384458925767828e-66,4.461086909358536783e-64,4.185384789843706716e-65,1.714526854467211845e-66,3.363362041349776725e-81,4.000000008814159069e-01,2.334692739400320602e-77,5.089477552889732337e-82,2.269904874202739410e-82,3.253374666090443380e-62,1.946807992452952112e-68,6.835699791570504906e-83,3.192541792014726310e-62,2.343665050831901287e-77,1.955018900372188160e-78,1.012659645037023960e-81,1.406076746928302866e-82,3.502881501103883609e-63,1.932581072803967560e-80,1.620401314863367630e-63,3.749643621200770311e-77,2.775935845144358620e-66,4.276362533784303085e-82,3.635038107868631237e-63,2.062432402870888724e-78,5.187181860269725397e-68,1.011424994487305006e-78,9.257504628133467650e-82,2.703312832525592129e-63,2.534393824473706159e-79,1.588712918553404041e-65,4.031028976541050812e-68,1.392014538555815427e-80,7.075233234865888598e-65,3.017410652342740043e-81,1.065180970269832047e-80,3.279862183931452757e-63,5.501672737955670600e-77,1.596248053614120930e-82,9.394594167586857320e-79,8.167080717531880502e-77,4.000000003460272846e-01,1.453619909309600350e-64,1.152530354066764062e-62,6.033054504376078092e-64,9.223299078394903921e-82,1.385487167430949513e-79,1.755414938215652510e-77,5.064939356710375249e-64,6.786956657099054529e-81,2.053303907577139029e-81,4.835522185200108160e-66,3.909893545310533036e-79,6.755448403692012038e-62,2.678185928900356308e-63,7.251736013394141057e-68,1.231741797524719554e-81,1.324849864162478930e-63,3.327054690802730822e-63,9.873846669256730157e-66,3.408362686263268090e-80,1.728628011034653457e-68,1.060714815011617849e-66,4.430958076307200299e-77,5.483994867151298891e-67,5.284062775335694641e-77,2.536707004318159709e-76,9.410040424870096863e-69,1.829285080688266448e-68,1.792076193003504933e-78,1.067119961002274186e-68,4.777389808485801768e-81,7.257438226880818483e-65,1.770946284942146323e-79,9.741340235371457381e-68,1.073875820267869276e-65,6.994893912693042386e-80,4.161646125967896206e-81,1.067939810193522388e-65,9.387530892972257665e-64,4.194321626144450237e-64,7.671382158238767455e-65,2.409926524532252306e-81,2.028665805635970167e-81,1.277267379491080383e-65,5.164349298381736207e-67,1.211800837434595176e-63,5.830013066909777450e-65,3.665316682223753872e-76,8.115954124750016808e-82,3.048900031216074510e-78,4.616911470021246148e-66,7.034924634123353352e-83,1.000496798971021832e-82,2.512386894656539455e-65,1.077309784366108779e-68,1.255134756098286749e-65,1.583999174008019344e-68,6.938539413506112250e-66,3.846956048635321535e-65,3.002612653746519640e-64,1.061627896147317283e-81,4.916888195582606118e-64,2.903601609023641369e-83,9.292534499930090488e-79,2.275457650768563634e-80,1.184336319347384116e-68,2.086486962794451650e-78,4.996189623844273864e-65,7.623103357332551065e-81,1.638536247784152985e-68,2.973711835700963808e-77,1.583243667322980349e-65,3.241287261006577274e-67,1.329503355536784636e-63,2.043730702143166871e-78,3.386775265395874118e-64,4.090399166129377103e-77,1.076131341326107592e-60,4.065952053624393112e-83,7.284305272355489112e-65,8.441205133960784772e-62,4.768540829205860699e-77,1.474510123148088284e-64,3.349091614870678099e-78,5.841552456928984874e-79,2.228769231183089435e-80,8.076426565996603531e-75,2.110307817384513707e-76,2.169084448615125759e-63
6.205534582401145717e-64,7.317250070439768767e-65,9.624461231643438210e-60,9.776776694448696745e-66,2.201825066164419409e-51,4.166669768609573377e-64,1.750197526340197400e-67,8.264553772449125085e-68,1.006690804018909077e-66,6.562247235237030412e-68,1.575064601057954048e-66,1.419974478178472026e-58,4.008279919329267976e-59,5.689108985981949452e-67,3.653473672457042841e-47,1.019131385208785958e-64,1.232595690881985779e-66,9.083651748859483409e-65,1.409321734137725731e-49,4.497302542138850121e-68,2.674938220601048159e-67,8.912369835226978946e-66,1.567256491332849864e-68,1.299082328700489936e-50,3.100380863935601838e-54,2.946689960242339501e-64,5.566996421974706432e-55,1.514830168565133370e-67,8.487468698911843145e-63,1.376157539483447065e-49,2.547476603587776105e-51,9.761423878605132743e-51,3.071706477833642678e-63,6.305477397727134530e-49,2.863649940162154752e-65,1.068429606693752082e-47,1.700021820878765059e-51,3.514915567599428510e-50,5.040472555767997932e-64,5.456073552229708505e-55,1.361114778178666044e-52,2.015679155017105599e-49,6.018261577681069903e-47,1.216697706217656898e-64,9.556799900844965421e-68,8.190461037270884615e-67,1.124290881272331269e-62,5.743120198603122613e-51,8.985837504285306615e-54,2.816470879491752430e-65,1.014238846705069495e-68,1.735727683345245697e-54,6.028384321572841461e-49,3.490035888777458635e-67,1.203785774756147330e-52,2.742017885331057859e-65,1.448996649955489740e-65,6.459956692721992677e-69,4.880155212322221676e-65,5.840528519185983220e-67,7.799324004220638069e-65,0.000000000000000000e+00,1.665063953221609486e-59,8.468885434971405941e-50,3.291630815778683655e-51,3.180745962154705589e-52,7.029098877055609427e-64,1.628725448403077532e-67,5.214712443804621238e-68,2.653511370126673951e-67,1.538289884431352110e-68,4.259781304028444272e-48,1.127891495856293446e-67,4.745634179305304079e-68,2.152900945263667285e-50,2.035549366327961426e-68,3.429842849251689220e-63,5.198566016612553681e-47,5.019040905500360006e-52,1.521004707338867575e-67,5.653018953544662249e-68,1.588521205339249565e-48,6.138475872201318003e-52,4.114170161730027459e-55,8.133642079712966202e-68,5.375749136718611158e-66,1.256935129156447563e-66,6.541968605575481823e-65,2.713052865916827966e-49,3.423504692647488930e-68,9.204938958408137419e-47,2.182060198349248936e-67,2.365434007329319247e-53,5.552069182475387804e-61,3.425014328964835340e-65,4.679443037907160627e-66,4.920833855830526573e-50,1.697403636931226284e-66,1.006100317369708985e-64,5.910624158387451099e-60,2.337928860428212877e-65,9.904109438263243245e-51,1.107325491832110169e-47,1.570702462398987947e-64,2.313101073128262777e-65,4.323596837791803203e-60,1.951057874277374995e-51,7.199163762059849905e-68,1.170864032530975010e-45,1.256101778844581406e-53,5.927526402395423696e-38,9.915579158565144130e-66,1.537783930646815269e-67,1.001052754359697241e-59,1.895655473687890425e-50,1.681431929596052559e-50,3.209986817480405584e-55,1.706562203829969610e-51,6.900552988909955506e-50,3.363142261496045064e-54,6.535532256017785866e-51,2.910732608440068938e-50,4.736715078373855466e-54,8.000810977444997758e-52,1.675942593540882465e-50,1.841224260065242612e-64,3.634906515857093317e-49,1.910626210661944098e-51,1.202962408137692759e-45,1.986885869516824231e-50,3.819067590005812839e-67,9.468933663048910078e-65,2.732113722453036415e-65,7.221032246536476634e-68,4.662039803652302312e-68,1.437227203535218640e-50,4.065871133800517322e-54,1.528253929934644498e-68,4.313483041296072583e-50,1.965446762452561193e-64,4.337581339241919971e-64,1.944212601770213947e-65,2.582163036086439550e-68,4.782980123524716261e-50,2.636734888112661782e-66,3.674823224195740454e-48,3.481743364143449372e-65,1.754591305363233964e-52,8.907449950922499045e-68,1.207656856332348231e-49,4.408422300327241658e-58,9.038176109486832373e-54,1.543949838054353678e-64,1.340170072653663898e-65,8.203343458785297382e-52,1.130171356080367708e-59,1.065509498622254931e-47,9.009696431566503743e-54,1.874372352433574581e-63,9.609288176682488626e-47,4.189131903078212274e-67,1.371216348528695389e-63,1.089848689252491740e-51,1.640520813383325052e-64,3.170733207552326286e-68,1.147264537094115329e-64,3.706885976826118753e-65,1.021587660138391045e-64,5.641884899241173548e-52,2.049356919403505187e-51,2.266924524750745604e-51,1.366141327845724410e-67,1.305837310840594590e-60,1.847261167867142094e-65,4.988833733748332534e-51,6.617461242760029485e-67,3.192870952796695550e-67,3.458696618291909719e-49,4.185050248407117225e-66,2.020979677343143998e-50,1.061545862973881910e-47,1.093246372042861137e-53,1.906539358194132818e-67,4.723656582079896340e-48,1.035647275244359647e-48,1.453841199828699668e-48,1.858748919547284039e-62,3.266382821833052052e-54,2.180910330034481211e-49,6.027740904306763368e-64,9.530101048854377822e-53,2.452439516441561223e-64,1.287731548627358749e-64,1.909273270057784545e-54,3.322491963689043719e-54,4.368828953281299889e-64,2.096038550936088520e-54,5.026622897464087402e-67,1.774479891051881090e-51,5.224356988411219457e-60,1.659282959680887319e-53,1.224917637887955301e-48,2.224139080030491751e-66,6.887859175588458946e-67,2.543036665830752178e-53,7.856998861019703632e-49,2.561014955325521573e-51,7.150776248920962437e-46,4.095256768001844781e-67,3.839007471141416893e-67,2.889231276792897667e-47,9.128095600997909020e-50,1.337955855957684199e-50,7.612622084865553780e-50,3.274284040796581670e-64,1.653099813651709061e-67,1.043084712070587937e-65,1.791643985221932157e-52,1.354257202319115933e-68,1.954104156412436487e-68,1.896839411079915934e-46,1.322397246773242197e-54,1.178009241443474358e-48,2.952086117059815171e-54,5.488634952451049207e-49,9.071010742887985432e-51,9.150657302102854240e-50,1.581006510100984882e-67,1.346006281834404561e-49,6.528772687877145565e-69,9.181134588900192696e-66,1.110578712821824018e-66,2.061499016302979259e-54,1.538889552099085506e-65,9.840804798125670683e-53,1.097744490476411408e-63,3.194034658372922456e-54,2.871555706270577779e-65,1.815416741434296541e-48,5.861952175427635527e-53,2.403774622030652673e-48,8.239445365396607414e-64,2.630901779333049209e-51,2.852706617787879534e-65,3.114580978508817202e-50,8.247500172397887683e-69,1.336563022497816925e-45,1.562068286006746793e-50,8.201078176098104048e-65,1.252128925299614561e-51,6.940774343784034024e-64,1.797483867271589619e-64,3.214888114661337772e-66,8.515991770168887156e-65,4.392406205067189667e-64,7.363727258456781844e-50
9.534743955697261167e-79,1.327833465725248868e-79,4.000000042650938004e-01,2.085779798341389256e-80,4.000041369836590061e-66,8.564294497549717557e-79,3.900660961873215205e-82,1.359268355173338139e-82,1.948568007299554408e-81,1.311539600284643094e-82,1.843507589681729868e-81,2.561994062258062267e-74,3.999999969455585447e-01,9.973485335276189679e-82,5.187994126460652006e-62,2.292959814558912671e-79,2.061311446186734699e-81,1.465539701310467155e-79,2.479190110454312084e-64,7.873135437126771147e-83,4.860405285593246833e-82,9.894863667218083224e-81,2.921163325953661946e-83,2.347182388656341671e-65,4.989146230165724328e-69,5.633651233367685763e-79,9.111292674890241342e-70,3.306105006046375448e-82,2.348878306933253636e-77,2.903759141847784569e-64,3.712197281063561370e-66,1.433092210637562822e-65,4.018478353414940604e-78,1.131650579576747811e-63,4.093198825848095998e-80,1.857501843742929877e-62,2.824805876286525332e-66,7.015710880250928622e-65,7.827582236791361478e-79,8.668304571645602210e-70,2.085820701452071119e-67,2.226635541875831401e-64,2.010721432574903624e-62,3.531010796570222401e-79,2.031947542122904153e-82,1.251449446252320809e-81,4.604610000593183171e-77,6.831778730212634740e-66,1.687521199891950608e-68,5.071919962008398693e-80,1.951381535294003628e-83,2.945258112839885647e-69,1.094981852319482192e-63,7.199745128735107056e-82,2.804733409775871931e-67,6.114029734861659576e-80,1.942274619961588166e-80,1.199815008844833712e-83,6.885342052928189184e-80,1.037793030568490405e-81,1.259551346739730405e-79,1.665063953221609486e-59,0.000000000000000000e+00,3.112773219415213724e-64,4.068016506237802149e-66,5.549668675289835508e-67,1.191933316707098151e-78,2.663577338023268842e-82,1.041193882222698917e-82,5.196075511727645703e-82,2.993762106534780862e-83,9.333242200089965517e-63,2.185754649644775761e-82,9.624855962040301243e-83,4.343702364191753146e-65,4.253996248622667097e-83,4.423643580987665855e-78,1.753923211024716606e-62,7.703504305972809416e-67,2.706746311745450871e-82,8.340361704393477541e-83,4.485713708456276654e-63,1.168626736440372545e-66,7.415940438393957746e-70,1.583753143987609462e-82,7.569454491674757305e-81,2.570702582187942949e-81,1.341939198437022171e-79,2.818318141186236396e-64,7.426122903175240561e-83,3.357296178723578637e-61,3.883730500301833960e-82,4.277115672482062194e-68,1.972568243108544696e-76,5.043839443080981717e-80,7.302589937071931384e-81,4.647302553756575772e-65,3.122620718144070147e-81,1.686011023812833850e-79,1.658122313900863407e-75,2.721174098600745925e-80,1.789109827707148875e-65,2.055424816276038103e-62,3.555186440431796498e-79,3.704221943423980317e-80,1.754606777002002220e-75,3.365259042757433801e-66,1.331920620840430743e-82,5.222820764772967925e-60,2.137626761479315795e-68,1.077617614114240386e-59,1.510192376394675923e-80,3.065628603049397353e-82,2.505343860432213759e-75,2.363901759819436493e-65,3.032737279145534302e-65,6.252928320321488578e-70,3.063285520762755092e-66,1.477794475688362298e-64,6.007578513812541599e-69,9.896830437479388538e-66,4.707607660647024294e-65,8.905979161672382201e-69,1.251571297470371645e-66,3.462268553056883353e-65,2.264746792558553598e-79,9.909534909213681273e-64,2.692985323335579571e-66,7.559059553717798681e-61,3.125389357020298460e-65,7.413414661138881488e-82,1.397977107721011381e-79,4.856367123074066483e-80,1.147989101925301749e-82,7.291824541284581526e-83,2.893959279391008937e-65,7.406746201844513842e-69,2.797996336221344647e-83,9.084988677769120050e-65,3.109882714198620093e-79,8.608124587653663355e-79,5.079238985619277042e-80,5.230877790201906599e-83,7.481531201113977290e-65,4.927488620718123436e-81,3.289498357691395933e-63,5.150445725094251896e-80,2.421092182661781064e-67,1.608049937498726133e-82,1.430044578069910384e-64,1.293773101508514869e-73,1.644018772312059223e-68,1.275675808501381099e-79,3.456776865439599886e-80,1.175395129013436683e-66,2.491457241049297118e-75,1.147618852723840098e-62,1.800887821207828794e-68,5.953385121598572820e-78,3.602537636506266972e-61,8.182404757617805934e-82,3.722783976221498403e-78,2.100435967202341697e-66,3.845063964378981199e-79,7.159362867273838838e-83,1.008050977013691851e-79,6.847330291176293632e-80,1.932201759979629426e-79,9.242612392769610691e-67,3.061579642804889367e-66,3.716358390477468932e-66,2.524980365890804727e-82,4.789382954091253880e-76,2.837361920530473257e-80,6.949624223564903233e-66,1.163336820321426901e-81,5.882140727355936315e-82,5.920602973849020863e-64,8.498990204016393869e-81,3.358701573116113856e-65,9.530211719047532800e-63,1.911116390845576927e-68,3.846583878225330438e-82,9.645762110696704711e-63,9.942722608726015478e-64,3.817292380130475239e-63,6.964912207836834628e-77,6.501115267340313848e-69,7.000141309945151753e-64,7.835768878379974023e-79,1.969025988628980297e-67,3.275665793788465511e-79,1.572251058133617065e-79,3.389584580919189507e-69,6.517394267958937723e-69,8.238207865375353477e-79,3.647073601169926730e-69,8.758039578141009433e-82,2.786897753110056233e-66,1.827296164107530646e-75,3.220013948848449488e-68,2.173341209716117741e-63,2.743731253653136628e-81,1.413278723050474356e-81,3.946177142339767646e-68,7.752641928910008593e-64,3.502191565476298646e-66,3.416501045001389087e-61,7.867224133169102534e-82,6.681983734335155414e-82,7.161628550473306163e-62,3.341731120278757694e-64,2.390472520788805753e-65,5.948526442240026638e-65,3.623848678111796243e-79,2.933957531092182017e-82,2.205706893298753325e-80,2.568454238777781021e-67,2.664422218491814033e-83,3.984054109070882230e-83,5.224511456419881139e-61,1.852307626459751496e-69,2.041047109563533872e-63,5.528146615419972762e-69,9.942700356155205402e-64,1.677290623744312796e-65,8.801919612453659927e-65,2.800029357399951861e-82,1.377735468492468996e-64,1.346021574948940447e-83,1.096700665199268731e-80,2.091650984938491220e-81,3.550735495308062912e-69,2.230734650344317829e-80,1.408073197373567119e-67,2.715373260139812283e-78,6.410447132194415004e-69,4.655787051548550791e-80,4.101228153193534561e-63,1.025598851129701399e-67,5.106244302865227728e-63,1.465396094171053323e-78,4.386226631401482847e-66,5.879800760629219174e-80,6.126123489434109964e-65,1.499023927265098846e-83,4.873082958074536063e-60,2.155556663027713215e-65,1.717118862385551552e-79,2.529516618618271649e-66,1.265072508792582159e-78,1.535926619731936983e-79,5.583623638683346547e-81,1.605998387597441448e-79,8.343157769626685160e-79,1.006770551075204736e-64
2.667824483131025423e-66,5.081480615826077696e-67,4.735221256260185153e-64,1.196067498594471134e-67,3.479559610407384244e-53,1.529095163615873325e-65,4.920281346490924025e-69,2.211673275089413460e-69,2.168125634606425877e-68,2.286228366296856467e-69,2.412674827625041701e-68,3.552467980774145752e-64,1.492169199861357660e-63,1.723190835257399558e-68,1.659911483982565987e-49,1.192494206200483166e-64,2.112013455294195736e-68,1.532621938402094350e-66,7.601396718015823780e-52,1.245818986387784264e-69,6.982443443611720493e-69,1.012740520296385486e-67,5.165410468280033690e-70,9.861287821348502730e-51,7.805313101347314911e-56,1.009063190167603026e-65,1.447133598086398430e-56,4.429350010528825587e-69,5.942781374320816045e-60,8.704695967811344869e-52,3.723797783940267387e-53,2.519386247027487218e-53,1.131778088462777447e-65,3.289862349784015907e-51,2.396177609535964966e-67,1.011903747819143324e-48,2.945561685279855053e-53,2.112439274637788458e-52,2.184344384287796496e-66,1.363830112861875414e-56,1.546412779965101032e-54,1.114515363113868345e-51,2.562564168679492286e-51,1.019437213575048902e-66,3.486141189735015630e-69,1.667093920130383412e-68,2.745725240101456406e-59,1.796073180120014336e-53,3.213694027301538470e-55,1.886038928200273499e-65,3.671412274505145326e-70,6.057388577523440282e-56,3.271146893643168018e-51,1.309542660578225881e-68,3.461769476625529757e-54,2.665223996059075384e-67,1.322008981172315257e-67,2.085459647191386195e-70,2.766383412162334663e-65,1.458816042719026362e-68,4.881812697492666329e-67,8.468885434971405941e-50,3.112773219415213724e-64,0.000000000000000000e+00,5.734115373649316093e-53,8.764926782532420569e-54,2.828033821363364384e-66,5.200286495316763512e-69,1.681956552527818009e-69,6.303201599006379806e-69,5.321775154176700220e-70,2.801282440975495514e-46,3.112634693272944457e-69,1.529730013074084868e-69,1.619350534372012835e-52,6.892852317073076059e-70,2.807496499246065797e-65,1.945259691502999310e-51,4.732296392846233100e-54,4.574244558161258715e-69,1.564667892167512749e-69,1.625787163179527309e-45,1.722427723836727716e-53,1.242014606053574139e-56,2.571308393513847415e-69,1.156691651802011080e-67,2.846163834070106313e-68,5.451702208165107921e-65,1.160429162534196833e-51,1.171676483234552693e-69,1.192492257313183413e-47,5.072926489212095242e-69,3.236861213621178225e-55,2.983565037518686506e-65,5.001554205976060760e-67,6.029457798992078210e-68,2.559099457104305398e-52,2.986990792192772572e-68,6.380090909895247103e-67,3.308215920758142603e-65,2.574007176884006722e-67,9.126616202289917846e-53,6.466872522065221617e-49,1.055514493926838648e-66,2.618501603938130320e-67,3.694063454876100283e-65,2.589852562022944381e-53,2.008781192983760502e-69,1.583105499310239876e-49,4.326135326377371921e-55,6.990089946405226629e-50,1.371061588428162642e-67,5.462705564786953179e-69,4.543967601938653130e-65,3.232213958251334769e-53,1.298913018658719441e-52,1.070315122344329108e-56,2.323074834102157535e-53,4.834947304026551565e-52,1.108550870697864687e-55,2.843129450672737548e-53,2.001705423814949994e-52,1.821463441110410154e-55,1.890066095452436233e-53,2.599629261360206547e-52,1.115761996899172511e-66,9.076701229681867859e-42,2.171706515763054888e-53,1.911092741389804285e-50,1.275737545827639391e-50,1.021280793460783556e-68,6.628346290331884200e-67,2.991833689426733828e-67,2.340170494269958943e-69,1.397610591324824519e-69,1.355142401181542056e-52,1.319720678963168588e-55,5.676042340457326367e-70,2.753568135623034876e-52,1.106886760509847785e-66,1.620628077043090291e-65,2.402375039657900532e-65,8.605793644940735323e-70,2.318438025859204159e-52,7.107145049722051529e-68,1.206649654997258357e-50,3.155282388821953874e-67,3.567869485807840146e-54,2.907689468032548265e-69,4.885855912047628817e-52,3.617318863863967422e-63,2.817819722678686266e-55,7.745826166042753484e-67,1.664553594556781053e-65,4.247574989109636721e-54,4.615327873861247995e-65,1.278071487753175380e-49,3.205442010454765433e-55,2.952380795529044261e-58,1.735295257911423382e-47,1.076056351303885706e-68,3.160550534600298386e-59,6.562977279276517159e-54,1.150997937042380050e-66,1.107768581641592054e-69,6.261532645091019110e-67,2.962954535736180649e-67,7.157818888030797763e-67,6.952599734239730407e-54,1.069741801739579154e-53,2.508792595096772081e-53,4.444135866930304117e-69,4.278895407428554049e-65,1.595262934467951804e-67,6.580571311541154025e-53,1.430724239879676390e-68,1.057155148437333268e-68,9.390797483814553549e-49,6.580102915306007115e-68,1.592905969842301542e-52,1.092818963838499658e-50,2.957030357238286555e-55,5.422022681401734134e-69,1.888280198080072896e-50,4.315967685105583726e-51,1.172021464976720308e-44,2.163073376920578329e-60,1.119076876099901274e-55,1.851332851403835149e-41,2.750470896335676040e-66,3.057728299324185383e-54,1.181574276027961401e-66,6.160477745326849431e-67,6.968781854295436522e-56,1.091831767937571071e-55,1.442279703727696294e-65,6.631198125579958455e-56,1.241830706615671029e-68,2.872214900868003083e-53,3.898486569670938530e-65,5.712443930552349177e-55,2.025371881816839486e-48,3.378668280232360023e-68,2.263472554309236781e-68,2.400732980443488678e-55,2.801602004764120153e-51,2.820274075629479972e-53,9.920173615116311650e-51,1.223057160851826541e-68,9.984543055915114933e-69,9.792423150160446208e-49,1.833539479532030451e-35,1.802250904949661460e-52,4.429737019618546463e-52,1.397361481553379003e-66,5.824896651027735451e-69,1.179199920789069256e-67,3.297011167294467006e-54,4.460845260114110734e-70,6.589427303298202603e-70,5.857293429306643640e-49,3.014061265772077454e-56,2.017559452141662901e-48,9.843754052404494078e-56,1.150162814779088457e-48,3.052568220111455210e-53,4.142149846443998064e-52,4.744904780801048135e-69,5.707420557752832417e-52,2.490598502691804576e-70,9.512785121239562760e-68,2.109550246555503903e-68,6.387552931762606531e-56,1.928791357029541048e-67,9.030314614382272790e-55,3.398670660282780291e-59,1.182824578888535043e-55,2.708910185941882710e-67,3.225116279778601250e-45,1.623207911962837384e-54,1.253736988124854547e-50,3.461313514928853589e-66,3.591249598403085925e-53,2.897701130557839918e-67,2.150035085552930154e-52,2.908289001797195930e-70,1.664843456653679696e-49,9.969032491710196490e-53,9.035641466477840078e-67,1.950724774394100463e-53,3.075693559508370557e-66,1.154539316262627689e-66,8.943239460181354500e-68,5.466012565798002875e-67,5.307369359760123502e-66,3.173068352379479121e-52
1.278942643112616482e-65,3.401493033527076499e-65,3.871104760687660200e-66,2.453404421900085559e-64,3.891989454340378026e-48,7.026818588548782867e-62,2.658287551068281593e-64,2.468548249239118581e-64,2.443943313062053411e-61,5.150160792046621494e-65,2.738002258404778162e-62,1.444209149723662750e-65,1.612192256082622096e-65,3.927205781901271793e-63,1.415690486494043652e-51,8.124134886188741638e-67,1.234365124856501983e-62,7.838779103141541617e-62,5.915953266788093161e-51,3.500764694686161906e-65,8.471005409443169676e-64,3.200244785270793807e-64,5.326322159953452362e-66,4.345339219076556009e-52,2.593446812942029254e-48,5.616913153523971231e-62,3.073871287024843511e-48,1.568197226150633988e-64,2.905650027631435288e-66,5.640132965016252921e-51,7.275632789711502930e-48,3.785756953882584784e-53,9.664382119841991938e-65,2.663793922154982645e-50,1.407059919024314093e-64,1.329937120424577528e-51,5.897121296288114144e-48,4.728397934722179809e-51,1.349460062898746591e-65,6.678122944542375132e-48,1.520634707024298280e-51,3.247756458689722446e-50,3.354358112725884503e-52,7.864196024519670549e-66,1.526594436363467619e-64,4.612365684004037650e-61,2.730811137444379142e-66,7.195461245099180715e-53,2.967920148972354090e-51,5.627806694778737304e-67,2.329077112378122204e-66,1.178027124308309012e-51,3.216204340066838680e-50,6.790675045056023609e-65,8.812909200406338310e-50,7.749220271531785325e-65,2.766552558857378380e-64,1.376338261710638156e-66,1.262112692413274475e-66,2.920493684696376365e-61,4.187442092334629552e-65,3.291630815778683655e-51,4.068016506237802149e-66,5.734115373649316093e-53,0.000000000000000000e+00,4.449340020348864401e-48,1.273661770075913104e-65,2.856498699285530175e-63,3.129002493804863294e-65,6.055876372832909405e-64,3.307968015637540735e-66,1.949457441852827020e-51,1.821194457588836209e-64,3.502359097724240371e-65,6.586440575105873148e-51,5.098046202998342270e-66,1.726876530250703758e-62,3.031881827766862323e-52,7.917761081066157811e-51,9.409925664063114113e-64,2.053571271407909685e-64,8.854988562674405766e-52,1.700782735886489744e-47,4.099481900712319198e-52,1.337765649602148787e-64,1.667468186216238953e-61,6.265353966499184013e-62,7.761927688652622000e-67,3.257677950360686241e-50,1.125942489428847904e-65,4.471340257911974979e-51,6.331953518064521610e-64,4.177338751745674088e-52,5.846192406965933035e-66,2.545527814919489760e-63,1.551539096915169984e-63,2.334514004937345794e-51,6.888048849478810924e-63,3.558337452702726265e-65,1.045238277656419467e-65,3.436325857844729649e-64,4.901178787149836087e-50,1.182513625468382251e-51,1.095289310619119076e-65,1.997565917103810077e-64,5.800185688611581680e-66,6.988840296970654572e-50,1.838922048759552389e-64,3.595692840336334986e-51,6.306995350209729386e-51,3.466328541103428325e-51,2.041753406965259203e-64,4.944680661065780126e-65,5.999583015462097027e-66,5.195222094886931729e-53,3.298272787311813152e-50,2.213478912573742815e-52,1.256127700870751527e-49,7.921281130641311585e-51,1.199431452802293850e-51,3.531581087665889163e-52,3.520219003748569446e-50,1.330543780340516916e-51,1.271941797917799101e-37,5.426941903897358651e-49,1.619704393390315359e-64,1.745969988812627255e-52,7.646192824707848547e-50,1.746064486012625731e-51,6.725926971444260229e-52,1.315057287332117592e-62,7.496009091414896311e-65,1.710805798155343759e-64,4.009332028507216542e-64,4.158383610800418647e-65,3.466305761960947384e-50,1.148200915014849397e-51,4.085462090792329474e-66,3.382369741426011127e-51,1.920073365929264668e-65,7.428646172959806892e-62,2.539851686217023729e-67,7.840203024851176329e-66,3.332191763748680687e-51,3.541027839701455297e-62,3.450376283760786181e-50,1.093802687346205436e-64,3.199062991864049902e-47,7.105305520591696447e-65,6.586645164676098101e-51,1.207251862091461578e-64,3.261393538569385136e-50,2.407383954735700495e-65,2.353014958533712434e-67,1.431843244605292543e-52,6.764993516575920518e-66,1.900383060609398003e-51,2.293996940301450811e-51,2.144625974181810702e-66,4.688165691159981837e-51,7.387294503207691063e-63,1.196847056665374296e-66,9.753870133703214755e-53,1.191223955641077075e-65,7.954204571661622695e-66,2.660188631618983397e-65,4.998444640303052088e-65,5.083228015707578798e-65,8.380169778513147566e-51,3.735788044444832197e-52,9.705012074329088812e-50,9.439782428608559495e-64,5.968130551443965843e-66,1.169859433208099801e-64,1.549546396789986121e-48,6.564830093021286616e-62,7.854638401978903524e-64,1.224751219153183339e-51,1.079436682326041502e-63,4.078137008124051208e-50,1.979977992597065746e-50,3.962631536155096163e-50,3.402818103113656050e-64,1.456200135120672756e-50,4.146036738280155184e-50,1.442640202497724955e-51,2.883843174349374048e-66,1.574593133505497361e-51,1.109150021260453329e-52,4.417064282051505535e-65,8.563485863737454754e-50,2.691127654346646534e-65,4.417958619767264039e-65,1.431581882638306734e-51,1.092900316306587659e-51,7.300508968882609820e-62,1.414761603128237546e-51,2.234388355529380391e-61,4.301110698538604689e-48,4.592853866585579799e-66,5.677467301801953327e-50,1.787895210935836672e-51,1.861310692554090659e-62,1.070330601256452293e-63,5.210609404176506966e-52,1.131319143488117462e-50,2.734395316729535014e-49,2.643570238236240096e-51,1.066171091517188826e-63,6.533979358933884098e-64,1.355404841341096786e-51,6.555990298643185442e-53,1.022276081593536569e-48,2.324153054469889025e-51,8.476651612821069904e-65,3.335227532174497452e-64,1.154458649431409315e-64,6.638931027744185846e-48,2.866056516900747826e-66,6.751994232508123625e-66,1.947342343067243455e-51,2.017955045824979947e-46,2.198362113529302079e-51,1.271405185132717302e-51,1.319405421778270057e-51,7.375417708212283964e-53,5.124560859706878930e-51,1.927188065555095352e-63,5.468067474246322234e-51,1.034398506862807175e-66,2.494327007419176833e-64,9.301133617812745020e-63,1.714340437627113653e-51,2.156094807866263432e-64,8.601811736000537870e-52,1.122307863421516486e-66,8.683385862691943304e-52,1.124969606992309164e-64,2.316292691687217800e-51,2.352026094570879777e-49,1.460159298434040404e-50,8.909395439154116841e-66,4.721236718380544412e-49,8.884317825745660418e-65,8.504087617104740246e-51,2.075433463998215566e-66,3.793865353781525747e-51,4.128099317803027699e-50,5.095980241288651942e-64,1.435687630069263587e-49,1.100206483365938970e-65,2.076006460384377795e-65,2.183010829554609084e-62,3.611129221764472479e-65,3.167191337322796414e-63,4.415222255333472831e-51
1.077393338783577072e-66,2.700055571679326305e-66,4.596331410161667911e-67,1.710894639584056400e-65,4.972406277308086937e-50,7.216121457967354833e-62,7.736843647083702766e-63,4.555112612584358030e-63,4.627433515401810685e-63,1.908191760469285660e-64,2.325094417379499592e-65,1.703176943779356588e-66,1.833351439768336379e-66,3.157945282230649182e-57,1.237473640229485407e-52,1.199909392613403832e-67,2.866218735755701508e-64,8.875285288714442363e-64,5.690238568445203061e-52,9.545161115636103330e-65,5.254256453421431482e-62,4.761279068762771403e-66,5.599860637627827030e-66,4.715829304219316223e-53,2.762409379236321748e-47,4.880659267948113548e-62,1.526761003013911634e-49,6.035979776414096120e-63,3.276051023956120283e-67,5.472707125836933041e-52,3.938365293489951512e-50,3.689560951910730612e-54,6.458035041280042383e-66,2.382058380008574637e-51,5.247372626876685724e-66,1.343886683798981611e-52,7.459340521635791650e-50,4.462621488177158775e-52,1.109998995618491766e-66,9.122154341497115060e-50,4.844811441998562304e-53,1.756623883992120901e-51,2.687737404668118433e-53,1.095456501109781257e-66,7.648387570280934829e-63,1.029174790294112444e-62,4.054246580025615753e-67,5.223784780024780256e-54,4.549883160366564331e-51,6.328315055030393992e-68,2.484055550600778031e-66,2.793595912375173887e-51,2.551859851061751077e-51,7.271163293703245742e-65,2.655104001047537088e-48,5.935780463509568056e-66,6.807512842236617983e-66,1.111845368098004828e-66,1.139201368668465987e-67,3.355343176807866148e-62,2.052485764518670427e-66,3.180745962154705589e-52,5.549668675289835508e-67,8.764926782532420569e-54,4.449340020348864401e-48,0.000000000000000000e+00,1.063136564622881838e-66,9.162233152149887372e-58,1.934551844734771783e-64,1.754499092604087793e-62,5.048405501502745614e-66,1.958792826843717059e-52,8.664979085932829832e-63,1.629482865292382523e-64,5.512330479006745569e-52,1.046687642266864704e-65,5.456986834046357318e-64,2.759777523254060289e-53,2.983437494660051865e-52,8.619221350903253343e-59,1.432865790028114191e-63,1.062214954400406387e-52,1.314077115762726870e-37,2.958329471028182352e-51,6.675750701920302317e-63,1.838116077342185604e-64,2.169307020725746362e-63,9.659406625569120153e-68,1.778748898839268821e-51,1.709864524994287569e-65,5.282618374997392477e-52,3.116918031081006937e-62,1.753067979821873787e-53,5.165753907218640514e-67,4.492998087587573754e-65,2.838564059974735676e-65,1.294344637376285622e-52,1.435386199705618614e-64,2.517245297610491016e-66,9.808864027314446540e-67,7.473797807122357313e-66,2.694695495761260648e-51,1.193926943140371869e-52,1.303962725266694299e-66,6.577096547618707896e-66,5.797337939832999834e-67,2.137486354633343960e-51,4.085945188142924175e-63,5.544606276108230168e-52,7.813811757934655450e-51,2.802282592480543750e-52,7.122925498807257185e-66,1.050265132314402504e-64,5.421739346846466173e-67,3.969986725150663232e-54,1.796530552747684744e-51,1.521128198945512312e-51,4.170241125813359597e-51,8.060270376759147115e-52,2.262029783742992309e-51,2.568003069372632804e-53,1.715620423969714498e-51,1.460354812178938071e-51,1.388215725771151615e-47,3.345353738849000691e-50,6.402335171703852758e-66,2.207298335082733605e-53,1.860495967657077534e-51,2.509850467914090204e-52,7.472511455315621801e-53,1.026050314908121771e-61,4.538760787234616202e-66,7.570097837802079726e-66,3.155074220050837539e-63,1.173847966879662706e-64,2.274386987624553034e-51,1.489660250538731894e-51,4.051238588765744126e-66,3.448627918954432529e-52,1.386329821416894704e-66,7.204748199644102356e-62,3.986409917762329718e-68,1.561806275018586251e-65,2.814311777111918077e-52,3.242778593956836798e-59,2.176949602537399736e-51,4.993698914620804983e-66,3.854032052605908777e-50,3.509555942099725169e-64,4.647125303174156980e-52,1.103751946884060933e-65,1.822586608930090595e-47,1.038272301862657368e-66,3.718512366186945077e-68,9.948351539867262680e-54,5.403713044880183028e-67,1.735205806674173824e-52,3.361579153537043323e-51,2.955591911748612210e-67,5.478238969295061892e-52,1.096837480534242733e-61,1.372776899273631992e-67,7.623251553189532037e-54,1.248378488678467912e-66,2.211244063271965139e-65,1.178916720532945663e-66,4.196319600773422210e-66,3.283525989639067371e-66,4.470063861406742244e-52,2.138521293661265149e-53,2.979016168444991443e-51,8.228335259094158234e-59,5.642920243241134875e-67,4.732147574008161595e-66,1.740704556570203271e-50,8.356564540174832423e-63,1.429247699856577409e-62,1.467843824285159678e-52,3.605401521379964918e-65,1.943152390773885054e-51,1.384160924547085725e-51,1.961970292573724235e-47,1.145841792637087325e-62,1.690228276840987875e-51,1.949066501012003097e-51,1.752888995209741346e-52,4.277475056882777330e-67,3.202752426758618782e-51,1.532376952742171593e-53,2.777248582502261975e-66,2.184670652164210376e-48,1.717542687819710764e-66,2.192693327374234203e-66,4.116003816034288968e-51,2.254765977160235697e-51,7.010826924568974030e-62,2.944985580426758786e-51,1.308397348593762257e-62,4.251881288562008945e-50,5.043801665515682606e-67,6.201257926111621024e-47,1.941423649103919955e-52,2.566230106273564598e-65,8.503586202818704436e-62,1.655674967166694904e-53,7.962800848557413258e-52,4.844504780493499216e-51,2.862895318323213508e-52,1.178233980352229369e-61,4.061141335268590665e-62,1.532487138066646178e-52,1.002388090262701097e-53,5.075396877126368303e-50,1.157521909475071742e-52,3.990467033212122334e-66,1.532257014424776419e-62,8.641855223159068753e-66,7.158805942813454118e-51,3.994001212615029082e-66,1.249800969400630079e-65,2.200143351968791595e-52,1.482262268668282107e-49,1.931870405721715942e-52,2.513193460649631524e-51,1.484426632702902938e-52,6.971590578734652464e-54,2.853645979621268119e-52,9.562615563611494840e-58,3.784636640197564346e-52,1.244289861125646845e-66,5.138710934880779848e-66,1.886646098214472789e-64,3.968865722147943998e-51,6.711441405414279064e-66,2.647369618706543036e-53,1.295074859895856527e-67,9.795569312236731713e-52,5.838355957335365655e-66,2.681714276783297878e-52,9.382416915991700336e-46,2.080051490971595158e-51,9.989833311346085408e-67,9.949219037669930999e-51,5.352729902067208553e-66,6.770891196253009054e-52,2.018010143546603208e-66,5.704452018220653200e-52,1.787376688977078900e-51,4.304389804184127878e-65,4.780704703439983093e-51,1.223278433592036430e-66,1.058563586719749511e-66,2.603061198963267247e-58,2.658392648263709034e-66,1.874507320261569948e-64,3.189456942357421276e-52
3.841427988761903332e-75,2.477449300666227236e-77,6.590929569491827382e-79,1.254830574787842096e-79,1.676693556313179730e-65,1.257260811304542070e-78,6.307527192871385857e-82,2.465377745037550651e-82,4.711484478650927973e-81,1.975174683886561415e-82,8.262579250326544918e-81,2.785121252895132363e-78,1.845544023965325447e-78,1.678801112126549789e-81,8.891629360464110166e-65,1.271143290907961399e-80,6.609056892297233851e-81,7.254360275879565421e-79,5.969595915450444490e-58,1.273368569190859249e-82,8.929297143406149107e-82,7.727959519916684963e-80,4.440279616891846786e-83,2.916781123425330506e-66,9.564142386216301766e-69,8.198451959978914334e-79,2.009253424752039830e-69,4.922413325165337995e-82,1.478275788222713572e-79,2.872097063989862139e-61,1.577408112438612777e-65,6.036714331106672556e-63,3.999999938941812272e-01,1.032495138236239997e-58,5.766022835015387964e-79,6.812596410258593286e-65,1.081570759651649275e-65,1.539388580994023337e-62,4.000000117978302350e-01,1.797596303526366837e-69,2.402954823776779324e-66,5.661745314772194994e-63,5.688777878687415614e-65,5.794448130335121735e-77,3.058886463346378933e-82,3.273730675634347384e-81,2.122820727659195979e-79,1.002167537211396306e-62,2.566777842098006078e-68,5.066422173231179158e-81,2.802542681515489425e-83,5.446202442106070324e-69,2.401706440152005054e-59,9.447098399607632372e-82,4.050766279324552550e-67,8.718421129870594443e-79,1.980507259275218221e-79,1.686220242862497113e-83,8.301968671625963004e-81,2.141289605733774415e-81,1.344279909342471262e-77,7.029098877055609427e-64,1.191933316707098151e-78,2.828033821363364384e-66,1.273661770075913104e-65,1.063136564622881838e-66,0.000000000000000000e+00,5.448381414595767021e-82,1.646414767841324077e-82,8.893420671376945758e-82,3.894389546935875901e-83,8.139578972750567586e-65,3.328396242597295349e-82,1.541837625922640752e-82,1.342595300658547936e-62,6.027258083035922611e-83,6.576811102769437726e-77,7.224913297955146902e-65,7.765754923276800121e-66,4.364836580409496954e-82,1.587894672504861101e-82,3.948616437956289324e-65,2.351257790262022947e-66,1.222417897838138000e-69,2.640597630519004774e-82,2.439780366033968208e-80,6.226497797086653853e-81,1.045117051587730246e-80,1.043495374327469365e-62,1.041030027822295783e-82,3.950905817055670686e-64,7.056038717451727324e-82,3.989035788822116135e-67,1.201539733691311238e-78,3.454384596448621944e-79,4.162827239338728301e-80,1.737359165921771906e-64,1.091548896726080931e-80,4.979925986765574273e-77,7.064360852000147382e-78,2.663785089198041436e-79,2.733084504642670182e-64,6.855422357916617955e-65,1.210708407745135325e-76,3.568268899044572822e-79,2.920236766217217167e-78,2.527986970756501953e-65,2.261812546119315056e-82,1.780308583382744926e-63,3.417291997702905438e-68,7.467870831770760533e-64,1.203559596145626639e-79,4.460858408586840634e-82,1.990113125016066996e-78,9.656100281148591841e-63,7.298989713475186111e-64,1.042437975242908478e-69,1.921053561038836812e-65,1.575482909532450269e-61,9.069818887615893429e-69,1.082873777530463718e-61,1.910710894169348089e-63,1.311917839486504736e-68,2.822954219144099440e-66,2.281997454171919529e-64,2.418922372192599379e-77,7.821308006851243516e-66,2.206672934712516277e-65,5.784389179856900685e-64,4.254807933499639352e-66,1.543278673222398848e-81,1.355671423381057888e-77,6.619444435830356545e-79,2.182262451959400297e-82,1.229138517840111303e-82,6.092576577224094732e-64,1.062725369163280754e-68,4.017457228639999245e-83,3.062823892965894557e-62,1.086241182856673160e-73,1.209062066267888092e-78,3.746786314415114278e-81,6.646439861429944386e-83,5.052253676420269904e-58,8.413175965252015412e-81,6.186597113587977374e-63,1.127430579994670151e-78,7.396193310031127793e-67,2.568389126741314786e-82,4.211193225833816811e-58,1.395007657475356928e-77,3.026713406212819305e-68,9.959676814647929773e-79,2.997092765457814707e-81,3.737859077087993073e-63,2.369562762386368781e-78,8.149061221349424851e-65,2.701782864051489565e-68,6.770463162907587691e-80,4.953392685261957477e-64,1.465872501329341512e-81,4.442452598043320151e-80,2.234653505343663586e-63,1.256002162781208719e-76,9.389903083952265692e-83,8.409198922050448760e-79,2.039454854714738265e-78,2.770040379049511647e-77,9.056433958950724641e-66,2.539082444551476888e-63,3.145213155544937224e-65,4.524242916764504300e-82,1.309780145176888373e-78,4.329960685777601542e-79,4.258392793900201176e-65,2.654974276152185737e-81,1.008369258675837109e-81,1.965924125669462165e-65,4.613542780112545177e-80,9.271569233002065735e-64,6.213506503162005968e-62,3.335246687990436336e-68,6.651070359064363304e-82,8.384938488960539428e-62,6.096336768195369134e-63,4.391238378378555028e-65,2.299367046217988652e-79,9.188505325798756461e-69,5.638847656152891140e-66,9.099405930264332397e-73,3.043289162407372200e-67,7.725785375567789131e-74,7.148259660381990525e-77,5.796814684018263678e-69,9.361062164957889352e-69,1.120481246867710949e-78,5.611113715480701955e-69,2.150034196326663954e-81,1.273103207386427548e-65,2.215118441686587659e-78,5.505817842405536627e-68,4.122824644122472678e-65,1.153605738783118805e-80,2.105335354928939419e-81,3.510186327550140285e-67,3.459364784107428517e-63,2.693846117314975945e-65,1.349523265914680636e-63,1.507373158686593273e-81,1.101934170166889947e-81,1.029063315360322138e-64,3.282095216265433379e-66,1.483086158585730314e-64,1.166508703296816834e-64,5.455217807420328690e-76,4.687984849700789493e-82,1.853409059611679801e-79,9.956060427645660355e-67,3.543392486317459704e-83,5.757228308866753212e-83,1.919133793026004736e-64,4.562833569459495838e-69,4.635288987871681537e-65,8.431674786569966800e-69,2.732904368064404882e-65,4.869987585334553162e-62,6.574173212724569261e-64,5.020052654669941803e-82,1.598305486205661450e-63,1.756016380397807487e-83,8.892857121786362442e-80,6.709047473467772494e-81,6.047120178787193541e-69,2.014520315710056475e-79,1.867184988802408691e-66,3.721249701441441020e-80,8.314952467456288225e-69,7.426684402597878922e-79,6.458523557991817749e-65,1.725185928212623247e-67,9.834848131676961617e-62,2.354779709443334815e-75,2.719602333264984055e-65,1.055471452357272168e-78,3.200130191906250417e-62,2.304173882691308861e-83,9.345076620644464443e-64,5.083044780646363487e-64,1.871162512440117312e-78,1.512890726834822847e-65,5.910729011301435840e-75,8.506819128522145255e-79,9.777330772152819510e-81,2.395144067520967630e-77,8.835402905370934204e-78,2.119878093513505485e-57
6.432914685125155269e-82,1.136236982617613317e-81,2.028589425345369802e-82,6.814360028676473284e-81,2.052837606254906656e-65,6.341959785070475115e-77,1.578133828566818614e-78,7.267609822931451810e-78,1.303009263994167328e-78,2.431603779101365437e-79,1.938372084690773605e-80,8.656351566658703322e-82,8.948906604965090147e-82,3.999999977530910300e-01,7.769086443443621959e-68,5.470606768891904350e-83,1.173809879588613630e-79,5.351402325561528909e-79,2.952387245567326277e-67,1.117717445797809356e-79,1.623599913390796311e-77,4.093567138239751418e-81,5.467769483943334869e-81,3.207913993138446855e-68,4.327591352112278024e-63,4.350897370652191045e-77,4.580508305505781598e-65,1.378709209782984386e-78,2.106959022317920550e-82,2.590074052855652743e-67,2.550562578907312620e-65,1.973550310268734319e-69,3.406056946709196583e-81,1.198230382715991271e-66,2.747033666092258842e-81,8.169920364574873661e-68,3.904512210799729206e-65,1.664086203545842833e-67,5.467605900200797146e-82,3.476343657478925266e-65,3.301091141031733453e-68,1.154179170270922426e-66,1.500213934111311287e-68,4.167067559234617719e-82,7.190895795471270804e-78,3.291062055054749590e-78,1.847337103296372190e-82,3.282059295926182878e-69,4.408136248655427330e-66,4.132229987873229409e-83,2.467858763740741049e-81,3.274142730657138863e-66,1.307741767482591738e-66,6.111879752083017823e-80,1.029458656632328911e-63,2.344487450024845712e-81,3.777899493092310959e-81,1.129197191879202778e-81,7.985766242274369002e-83,8.661261073249303339e-78,1.125728695899246923e-81,1.628725448403077532e-67,2.663577338023268842e-82,5.200286495316763512e-69,2.856498699285530175e-63,9.162233152149887372e-58,5.448381414595767021e-82,0.000000000000000000e+00,1.540860605440341398e-79,4.372682466979783040e-78,4.375497923946718078e-81,1.228893378916799497e-67,5.325279754160541847e-78,1.662042619062766228e-79,2.381872259920625253e-67,9.276308996279602192e-81,2.992734006984347280e-79,1.461070905183059791e-68,1.264850092872857432e-67,1.614834982510657518e-73,3.632604185336908458e-78,6.326067785080252881e-68,2.622888435922682733e-59,3.050980558763593944e-66,4.399074167926623531e-78,1.740517627846590486e-79,5.534263572524167235e-79,5.690311864105782304e-83,1.054701649923426210e-66,1.691638247418641135e-80,2.765247681482457881e-67,1.047402145250722071e-77,8.929317437132048064e-69,3.170882935088471609e-82,3.239562647023089115e-80,1.372818193478124685e-80,7.829204943877844131e-68,5.238965595835945026e-80,1.295127737750362707e-81,4.454224150859882242e-82,6.224837313353045028e-81,1.133730439084627484e-66,7.718657111547458650e-68,4.913738721903389722e-82,3.920846220526485632e-81,3.058374414789724328e-82,1.106657624041232168e-66,5.813048814979279385e-78,2.897214401347900929e-67,1.080824507839203295e-65,1.648970251153467668e-67,3.781419955450118749e-81,1.032980335817714921e-79,3.036768567550182583e-82,2.079419626692913575e-69,7.787497854799053788e-67,1.231440896925740162e-66,1.989817595409854012e-66,3.621077782391094013e-67,2.320664870077922443e-66,1.302563332354424085e-68,8.322550997849829149e-67,1.504052479951222757e-66,7.674745610603341355e-63,1.518789314342778229e-65,3.724717718372437078e-81,1.089871169139744270e-68,1.119857799343708622e-66,1.079205501402787122e-67,4.878497050285163980e-68,1.262874890391471017e-77,2.029429406566555306e-81,4.320659618657848733e-81,7.135502559008732893e-78,1.603355267558818553e-79,9.665919723538481555e-67,1.468588972134389003e-66,4.283153784467147993e-81,1.398353571418994394e-67,9.250402401906804487e-82,6.514871699133247844e-77,2.358672677266496663e-83,1.208555968445648652e-80,1.404451970963645266e-67,2.585135488511192179e-75,1.287656600933933946e-66,2.835551207443276595e-81,3.704845219114562678e-65,4.249003054920483750e-79,2.826207042947612068e-67,6.321040427851729043e-81,1.798985848680852651e-62,6.934363723298756835e-82,2.134333336333031909e-83,4.774895780047447845e-69,3.553657332466695489e-82,1.116066055417569618e-67,3.426720136284619092e-66,1.568576732069313566e-82,2.652151153336724262e-67,1.088137351815038315e-77,6.551400186881223194e-83,3.784612319233542335e-69,5.096054521581703800e-82,1.633850055606939866e-80,8.050235707732666210e-82,1.571603202207238007e-81,1.516932708728851144e-81,1.945754007622712412e-67,1.179595401459305308e-68,1.309335739315123761e-66,1.477449901271294329e-73,3.349558540881967019e-82,2.404534954528575365e-81,1.113137742308015154e-65,1.967437848123681523e-78,2.722115445656156490e-77,9.345588462365693659e-68,1.298920980319356748e-80,1.053296418919283912e-66,8.309552361707466836e-67,1.504951631922502749e-62,2.772125263451128050e-78,1.025814227629454502e-66,1.296867320360444428e-66,9.906471316001222010e-68,2.109595992544801381e-82,3.243116711332877050e-66,8.420890603213217143e-69,1.676690768166588411e-81,1.377488113725849336e-63,1.089219902458881456e-81,1.076349515150057959e-81,5.510821191632824271e-66,1.960467768447402081e-66,5.723437226044487337e-77,3.693068950484498214e-66,3.250970760990600680e-78,2.387213753539618927e-65,2.625513661411773210e-82,6.305246154440462435e-62,1.184235578888443499e-67,1.849172972505601920e-80,4.613186062684543660e-77,8.609584940756322354e-69,4.420073193495705116e-67,2.511532234541391064e-66,1.463270228971794423e-67,7.475430465403423744e-77,2.715872192793585222e-77,8.708727671163183167e-68,4.544628477173767518e-69,2.156029122218429516e-65,7.775504240061784575e-68,2.156033208953841464e-81,2.400084640178133147e-77,3.129471807108573981e-81,6.157964731779196468e-66,3.033474234563618965e-81,1.147437502873417785e-80,1.168460324973710021e-67,5.687149073329674402e-65,1.462405489470699780e-67,2.427145746848823466e-66,9.476592353841618015e-68,3.481406618490368208e-69,1.831578444459384806e-67,4.000000042238791575e-01,2.144762723698663798e-67,9.618493003434927364e-82,3.136726633737834377e-81,7.814026172817319799e-80,4.886294740729736870e-66,4.664321467819953941e-81,1.750140962163944048e-68,6.571276649950930831e-83,1.012017285044785461e-66,2.919616740005037768e-81,1.449705810330839258e-67,1.056516356748862505e-60,1.150653398329993283e-66,4.644337498713245477e-82,5.118101808218662985e-66,2.723424816890213300e-81,3.149886125976121026e-67,2.122469357668663737e-81,2.815525922969586703e-67,7.670109246896052406e-67,1.429897858631326498e-80,2.291758091005461486e-66,5.280216443978192470e-82,7.651995700554576404e-82,4.639144388376561117e-73,1.084925608498342813e-81,9.770283978586194263e-80,1.649128120587954029e-67
1.503376254051324637e-82,2.926884593305108108e-82,8.487891082571253715e-83,2.133787596003514829e-81,2.600605482314697542e-66,5.995879715765222038e-76,2.034994847031137606e-79,1.951827782085229372e-78,2.314643278723558389e-80,2.883855609817864686e-76,1.011926147587835082e-81,2.413518943716263508e-82,2.546951111016349834e-82,4.595423279947848283e-79,1.669568694814126364e-68,2.244748754613672428e-83,7.556391531223567962e-81,5.498970818890229046e-80,7.691235151517664923e-68,5.963402059746371097e-77,2.728612935333348274e-79,3.210504521138289127e-82,1.008854049071742973e-79,9.105251462900629001e-69,8.031670521988023678e-67,3.731030833465530114e-76,8.019086664114810059e-68,3.300233762597342888e-79,5.819167510220124197e-83,8.490670068676909320e-68,2.042897266574797506e-66,5.589246683474994379e-70,9.108834161211916149e-82,3.447775054288586066e-67,4.867036523735900506e-82,1.864512478714553345e-68,3.101034915904076877e-66,6.660799432258869121e-68,1.415274517162557966e-82,5.963360862447186442e-68,4.238586563325325432e-69,1.659184159889710480e-67,3.816248695767347330e-69,2.122558432481420780e-82,2.628015045280886713e-78,2.547961736496175852e-80,8.707189371032732366e-83,6.554946389843856902e-70,2.138608950797469171e-64,1.099204722216011115e-83,2.936620158706382077e-80,1.232390347785247327e-63,3.677730549251857676e-67,6.570330926162695255e-79,2.926299243318260472e-63,8.358674507458508460e-82,5.416224059244606864e-82,9.275685535575030150e-81,1.743167937472821117e-83,3.293658962449223412e-80,2.514056316717319256e-82,5.214712443804621238e-68,1.041193882222698917e-82,1.681956552527818009e-69,3.129002493804863294e-65,1.934551844734771783e-64,1.646414767841324077e-82,1.540860605440341398e-79,0.000000000000000000e+00,3.619687335269529517e-79,9.105399786170263872e-80,2.987542134736964579e-68,1.328126810328226086e-78,4.000000195572714357e-01,6.556855917393950531e-68,7.808901177054097996e-79,5.033914804679575549e-80,3.872949605319430154e-69,2.700978438435802907e-68,2.833059911872986290e-79,7.552646791466438532e-79,1.907498898632041124e-68,2.786605878469931146e-64,2.350678677607484684e-52,1.933770410032942413e-78,6.647632353143989164e-81,2.209819016160139655e-80,1.792575949652284882e-83,1.824399161639146437e-67,1.020747790632877056e-78,9.869442876561624908e-68,4.574100430374456012e-79,1.479087943524289909e-69,6.689279407009415743e-83,3.054081621340228520e-81,2.114784509499060524e-81,1.445000273342512467e-68,6.232491292395070146e-81,3.185277987627690767e-82,1.556795403585570355e-82,5.594666062710797594e-82,2.879804431321139136e-67,1.882034001837443235e-68,1.957135715671088559e-82,5.668023963951561197e-82,9.228120316565382539e-83,1.783825075138542726e-67,2.080826171428691934e-78,1.160149454020670230e-67,2.246885036410781464e-64,4.727764159295237322e-68,4.406631470378629264e-82,7.022439193944877217e-78,8.051505669800794109e-83,5.992278035487112822e-70,2.289552120019657208e-67,2.398534760252602143e-52,3.198150337706336513e-67,1.215213993262540920e-67,1.538414861326362158e-64,3.639673229774321183e-69,2.000559429445881743e-67,1.641794457812409906e-65,2.663166650501894702e-65,3.649692912781182897e-66,6.616039183325194111e-82,3.814002105736087449e-69,1.363151265977501724e-67,3.264333480263615111e-68,1.203686506376043707e-68,4.603505358081924828e-80,4.765484406916071760e-82,7.202290473368372101e-82,3.367195650793518106e-79,5.484080304507676380e-77,2.637067365313163307e-67,3.337082216395249195e-65,3.579196683403327533e-80,5.321815973512004240e-68,1.827253224911341612e-82,5.636967608178574342e-76,9.247012587374025658e-84,6.180186526665514258e-79,4.133680373617919533e-68,7.693207707630017340e-79,2.647096158645813413e-67,4.787957090177246578e-82,8.701224379767255605e-67,3.999999902002328578e-01,5.110267949835697252e-68,1.558378177601756288e-81,4.743513923640526642e-65,9.759066538228017489e-83,8.104528645228526361e-84,1.199968321817185028e-69,8.137319064034156031e-83,2.130419360064553511e-68,1.147360741417846337e-64,5.499416682128081061e-83,1.129265771556969682e-67,5.180241725894771251e-80,2.590790725585365845e-83,9.294045518816419458e-70,1.945398229242908902e-82,2.176655791372140328e-78,1.054556409030076168e-82,5.701941804934647837e-82,3.885963187825664785e-82,3.551892101113468129e-68,2.541587333294976575e-69,2.583369257853504136e-67,2.580060708753922526e-79,7.711924128176709680e-83,4.584830408082501985e-82,1.156993962802042202e-66,3.524640580943911091e-80,7.167285492522423097e-78,2.098320804370236858e-68,2.484811682493192600e-81,2.188304077092638715e-67,1.671358990188735018e-67,3.979659088833041925e-65,2.512481599551650445e-79,2.393257015163950068e-67,2.255142542350275082e-67,3.015097360348155137e-68,7.122220809662608473e-83,2.179086706893641422e-64,2.930954182671020212e-69,3.420483930776395425e-82,8.444903128442240504e-63,2.291296017024296286e-82,2.132750017726444618e-82,1.968616798485775990e-63,1.280762307720285301e-64,5.398557873089855290e-76,1.029540779233314591e-63,2.093653239721469387e-80,2.199335709720235072e-66,7.914806287273469202e-83,8.662348121917031263e-65,2.956173247138778480e-68,1.192233542435999669e-81,9.224132845201461893e-78,1.396158178861913599e-69,9.936473712456216250e-68,3.283761538261287955e-67,3.892381607372104003e-68,2.643654851175775850e-78,8.294323896577245115e-78,2.380075955437643599e-68,2.401423599141220449e-69,4.758349292040038318e-66,1.324878703255282250e-68,4.145205790089189115e-82,1.372070901021906852e-77,1.074852676315041553e-81,2.927056589216156428e-67,8.302894939407080595e-80,6.149576601508852335e-79,3.112634128142688759e-68,1.176838754625324675e-67,3.019261014754858707e-68,1.535529801786591775e-64,2.277858211550536725e-68,9.927689597280908820e-70,3.215444124596783004e-68,1.255603336939550809e-79,3.751878851510281492e-68,1.067138419383925460e-80,3.470383371311228588e-82,6.208890054986510978e-81,1.468120921134414166e-63,5.417009440293435063e-82,2.740818879108671855e-69,2.530414499592270462e-83,9.888519565625452769e-66,6.155425724419357905e-82,4.158866132075804821e-68,1.587843789965608839e-64,2.750410263472314646e-67,1.491217348889039094e-82,7.119517941967398894e-67,6.826202895111792394e-82,8.859098471923900418e-68,2.255823173837338622e-80,8.662551520943929488e-68,1.859549970999214699e-67,5.098342798119326934e-81,3.688897957928470546e-67,1.720634406280897874e-82,9.271838275255740855e-83,9.261773189906948262e-78,3.897198770292467674e-82,1.834390315234232058e-80,4.337308349627366667e-68
6.500525848429691056e-82,2.009870280519568413e-81,4.603853905052943484e-82,2.113195418623490022e-80,3.185647331151251887e-65,7.397689787841911902e-77,1.278047181459387838e-72,4.871394255718122406e-78,1.112253966107261087e-78,2.375885123332092470e-79,8.794759570756249108e-81,1.066220347868930502e-81,1.183995202365911777e-81,4.037112128536330850e-77,7.738228677197968139e-68,7.633797956598225440e-83,1.748594593950332142e-79,4.391438485180172764e-79,3.438366881629627865e-67,1.289744715374357264e-79,3.999999992770575385e-01,2.245589744517220707e-81,6.168673049806018506e-81,3.605107577261761813e-68,3.982089206870072657e-65,5.538753837692565975e-77,3.916331052511610613e-66,1.195621748536560291e-72,2.418876533253846078e-82,5.043043002705206744e-67,2.097650303860852853e-65,2.591026981145518280e-69,5.163633419385903680e-81,1.935744311123290424e-66,3.773093780658100247e-81,7.772419609293119490e-68,4.014929565121047604e-65,5.324796653258910597e-67,7.647065849347739584e-82,2.577196341198999443e-66,2.915130661948145029e-68,9.250690835236010271e-67,2.068477256340723528e-68,1.420459881638922108e-81,1.750264424321107309e-77,1.241464570686871155e-78,4.090591991823368601e-82,3.129937966547782148e-69,5.138819524057659227e-66,4.209027478032712858e-83,2.724803684904922100e-81,3.027350683325188218e-66,2.476810673836251974e-66,6.850555709876290975e-80,7.531329518228715368e-62,6.942622861459259095e-81,4.467411524454986069e-81,1.247801205286497345e-81,7.148731730045578904e-83,1.918676772370830552e-78,2.029110234459254303e-81,2.653511370126673951e-67,5.196075511727645703e-82,6.303201599006379806e-69,6.055876372832909405e-64,1.754499092604087793e-62,8.893420671376945758e-82,4.372682466979783040e-78,3.619687335269529517e-79,0.000000000000000000e+00,4.762105424920783333e-81,1.449279558818656922e-67,5.724854694628829887e-77,3.243838855743836634e-79,4.202715690696920560e-67,1.678285847870939554e-80,3.480461765114633736e-79,2.049459376592512523e-68,1.982878712823626184e-67,1.001671090903019509e-77,4.699367232330285027e-79,7.795613249597885806e-68,3.414581312253179524e-62,4.678824753905006986e-66,2.405833748163874732e-77,4.504604233588788494e-80,1.131981400726281485e-78,7.799184862805223628e-83,1.090292630864836193e-66,2.492918562526070277e-80,4.670818851057224548e-67,3.999999994678994364e-01,9.356244841332106709e-69,3.517923476129794276e-82,1.881681427004827771e-80,2.043852864838806332e-80,9.167406045185930300e-68,1.033284351133479358e-79,2.018514267660886743e-81,8.082547414897067994e-82,3.251295285305045117e-81,2.381240378775649394e-66,7.496837296360148378e-68,1.177345780382581255e-81,3.427766168434526371e-81,4.581445401659013107e-82,1.110619202099160066e-66,4.718783901329375390e-78,4.619092902465306111e-67,5.165997752244340969e-66,2.454854351572465334e-67,2.636212715451133406e-81,1.248659541782880774e-79,3.445931766838752929e-82,3.257999951431215226e-69,2.183424503798321321e-66,2.900321692876289784e-66,2.788842569218484175e-66,6.124605034951182960e-67,2.424063828790580164e-66,2.142259384460744317e-68,1.554027450658712496e-66,1.208119774422972953e-66,6.387702018899609773e-64,2.313283734174475390e-65,3.982437593756326834e-81,1.685881645294823974e-68,1.069924453912856608e-66,1.199065407396442111e-67,4.296410475613658231e-68,4.736942134130868706e-78,2.810718739513112154e-81,5.099377443989508999e-81,6.740586284251714313e-79,1.050453690575777435e-79,1.687605962998842919e-66,1.563928835479303682e-66,2.992237261696875673e-81,3.634161448956463649e-67,9.536256529893272603e-82,7.819169840909806044e-77,2.788746394857398305e-83,1.701411979971233745e-80,1.839381776466650942e-67,1.177608071086040056e-76,1.436091549185211112e-66,3.143703663401343913e-81,9.753196755712897177e-66,4.409346124348599699e-79,2.229255369522245202e-67,7.509305845207331296e-81,3.095736444940900538e-63,6.262697176198276422e-82,2.799268868416561419e-83,6.832126766143281803e-69,4.553884421331812144e-82,8.545604134544615500e-68,3.843363418287785385e-66,2.191626787953211719e-82,5.379169811411493439e-67,6.513549740491299911e-78,1.299697621096194139e-82,6.542069315766877875e-69,1.285946801591344455e-81,4.184924515512950396e-80,6.134440289465980812e-82,3.657005376669539044e-81,2.731795052186740166e-81,2.173720013707533173e-67,1.725299187630269738e-68,2.081751967334309352e-66,1.125683397012626587e-77,3.402178879287263753e-82,3.317591312341243547e-81,9.203474625085785342e-66,3.207947913177450689e-78,7.001035569852410178e-78,7.229389969499935411e-68,2.529391293960064535e-80,1.545224755134242672e-66,9.389671155000053614e-67,6.485542567037383812e-63,1.801261586590930848e-72,9.455023576971426087e-67,1.476293458972335723e-66,1.262446805091083497e-67,3.228746667025286224e-82,3.103622064963094223e-66,1.174562844627046316e-68,1.933936020983655605e-81,1.732937783764537647e-62,1.213651529947254839e-81,1.320244334014194371e-81,3.270254357176960543e-66,2.778112116683025095e-66,6.991031177552591414e-77,2.774065100338772896e-66,1.008536349220902594e-78,2.687405523933582143e-65,3.913476895807666229e-82,3.830958481761890450e-63,1.152878824032559993e-67,9.173359093889498782e-81,2.775839849915409738e-76,1.276046703347209805e-68,5.019980725073265370e-67,2.831364159912255943e-66,1.488719302433392244e-67,7.965060879911873957e-76,1.071073519161930445e-76,9.129382215571681391e-68,9.290840965404586867e-69,3.957604266399716394e-65,7.350744572951062037e-68,2.482160888072212485e-81,6.651913845763440069e-78,1.111604275091701957e-80,3.081592525424366325e-66,5.558071187293876156e-81,1.419352269695336697e-80,1.383649485561628032e-67,3.996837383396984834e-66,1.155277915652446176e-67,2.652846137581055818e-66,8.544471111983726599e-68,5.262103321931065495e-69,1.541195845658829036e-67,5.944380432166990773e-78,1.859275338757931532e-67,1.246660244089987190e-81,2.390901061085494888e-81,1.258407943428924079e-79,4.022751319956937041e-66,2.741060896374638989e-81,1.949925944643844036e-68,1.008905769838731022e-82,7.746995836716183618e-67,4.049593077426512051e-81,1.772894266942597516e-67,1.061274195249903866e-62,1.068408874174603165e-66,7.127863791954455083e-82,7.044635026332222494e-66,5.230772072485350671e-81,4.592991718841602332e-67,2.038663661123892346e-81,3.181445564218712063e-67,1.507250706334849055e-66,3.994286238705022070e-80,2.876772368050327423e-66,7.896311495468906079e-82,4.684345165248395601e-82,3.599490415514078058e-76,2.866788118496711249e-81,1.190507728592510520e-79,2.040022556838198366e-67
3.859811979194211662e-83,8.052765795269046969e-83,2.512513297364076734e-83,3.886844506309413042e-82,4.090693705373364259e-67,5.754125647830270147e-74,2.986093444295924970e-81,1.346950136595028742e-80,1.491050614677293889e-81,1.771006466121327581e-79,2.261367500502907193e-82,7.528370041619329457e-83,8.290445974021795018e-83,1.081346396728945689e-80,5.793292001496379332e-69,7.319149925421079587e-84,6.565994263438135607e-82,1.001792867418325340e-80,1.999591287809543468e-68,1.466522915691627249e-79,4.346517164464536424e-81,8.841575337182581671e-83,3.999999995527136476e-01,3.298103880581684877e-69,3.204656876969046242e-68,4.249153380817079745e-74,3.506185520205619270e-69,4.747732550656415022e-81,1.890388821501549180e-83,2.205146226177572617e-68,3.426509068307364368e-67,1.401546414282614298e-70,2.288828015569844132e-82,8.867968292927128910e-68,1.344977499052773879e-82,6.518165154106980283e-69,4.361809270988645350e-67,1.648652601296253000e-68,3.781996978776529904e-83,2.974330384595018349e-69,1.085861252691194094e-69,5.650735066259767351e-68,1.105209079137671795e-69,4.916582965329196211e-83,1.739485563798393657e-80,1.626708907827487055e-81,2.594777289660083085e-83,1.902947902007620832e-70,3.245447875491301118e-63,3.884868737260979622e-84,3.050572379844786880e-77,1.610559768305233629e-65,8.564226426485057818e-68,3.900443849916049324e-76,2.008084549511784843e-65,1.834038253334012831e-82,1.227496457856969980e-82,1.450411143565040462e-78,6.645689577677087474e-84,1.960113666008811267e-81,6.708814273234986674e-83,1.538289884431352110e-68,2.993762106534780862e-83,5.321775154176700220e-70,3.307968015637540735e-66,5.048405501502745614e-66,3.894389546935875901e-83,4.375497923946718078e-81,9.105399786170263872e-80,4.762105424920783333e-81,0.000000000000000000e+00,9.409216572544037157e-69,1.090536462575732805e-80,7.394406947147393003e-80,1.763073072766611611e-68,3.008737124854450049e-78,1.241205128827649688e-80,1.166694746372768695e-69,6.145095117156792043e-69,5.796131432826300898e-81,1.512656233856990440e-80,6.218070694748098473e-69,7.350560923421309776e-66,3.322373289865138585e-67,1.262838263334472492e-80,1.427966825574017097e-81,1.379522314428916228e-81,6.390203963195679846e-84,5.730586786072330832e-68,6.529723543043811995e-78,2.757704504750963771e-68,5.503143603092597222e-81,3.814003658080386994e-70,2.319526119446539769e-83,8.505984130318470521e-82,3.442834667135534061e-82,4.539269812290802278e-69,6.027339915593222176e-82,8.165897950257555810e-83,4.025948947144479431e-83,1.549732327164033559e-82,6.895363420461389887e-68,5.748599014468120739e-69,4.928396298097999181e-83,1.459907450876634890e-82,2.680478017210655430e-83,3.908494020915605456e-68,1.417888290431250477e-80,3.034403684189152536e-68,1.758843394542853245e-62,1.392123817980450981e-68,1.283871377815736264e-82,1.942709677449674166e-77,2.270217106703509741e-83,1.482509424735309655e-70,5.205577087915697947e-68,4.783728964628273558e-67,6.784102667122526615e-68,2.957415159363293816e-68,3.386937018203414966e-64,9.428221166681382622e-70,5.373322891761697503e-68,3.476660125733189736e-62,2.508031025217116243e-66,6.157562124505621673e-67,1.606501193408713435e-82,1.214393829789767648e-69,3.409720129515724722e-68,1.093808719568323007e-68,4.638400494878305884e-69,1.873022166643307834e-81,1.251721954523083959e-82,1.766965036008649197e-82,8.888815147714875765e-81,1.749675896246041581e-79,5.677389727473574273e-68,2.365479715889744183e-57,5.123289187281934074e-77,1.333638128539821342e-68,4.849105307355560725e-83,6.051218193885544861e-74,2.852993682996646673e-84,8.327026887317501939e-78,9.658484843043673543e-69,2.358754063784671053e-80,7.963027247832968778e-68,1.186048663069467181e-82,1.329508658094313463e-67,1.339979546937213973e-79,1.612803353262167847e-68,4.902562026958891373e-82,4.766597964853608224e-67,3.307622167958564041e-83,2.681402994525904421e-84,3.109448985536817470e-70,2.513410797812798975e-83,7.979218249123936905e-69,1.158623180326963700e-57,1.779809814856511938e-83,2.857049471519898347e-68,1.825202559368779390e-81,8.110535247186101829e-84,2.999928906908415449e-70,5.108044708914138406e-83,1.540677946329162854e-78,3.504211972298210217e-83,1.291538510525125086e-82,1.052329468299889719e-82,7.940309866967968740e-69,7.006056826251992252e-70,5.011467329366187707e-68,5.281646625208446722e-81,2.419152484399991246e-83,1.129077605184766834e-82,2.526722140663660763e-67,1.401799284783220093e-81,7.450562699213673875e-80,7.678498146962061792e-69,4.401215721262382249e-82,4.923293613863548244e-68,5.100549984569613827e-68,4.951604475111625251e-67,3.636306423919323907e-81,7.754824982512854569e-68,6.924904072330826327e-68,1.010383629278142290e-68,2.210324584875253055e-83,2.608859492210346042e-64,8.728053607047737741e-70,8.450395493188277927e-83,3.071132350125913050e-65,5.769250103005718139e-83,5.694934073455848911e-83,1.443227158617606300e-65,3.609156434142989100e-64,5.508198089361182092e-74,2.238742230398629544e-65,1.191628391127838189e-81,3.103011536361233795e-67,2.207669721555025295e-83,1.156727200727785966e-66,1.010312611876279467e-68,2.621756472917799057e-82,9.082923724657972170e-80,3.369782380342529006e-70,2.933436025425348815e-68,7.271737872501423761e-68,1.069319799718354596e-68,2.196199619238053675e-80,5.354551048095671214e-80,7.312033690382233921e-69,6.308441991440535586e-70,7.784477253288596862e-67,4.182876853896209964e-69,1.060233875633337586e-82,6.571029389578737019e-80,2.002789891259596864e-82,4.832980834958502299e-68,4.000000000299073766e-01,4.565647070794617798e-78,1.078563721544267984e-68,6.586949414226482620e-69,1.055759911037350309e-68,2.477896194721902193e-64,7.710654473482124987e-69,2.784486540091135196e-70,9.532434869271921369e-69,3.505982950446247888e-81,1.238507790417594017e-68,1.783812510630771188e-78,9.393339325066194331e-83,5.775003536590552628e-82,1.281272334857783189e-65,1.308363100538066751e-82,6.001039892052321668e-70,7.473092239645863144e-84,1.784550841759032724e-62,1.478911865719875859e-82,1.512963733651202411e-68,2.409059917152206629e-66,8.459220632612388991e-68,3.634294988447554167e-83,1.576571477088384069e-67,1.448354708904790026e-82,2.261841455068961813e-68,2.871254630970319750e-77,2.691535356074456266e-68,4.627177821990382625e-68,1.060603540920119164e-81,7.361913830305399275e-68,4.501346050600203421e-83,3.324963636102765613e-83,1.506102442516531040e-79,8.317628972165031654e-83,4.417242183973794174e-81,1.033195990332946778e-68
7.864515252815693670e-65,1.332561499683855200e-65,2.078843127523642898e-62,2.509571547507242346e-66,9.080911977834485428e-52,2.735637405584956130e-64,9.684225277843655524e-68,5.615951116059779770e-68,5.763142052022210494e-67,4.534854888891150587e-68,8.944599917146024785e-67,2.256467538561769178e-62,1.344999248865622723e-61,3.116357163124322636e-67,3.728069779182765679e-47,6.924935195240619274e-64,5.292787411501898459e-67,3.736743191152030195e-65,1.833388492578790706e-50,2.920845104232183458e-68,1.317113920383436612e-67,4.169697884006788436e-66,1.146566334603983686e-68,9.982466631666140398e-50,1.814298565869664207e-54,1.985690639642776424e-64,3.726065586423643318e-55,7.854243442558555431e-68,2.218972524531898129e-58,1.904337386237350059e-50,1.081011169424976099e-51,7.648791006984540178e-52,3.794111187062517063e-64,8.366185983160372380e-50,7.991092977643323889e-66,1.699270326853090632e-46,6.975452224099380089e-52,5.476810502135983858e-51,7.271448375066133766e-65,3.644754091722677662e-55,4.730009337755377703e-53,5.246523569816247395e-50,2.127398872277772734e-49,1.803132669987826838e-65,6.312453813113288719e-68,4.702577910096213481e-67,3.774115175913923347e-59,6.298535962269055843e-52,5.772246822363470077e-54,2.162476287126649002e-64,6.890095388862040402e-69,1.266517745050818177e-54,9.889243537873944474e-50,2.321932357099482193e-67,6.989737777242086090e-53,6.012097296020428448e-66,5.695928850726608928e-66,4.448206753275699965e-69,5.257894742169455755e-64,3.243429421233372553e-67,1.730487529047107080e-65,4.259781304028444272e-48,9.333242200089965517e-63,2.801282440975495514e-46,1.949457441852827020e-51,1.958792826843717059e-52,8.139578972750567586e-65,1.228893378916799497e-67,2.987542134736964579e-68,1.449279558818656922e-67,9.409216572544037157e-69,0.000000000000000000e+00,6.215468791159382401e-68,3.060357456997888220e-68,3.979069250823499258e-51,1.209044013576431952e-68,1.059697094939786713e-63,1.403233116741021950e-49,1.327318458043570507e-52,8.435989567897306461e-68,4.099255009448419260e-68,1.941000322548660733e-37,3.806157828471794772e-52,2.602419580208978144e-55,5.163279887956829253e-68,3.186670109647873921e-66,6.290779335927645618e-67,5.348662455266276145e-64,4.893513894387903096e-50,2.325974411566733605e-68,6.167544219207850818e-46,1.149090591353373279e-67,8.051820146835614026e-54,2.467153443497465801e-63,1.594028957215219798e-65,1.674702178154555096e-66,1.691135121064134253e-50,7.033643523622664949e-67,1.630721498061262683e-65,1.649694464546692055e-63,9.413362804742509967e-66,2.569321147198852431e-51,1.172740066829310449e-46,2.215994781325346949e-65,9.257186761060282741e-66,1.498186082848035100e-63,7.422640493022363105e-52,5.154853827758559504e-68,2.896040092781971204e-48,9.329560621812097413e-54,4.075986209403798450e-48,4.272787385828364189e-66,9.949864522708676557e-68,2.266346857645658375e-63,1.232525773972957414e-51,3.745893232082266842e-51,1.945116340130124721e-55,5.911098464685061216e-52,1.055788042207286059e-50,2.063549203502535781e-54,9.598605829078585691e-52,6.816084554183153808e-51,3.524737533622976492e-54,5.532003575804489188e-52,4.720683824113645275e-51,4.333474514811157251e-65,2.768392052554323233e-45,6.749731260927130597e-52,7.714913799585237534e-49,1.451365355666924585e-49,2.145285835546710912e-67,1.888366119870004012e-65,8.586521621530014417e-66,5.818269657392511022e-68,3.194986592247647442e-68,3.165700829538267850e-51,2.697581658482526565e-54,1.107382434217543435e-68,6.483495138541503244e-51,3.149327896415344141e-65,2.753161065845907969e-64,1.082437774258797146e-64,1.677093682708997433e-68,5.886296702508213514e-51,1.356063772283279274e-66,6.915285004639118829e-49,8.805927057583100416e-66,1.293429400204541141e-52,5.252746663746310082e-68,1.592768641754680399e-50,3.744276214688423957e-61,5.861662269310703247e-54,5.113765149945640185e-65,9.007889819673124632e-65,1.299703612701733091e-52,2.640261462102635050e-63,4.865062744129447981e-47,5.938473007322914195e-54,9.543973829793165313e-60,5.441401436028607985e-46,1.967529738523826046e-67,6.921225904304114668e-60,2.111460836743817360e-52,2.428104621330485310e-65,1.727420431803560579e-68,3.744324612390514305e-65,6.518318494594263252e-66,2.109066720991432400e-65,1.670578490283510634e-52,4.245254394552546010e-52,7.201725500393607049e-52,8.856036590585215943e-68,2.743899757116857841e-63,5.357286627269420961e-66,2.029772446995398780e-51,3.295980980556100980e-67,2.187337696291551579e-67,7.299270216688692344e-47,1.587096972712163198e-66,4.876206708063853501e-51,5.657763454203305311e-49,6.322866600008744313e-54,9.666583896972992039e-68,3.821145934176819535e-49,2.528946315319324751e-49,5.572383930709440314e-44,5.898998914336783571e-59,2.437461058335455314e-54,5.887512981568583512e-46,9.646994593162321688e-65,6.160017340940671389e-53,3.637751018821454933e-65,2.639694473719158899e-65,1.362614125458512557e-54,2.151971953426074071e-54,2.610191662006174720e-64,1.378318597276876977e-54,2.666321898864740907e-67,7.204371477813655831e-52,1.710514181555727878e-63,1.029397211775198184e-53,2.213909301523922596e-46,1.258954640263165115e-66,4.094884742308027750e-67,8.227072287633275848e-54,1.489912494333875942e-49,9.645987256668955875e-52,4.109777690901406646e-49,2.505025801032355756e-67,2.173333356404854915e-67,1.156570257978402332e-46,9.658965146682550837e-47,3.666126909572082329e-51,3.312400902196334060e-50,5.436958502125245191e-65,1.082063041707807918e-67,2.801703397565707257e-66,1.017048635820875602e-52,8.690507600594358925e-69,1.326034177143149280e-68,6.547365405872543610e-47,7.920238180670977459e-55,2.411278312346889937e-46,2.007808611755719140e-54,9.238120796893751648e-47,9.159434846372268776e-52,1.857798528340179376e-50,1.043130226517863809e-67,2.734421518545129669e-50,4.158378884645252763e-69,4.197119154549827366e-66,4.941533744996071363e-67,1.524746005330157496e-54,5.292792574594711046e-66,2.858377613356501028e-53,4.899978056785599523e-60,2.428994268105266164e-54,6.642555975543149715e-66,1.493932422495880986e-43,3.427831534725237803e-53,2.563021914056626493e-49,9.133503321606205327e-65,9.912194254670331359e-52,6.999672400792530397e-66,5.321219134894433456e-51,5.788569957567145458e-69,4.930717586504434530e-48,3.515628980667982802e-51,1.957822703492985033e-65,4.230792005283050895e-52,7.573839219428337970e-65,6.838755089944040514e-65,2.272105779744106137e-66,1.424657382988380360e-65,1.236351470149430120e-64,8.893389184891335441e-51
2.619643201718060949e-82,7.133296718363716628e-82,1.884312864567311634e-82,6.356693504836153119e-81,9.821001962541614162e-66,1.183783790344732438e-76,2.333613287081930052e-77,5.448418871464061226e-77,1.979308931014290903e-79,9.511375465823167132e-79,3.508888555100418553e-81,4.612586427676235943e-82,5.339842128918384584e-82,2.780627134877336710e-77,3.790853340732260100e-68,3.713714227837207325e-83,3.873457931746921833e-80,1.462779368448974229e-79,1.306915789330844957e-67,4.731179502059959936e-79,5.233770213567671483e-77,8.999586466163456880e-82,1.301006705613955474e-80,1.870638681614299133e-68,1.809011640312849303e-65,8.657480634851490559e-77,1.244544128998963129e-66,3.874710809493928500e-77,1.195360338893272759e-82,1.948537891020832238e-67,6.993229149001054157e-66,1.016641216973569587e-69,1.982782290463909018e-81,7.176131669510836346e-67,1.499636224833355733e-81,3.774646246877294728e-68,1.219295331922867232e-65,1.702560974415204757e-67,2.965570991240650613e-82,8.972777843602519329e-67,1.107386171846744097e-68,4.237215036095512887e-67,7.806071767057520100e-69,4.497199352877780353e-82,2.101079303712833119e-67,2.771053233179975972e-79,1.749590648033899739e-82,1.334202577998160065e-69,1.209679768621172708e-65,2.192256709167279926e-83,4.654664775911795868e-81,1.040278312897669614e-65,8.152871286111299681e-67,1.293958689726102198e-79,1.442572582819077913e-59,2.225623276683235619e-81,1.467724467963318766e-81,2.166819253619756780e-81,3.513460926558051695e-83,4.591090121480712198e-79,7.434859723119656117e-82,1.127891495856293446e-67,2.185754649644775761e-82,3.112634693272944457e-69,1.821194457588836209e-64,8.664979085932829832e-63,3.328396242597295349e-82,5.325279754160541847e-78,1.328126810328226086e-78,5.724854694628829887e-77,1.090536462575732805e-80,6.215468791159382401e-68,0.000000000000000000e+00,1.240009188110930254e-78,1.573834132296351592e-67,4.038031614947928733e-80,1.305044391803166212e-79,8.708967486065811189e-69,6.937110701551318631e-68,1.534006407507878088e-77,2.269276299063530404e-78,3.463318634818201589e-68,1.236364563702293734e-62,2.238763857630087127e-65,2.199621485339478657e-67,2.051422121498920748e-80,1.956348909522808749e-79,3.816135116758072724e-83,4.815477899566045168e-67,6.059772227809759275e-80,1.900310507250846304e-67,1.064785112344139821e-76,3.619941826972395301e-69,1.522614923928897087e-82,8.108907418486512209e-81,6.161261392970812795e-81,3.747686250372928227e-68,2.366929515122531043e-80,7.686133633542437228e-82,3.057005831289690510e-82,1.375116716593227426e-81,7.863197001329090643e-67,3.319878031527876762e-68,4.186469830645672774e-82,1.331551962253234544e-81,1.768459689895901927e-82,4.092829879604214527e-67,5.879857966948363285e-77,1.917319089260575560e-67,1.477222492509723998e-65,1.010877525686549139e-67,1.163720547759042233e-81,3.556278556798646271e-79,1.540729744974278165e-82,1.180202471630535067e-69,6.739739688648755787e-67,1.186422595285391851e-65,9.945040676907740677e-67,2.334309772041953768e-67,6.977925783250157987e-66,8.984228734227286116e-69,5.550239446938224945e-67,2.560279223583452584e-66,2.497259861049275799e-64,7.628586535491714190e-66,1.530213306942831766e-81,7.620619378556040968e-69,4.177503786791943149e-67,5.407732990300495869e-68,2.347953824921465703e-68,1.031366502544041397e-78,1.039238998859470291e-81,2.026622162548052740e-81,2.499971287527831978e-78,4.066013948628812815e-79,5.684843230942251758e-67,3.430574766011117514e-66,6.124092614726345174e-81,1.279509026006065235e-67,3.968608922692196622e-82,1.265053114644780252e-76,1.408705019235106205e-83,4.295038919840454628e-80,7.280622522892457086e-68,3.301482067509145085e-77,5.881977490606336659e-67,1.151007938956130501e-81,3.691928098982561673e-66,2.040767621322944299e-78,1.079913690751597502e-67,3.536115456562146981e-81,1.187761792690774111e-62,2.706559745813012667e-82,1.348679661347292777e-83,2.597898103134825343e-69,1.905967414163843352e-82,4.098102490944013290e-68,9.170511792016850071e-66,1.064482667734894949e-82,2.018810723829805934e-67,1.159103213674652659e-78,5.766662069019901002e-83,2.581064200215367311e-69,4.396523528930448730e-82,1.080516259124589941e-79,2.791390888181659182e-82,1.239077839138832706e-81,9.682665900937345974e-82,7.466302283565468511e-68,6.474695809508405373e-69,6.393143413606065030e-67,1.644103236110689154e-77,1.538035208615909445e-82,1.140227114795024659e-81,3.511687454341423855e-66,5.042564352448707202e-79,5.947784610383716563e-77,3.572104525432281521e-68,7.310291561036247018e-81,5.199400696871134307e-67,3.977732496968784107e-67,1.720065581663218420e-62,3.177817456662691199e-77,4.610826502470636698e-67,5.940239823747453997e-67,6.045094787205269548e-68,1.360022496812733906e-82,8.456997570257069032e-66,5.520059280958462039e-69,7.314372214789598843e-82,1.463380432880606301e-59,4.862928575895671948e-82,4.791835957770496230e-82,1.299556201503142941e-65,7.414305289141230144e-66,1.141287372600467669e-76,9.614500060889976474e-66,2.131156616053684795e-79,7.737573327724413715e-66,1.519129135782942867e-82,1.483813768264215674e-62,5.604422787190630966e-68,3.601039350426330446e-81,3.999999789391947558e-01,4.307980671355292143e-69,2.191967743780859038e-67,9.716078497361546956e-67,6.361879124444689845e-68,4.000000453869180239e-01,3.872758153514628470e-66,4.198081070570301107e-68,3.914835777074125176e-69,1.327937891194266620e-65,3.131993089963720132e-68,9.433044959311311452e-82,2.705414285936916457e-76,3.078352999233919360e-81,1.093980676184437404e-66,1.069728718179680542e-80,3.559309293961399436e-80,6.403106364325332672e-68,1.406523009261277583e-66,6.297284327390496280e-68,7.801266870950274104e-66,4.248029021894678878e-68,2.154105815319616595e-69,6.914678771819350461e-68,5.006720039295996051e-78,8.476868013468382475e-68,2.148679028360544248e-81,8.858300462610112140e-82,2.856052748625084154e-80,1.463063056199197081e-65,1.179761470947678185e-81,6.858067653073824358e-69,4.658233525451289417e-83,1.675864777509715401e-66,1.473136948638592196e-81,8.916516558547887738e-68,1.904339378677230047e-62,4.654130164972136076e-67,2.453680578784955121e-82,2.369992837251713570e-66,1.631206658789628066e-81,1.842237702075668279e-67,3.765990240158980936e-81,1.495450176804786588e-67,5.468973460569669091e-67,1.244000219616101581e-80,1.047092898320496290e-66,2.923844283576752173e-82,2.230852256278274023e-82,8.214340923257886415e-76,9.112974601609054153e-82,4.539818237757546882e-80,7.493422500704025429e-68
1.281695556902821195e-82,2.854430174572303278e-82,7.764869385514742424e-83,2.065832963942626222e-81,2.510668084057244824e-66,4.928249420742124335e-76,1.871096337068415904e-79,2.150184810664197557e-78,2.261592099290085173e-80,3.527913876406730136e-76,1.212942446823863129e-81,2.157346960023073974e-82,2.254513566536220268e-82,4.072977322433629939e-79,1.735568085266216446e-68,1.912512532829144045e-83,8.233088460290034404e-81,4.867268431999627108e-80,6.362686821144791881e-68,7.552358145067215252e-77,2.553958471362895465e-79,3.693136599204546211e-82,9.984298691415431494e-80,9.457351035584396920e-69,7.467827297185668819e-67,3.340398903364442491e-76,7.627094615970247913e-68,2.829451463791125502e-79,5.351302290018314012e-83,8.289072384462459901e-68,2.169731663297824687e-66,4.672870750356820058e-70,8.801110165165863899e-82,2.966139345602136034e-67,4.912840150548234003e-82,1.780364654277502654e-68,2.946202551825323087e-66,5.935648708304706581e-68,1.310150187158491658e-82,6.112799370874116554e-68,4.373010156158144463e-69,1.721298035738516800e-67,3.859597824340689844e-69,1.879329783459876258e-82,2.397217203183974380e-78,2.707389625758121887e-80,7.467239580989269690e-83,6.030998285795810159e-70,1.803250504605195310e-64,1.107538957625149969e-83,2.568774607995808535e-80,1.596753862422377563e-63,3.741662078619794863e-67,5.391815359454424775e-79,2.805582070009475127e-63,8.081652094446372706e-82,5.798051016917998924e-82,8.443576459034240022e-81,1.758686296161594531e-83,3.458556140172897622e-80,2.668875245285161400e-82,4.745634179305304079e-68,9.624855962040301243e-83,1.529730013074084868e-69,3.502359097724240371e-65,1.629482865292382523e-64,1.541837625922640752e-82,1.662042619062766228e-79,4.000000195572714357e-01,3.243838855743836634e-79,7.394406947147393003e-80,3.060357456997888220e-68,1.240009188110930254e-78,0.000000000000000000e+00,6.351838596092360435e-68,6.427518329363024718e-79,4.750173874798633965e-80,3.733625007128195830e-69,2.504499819256557891e-68,2.511879114439603552e-79,8.329030494373151324e-79,1.696062381663487416e-68,2.707045621316556823e-64,2.280777830860114516e-52,1.803433026388527887e-78,6.996440513589336178e-81,2.354436569290611834e-80,1.789994815672417404e-83,1.808743721887289087e-67,8.486555619066084868e-79,8.495549642040715744e-68,4.311503930565687652e-79,1.360181160533195263e-69,6.775933044588770440e-83,3.015106770380249417e-81,2.002885740294983498e-81,1.462088339906929728e-68,5.616024758033064642e-81,3.192133629202618595e-82,1.482351011416095982e-82,6.101717352473407906e-82,2.738786298777605419e-67,1.715987943080591026e-68,1.635552117377576248e-82,5.046882026645820304e-82,8.558259099450073047e-83,1.517838886385287626e-67,2.131348464722397215e-78,9.781043256360154962e-68,2.120840733384118585e-64,4.799872924273249311e-68,4.306379709942495745e-82,6.399121247815010827e-78,7.439954034314975988e-83,5.712839109459711076e-70,2.401651368409768445e-67,2.325578203227073742e-52,3.323034857375072740e-67,1.064616465587784248e-67,1.393654614828665441e-64,3.376276532452302858e-69,2.044058535611895435e-67,1.386842181565601374e-65,2.827045340636479229e-65,3.148305914834802162e-66,6.382449613146128156e-82,3.617311034485647563e-69,1.422805890875757776e-67,2.700533292807259884e-68,1.227759343976333062e-68,4.375573897711426269e-80,3.924057038307872997e-82,7.323694171311323618e-82,3.987010006716822551e-79,7.045979634086624974e-77,2.334999180228834469e-67,2.738237480283290849e-65,2.883924023062235717e-80,4.586891593681036419e-68,1.868685208812628725e-82,5.270582548316261780e-76,7.668865084889999649e-84,5.473575340141910179e-79,3.120630505135253370e-68,6.450970298221182719e-79,2.670197198845195276e-67,4.702234030971010328e-82,1.041839567146580330e-66,3.999999902256196060e-01,4.560738877455312982e-68,1.452422057896721214e-81,4.101860770764662737e-65,1.163266296907754476e-82,7.721106643943251669e-84,1.134918995885802391e-69,8.946733317899130218e-83,1.918860778323894291e-68,9.881775279039919511e-65,4.981804628551438610e-83,1.019596768534636076e-67,4.140280432182015565e-80,2.521137190299979673e-83,9.804628254769936046e-70,1.779116169169096037e-82,1.927662793150300301e-78,1.159536367559380759e-82,4.991624680486661991e-82,3.949707604185676597e-82,2.957010726207557925e-68,2.728842683677911015e-69,2.292500790178795866e-67,2.452590582002322371e-79,6.840181357966276770e-83,4.709398931166650102e-82,1.142144522507973659e-66,3.842770126855364478e-80,7.208562527770493502e-78,1.830398204607768596e-68,2.303892071818705848e-81,2.319191612125018612e-67,1.776044454328839119e-67,3.556324937821029140e-65,2.342637468640390589e-79,2.297921122459236620e-67,2.753589858689774088e-67,2.968897005170376526e-68,6.621524623004745597e-83,2.112554897761746470e-64,2.457570233006159114e-69,3.513055978458544965e-82,7.355802128808492258e-63,2.120441942634330473e-82,2.111178083958590632e-82,2.366044614612244366e-63,1.124912393818921309e-64,4.416418861650632104e-76,1.229055417813358189e-63,1.913085341464738067e-80,2.377648701554390785e-66,6.872308516794624082e-83,7.183505558046430372e-65,2.531690361483115305e-68,1.114524574067594040e-81,7.240897525762058614e-78,1.444802089648814517e-69,9.083814133364047441e-68,3.408462606597347924e-67,3.294869921567759203e-68,2.808666451058895770e-78,6.587446930479841386e-78,2.005375743514425924e-68,1.981798373005849828e-69,4.265869540061771185e-66,1.418492538678163482e-68,4.201162866794666316e-82,1.155153362272127132e-77,1.104859844091497929e-81,3.178660417019068928e-67,7.160969065473027924e-80,5.474650355329459315e-79,3.088365836326223547e-68,1.180403316804688638e-67,2.905413422171706102e-68,1.555464105618355905e-64,2.101393044207421478e-68,9.116548293006944656e-70,2.895716794312335001e-68,1.149386780417713184e-79,3.572048074638300692e-68,8.590988803612300855e-81,3.572526696847678500e-82,5.920280248315482041e-81,1.996406036318100572e-63,5.254033414671478872e-82,2.680203684845135777e-69,2.189446664602504141e-83,8.904765877915269196e-66,5.671184754841582538e-82,4.069462414945743636e-68,1.337342542330724429e-64,2.322710713867872296e-67,1.197128020131845738e-82,7.689197533201040306e-67,7.028944023712100659e-82,7.422605877402067790e-68,2.042256893072765414e-80,7.309831197266241804e-68,1.758345932610516381e-67,4.159659738793494787e-81,3.541009059262535633e-67,1.475589392091544449e-82,9.723696059843274756e-83,8.758574840690240198e-78,3.806852863523022070e-82,1.808470949585503673e-80,3.763503011130617292e-68
2.404250717546278070e-63,2.507004686310815772e-57,2.838290298294473346e-65,2.800198523866012253e-64,2.006086613314933748e-50,4.758824953807976293e-64,3.038248556074143517e-67,1.120606109229054513e-67,2.945827792434055138e-66,7.759658330507546077e-68,5.380639123728031028e-66,1.001781269778992549e-64,6.876618955469338114e-65,9.628920108079408526e-67,3.643215495552027116e-51,9.986867321691715048e-67,4.012381108324842212e-66,8.597467571290193717e-64,2.691089393617185727e-48,5.804748173726262966e-68,4.124683184666086256e-67,6.379068862102611781e-65,2.005851219957472129e-68,2.402724855832321592e-52,5.077365587361262701e-54,3.184916014769612104e-64,9.692594515653342408e-55,2.694445310813985281e-67,7.144856838211907461e-66,9.053967877113459743e-47,1.485965584547308958e-50,4.291058084036055482e-51,8.022709977831466458e-62,1.329866297352708134e-46,1.545858056509504428e-63,3.255156121743291279e-51,1.053604843189288064e-50,1.302669364976877137e-46,8.885994280478312899e-63,1.011346679605288110e-54,4.094214915176120749e-51,7.003263420341432986e-49,1.644538418971453638e-51,1.436759031890778936e-61,1.546457002903811947e-67,1.673564884195906320e-66,1.143601730196421583e-65,7.031298285180595631e-51,1.110701896716719601e-53,4.076617069030429616e-67,1.202734156913311368e-68,2.317437648159646480e-54,2.487259435121621897e-46,4.324606794448660563e-67,1.870412463769785300e-52,3.452240097392690419e-63,2.782130801293013581e-64,7.050613379602673739e-69,6.148181349252685030e-67,1.146247226541464532e-66,8.761840495864401830e-61,2.152900945263667285e-50,4.343702364191753146e-65,1.619350534372012835e-52,6.586440575105873148e-51,5.512330479006745569e-52,1.342595300658547936e-62,2.381872259920625253e-67,6.556855917393950531e-68,4.202715690696920560e-67,1.763073072766611611e-68,3.979069250823499258e-51,1.573834132296351592e-67,6.351838596092360435e-68,0.000000000000000000e+00,2.421136028011928661e-68,9.350214779104050901e-62,2.428817253884989797e-51,2.046617239878498236e-50,2.088535581568313826e-67,6.800853572741182928e-68,2.133624233920122661e-51,1.151579249661747943e-51,5.088992227342081463e-55,1.239832419553772697e-67,1.657127495417828601e-65,3.826813448079109228e-66,8.241020284681522963e-67,1.164741263364892534e-48,4.109358008164790665e-68,1.930154547642759056e-50,2.951108577145293930e-67,9.189986979170859880e-52,4.334452001575928833e-65,4.442817006497865048e-64,4.882965988860893908e-65,1.145911786591129612e-50,8.508082564517950726e-66,3.978276837337553881e-57,1.905590520784674324e-64,2.473009651733784130e-64,1.126329536468319788e-48,2.816185848778200417e-51,1.899523087071120445e-61,4.656764534695603737e-64,8.200630986729314357e-65,4.422429190585072183e-50,1.021276900717506292e-67,5.640013221817653055e-50,1.397081646778314133e-53,2.170547209836888021e-50,1.976774117085720822e-64,1.872206811358066888e-67,5.009891067583821992e-65,6.040736983631096314e-51,4.252410637455672515e-48,4.349371624205844770e-55,3.772099064075094632e-50,1.098926467940839242e-46,3.572937809454897744e-54,3.409078993870322797e-48,2.044496078899096666e-47,5.802745265234720889e-54,1.653653783948635655e-51,4.739659203105427241e-49,4.030346595682628022e-62,3.965361481611795904e-52,3.902096149434631292e-50,1.989442112730517400e-50,3.581830418439940670e-52,8.448333488315404029e-67,6.227016438131507845e-61,1.783594122143433769e-63,9.686331669016375721e-68,5.420345920725515355e-68,2.437087188628888355e-48,4.405180211770002949e-54,1.720005667968237337e-68,9.611322097935229522e-47,2.411995932968593405e-62,5.119461418532235364e-64,2.953912358984273202e-67,3.259099204851476339e-68,2.914970856263569587e-48,4.702319696485836294e-66,2.334570513186917428e-49,3.002981639347739766e-63,4.018498146998889768e-52,1.037941166194803939e-67,1.415827172956668851e-48,4.761986414627926094e-64,1.327068753450081589e-53,9.921792196519263417e-65,2.523302435155861777e-67,5.294227928938666562e-48,6.564885302357372171e-65,3.548398875729718888e-51,1.020961960465199810e-53,3.726649753262921627e-66,2.104192454402720784e-50,8.269566153043462743e-67,2.424661116597823318e-66,5.462471090536700520e-48,2.393547852726539635e-61,4.256926319192117262e-68,8.738083096749531990e-65,1.126486287851336804e-62,3.921712590631346848e-60,2.197438989944166830e-50,4.833590213028651988e-48,6.132196305605694113e-50,2.280341050414955393e-67,4.018184368923845206e-65,1.069889491952369901e-63,5.405748001832340006e-50,1.360871652647789309e-66,4.477580163358029367e-67,1.372267109530885259e-51,6.807781414501604815e-65,3.263213829382336983e-48,6.514542509181559705e-49,1.655999352136451014e-53,3.224177343772890107e-67,9.733679169717890935e-49,3.623859418954084494e-49,2.361147861359915099e-51,1.156023490407231525e-65,4.216345904301482947e-54,3.209903468164962479e-52,2.870987741353867984e-62,1.380309504325927473e-52,3.496641052671493375e-62,3.625329576034042169e-62,2.368091621099695587e-54,4.175940860069626265e-54,4.847263561862540461e-64,2.465232423266738600e-54,1.204008900835033752e-66,1.197724213188153124e-50,6.123137840369513677e-65,3.002117076271085978e-53,2.449371770477697256e-51,9.311752182106544085e-66,1.154891831010398367e-66,7.431453950308039283e-52,1.623248689868773082e-49,3.452351612953335315e-50,3.291395226722705300e-50,5.931652538160617596e-67,4.978183617870123818e-67,4.321624534365317310e-51,1.766544627988574651e-52,2.330566298226864253e-49,5.971264131093536855e-51,8.325274757875953586e-62,2.245065145761538457e-67,4.874058740532569584e-64,6.318297251866298471e-52,1.663188521248066395e-68,2.375597172168693921e-68,7.513985559007334469e-51,2.167456772218926918e-54,2.497811264853394312e-51,3.853102356361274018e-54,1.776090396021578232e-51,2.644097270737591468e-50,4.279700197820435564e-50,2.800421511052330627e-67,9.655885470684508940e-50,8.346058354953006578e-69,8.500613267629142911e-65,4.625023956651621898e-66,2.463455467358712942e-54,2.481909650354803200e-64,3.299839389497085494e-51,1.990420376069785909e-66,3.853228740711996733e-54,2.418700408355155981e-63,3.629236486799630083e-51,8.457045439988187437e-53,1.157564822079950603e-48,1.857466023075239074e-63,4.203571589145323543e-50,4.195871818298854498e-63,6.198176738475232143e-37,9.444618814137847928e-69,3.436849626898735232e-50,2.064272025366182777e-48,7.069708137937932763e-63,2.479490009300412380e-50,3.680364627635033157e-63,7.199625003338556241e-65,5.228037669024771084e-66,2.327799622235104357e-57,2.583308158658400542e-62,2.244002146131706490e-48
5.118104969325741176e-83,1.083421788098516602e-82,3.409977569983838625e-83,7.717985563720679034e-82,6.193205256845429783e-67,4.541714337148461705e-75,1.140107116577139646e-80,4.613146178559981368e-80,2.980426717359820953e-81,1.446279844043988159e-78,2.510692328579302739e-82,8.932343708814947345e-83,9.934970489112838825e-83,2.476987245781877076e-80,6.650605064217492549e-69,9.132146791986596305e-84,1.428764980835987576e-81,1.368654100817280962e-80,2.789857331196868569e-68,1.262004312690206830e-78,1.456073236144941618e-80,9.584552898557927916e-83,3.369152128604704515e-78,3.914022535471482358e-69,5.531775071717779456e-68,2.691650320938038464e-75,7.146499548308293649e-69,1.841267175583897162e-80,2.491462034953756823e-83,3.450715581902894638e-68,5.374635258253364865e-67,1.963891984510322816e-70,3.496360811713699646e-82,1.304797065105544960e-67,1.818925618389783114e-82,7.274937479116254424e-69,7.571750915257129726e-67,2.547147336769814296e-68,5.002328017495312948e-83,5.752642843432022834e-69,1.446991367163086783e-69,5.962084075300193102e-68,1.359716329981959425e-69,9.167516907558461023e-83,6.899013845942793464e-80,3.311481215385249546e-81,3.374111908279459846e-83,2.272227456064006188e-70,1.029075514106799685e-59,4.569240745190749340e-84,3.533001192639726027e-79,1.798894983037692204e-64,1.406506776439728306e-67,6.444515891999317595e-78,1.032137111239878210e-64,3.117260459296667577e-82,1.581374385032153067e-82,7.514428230624044813e-80,6.041531032652137396e-84,3.558959261965409604e-81,9.423408311900112154e-83,2.035549366327961426e-68,4.253996248622667097e-83,6.892852317073076059e-70,5.098046202998342270e-66,1.046687642266864704e-65,6.027258083035922611e-83,9.276308996279602192e-81,7.808901177054097996e-79,1.678285847870939554e-80,3.008737124854450049e-78,1.209044013576431952e-68,4.038031614947928733e-80,6.427518329363024718e-79,2.421136028011928661e-68,0.000000000000000000e+00,1.516789353663831668e-80,1.364769569878883835e-69,8.305830747001036830e-69,1.312977546525296086e-80,3.287458144530951354e-80,7.656171003995759475e-69,1.608034753641802958e-65,2.238601441449194746e-66,4.908851476923392647e-80,1.528296634173258791e-81,3.405218362478047100e-81,7.442806363806434779e-84,6.398657240648691793e-68,2.233700827211816976e-73,3.755774499967920479e-68,1.877713136722485696e-80,4.823253734619354741e-70,2.564975597874624602e-83,9.016193906294477404e-82,5.699730636330292890e-82,4.920208040541058919e-69,1.246205531003258998e-81,1.268356632961040287e-82,5.502013035661623484e-83,1.823087590008423030e-82,9.580439709687642770e-68,6.928213234025639025e-69,7.695833595335922416e-83,1.708222728383050774e-82,3.512114895854515560e-83,5.260637134813400238e-68,4.886327864841356494e-80,5.126878904211735526e-68,3.732676684075602804e-60,1.946603766322689096e-68,1.366004672582459354e-82,3.999999943868246532e-01,3.010765169278009379e-83,2.158991582967886923e-70,8.154441723878626994e-68,3.868983862401056822e-66,9.718923671864526664e-68,4.950986917011919046e-68,4.105532438023560459e-59,1.362945528452386199e-69,7.212987849030662583e-68,2.517032922580736317e-64,3.354658954429305952e-66,1.134557960579565752e-66,2.009438749900931384e-82,1.499474252772138676e-69,4.362401527358068776e-68,1.142223817807248276e-68,4.942276499719594273e-69,4.273497993552181187e-81,1.522705283216718636e-82,2.839686230836732616e-82,1.555554436970980133e-80,1.200657150037488135e-78,8.293850740094832372e-68,1.542539540156328253e-63,3.857627516054980065e-79,1.972774170808941084e-68,7.360946302806502795e-83,4.233284178638882980e-75,3.843421583968919088e-84,6.684908034277741629e-74,1.287865055259809358e-68,5.623216706517425392e-80,8.732726207805615197e-68,1.680952539791987540e-82,1.656196120147964890e-67,9.953701428676008718e-79,1.819820520554854700e-68,5.928148506892934287e-82,1.511882694829257191e-66,3.508249495024293526e-83,3.436744334402998330e-84,4.262993917560472314e-70,3.547190189835934960e-83,7.496211030763979129e-69,2.267378970657256206e-62,2.308030417897500744e-83,4.251892261328730594e-68,4.535762993531831118e-81,1.053259896569191736e-83,3.675162242343624912e-70,7.442692887278725491e-83,4.000000114179473321e-01,3.788951133875320496e-83,1.951966855348226185e-82,1.353564855380996778e-82,1.082415908907872738e-68,9.704694040324566247e-70,7.051231945245342182e-68,1.219481224278587368e-80,2.771317824772754812e-83,1.524392780854901441e-82,3.263205230661706172e-67,4.108054084511950502e-81,2.119930935254360169e-79,7.414139115695672171e-69,6.810014150872103401e-82,7.074885150467444633e-68,6.630877849410223275e-68,1.407633515756101302e-66,1.333211400205797494e-80,1.015013241557167758e-67,8.289457724226581999e-68,1.244551136868666258e-68,2.927944543769589585e-83,1.110747157088930884e-59,1.181224086390287390e-69,1.251092224424406001e-82,1.620135499847032654e-64,8.259517568073812124e-83,6.697780325449170654e-83,1.357471971869368319e-64,3.415670050129361052e-59,3.757830927226186034e-75,2.552139592680099386e-64,2.172032033710015380e-81,5.234156067545594905e-67,2.853749869287267235e-83,3.005443893803017169e-66,1.043620556373262861e-68,2.886220969053378411e-82,2.914721483050269506e-79,4.643958529306131009e-70,3.358581829541087254e-68,9.753165813813154806e-68,1.357606432507905913e-68,8.295754805435706476e-80,1.909463735702083900e-79,8.763505804114982440e-69,9.601604534563535251e-70,1.506317727676584942e-66,4.392707608311903310e-69,1.397279218508481129e-82,2.172712872942992975e-79,3.875567754446502565e-82,7.096631759044745288e-68,2.928269561787859371e-78,8.902733941125538652e-74,1.233544393764806303e-68,1.102872173323411867e-68,1.189555210512923788e-68,1.247692033342549832e-59,8.284771698063816107e-69,3.739444883130261619e-70,1.024506609406426360e-68,7.371770342277166662e-81,1.291483933713731044e-68,8.923629727204204033e-80,9.582934048339100776e-83,1.149572434104633578e-81,1.123766270833467612e-64,1.600827511679375633e-82,9.282298536030004219e-70,9.430238208538711190e-84,1.427375109894848263e-64,2.087173077051902621e-82,1.675797268401189511e-68,6.616157521933080494e-66,1.077395364891040992e-67,4.958388381830119066e-83,2.140201840249991004e-67,2.528494529535490963e-82,3.016194570537573421e-68,2.771936715512768836e-79,3.299978087182227146e-68,6.332728810772505750e-68,1.686845540452118865e-81,1.089490367900053383e-67,5.813839460719792623e-83,3.153067098630153963e-83,3.575105095751526634e-79,1.382407879680399615e-82,6.531907841575272582e-81,1.477639426823524091e-68
4.269003449724045856e-77,5.906263400096790716e-76,3.750882500010867352e-78,2.927481661660688862e-76,8.262458330632534181e-62,3.196173702397059735e-76,1.914094775593846927e-79,1.226661205826079056e-79,3.969358304289443898e-78,7.576595979454934647e-80,3.501065919016916230e-77,1.519731224762826613e-77,1.283502100593121126e-77,7.469996593373871982e-79,1.058854388076531443e-63,2.058455435976950354e-79,5.369293323674838711e-78,9.284730307880908480e-75,2.097110222648436117e-62,5.487504773712864379e-80,3.042269758794003647e-79,2.689926443756408272e-74,1.577831385865466720e-80,9.062514584959612954e-65,7.239073056401142959e-66,2.585478910063811278e-76,1.236014809331091535e-66,1.363863713401978470e-79,1.625950927928084734e-78,3.394844283609576476e-62,9.191458750365070095e-62,1.249281888130376549e-64,4.986106470009573121e-76,1.508120373130666559e-61,6.991974030755894422e-73,8.044907683722109599e-64,2.610345947542459753e-62,4.525044657004515377e-62,7.081431143324392832e-77,1.403661846177443560e-66,2.537919496220341858e-58,2.500536585891494633e-61,4.022902580205438053e-64,4.286408057594571305e-77,1.118855550826919960e-79,2.392819774512608283e-78,1.901964751343498845e-78,2.722837056997971058e-64,8.136525978206449554e-66,1.535048925647554283e-79,8.228142415015059626e-81,1.899881088969772296e-66,1.987205355615287202e-61,3.135920376342149524e-79,1.114099849979262554e-64,1.479887216234110250e-75,3.999999937593183286e-01,5.450318052878355206e-81,3.444024210509996630e-79,1.258397150992339891e-78,1.852856088290244521e-75,3.429842849251689220e-63,4.423643580987665855e-78,2.807496499246065797e-65,1.726876530250703758e-62,5.456986834046357318e-64,6.576811102769437726e-77,2.992734006984347280e-79,5.033914804679575549e-80,3.480461765114633736e-79,1.241205128827649688e-80,1.059697094939786713e-63,1.305044391803166212e-79,4.750173874798633965e-80,9.350214779104050901e-62,1.516789353663831668e-80,0.000000000000000000e+00,5.213830057777384080e-64,9.110825273478134425e-59,2.334528448485885240e-79,9.954685234581961964e-80,4.557013993631628531e-64,1.244515564168749753e-63,4.139816209728355136e-67,9.935900474454960105e-80,8.107239862319836708e-77,3.714951677378533988e-78,2.496785928958854315e-79,3.134322995449753666e-61,3.515121004252443895e-80,3.154888961601629297e-63,2.789846906958482328e-79,1.474754221061505049e-59,9.044337635417328103e-78,1.670488314180436248e-70,3.836048058796146072e-76,7.586139557813769101e-63,1.199619905825804323e-77,5.190016235155138483e-76,1.773895963851383021e-77,1.345336499488725839e-73,5.113389264576304742e-60,7.850104982941660218e-64,6.660690042814679519e-77,3.999999725128579042e-01,7.585881762787123753e-78,3.808553291343248682e-58,1.052619591434517188e-79,3.305802079506870523e-63,1.376817569315096056e-65,3.340357130174458352e-63,9.014508705348161024e-71,1.337986698032493554e-79,7.154632004754380402e-78,1.465662459294798443e-64,2.930540018876887524e-60,2.756926548360794574e-67,9.130091628396789274e-61,3.798624606076613409e-62,3.028741138534973370e-66,3.711577587313947160e-63,4.471809857499297953e-60,4.663812217308212039e-66,3.725086063325685167e-63,1.150209661813229634e-60,1.160194240564602954e-74,8.856882011309571713e-65,3.300809110996344793e-58,2.024163074067150124e-63,1.436880059554156996e-64,6.477495795222622301e-79,4.851019773636163499e-75,5.661322226206063042e-73,1.550296663796096052e-79,5.175275644239906765e-80,4.729172356438069209e-60,3.826195380968725670e-66,1.622744434389545576e-80,3.272900596904928301e-62,1.080570717014967194e-76,3.331862909712753873e-76,6.535092034172446677e-80,2.680941342772905963e-80,2.300552608489025598e-62,3.993182426859744947e-78,9.050138310979802843e-62,9.565762718257153779e-74,1.603026324182213921e-63,8.091842383682995699e-80,4.438286751060389575e-62,1.220230274557470378e-76,1.191731028794734344e-65,8.374521467316925759e-77,5.769536764146918815e-80,1.705506808402146544e-63,9.125356530041859636e-78,1.406774280305217667e-63,7.379006109613522722e-66,8.624172578516850202e-79,2.985023562059994250e-63,6.144232845279070013e-79,5.730468549660589928e-79,1.386322655701302329e-63,7.117107284750678301e-77,2.357609219175242934e-80,1.001930160146900458e-76,1.541768435815316160e-75,1.623392678639743983e-75,6.417401646692695580e-59,7.037488087770891254e-63,1.814819117253065268e-58,2.019837884628877613e-79,7.984431624163710031e-78,4.234820673018080250e-73,3.311219104575461212e-60,1.303855974680478391e-78,4.836594543497986035e-79,4.458712514127703035e-64,3.383761186453415005e-76,1.334023301183664027e-59,6.209183619005504485e-62,1.554445817511828430e-65,1.897578972974451332e-79,2.540355153591520660e-62,1.506636075005059618e-61,6.305168546889420498e-64,1.696321078120033627e-78,3.278301886721758314e-66,5.759181352570484318e-65,2.637018523107631836e-76,9.089393518664299013e-65,2.282187333009325723e-76,7.938658393066949066e-76,2.177478512182255226e-66,3.525407979194592411e-66,3.014924335036103952e-76,2.243277389575647113e-66,1.202607259616933157e-78,3.978560043515314481e-62,6.993561246245966548e-78,1.967155002361060370e-65,8.560155689777767175e-64,7.474411268793756654e-77,7.594568615803582755e-79,1.225862397483104143e-59,4.401346253289052004e-62,1.018670425816095544e-58,3.193235206671909444e-63,4.841532428743537562e-79,4.447432071574313879e-79,7.912395456130044654e-64,2.499630854950681532e-65,5.758876588387161045e-61,4.886849883172049026e-63,1.186498343760797827e-75,1.979458729384332175e-79,3.797904711825115290e-76,3.189021183168060606e-63,1.157214434892678438e-80,1.888756343728728129e-80,1.297250169830266267e-63,3.392720362374335861e-66,1.018216588322734347e-63,3.018508127337804399e-66,5.858367936885392251e-64,3.058415145338181096e-64,1.915054723615501910e-62,2.587987772989354894e-79,2.516549357682939642e-62,5.109815730411767773e-81,3.538283562859134393e-74,7.131696515453830570e-78,2.648566064522193878e-66,1.077584142237365504e-70,5.224293421048607588e-59,4.735821627273075295e-79,3.324826732213556639e-66,5.219254303166344498e-74,9.828717790145610903e-64,7.589057206060163013e-65,2.888699294195164523e-62,2.857556424788674614e-77,6.281756284150680260e-61,3.759547157335582955e-75,1.356811521400894770e-61,7.749147204520756939e-81,3.294421681230851988e-63,1.159845010843616561e-59,5.916582750462237979e-75,2.067362855975999124e-61,3.383560954891933187e-77,5.887474641792852116e-77,5.096790106622160172e-78,6.416299793147339826e-76,2.155420382162022878e-72,1.657320024549904633e-62
7.205812964281885187e-65,6.892135387211457790e-66,1.156550272980574600e-62,6.482402997779729555e-67,2.446934652489946421e-52,2.980401770226147669e-65,1.235747947904338072e-68,7.373576592203152140e-69,1.067719668820901092e-67,5.454292358898789456e-69,2.013489130644039864e-67,9.637255991300009743e-61,1.012024764429338979e-61,4.588626768532223937e-68,1.259288271912175718e-48,3.663849589182886742e-66,8.993803972543161815e-68,9.620314872352199810e-66,1.284487208268297436e-50,4.187870590047038681e-69,1.948959848665141185e-68,1.390873938401343534e-66,1.477283514989060815e-69,7.857852846538132013e-52,3.172284551128897966e-55,2.416165005665945548e-65,4.633138891489268870e-56,9.893603175271592369e-69,1.869211497011220041e-64,1.214945770112146254e-50,2.392594245315496866e-52,1.039884286953474041e-51,2.993838331321387455e-64,6.217510346538450811e-50,3.357728145294884655e-66,2.933688647815729039e-49,1.404683955078385011e-52,2.890104946393932241e-51,6.300699967621610424e-65,5.257213100622259010e-56,1.567562303667278764e-53,5.705179790786318090e-50,2.142294513177588170e-35,7.582296468198566144e-66,7.688784050509241345e-69,6.917947641600250480e-68,1.982374667023900661e-64,8.786808773688568400e-52,7.021955250368722615e-55,1.631026922157023020e-66,8.563422654858939318e-70,1.509347424836373555e-55,6.067384738170026411e-50,3.111711477984795908e-68,8.868345261408428959e-54,2.115705298374647383e-66,2.047451899300665135e-66,5.161426374256355915e-70,4.044339905133728705e-66,4.691054334448685589e-68,1.062374150245514743e-65,5.198566016612553681e-47,1.753923211024716606e-62,1.945259691502999310e-51,3.031881827766862323e-52,2.759777523254060289e-53,7.224913297955146902e-65,1.461070905183059791e-68,3.872949605319430154e-69,2.049459376592512523e-68,1.166694746372768695e-69,1.403233116741021950e-49,8.708967486065811189e-69,3.733625007128195830e-69,2.428817253884989797e-51,1.364769569878883835e-69,5.213830057777384080e-64,0.000000000000000000e+00,4.964007341870162719e-53,1.298860632432864939e-68,5.873057941398351319e-69,4.414906637060834990e-50,5.697866050894693694e-53,2.914375400203529929e-56,6.918209237362782178e-69,6.241997189639408430e-67,9.668406003496626174e-68,3.417553481479133631e-66,6.701569496251946044e-50,2.849630105423862753e-69,1.335897114485734010e-48,1.651459740361132178e-68,2.802296965150591684e-54,2.996815289571365606e-56,5.065932119654397436e-66,4.092420549441691905e-67,1.742045024880620336e-50,1.350656637318051713e-67,8.877261399922588377e-66,2.111790890362135710e-61,3.172501740381922814e-66,9.246809806650571238e-52,3.588472521773164979e-49,1.262148519926506818e-65,3.419867927027536601e-66,9.387741911659063392e-62,2.364612070978246914e-52,6.922860420607949463e-69,5.284219213369070518e-48,1.151693575185877277e-54,7.663953765627187469e-47,1.416823137101038720e-66,1.173856939950703840e-68,1.085464327853164437e-61,2.086172904368101484e-51,1.880394550580616612e-51,2.240869344001628891e-56,1.717066090705221702e-52,5.153516542833375010e-51,2.442031363559752727e-55,8.766333702555280403e-52,3.483318053253528778e-51,4.267674967352457191e-55,9.947072951033200016e-53,1.152022867671510573e-51,3.717409518498500517e-65,7.925032052847615776e-51,2.295462548916348418e-52,2.097929966216987279e-47,1.275080219089829484e-51,3.060306319097959333e-68,1.167802207775328976e-65,3.091816730354983784e-66,8.085923279367490922e-69,3.680317131292515922e-69,1.378292377279456519e-51,3.216395849310909160e-55,1.330904344267628649e-69,4.433915505447829077e-51,1.739593305471015856e-65,3.436034828531512636e-65,8.030318022666633823e-67,2.420354337770177083e-69,5.584889164370120504e-51,2.080388446504019651e-67,9.939888331912469939e-49,3.466329804169509567e-66,2.165310898616310698e-53,6.132188168556130286e-69,2.013943171247857900e-50,8.734078810548932853e-55,7.323696031445162463e-55,4.633829631420912815e-65,6.273197897343112604e-67,9.565989391001862820e-53,2.068433412156368749e-61,8.702345946399456797e-49,6.566635083537978244e-55,4.365092932023223804e-65,1.001607212135808118e-48,3.008111590740695798e-68,3.751949267080985430e-65,1.518130938765903052e-52,1.428828644713863672e-65,2.180960028837221386e-69,3.619070304793332960e-65,2.943235455935952962e-66,1.310996764799640191e-65,5.372149625047035168e-53,3.208581495324717734e-52,2.770581265823474049e-52,1.261338448997662770e-68,2.632433827473124839e-56,2.097361122316115691e-66,5.629998794006908713e-52,4.630005595260484533e-68,3.273519059107985338e-68,2.095244663016614771e-50,4.221066235875836447e-67,2.323917144909851894e-51,2.405802067222867217e-48,9.324556372291989387e-55,1.353213065636351618e-68,3.128314853594754124e-49,2.725211640188588934e-49,4.036363892059813435e-50,3.236965529646245410e-64,2.706721958140270030e-55,4.514735516920769477e-51,7.370219346037906053e-65,6.889119820732655964e-54,2.613020609047030905e-65,2.177477461403416548e-65,1.616214989873367364e-55,2.895926851279214645e-55,3.204732393872856469e-65,1.746536190064386602e-55,4.329863923542094089e-68,1.623375415974433428e-52,1.329363944801015433e-61,1.366994655123419908e-54,6.596625545104422653e-50,2.878689484334609388e-67,5.488616479227624808e-68,2.450590413643994844e-54,2.389365264067998303e-49,2.950358269419046794e-52,1.485882502571505162e-47,3.077574588819869128e-68,2.920952501167196178e-68,4.727299673478127160e-49,1.465311304683253949e-51,9.143830185752159941e-52,2.565909198021483696e-50,4.670443242877058717e-65,1.379711191950346150e-68,7.842856407323467220e-67,1.929611198362601207e-53,1.094470033209860961e-69,1.630108098358636153e-69,1.962251911534936168e-48,1.218188696110037449e-55,6.365335189042677019e-50,2.599585866770088561e-55,3.314339021227631238e-50,1.068475560341678367e-51,2.755665845603303747e-50,1.427129701559793823e-68,4.087421837532940533e-50,5.288564515904211532e-70,1.545660140455599387e-66,1.003473023960991293e-67,1.925124784420829258e-55,1.761754758807906507e-66,9.908596061855806540e-54,2.902229275391771940e-65,2.947444557764755119e-55,2.531222082960040097e-66,6.688719835412364016e-50,4.545451020534166560e-54,1.830477465552257479e-49,8.556427968515509585e-65,2.595545297943513457e-52,2.439096925376654371e-66,3.633573443783386815e-51,7.330034736341518856e-70,1.025096593613836088e-47,1.753933630285951774e-51,6.891963726524247970e-66,1.177057858958623334e-52,6.143788304362880482e-65,5.872382894139045488e-65,2.898270987072792095e-67,7.936957348281729134e-66,3.862849917311626344e-65,6.852501142118465921e-51
5.586379821869466201e-66,1.591458497781714205e-64,7.088706542960960852e-67,9.348691199230514929e-64,9.673448985133744368e-50,1.514487260453275561e-64,1.322187585920364974e-67,5.182799999493355233e-68,2.370200289400101597e-66,3.360111647631594607e-68,1.024908995814902904e-65,2.133605839777152612e-66,1.946068855565780640e-66,4.600110074931801269e-67,1.245502943498899047e-52,4.651028662238880192e-68,4.527403235134371867e-66,9.669291512733417615e-63,3.660635364928846899e-51,2.390372990862652124e-68,1.963375713325291495e-67,4.454004862773364954e-64,7.270050619261800702e-69,1.396305807010620496e-53,3.304893303201084497e-54,1.133206709932878864e-64,6.351793097329890975e-55,9.922204899085707245e-68,2.379562910458056480e-67,6.193469382481947513e-51,7.584921110000725190e-50,1.410113571004381979e-53,6.245423722284366382e-65,2.382804909403759465e-50,6.012848818870800013e-61,1.082904395714071518e-52,2.917791183011522229e-50,1.003653739914707503e-50,7.999012798917125985e-66,6.443764356108004559e-55,1.189433703956389496e-42,1.485131147184632261e-50,4.028837182976421142e-53,1.320822530187985323e-65,5.828513555479364442e-68,1.378009977108944451e-66,3.250644960125300309e-67,2.550886543702409876e-53,3.990626097184180046e-54,2.205120401070321056e-68,4.030046739039859137e-69,8.713102964409598764e-55,2.956396866683249518e-50,1.530684699719048883e-67,7.011623130998504862e-53,2.071458900176358107e-63,1.910922633269856077e-62,2.430469043189294288e-69,3.859380757373307014e-68,7.865719978814914723e-67,2.409515234738449140e-64,5.019040905500360006e-52,7.703504305972809416e-67,4.732296392846233100e-54,7.917761081066157811e-51,2.983437494660051865e-52,7.765754923276800121e-66,1.264850092872857432e-67,2.700978438435802907e-68,1.982878712823626184e-67,6.145095117156792043e-69,1.327318458043570507e-52,6.937110701551318631e-68,2.504499819256557891e-68,2.046617239878498236e-50,8.305830747001036830e-69,9.110825273478134425e-59,4.964007341870162719e-53,0.000000000000000000e+00,1.184211934427868926e-67,3.765873105032222528e-68,6.948754631414694854e-53,6.180613763152710825e-52,2.212441538453788945e-55,5.259598761038516521e-68,2.686062851841968896e-65,2.791337897844977116e-66,3.772571829069892198e-68,1.947715126562293707e-50,1.542483632057146773e-68,4.875845363990137290e-52,1.577747877538300561e-67,2.989904427257829281e-42,8.708463405681576789e-67,1.256405157780663306e-62,6.502535417814420781e-64,4.050717710570563745e-52,1.256254055604791258e-65,1.154183130505290269e-64,2.469677389783124797e-66,1.917941949983180368e-63,6.576299373547186662e-48,9.661864000760619116e-53,1.658166962754222098e-65,1.097192405123781364e-62,1.131521764123390762e-66,5.595185642026191827e-47,4.955587141148451312e-68,7.295454846236589337e-52,5.736745657775609105e-54,4.749891704546645248e-52,5.892997508501357996e-63,6.553123416773820837e-68,9.414366583238285579e-67,1.622408815610442827e-53,1.304282760289410123e-48,1.741654673808228925e-55,1.886620651307306010e-48,1.013967250673676898e-50,1.478421865105577905e-54,3.684201045522499761e-52,9.165608643568336301e-49,2.103881180366938354e-54,1.310700658753843088e-51,4.201512814361151415e-48,7.111474850721919252e-64,1.479408054293568552e-53,4.447868855608201910e-47,3.430382496452589436e-52,2.176227302492882415e-53,4.548168349386810125e-67,8.617050401343889320e-64,1.169782545489194593e-60,5.290863468660661451e-68,2.436478752842268663e-68,3.905268463178881475e-48,1.696968248237226126e-54,6.263540827175575501e-69,5.849267256015384891e-51,1.653939438633415952e-65,1.636200484244546433e-64,1.371446669522236328e-68,1.226635400891566410e-68,3.010353513468346839e-51,2.503433791260451608e-66,6.059613328107794995e-51,1.145483931247042719e-61,5.159503278275748285e-52,4.465677053668132175e-68,3.911621716351639477e-51,1.293575027758994381e-65,6.074418487966713912e-54,4.678789435670159964e-66,1.133158506511808798e-68,2.524386512974069858e-52,1.075530763970514518e-66,1.376816333559931729e-52,3.501061855208895456e-54,1.513687435283230685e-67,5.613953699370846577e-52,4.740159083094564101e-67,9.292723218046497149e-68,1.548660003480864088e-52,1.625844801093278947e-65,1.380002594227025331e-68,5.113842525597567167e-66,1.624004136084916536e-63,2.433737474891822480e-64,9.410652463150253907e-35,5.907774624614329696e-52,1.629954960840577033e-46,1.135323226406841492e-67,8.479044955131484393e-67,5.746099874554298431e-61,2.219912493956587805e-48,8.836082332574552341e-67,2.099142996548219356e-67,6.058855317823520429e-53,7.625376865000488440e-64,5.855000746661544726e-48,5.046652874216706003e-51,8.041764848669217657e-54,1.421807424169933294e-67,4.589680736268590758e-51,8.865984236038936299e-51,9.752074564526824904e-53,3.047994296833533133e-67,1.622305055941488576e-54,9.795055126495905000e-54,2.863679047116897308e-65,5.489201367415061616e-53,2.655857030093342887e-65,6.384526740933376431e-65,9.567008627853594465e-55,1.525770389150524597e-54,1.736491337719211660e-64,1.075175911967228484e-54,8.453991288002497011e-67,4.052723490058358763e-50,9.178938418484817061e-67,1.335909467413381748e-53,1.099532540401703037e-52,2.180677391713363652e-65,4.734598873202811813e-67,5.030425185066039295e-42,2.933304791882407753e-51,2.356248870868722016e-47,4.797163316448744528e-52,2.545689746893756334e-67,2.531054923498530826e-67,1.210598183564649844e-52,5.900525647320844338e-54,2.182050843259175237e-48,2.395470553237303138e-52,9.555497120664584447e-65,1.030861591070188038e-67,9.531356304454217482e-64,1.243673754277728714e-51,5.873368389160786547e-69,8.390811665981524287e-69,2.003108523336555165e-52,1.604001535266002729e-54,1.142519206122761732e-52,1.458324485502246749e-54,7.375310231306594995e-53,3.901585199679686407e-53,1.202528922727484389e-51,1.445868004658983358e-67,1.644856788896029574e-51,2.695574251505969721e-69,6.324737460342487431e-64,5.937627637316861302e-66,1.102685396598790890e-54,6.998289812201077807e-63,3.723789729567916608e-42,7.999771549443993568e-68,1.405115910105783572e-54,9.095504093567191564e-62,1.546385553316066313e-52,4.452123091831354404e-53,5.203465272639133558e-51,4.437414150076717861e-66,9.513395284388404130e-49,4.981050812861484405e-63,2.343669109972881734e-50,3.300108820174723579e-69,6.043379906960967524e-52,4.148609487124340772e-48,1.402849745836229024e-62,4.862160573216280006e-49,5.829345532392160754e-66,3.117344059008472980e-66,2.664664430230932310e-66,1.535982467513589164e-64,1.664117465271225097e-59,2.801351905854845099e-51
4.847876906114880762e-82,9.715841421695889964e-82,2.230969002736351184e-82,6.376399675677467419e-81,1.659157621267135129e-65,7.477048284003890738e-77,3.773091323126147697e-78,1.117907994673713240e-77,7.329018221725593173e-79,3.151076254870236825e-79,9.024793011658135427e-81,7.480237344291822451e-82,8.392369583074813577e-82,1.766948228763490438e-72,6.296899462285019971e-68,5.209783831776189704e-83,7.441427613260325938e-80,3.700921695508157341e-79,2.433843452947635906e-67,1.448577512245287109e-79,3.093044505796884300e-77,2.124183137012501732e-81,6.217911102453843768e-81,2.534686205049661977e-68,1.843692563433510894e-63,5.112162196697546384e-77,1.716865780434424939e-65,3.830167291250594815e-78,1.678098252976450018e-82,2.359812405919557381e-67,1.566188293808232354e-65,1.782746704715280808e-69,2.658591345454898524e-81,9.759901033757967257e-67,2.148074854752550597e-81,6.487724572982305190e-68,2.495636395361515518e-65,1.735435819537821397e-67,3.972368285573182210e-82,1.230696663966898558e-65,2.028517599817896609e-68,7.578672673989013903e-67,1.237112346111990030e-68,4.589289553137197286e-82,1.740373396660829857e-77,1.331048019609197380e-78,2.005046680167856705e-82,2.577561036895240788e-69,5.723268434839919925e-66,3.246086377137105046e-83,2.944157684572372184e-81,3.619887928850894077e-66,9.551323781412933479e-67,8.454916345075255895e-80,3.363325263402229336e-63,2.342627589816169756e-81,2.451376007316770590e-81,1.233198449332972246e-81,6.234096337710316300e-83,3.817707689023247953e-78,9.045093900075601035e-82,1.521004707338867575e-67,2.706746311745450871e-82,4.574244558161258715e-69,9.409925664063114113e-64,8.619221350903253343e-59,4.364836580409496954e-82,1.614834982510657518e-73,2.833059911872986290e-79,1.001671090903019509e-77,5.796131432826300898e-81,8.435989567897306461e-68,1.534006407507878088e-77,2.511879114439603552e-79,2.088535581568313826e-67,1.312977546525296086e-80,2.334528448485885240e-79,1.298860632432864939e-68,1.184211934427868926e-67,0.000000000000000000e+00,3.441770665868907874e-78,5.317355608186904482e-68,5.417308683829696187e-60,4.523678415199026055e-66,1.226775208275585970e-77,8.713087759755847035e-80,3.472784116738364160e-79,4.767017834980055351e-83,8.105934040374455330e-67,2.269322404191911080e-80,2.620343087363555884e-67,2.445608797242174853e-77,6.955357067610116295e-69,2.537428853827445486e-82,1.969932668942196807e-80,1.023459500430887881e-80,5.791930649183246651e-68,3.870638327984509952e-80,1.004052072847706247e-81,4.122268110437229543e-82,3.248688373285682477e-81,1.011857018685549512e-66,6.461856386762115076e-68,4.940506665193743837e-82,2.951980977362196843e-81,2.800176035999585740e-82,8.527855036291675548e-67,1.031447362460107227e-77,2.616560951984644209e-67,1.114119065231081694e-65,1.310226121561489211e-67,2.587511917919904035e-81,1.251229150940699666e-79,2.350294101372338077e-82,1.544501626013011837e-69,7.331155723378190126e-67,2.066018676122062800e-66,1.555649391519321552e-66,2.960414443159567595e-67,3.067216952389572231e-66,1.036525203804476079e-68,7.351323091918687227e-67,1.680661006337165199e-66,2.323123323943158630e-63,1.277311116788697048e-65,2.780676303463305973e-81,1.072628656826812734e-68,7.414131516941175141e-67,1.062471420623759426e-67,3.781449425495627967e-68,7.912976929493540760e-78,1.856637534662826863e-81,2.934640010834116990e-81,6.268833398746947367e-78,1.849735493059905289e-79,8.872549702532469686e-67,1.839952471992292940e-66,5.113527113337225535e-81,1.424163299673767681e-67,6.189559237929043653e-82,7.956133017863706942e-77,2.185769655297327082e-83,1.926891420464584170e-80,1.429654155412436087e-67,1.576157455034350980e-75,1.103131376465017280e-66,2.017957487943471578e-81,1.522882223661628888e-65,5.731646161260558916e-79,2.377974964358981335e-67,5.420252552979940150e-81,8.522326563805742236e-62,4.369361654421090996e-82,1.868957021050833844e-83,3.962580249407268751e-69,2.486373064629586270e-82,8.010727180681754385e-68,4.165670167701978163e-66,1.490070878610472502e-82,2.485923178017480248e-67,8.802275175627153566e-78,6.201274982876202053e-83,3.397812015691422854e-69,4.938066827047768444e-82,2.642952464664726033e-80,5.291232296386356966e-82,1.592964607687898411e-81,1.341682712336501548e-81,1.634530825072592636e-67,9.403275127484639540e-69,1.109791988139461891e-66,4.000000141327659242e-01,2.865283707578283636e-82,1.822187606331328955e-81,6.894834720988646156e-66,1.269741540198609307e-78,3.776333422303376339e-77,7.572079871812300501e-68,1.105205003404709509e-80,8.127226558364752103e-67,5.887814655534605816e-67,7.684756092652801361e-62,6.255230020947703075e-78,7.684884117552576123e-67,8.640417182589233913e-67,8.944739521338671160e-68,2.021415729230556167e-82,4.181806675263978566e-66,7.464186004536413933e-69,1.106295310833019637e-81,3.709085853624125127e-63,7.880638486356299706e-82,8.052656299408836357e-82,6.069947634381737641e-66,2.753789539283156713e-66,7.328266907162027919e-77,4.225642354112825924e-66,1.532987138601349085e-78,1.498296975928742045e-65,2.307976060381465670e-82,3.520999833875516274e-61,1.108133228793459033e-67,1.034912594796299294e-80,1.475653917922338303e-76,6.209226215646275524e-69,3.425805747530552073e-67,1.782668619881277611e-66,1.277664748925906743e-67,2.370397322234788774e-76,8.719616655513658955e-77,7.250775075774798827e-68,4.921298146549116586e-69,1.815132058086006989e-65,5.284536245793019546e-68,1.577318941643493676e-81,4.775067331876277840e-77,2.987156832073400275e-81,2.875861090608674650e-66,4.407118924705113553e-81,1.497205034496910600e-80,9.525888556215712557e-68,1.993503419124903384e-65,1.066570860809325540e-67,3.097077511305877977e-66,7.895428064880520647e-68,3.132604712977970540e-69,1.529392925197492459e-67,1.432543343270222746e-73,1.677877504739457304e-67,1.287861698463379333e-81,2.124887293714011643e-81,5.622989462443743490e-80,5.676000580753349459e-66,3.086851967345838736e-81,1.179114475837242153e-68,6.040558902492445649e-83,1.174482147784167541e-66,2.476343077733869153e-81,1.202554777272403715e-67,7.774124720780270322e-60,9.451653050526486661e-67,4.401299021980278829e-82,3.828726215116145915e-66,2.148765935603036928e-81,2.912688625718348005e-67,2.399389517674610793e-81,2.471850203810049515e-67,6.406825437510323219e-67,1.439348510666490747e-80,1.754478146576119236e-66,4.720551872786633598e-82,4.793921876419964557e-82,3.999999928298064722e-01,1.058415468010639879e-81,7.671147702737968134e-80,1.319480418342507762e-67
1.675517679444848609e-82,3.153487228274266804e-82,7.803098393739105381e-83,1.364041566021029416e-81,4.799711709392241543e-66,1.514098457052459113e-76,1.500459121941058442e-79,6.410398927555995734e-77,6.498966702976619911e-80,1.522579494228752927e-78,4.797952392093852418e-81,2.917539731508998015e-82,3.385407332490177898e-82,2.902160424651406207e-78,2.923654514303237931e-68,2.185616485648399323e-83,1.160350916191849237e-80,1.074801380796499643e-79,7.410057243626139592e-68,8.927842178299957764e-79,4.753170623490878019e-79,1.101301659092177120e-81,2.623418954551096624e-80,1.374928931250272252e-68,1.003275790997681927e-65,1.298606497980016441e-76,5.367555424570929867e-67,1.623714275401873997e-79,6.927069874648190578e-83,7.126164722371415961e-68,4.584586121173240832e-66,5.846108110077030280e-70,1.040010398536415128e-81,3.244091927733786012e-67,8.114876509070407773e-82,2.887351239620188291e-68,5.773550642955596162e-66,5.500903903748531776e-68,1.667315174728701078e-82,5.316996301592714074e-67,7.623070227538070569e-69,3.639378966936936059e-67,6.076979927062034289e-69,1.027040032792385391e-82,4.418746965619842107e-78,9.963523868539490462e-80,6.674978067406262556e-83,9.940133865014074832e-70,2.023311781239123389e-65,1.609513343827685783e-83,7.430384607392577127e-81,2.261083932901644899e-65,3.572533977889337214e-67,1.983859522823026088e-79,7.281358603884063896e-64,6.275441239002423482e-82,1.125488665460896695e-81,3.302778669153964141e-81,3.926397342118585606e-83,1.539277890624629466e-79,3.607311194410855003e-82,5.653018953544662249e-68,8.340361704393477541e-83,1.564667892167512749e-69,2.053571271407909685e-64,1.432865790028114191e-63,1.587894672504861101e-82,3.632604185336908458e-78,7.552646791466438532e-79,4.699367232330285027e-79,1.512656233856990440e-80,4.099255009448419260e-68,2.269276299063530404e-78,8.329030494373151324e-79,6.800853572741182928e-68,3.287458144530951354e-80,9.954685234581961964e-80,5.873057941398351319e-69,3.765873105032222528e-68,3.441770665868907874e-78,0.000000000000000000e+00,2.179679574141628534e-68,1.899984962528619268e-63,1.236308848753394388e-65,2.909359550438732704e-78,3.138550434863598720e-80,2.787080469995706643e-80,2.362864193095740020e-83,3.584234796240901236e-67,8.103861510176013324e-80,9.738106371486406391e-68,9.421652485070983567e-79,2.160563076385729558e-69,1.119954873188077902e-82,8.307800382521560982e-81,2.951569318248536586e-81,3.231168077653330247e-68,7.410055294998160589e-81,3.221026180641265931e-82,1.592680315445629397e-82,1.522093836813544114e-81,3.156069377414848702e-67,2.736865146294202550e-68,1.447409421900871554e-82,1.140319990245603866e-81,9.948406477553707235e-83,2.861842861048573495e-67,5.223949933104953325e-77,7.310411549129538228e-68,5.416315402515681633e-65,5.586108482008835977e-68,1.023781707762374177e-81,4.374058459569316264e-79,9.506982496757172014e-83,6.791465046205254933e-70,2.541020876681554336e-67,4.690016515049633622e-66,4.479701150062128334e-67,8.911306852333417497e-68,1.083472975215756410e-65,4.110734479207821548e-69,2.590653236236233720e-67,5.344286700002175387e-66,3.101597907706848558e-64,2.750692166529193104e-66,1.304683458579681570e-81,4.111322048459898895e-69,2.764984901669858070e-67,3.810065248239619781e-68,2.129250017869191459e-68,1.370940596785234074e-79,6.207404495183268336e-82,9.978209103725240604e-82,4.000000033030074453e-01,1.079101928201829751e-78,2.617516115452488977e-67,5.660011050263028166e-66,1.485045500372794082e-80,4.543740287066152767e-68,1.947884245325002937e-82,1.692980614697733947e-76,8.281815412935229540e-84,6.731001059835429038e-80,4.283286084008979237e-68,2.808350909555017004e-78,5.223646787457808587e-67,6.634856119636532159e-82,6.408238128468338721e-66,1.939762665057816228e-78,8.632185357726627158e-68,2.372549984903993950e-81,2.319395401593801629e-64,2.673848334031113916e-82,7.680647867943108809e-84,1.417943506513720368e-69,1.003061756235378000e-82,4.457620045814068849e-68,1.147966584791924393e-65,5.674083815350607017e-83,9.163189477923648222e-68,1.056032632717555171e-79,2.755051683289772535e-83,1.140556325281465299e-69,1.562414997467581785e-82,6.291907290467156950e-80,3.149286718730088223e-82,4.391275497028745481e-82,4.816609799787945797e-82,4.589484550890833700e-68,3.665367240878385908e-69,3.865897989804038082e-67,2.658866851195890569e-78,1.206431841593250268e-82,6.324508633271729448e-82,2.672682896426095996e-66,5.832506054110158196e-80,3.999999984479278847e-01,3.681235596107058942e-68,3.060142403789177029e-81,2.847153310743271061e-67,2.785336577550944879e-67,1.937642017057123862e-64,2.229334466808038642e-79,2.482650142974561704e-67,4.477523565476711430e-67,3.736331717855498616e-68,6.668624929880810848e-83,1.763976855092186166e-65,2.822634178481829733e-69,4.467972208856234628e-82,1.805819628409530529e-63,2.749843264827820742e-82,3.637724347970449161e-82,3.507365527459959141e-65,1.022821074220690658e-65,1.584635041079096718e-76,2.658760054600590808e-65,8.096908283000605912e-80,4.110570794441709649e-66,8.315478679048608712e-83,4.523608922160427912e-64,5.096891261412228487e-68,4.442708724551229658e-81,1.383193574319892886e-77,2.249468382196694789e-69,1.699227559019106742e-67,6.712285726365571956e-67,4.378032842533635996e-68,6.397954451768203871e-78,1.624716282982084104e-77,2.822950974095304090e-68,1.622381741226711977e-69,3.932038083311692323e-66,3.516130378583424373e-68,7.076189640974160040e-82,9.675507315653811715e-77,7.502276489457950029e-82,9.806916358849705677e-67,1.201490674696063932e-80,5.288442854914614243e-80,3.787695716542885871e-68,1.178179948627769187e-66,5.660698786616706746e-68,1.425495814859519966e-65,3.718327487825950214e-68,1.071066374467964113e-69,7.251653490738314759e-68,1.465133007424631325e-78,7.847928639570870093e-68,2.663879244714071378e-81,1.052590763145939954e-81,9.588944204893727083e-81,4.062824248301031039e-65,1.093990055335849231e-81,4.031433031207826829e-69,2.751956981964454144e-83,3.349392930378335574e-66,7.314335156896159488e-82,5.973887800575479157e-68,8.062461737929781290e-64,2.559590950455650573e-67,1.393182668696419678e-82,1.235679180379869575e-66,5.997609107162341134e-82,9.475579729978270219e-68,7.081270380734151184e-81,7.913513521414722455e-68,2.640163668191992724e-67,3.840568459841068175e-81,4.879705674210883165e-67,1.575028175554891967e-82,2.767649061497643442e-82,1.427748012685366059e-76,3.288418146329128502e-82,1.929895854454366503e-80,4.507656898570233345e-68
3.896964869730469413e-65,6.608453281033251254e-66,8.196049920408887911e-63,1.374434927132035279e-66,4.869092156493611396e-52,1.739661109173909734e-64,5.313254952731588753e-68,2.972178538530831480e-68,3.002998127214220355e-67,2.498103832482658060e-68,3.885261045880899046e-67,7.723349801792423264e-63,3.635290533792021243e-62,1.885888279161373688e-67,6.054944380972534298e-48,6.664324951816108157e-64,2.531920589719161302e-67,2.189290682728154796e-65,1.005548555590406694e-50,1.662172376553210270e-68,7.649723552862254310e-68,1.603099475391766064e-66,6.489480447644903972e-69,7.044500919921749526e-50,1.037099098865345204e-54,1.214655791688613777e-64,1.988044738478325892e-55,4.862327613912212944e-68,2.749383136046008465e-58,1.040675656905140332e-50,5.103671508866211659e-52,3.694379925586363155e-52,1.660866598228405283e-64,4.346942828899749523e-50,3.662341140728362062e-66,3.770100858249507251e-47,3.763272208968181096e-52,2.691111668342259465e-51,3.151051516713823685e-65,1.851102457376725060e-55,2.196941842794912552e-53,1.993182053151199740e-50,6.144265676741110160e-50,1.086336326154542988e-65,3.707350001361057121e-68,2.214972503599880774e-67,9.778887630274816181e-59,2.752038682587769359e-52,3.689328723410902692e-54,1.504198494068739340e-64,4.230273435470464777e-69,7.019436228187348963e-55,4.301878272395570282e-50,1.597434433747269027e-67,3.850149262243561482e-53,3.141800992162605013e-66,2.161794190796563719e-66,2.654069876679887801e-69,3.192730188077579640e-64,1.769155937999784429e-67,7.290218694789643309e-66,1.588521205339249565e-48,4.485713708456276654e-63,1.625787163179527309e-45,8.854988562674405766e-52,1.062214954400406387e-52,3.948616437956289324e-65,6.326067785080252881e-68,1.907498898632041124e-68,7.795613249597885806e-68,6.218070694748098473e-69,1.941000322548660733e-37,3.463318634818201589e-68,1.696062381663487416e-68,2.133624233920122661e-51,7.656171003995759475e-69,4.557013993631628531e-64,4.414906637060834990e-50,6.948754631414694854e-53,5.317355608186904482e-68,2.179679574141628534e-68,0.000000000000000000e+00,2.221990760946185954e-52,1.390669405540655084e-55,2.870763800316208468e-68,1.635222570972498859e-66,3.278461161886516278e-67,3.997539793481531202e-64,1.997347807005036044e-50,1.410673809346423359e-68,2.458604567678471399e-46,6.085898856312088671e-68,4.513070373548628527e-54,7.665367187339001610e-64,7.773578688611777118e-66,8.313528077240248675e-67,5.569025087266665816e-51,3.473817029610734236e-67,7.724435678481406141e-66,5.893450182725135504e-64,3.861067135060569706e-66,1.355775865381807812e-51,2.449885463120867423e-47,1.224703304491860538e-65,4.590416389328297399e-66,6.224188016479160704e-64,3.801574787561232068e-52,2.641386254055575383e-68,1.699750891457173730e-48,5.223399746853615433e-54,1.378540193198439778e-48,1.986606340037896317e-66,5.686500399351021238e-68,8.143971894621148130e-64,4.873984808149927930e-52,1.691438476814552448e-51,1.115790625275719179e-55,2.949385693390220724e-52,5.793879479825255961e-51,1.206024144184175584e-54,4.308854258177724276e-52,3.248960970513664154e-51,2.309843712645354180e-54,2.955544683996356044e-52,2.717729414675257666e-51,1.820611812910874206e-65,9.532783175727514146e-45,3.051020542378890267e-52,3.499119931650502434e-49,9.862638619243950085e-50,1.210277945161043060e-67,9.770447680377491846e-66,3.997582097515482796e-66,3.047674621596432110e-68,1.740727517153689613e-68,1.751373753599157794e-51,1.633694564936802190e-54,7.292152508326917292e-69,3.406068683782215678e-51,1.418788521475204141e-65,1.719247053167648442e-64,1.146316501216295024e-64,1.002747454571166700e-68,3.278446032403567869e-51,8.213873119163650607e-67,2.555759530418168934e-49,4.071348212468842641e-66,5.575687792493858183e-53,3.000136372293633868e-68,8.075383313797531479e-51,9.828036630470212334e-62,3.242035638375761894e-54,1.541326878952669990e-65,8.234210504988098202e-65,6.234866544277223180e-53,8.694977426104736475e-64,7.296629029991428136e-48,3.601614667063026525e-54,6.329266754683223677e-59,2.542507865375052031e-46,1.247475337397377500e-67,3.604888904355940091e-59,1.004268129711853827e-52,1.423440554887590742e-65,1.150714825093124831e-68,1.276762903824556049e-65,3.743403397336257714e-66,1.063925602206589013e-65,8.571415220764309080e-53,1.828969757777544359e-52,3.660242197715196313e-52,5.198813716902145469e-68,9.508369953403969208e-64,2.438828048888371968e-66,9.916284635418084335e-52,1.726141980909805588e-67,1.268706579699987888e-67,2.792838917817400408e-47,8.344155816695326390e-67,2.106018918765139475e-51,1.985855831071266434e-49,3.521051284356129010e-54,5.563927478116068283e-68,2.049515965069968256e-49,8.161045567386253471e-50,1.548273238992081394e-43,7.646043829868608176e-59,1.376529255012505761e-54,2.797476847902807322e-45,3.738280749556750702e-65,3.518264825014766666e-53,1.712124788762942597e-65,1.064343413569631575e-65,7.831659584802309038e-55,1.350266451698364146e-54,1.642065411133403587e-64,7.931028481081656965e-55,1.527512604591269359e-67,3.503513766353575384e-52,7.188721608117271459e-64,6.637111749386218866e-54,7.548153791784477322e-47,5.541888802355286322e-67,2.636578932881035441e-67,3.578211277488186573e-54,5.868350196318556038e-50,4.177506357970518210e-52,1.639229957216879761e-49,1.309482377082091661e-67,1.302478977284609544e-67,2.829337909270040124e-47,9.362118383128837903e-46,2.041313443130658733e-51,1.043554056382842563e-50,2.198726244952349165e-65,6.858629143824269162e-68,1.411002198088960865e-66,4.646517223558528696e-53,5.300372476424365293e-69,7.667189054462123203e-69,1.484527362642494609e-47,4.221516826464314206e-55,7.896798087500167975e-47,1.173674850300562779e-54,3.611448555931395153e-47,4.509805320658349055e-52,7.769362786224664633e-51,6.016280774900206170e-68,1.101351800183158952e-50,2.785522605329431800e-69,1.699425199008072402e-66,2.633190557112008453e-67,7.961073808200732931e-55,2.619710483305084685e-66,1.306379207344309768e-53,2.897334749757866318e-59,1.474844875302720528e-54,3.487368016208828016e-66,2.520079099656117233e-43,1.991347021627370302e-53,1.440683753348996680e-49,4.668466305370950948e-65,4.903002819090788696e-52,3.533845718221590656e-66,2.898251653443076893e-51,3.492917576995247917e-69,2.330915596642917001e-48,1.543907342140501799e-51,1.093652086863158124e-65,2.276893259684242508e-52,4.019640105922998419e-65,2.349532228143755743e-65,1.270101920545120032e-66,7.095588118495704108e-66,6.420866969113788466e-65,4.531862989868833819e-51
1.886235379841326529e-66,4.772390594095313449e-66,9.827885305938413689e-67,3.826209711556592984e-65,1.253304414800264542e-49,1.131887597332427794e-61,1.428835387537373101e-62,6.453679235863352221e-63,1.810472669256121972e-62,2.795485142033937198e-64,5.552788552087984814e-65,3.060209816912071508e-66,3.040553525857808917e-66,1.672576407297214426e-58,2.247247937908434996e-52,1.894945141547327085e-67,7.306100679220082684e-64,1.963814892937467989e-63,9.400974000347028179e-52,1.617071145531027085e-64,7.345906209597380926e-62,9.410331284301833121e-66,9.342008590393478026e-66,9.238174645081611996e-53,8.285792087057742446e-47,7.986574812279252092e-62,8.205814358833396927e-49,1.023548475252027321e-62,6.386588848841632593e-67,1.206904278822196833e-51,8.351291327494414349e-50,7.098753040012485981e-54,1.308441362200301061e-65,4.638966074275122642e-51,1.126733510662695485e-65,2.351084662447385215e-52,1.593355375235736472e-49,9.652228332371411004e-52,2.164356259415570707e-66,4.996293056876295379e-49,1.053749001139235951e-52,3.387327607150100809e-51,5.338025557457067388e-53,2.396429702032846580e-66,8.680554332875278479e-63,4.291937923682642265e-62,9.052223428799944574e-67,1.001653450325284072e-53,7.450075564541803481e-51,1.175349748154522069e-67,3.884123399326462013e-66,4.263442977292718093e-51,5.416664217640965662e-51,1.217258192898211398e-64,4.443661105137713213e-48,1.389258052046002602e-65,1.393208969668089462e-65,1.846951540208708777e-66,2.290066489448258844e-67,1.339280288610792377e-61,5.103375253125087129e-66,6.138475872201318003e-52,1.168626736440372545e-66,1.722427723836727716e-53,1.700782735886489744e-47,1.314077115762726870e-37,2.351257790262022947e-66,2.622888435922682733e-59,2.786605878469931146e-64,3.414581312253179524e-62,7.350560923421309776e-66,3.806157828471794772e-52,1.236364563702293734e-62,2.707045621316556823e-64,1.151579249661747943e-51,1.608034753641802958e-65,1.244515564168749753e-63,5.697866050894693694e-53,6.180613763152710825e-52,5.417308683829696187e-60,1.899984962528619268e-63,2.221990760946185954e-52,0.000000000000000000e+00,3.733232612239530237e-51,8.058676626166255390e-63,3.604480822044738683e-64,7.565134916943693050e-63,1.973748886555295815e-67,3.513905810360113423e-51,3.289210021464149046e-65,1.048166282512181219e-51,5.097042599056415179e-62,3.477912570450141238e-53,1.102755493212790633e-66,9.249812921566381888e-65,6.685887641893705451e-65,2.907509278796651686e-52,3.295282406956854940e-64,4.941223909410777119e-66,1.872182676699831675e-66,1.312224034121100435e-65,6.134441840458189692e-51,2.225887565053126845e-52,2.411670920956870266e-66,1.357857440109879803e-65,1.097858090757168058e-66,4.202934661956658046e-51,5.609461575190723268e-63,1.041983217806674894e-51,1.066496420952574075e-50,6.136832552013533581e-52,1.193848654274104701e-65,1.470640546882028837e-64,9.482654062985422278e-67,7.748730397835478834e-54,4.486875805154107056e-51,1.906896512130681416e-51,8.699172679816077561e-51,1.453715171824625207e-51,3.245885527055787498e-51,5.648660643154421116e-53,4.379547780875450417e-51,2.236640510422543001e-51,9.475917788791450640e-47,5.756769893477700676e-50,1.342490297855170273e-65,4.104205843502141868e-53,3.654587438655843751e-51,4.229972181643664001e-52,1.260717623103416867e-52,4.349299762278427222e-61,8.643903341432035203e-66,1.499897691533475412e-65,4.459166175352166857e-63,1.607852332048848253e-64,4.649615969144980460e-51,2.325659840243433041e-51,6.613694206931153890e-66,7.695608463032948593e-52,2.591147922263156455e-66,1.168293850966668268e-61,7.048728851214898326e-68,2.429407777454346391e-65,5.519192481589053804e-52,8.175120890182401283e-59,4.341800600261619800e-51,8.846467446898808283e-66,9.017654617645594646e-50,4.314585761473466927e-64,8.367551960098241899e-52,2.090880727577910997e-65,1.070095775572231351e-47,2.004026966228892720e-66,6.849804176523491718e-68,1.886607969471688848e-53,1.096975728985336653e-66,3.339161415836718109e-52,5.547654545325828202e-51,5.205946879152888874e-67,1.034752676861980124e-51,3.977223338559559876e-61,2.971097764860395315e-67,1.755166183368703532e-53,2.775501898554909014e-66,3.678453141020591470e-65,2.229849621019242571e-66,8.494541887458816157e-66,7.931774048581531168e-66,6.541242492923554290e-52,5.138768119223072127e-53,6.366599836659968297e-51,5.040174777778748749e-60,1.140455235808113995e-66,9.541725635535070762e-66,3.852712900760576483e-50,3.064203485205038808e-62,1.863115676987668181e-62,2.498851420273533048e-52,7.623046098202965108e-65,3.955580617778423892e-51,2.646412815534695098e-51,1.331281321269709979e-47,1.882164599270132635e-62,2.874728669285882436e-51,4.254863757955181425e-51,3.223287041477516982e-52,7.501858989877581352e-67,4.760171732520284392e-51,2.858918307820146758e-53,5.072272534978501060e-66,3.063092142350591069e-48,3.229175691599145378e-66,4.051317509736216771e-66,5.329349064485871668e-51,3.790475287960982211e-51,1.026282541106423876e-61,4.318652607895083083e-51,5.065742724300070359e-62,9.803282824800603894e-50,1.027986843448033213e-66,2.896258086378377865e-47,3.648409500910258026e-52,5.060948328369193447e-65,9.673460104930358855e-62,3.528030562464261447e-53,1.679032122544012114e-51,1.018559965172146812e-50,4.117837310947476802e-52,1.284301732909856208e-61,4.933419873504539375e-62,2.689326433537720708e-52,1.826177549506728360e-53,9.402037836109584161e-50,2.475459542579764529e-52,7.402199910569718642e-66,1.266620620977654511e-62,1.892130508927538194e-65,1.656412524859599269e-50,6.903598490330324461e-66,1.858668241386178842e-65,3.792408231138126250e-52,7.874372688245313631e-49,3.844692060908597211e-52,3.505318360380734486e-51,2.811702479518940872e-52,1.350740433967920375e-53,5.684829023808394113e-52,3.645408305441407810e-59,7.044154822154689909e-52,1.862021373247383737e-66,9.947356695389530308e-66,5.406729775497571643e-64,6.069376399339522862e-51,1.130437496296292807e-65,5.820620125223050686e-53,2.535000784635160601e-67,1.398452726806379233e-51,1.152418793511569982e-65,5.153411243381200832e-52,2.699971097603004408e-46,3.082134146990265630e-51,1.769649686564740547e-66,2.404730545590015335e-50,1.119274246069649283e-65,1.414485258641042928e-51,3.388273311384839865e-66,9.312857631969537050e-52,4.039407812310773531e-51,8.911729599120708707e-65,9.269613236147678888e-51,2.109472218911390104e-66,1.849709569664626872e-66,3.296792469331815583e-59,5.967516056058665635e-66,3.214394733029861496e-64,5.497954902247373545e-52
1.157474688837416826e-69,2.504512628074964146e-69,6.153634357182532850e-70,1.659760401515270172e-68,2.260866572176188980e-53,2.713051264122586635e-63,2.612501131958800812e-66,3.640533195508145441e-65,2.392472615987153131e-67,1.380368259695630038e-63,1.146958599906625828e-68,1.785971839412111323e-69,2.063165311942316628e-69,8.375787709362495088e-66,1.486030138203969954e-55,1.704297897233768115e-70,8.261604022746222983e-68,4.507718617974555998e-67,5.941566232858636253e-55,2.356094743927633559e-64,4.280646492924970996e-66,3.445126034330568207e-69,4.202191729387619784e-67,7.667413662724725651e-56,1.108689936107982414e-53,1.689619392866342948e-63,1.097407441257441920e-54,4.133942628215714831e-66,5.023318076271187765e-70,6.304728103549055767e-55,2.124472556201566109e-53,4.178642626395414527e-57,8.057329561958071692e-69,2.573150952028869888e-54,4.410107292646626463e-69,1.552339606424033889e-55,3.132173681989005527e-53,4.894677687935553560e-55,1.179255614848414799e-69,8.909187813453518180e-55,4.035132387164193959e-56,1.497296675089845945e-54,3.067139616086633849e-56,1.391960279503019962e-69,4.743546323183695422e-65,3.480049135696998633e-67,5.627930623238822985e-70,5.581652335400800309e-57,6.657701922116665334e-52,9.421450509161255903e-71,1.260147556621726840e-67,4.354077395997049532e-51,2.974220230241918715e-54,2.793328609171380816e-66,3.897518571885625378e-50,6.404222602989405763e-69,4.895781382293503991e-69,4.584704406950669458e-68,1.423162639025737701e-70,4.596703324713455179e-67,2.201529547183742767e-69,4.114170161730027459e-55,7.415940438393957746e-70,1.242014606053574139e-56,4.099481900712319198e-52,2.958329471028182352e-51,1.222417897838138000e-69,3.050980558763593944e-66,2.350678677607484684e-52,4.678824753905006986e-66,3.322373289865138585e-67,2.602419580208978144e-55,2.238763857630087127e-65,2.280777830860114516e-52,5.088992227342081463e-55,2.238601441449194746e-66,4.139816209728355136e-67,2.914375400203529929e-56,2.212441538453788945e-55,4.523678415199026055e-66,1.236308848753394388e-65,1.390669405540655084e-55,3.733232612239530237e-51,0.000000000000000000e+00,3.319931625042569114e-65,7.517087114594370161e-68,2.313268841541846017e-67,1.441550137042855745e-70,1.636037276357364724e-54,2.813521037104083303e-66,6.852558839472257697e-55,6.996805386072097827e-66,1.188191137147054307e-56,5.260647524081706159e-70,2.833685324937082507e-68,1.849376103316505698e-68,1.216999813745810076e-55,5.829462632408642088e-68,2.767427232039115919e-69,1.175216039810215932e-69,6.046931730626859556e-69,2.154657401178307210e-54,1.472215767745968214e-55,1.416917373369363428e-69,4.477821182049705970e-69,6.967441836735306784e-70,1.372505780066915347e-54,3.616437699351487797e-65,8.334581826157841737e-55,9.370664364396066446e-52,4.015008979543967189e-55,4.046779788522081898e-69,2.368462770016005755e-65,6.896469406725800841e-70,5.063666742127471514e-57,1.871358658818778271e-54,4.892215935028485001e-33,2.877777362047236476e-54,9.061604872306105950e-55,4.945532307068528891e-52,2.768002856471710305e-56,1.513161124393522533e-54,6.973560010469343202e-53,3.147977314370786598e-52,3.039131041004638198e-53,5.602193080893034736e-69,2.963663453194732654e-56,1.299827997892569327e-54,2.309091438704198276e-55,1.096270334756133274e-55,6.245951426304891234e-67,3.567227917559498326e-69,6.653503289337657693e-69,6.497747824655855887e-66,2.333431509300499952e-64,1.998481298989164134e-54,1.192622359365926954e-52,1.536270717237877837e-67,3.644950794179161926e-55,1.681503817592282836e-69,2.729458919769828305e-63,6.599270615654115654e-71,1.799390834369429536e-66,2.874738303245082198e-55,1.087661106364502226e-65,2.117097902471106124e-54,4.613554732293787395e-69,1.063026090923201898e-53,1.278870752131898762e-51,4.262806417441974709e-55,1.298958496427363447e-68,8.601347899590339153e-52,1.012771728066952018e-69,6.092561452972759351e-71,9.626516128327476281e-57,7.138235302639028039e-70,1.747507134621337566e-55,3.535585369659194369e-52,4.195895029532974456e-70,8.526487250556162057e-55,6.294470722155619761e-67,1.984590238793446582e-70,7.329447293866832994e-57,1.372114482062411525e-69,6.406532126753467585e-66,1.091710813639926310e-69,4.122114807939606341e-69,2.935102948605766287e-69,3.127385527936622064e-55,1.979968281480163083e-56,1.955390956442421351e-54,4.733515670224119334e-66,5.672176913141374776e-70,3.941595024976873114e-69,1.076314766968997113e-53,4.166475717147146920e-67,1.189893142582798335e-64,1.605320316984731431e-55,2.045611882805162008e-68,1.869239410021008763e-54,1.459438282609728489e-54,7.075215941146712912e-52,3.511867250371873844e-66,2.026173322564518476e-54,2.211399040906765309e-54,2.450242488925348506e-55,5.366550706130366783e-70,7.258101665676206846e-52,2.170262635105658004e-56,3.328963711386236638e-69,1.061792872479013531e-49,1.938110973994559651e-69,1.843561392886688896e-69,7.545164401677356107e-51,3.801876856374514357e-52,2.482728800509104161e-63,3.397305732630131933e-51,2.478340025863741956e-67,2.230518430010449199e-53,5.438389139402307227e-70,1.527261800146479852e-51,2.275468240286473679e-55,1.179808755556856503e-68,1.431396975224923222e-64,1.288480445635915103e-56,7.814086804158179930e-55,2.990743826511118529e-54,3.191510525413382796e-55,5.127158630998794739e-65,1.243103292246985780e-64,1.768887369810194659e-55,1.632381589396371293e-56,3.929059384873724992e-53,1.190831012547669718e-55,3.834702063103693466e-69,2.148572930588918808e-64,8.570930815310329142e-69,3.109500227342467698e-54,2.950972464103404260e-67,1.908015496081881315e-66,2.581023978730154553e-55,1.654819532394808704e-54,2.536147744270852827e-55,5.240317887945608954e-52,1.754001044314382036e-55,7.715990085239264506e-57,2.587519042649058280e-55,2.161333387627406694e-66,3.046385663112270196e-55,4.727083469189793687e-68,3.248436866650738732e-69,5.484448393186350440e-68,5.311597299515640250e-51,5.206487298229922168e-69,2.353526116164197985e-56,1.785263132565618180e-70,4.568303479635634685e-53,5.130747548312791495e-69,3.287264338656980665e-55,2.667000170070534199e-51,2.124858964926919012e-54,1.068038419632573279e-69,6.563527661757109831e-54,5.815005662695208368e-69,6.351112387668208799e-55,9.716011410689969174e-68,6.397453023912911897e-55,1.508495307615241390e-54,3.593583066473372362e-68,3.448390129758726378e-54,1.272760536945471121e-69,9.191313702030209787e-70,1.685550543212950750e-64,2.753851492355094376e-69,1.576802417726231823e-67,3.419664781085400361e-55
2.253164332346452011e-82,5.450149456208608221e-82,1.319651800366364924e-82,4.460314393961155061e-81,7.043694387849531514e-66,1.368365438703909021e-76,1.030596052516231987e-77,6.235209893278168432e-77,1.339991303576324347e-79,1.308218911213012893e-78,2.676708349595846818e-81,3.899656734375657994e-82,4.312441818180976857e-82,2.147868909207404161e-77,3.030449966987883463e-68,3.309811713923767781e-83,2.817332820842260309e-80,1.195233080986964120e-79,1.174133868962444689e-67,6.056745858497889053e-79,2.611265301443718431e-77,7.257826221947222473e-82,1.427621488374101567e-80,1.410954245498041057e-68,1.279737466202996016e-65,9.049014960901692195e-77,8.933400250962846890e-67,1.880633300121943230e-77,9.286205646437376535e-83,1.479888720573856728e-67,5.193875894802986145e-66,8.655540235144390702e-70,1.591445464939239121e-81,5.727360661730995113e-67,1.105870725193783772e-81,3.174826878667207319e-68,9.043403172949484966e-66,1.210622990201556096e-67,2.506010174840598617e-82,6.504895455239868881e-67,9.130334925368453360e-69,3.455465664520290505e-67,6.152261729777592833e-69,3.426882475715259609e-82,4.000000273010586027e-01,1.899641948667460267e-79,1.274325485584149186e-82,1.051159419893310111e-69,1.535170550574822164e-65,1.824656199791125746e-83,5.496064172244737942e-81,1.522868636693022395e-65,6.682793044226527994e-67,1.461163999643781724e-79,1.127327949517570631e-59,1.595308108391706450e-81,1.141006638744492184e-81,2.231661693463580993e-81,2.753421564168568579e-83,3.304329792369612926e-79,5.202674432372568057e-82,8.133642079712966202e-68,1.583753143987609462e-82,2.571308393513847415e-69,1.337765649602148787e-64,6.675750701920302317e-63,2.640597630519004774e-82,4.399074167926623531e-78,1.933770410032942413e-78,2.405833748163874732e-77,1.262838263334472492e-80,5.163279887956829253e-68,2.199621485339478657e-67,1.803433026388527887e-78,1.239832419553772697e-67,4.908851476923392647e-80,9.935900474454960105e-80,6.918209237362782178e-69,5.259598761038516521e-68,1.226775208275585970e-77,2.909359550438732704e-78,2.870763800316208468e-68,8.058676626166255390e-63,3.319931625042569114e-65,0.000000000000000000e+00,1.675133489336635360e-80,1.316416463966075752e-79,2.943133298781568094e-83,3.594793215456855294e-67,6.506942096771886173e-80,1.424976077481116424e-67,5.141066122534359502e-77,3.061419979578810032e-69,1.178913111946031266e-82,6.532903861962655109e-81,4.629843513708563511e-81,2.595422302340655659e-68,1.810427090919899820e-80,6.106706669797268810e-82,2.375348189026766683e-82,1.184478243095926864e-81,5.493324428171039504e-67,2.723465626861438122e-68,3.411189420356297958e-82,1.021077738331032504e-81,1.418538686086612434e-82,3.374130919597641409e-67,6.715295919263152572e-77,1.612289227826468954e-67,2.007823327114774390e-65,7.719918530683064627e-68,1.007848687868613506e-81,4.798161943591752845e-79,1.282298111844939167e-82,9.916397926131004166e-70,4.670347380428630874e-67,1.819460005373133062e-65,7.701789430623327028e-67,2.021264812645396914e-67,8.702432519807583124e-66,6.316032112634983162e-69,3.812509274691611494e-67,3.054089245783457621e-66,1.649693975845345104e-64,6.649533085744186926e-66,1.194718822590173583e-81,5.857383850981301545e-69,3.324819465397246002e-67,4.897757132242665794e-68,2.053122841816852899e-68,7.150750778171443832e-79,8.029344127063382919e-82,1.623385168549347132e-81,2.810676682883192643e-78,5.785605508253659955e-79,4.448224470385346400e-67,4.023051732975177704e-66,7.009026215166691352e-81,9.113183752397469027e-68,3.340741004250215604e-82,1.418447163909357993e-76,1.239964416632493329e-83,4.963329645009370803e-80,5.734548054373043101e-68,2.278281370232468859e-77,4.442836174412692865e-67,9.587910391413695613e-82,2.945979588745914762e-66,3.193063331208632319e-78,9.023657731719441423e-68,2.571277092525710485e-81,9.808941978123697281e-63,2.103762611258697926e-82,1.120714134480382812e-83,2.144174974376322785e-69,1.442985678647475938e-82,3.483769646906611976e-68,1.037731924539697248e-65,8.272895241732760207e-83,1.608455421781796654e-67,8.069283760917049287e-79,4.120652048151342118e-83,1.836122256100016775e-69,3.268324853336225512e-82,1.308131897301504429e-79,2.201964669519906419e-82,9.992445375730704660e-82,7.296412285795809084e-82,6.768547476845235481e-68,4.865975006172250985e-69,5.096154002812866770e-67,1.415517164349987314e-77,1.206920714344803997e-82,8.873137543041853329e-82,2.824163341858498551e-66,3.154876149656653110e-79,7.437726499994003836e-77,3.213358473759069581e-68,5.878557476603018403e-81,4.207645358784734276e-67,3.281211277244165943e-67,1.194735995966399085e-62,1.479288556181060835e-77,4.086667293984948408e-67,4.470459884624559667e-67,4.997903608939023183e-68,1.131967119441498801e-82,1.106050049663229463e-65,4.570544522388429861e-69,6.317016228359275160e-82,1.281556026411986743e-59,3.938716829807459931e-82,3.760013833082081583e-82,2.123654580551247472e-65,9.342223964885746758e-66,1.254104016118638695e-76,1.305648798465998190e-65,1.549582930637520623e-79,6.054186760177680395e-66,1.235852207487292721e-82,1.267920773122808209e-62,4.458368473658469138e-68,2.719027620362718658e-81,1.887396833029577334e-65,3.167447410990721232e-69,1.681995581783555970e-67,7.662914044571471324e-67,5.841240681400529148e-68,1.639475356350302042e-67,3.999999864382162706e-01,3.522617021558422387e-68,3.117375290566527882e-69,1.044102109968288491e-65,2.531694868346285575e-68,7.705125125355942334e-82,4.210528908325601125e-76,2.267918891050752388e-81,7.994799435568653431e-67,1.130277725580562733e-80,4.530459931648060107e-80,5.236921421148095572e-68,1.071550360008763382e-66,4.807537094792569478e-68,9.889802526265486078e-66,3.429019615353492873e-68,1.681836012510903592e-69,5.472942266768612995e-68,4.028498796053305098e-78,7.282808733038689308e-68,2.427912412880883886e-81,7.106293780790611123e-82,1.976049874344257594e-80,2.007286690799640308e-65,1.026703340970898399e-81,5.227534916024690944e-69,3.686851878034848563e-83,1.968336956773333880e-66,1.147713518758797405e-81,7.201100636913264293e-68,1.493033873927719116e-62,4.345941959141589096e-67,2.111289109824566747e-82,1.742328385124884366e-66,1.276426907585023610e-81,1.467717733537215049e-67,4.294904084007236273e-81,1.348519201038954369e-67,3.783750176145890572e-67,9.694304480194018248e-81,8.288028108241701662e-67,2.546564036575664306e-82,1.867322476032105295e-82,6.613320925283059982e-76,6.726381359202609855e-82,3.774264085315231209e-80,6.439846023232479259e-68
3.545346438003087373e-80,8.350859471571659477e-80,5.625333767004992808e-81,3.547636074530457068e-79,7.016012109812648333e-63,2.997726987981140503e-77,2.404624045279873654e-80,2.728693744924524984e-80,1.458708286134751780e-78,1.354618602301651551e-80,3.999999954298401050e-01,3.172023580077435959e-80,3.151007702651468405e-80,2.909582882926228823e-79,2.749701063705670229e-66,1.075933049069440352e-81,1.333761219746267513e-78,4.205721575529527933e-76,1.561989335608245354e-65,7.200403538680662350e-81,6.080550223446469933e-80,2.358400874964987315e-78,1.617339694007099425e-81,5.490560885542419399e-67,3.227564256030897234e-66,2.225613771924673474e-77,6.399924227710440164e-67,1.755216406304690662e-80,5.189067057467146016e-81,1.183392837837924309e-65,3.058657267084410613e-62,9.572117520444071848e-68,1.831081855286526015e-79,5.903166432798103342e-65,5.210885622901772497e-79,2.535461318777615083e-66,6.140401090685032678e-63,7.721568593706089467e-66,2.909098234503151516e-80,8.224095682542782655e-67,7.940384419157228481e-66,1.133037879769623049e-64,5.639035619780715801e-67,1.459024528779244393e-80,2.361071680595682494e-80,1.144081788586151006e-78,4.129877164288941239e-81,2.084929555553632527e-67,1.015735332581542189e-66,8.567126711037354978e-82,9.364673286530293922e-82,2.818757015011463579e-67,5.983184068330896820e-65,2.998487671270151540e-80,9.892640894028341807e-66,1.434884575471738745e-79,1.288894068985029461e-78,5.458527909680819581e-82,1.941222158635310697e-81,5.937808143980398183e-79,1.021576936814131317e-79,5.375749136718611158e-66,7.569454491674757305e-81,1.156691651802011080e-67,1.667468186216238953e-61,1.838116077342185604e-64,2.439780366033968208e-80,1.740517627846590486e-79,6.647632353143989164e-81,4.504604233588788494e-80,1.427966825574017097e-81,3.186670109647873921e-66,2.051422121498920748e-80,6.996440513589336178e-81,1.657127495417828601e-65,1.528296634173258791e-81,8.107239862319836708e-77,6.241997189639408430e-67,2.686062851841968896e-65,8.713087759755847035e-80,3.138550434863598720e-80,1.635222570972498859e-66,3.604480822044738683e-64,7.517087114594370161e-68,1.675133489336635360e-80,0.000000000000000000e+00,7.098906230364392937e-79,1.114526443176571463e-81,1.033947831554459217e-64,3.343407652201609072e-81,7.274195222435533517e-66,4.652825859742161288e-80,2.098747515608827797e-66,1.375821589871997152e-80,2.036378914492199283e-77,3.971014721013203106e-78,5.207495353902753277e-66,1.638278254222408101e-78,8.344914413416605115e-80,1.676945395263200218e-80,2.273027339485179928e-78,1.267104541057407482e-64,2.661937366676559875e-66,2.122920273981645640e-80,1.380421179989417242e-78,1.149036825904484388e-80,3.965345205819497708e-64,2.157777213508498477e-80,7.257192394215885719e-66,2.794500855413744163e-66,5.075276108947058187e-66,1.561382761937914265e-78,1.547891840690182091e-80,1.158420012973611767e-80,8.130074039897498879e-68,6.686418504105932200e-65,4.179910739306671634e-68,4.647635984752582529e-64,1.635078016271338085e-65,3.970162837659234969e-67,6.932087907862411212e-67,9.036819999626194991e-65,5.927325718833427407e-67,4.467900097340396220e-63,1.458483033139405409e-63,5.886737241039703372e-79,2.617102120694863924e-67,3.779202842310135526e-64,4.642819613698912666e-66,1.009058583631155870e-66,1.764808873304655707e-79,2.619158554859020893e-79,6.493935409171431177e-79,5.698430480876909778e-80,1.066423859087209823e-80,1.060526909991866262e-64,4.335630138353446181e-67,2.246682795015182366e-81,6.765953795293834890e-66,5.420448660104682975e-80,3.305527283922396726e-77,4.349334455370618178e-82,2.869540107166480336e-81,9.856838461679404008e-66,1.114692455925642248e-78,7.818709774973635512e-65,3.960993262605924576e-79,5.889320541992156248e-56,1.663794834701967262e-80,2.411474160358346060e-65,2.425082809405925065e-79,3.359762558493020913e-66,5.711532924080829425e-80,3.557737765702376874e-82,3.691342583638896395e-67,1.217037954840561978e-80,4.473271267444729310e-66,8.936907279273393617e-67,3.471248042777139646e-81,6.209949336047684545e-66,1.522005144713172118e-79,1.421635393019213075e-81,2.623498447112242436e-67,2.228343274487854095e-80,2.177692387843347618e-81,8.162203959300386334e-80,1.102985070212648443e-79,1.293133949074221674e-79,3.822779353123456983e-65,9.717232862668480705e-67,3.662386185491936764e-64,7.554428356900100547e-80,1.447614187987283874e-80,3.960058701712650992e-79,9.913975183561494239e-63,2.990302956797015810e-79,1.229206728036138483e-79,2.768981413204228961e-66,2.167954688445566718e-78,1.292204720757262470e-64,4.186196186432237714e-65,3.504278958900849901e-66,3.021608192546071025e-80,4.132563317803831809e-65,8.349974418453757423e-65,2.315927272237023671e-66,5.153483866557509675e-81,5.357543447336635097e-67,1.857511156213394522e-67,1.007860234177255701e-79,1.305227525748584499e-65,7.899190668311122437e-80,1.168143162646427160e-79,4.364344051110793631e-67,3.428145810368087117e-67,2.927538939248622631e-77,4.041817595378123237e-67,5.221488614137382238e-79,6.484672003148781059e-63,9.359043778926398878e-81,6.083313207095853797e-66,3.792578797769980870e-66,3.999999950138123928e-01,1.398807850790986504e-79,1.973336243099274848e-66,2.749652581800738553e-65,1.345499443288000151e-63,6.500171864988898048e-66,1.031464061582779385e-79,8.180961387738533991e-80,2.771250422537087816e-66,8.365806227542599026e-68,1.750912250451324636e-63,4.586076978451657472e-66,2.205961663764115938e-79,7.273030840365095647e-80,1.707630595714153709e-79,6.425716993925794239e-56,9.806476427552384224e-82,2.260545277555985756e-81,3.531505718929145136e-66,2.306840330460454518e-66,4.439350575746776776e-66,3.723419374370563115e-67,2.659711829042740103e-66,1.735413420437573580e-67,1.495151736628013145e-65,1.170854200416857381e-79,1.681092513787417979e-65,4.700062341863711945e-82,1.771281823706028136e-78,1.588039689137162501e-78,3.936583118076506488e-67,1.620566001896649773e-78,3.542594874384702897e-66,1.449846103857035633e-81,4.289256697241422194e-67,4.026009804936196993e-79,3.418844732578966678e-66,2.306415686211915147e-65,5.292986678693469609e-65,2.267466587592574202e-80,1.614488248560627683e-63,2.155690898596711209e-79,2.473533032321871136e-65,8.536409908726230423e-82,9.120183568436942246e-66,9.502281552749260724e-65,1.048574072152914496e-78,4.259266127580385385e-64,2.457796724898667662e-80,7.285083541010428051e-80,1.612684880352802041e-78,6.458792492435527950e-80,1.269218148179223650e-77,1.026483367506005047e-65
4.679063528271494972e-81,2.024250085117647396e-80,2.026658835623468775e-81,4.035359456918514709e-79,1.068779609406872390e-63,2.780646429540535651e-77,7.444338829794777380e-79,9.058648803830529516e-80,3.999999995988642865e-01,2.413402475647818587e-80,1.352944899292291389e-79,5.202364778646349706e-81,5.378556836015585076e-81,2.482524114795298780e-78,3.546511996509796267e-67,2.758696603345571563e-82,2.415008723810702271e-77,1.144979454055020006e-77,2.717057146279278591e-66,1.245740835246903034e-80,1.444230824628508444e-78,2.603860299524864671e-80,1.429603894286839555e-81,1.104662123382469670e-67,2.974559343800145229e-65,1.770472276035102458e-77,2.230142144921021157e-65,4.883350898345704669e-79,1.125877909653715984e-81,4.359394602498393277e-66,7.205881464648534041e-64,1.589811151604002215e-68,3.757884283479828179e-80,1.471202920738804835e-65,5.042155522083294734e-80,3.638431172982653511e-67,2.163298780303268453e-63,3.794447706737368964e-66,5.795612810554070488e-81,1.541470821711864994e-65,4.295683833663933833e-67,7.525792862056078020e-66,8.341202550156078012e-68,1.258518664854603423e-80,1.313418607019019946e-79,1.253941166756954285e-75,1.627212347965378096e-81,2.042718966535865519e-68,1.118394010692108612e-66,1.531124099966433026e-82,7.801763832116087505e-82,4.235096904157086091e-67,1.977334985534182232e-65,2.197628103371432553e-80,1.980074604442424469e-64,8.286093149422632743e-80,5.658540390363350077e-80,4.157561320942510946e-82,2.047652712690289853e-82,1.920864692409544789e-76,1.847000372147445893e-80,1.256935129156447563e-66,2.570702582187942949e-81,2.846163834070106313e-68,6.265353966499184013e-62,2.169307020725746362e-63,6.226497797086653853e-81,5.534263572524167235e-79,2.209819016160139655e-80,1.131981400726281485e-78,1.379522314428916228e-81,6.290779335927645618e-67,1.956348909522808749e-79,2.354436569290611834e-80,3.826813448079109228e-66,3.405218362478047100e-81,3.714951677378533988e-78,9.668406003496626174e-68,2.791337897844977116e-66,3.472784116738364160e-79,2.787080469995706643e-80,3.278461161886516278e-67,7.565134916943693050e-63,2.313268841541846017e-67,1.316416463966075752e-79,7.098906230364392937e-79,0.000000000000000000e+00,2.577059916337777907e-82,8.184396790161511412e-66,4.739472567081868981e-81,1.831530779070196855e-66,7.638931642908312068e-79,1.538903471238404629e-67,1.718919059143404448e-81,2.710188402865515265e-79,6.081839591270401864e-79,4.490306149647917091e-67,1.258216782269504550e-77,2.177011688678905856e-80,3.932814800891060745e-81,4.171947898054595035e-80,3.005805498219480073e-65,3.168262393244289595e-67,9.049665341113451068e-81,3.959253822318841948e-80,2.269572745742767851e-81,1.771324186962619025e-65,7.208140944713683587e-80,2.715126433009669047e-66,1.219242932665972092e-66,1.214520368635297139e-66,3.790386235689588022e-80,2.650588422904320483e-80,2.023703104448713055e-81,1.837408937186687492e-68,2.160555956223447270e-65,1.664519730735537030e-67,6.521912154436805368e-65,6.023274458169203622e-66,5.032534614848322715e-67,1.602386961093261157e-67,1.647091098478993934e-65,3.775785103169138932e-67,1.445335491744110904e-62,4.949953458337450920e-64,3.206378460983847754e-80,6.466709454638456672e-68,1.798025510065620363e-65,6.623214729712091139e-67,1.416347196175001490e-67,2.402526980145959338e-77,2.779595495590944766e-80,7.851636263999083778e-80,5.486309041163094274e-80,1.232023456879675104e-80,1.964217934589488424e-65,4.023698662707457283e-67,9.573110615750374119e-82,2.525385586569075979e-66,9.901744289825860226e-81,2.790781671593723358e-77,1.018187784963040069e-82,3.396047912994618077e-81,1.262247291091146258e-66,4.682873128571210876e-77,6.964761531408188525e-66,3.837192272856178150e-80,1.279784530327355082e-64,3.771271407687868357e-80,1.747762274468203269e-66,3.455405147993840028e-80,2.254109570835494744e-65,3.932089177629468819e-81,9.944530320891058750e-83,6.094473476852192352e-68,2.805555352899914858e-81,3.681812782950251010e-67,1.098366326260257150e-66,8.355855185830055243e-82,2.167867996467041806e-66,2.131542351434441629e-77,4.500188367716978516e-82,5.658546502524847943e-68,9.331414445958207023e-81,7.036975724047977710e-81,3.974338026341651479e-81,4.366738490921631318e-80,2.425859612003501428e-80,3.247754130133986953e-66,1.498252393376723263e-67,2.931374731522295607e-65,4.053421213688938265e-79,1.602100353574903666e-81,4.465380148561875517e-80,1.897724328300524874e-64,4.000000004430233624e-01,2.216678387540322183e-79,2.608433560548620220e-67,6.441138517394616319e-79,1.716893359715347115e-65,5.788411392266055036e-66,2.975497963580924203e-65,8.009444573927560669e-79,7.683891650308867776e-66,9.819698813471505676e-66,5.225756089863322099e-67,1.408058282473754309e-81,5.800556048555484314e-67,4.681184641098768436e-68,1.558393529366826932e-80,1.145447327740268686e-64,1.144300878141690867e-80,1.013097273315043556e-80,4.775886229550304550e-67,5.531637648122516234e-67,2.350768656572646286e-77,3.965143009509287614e-67,2.736036833563461938e-76,1.256097662668656549e-63,2.050059660411663215e-81,3.552681326971520791e-65,3.901961098414513278e-67,1.404130216374693045e-79,1.147601656124671637e-78,2.020173115174531121e-67,2.746709982589352246e-66,5.047134221848792630e-65,8.344166314316726811e-67,1.128830369957810832e-78,5.047742385173227732e-79,4.168617293875798311e-67,3.239466835865851586e-68,1.031708562767200403e-63,3.250193443756106171e-67,1.923336528662866158e-80,1.264763225058720749e-79,1.648862834268797550e-79,7.150677316593241095e-65,1.389122397100170685e-81,2.922969635639841228e-81,7.079438070731102674e-67,2.877632271638356904e-65,4.692697547698220095e-67,4.767206033751018674e-67,3.201668778667358432e-67,3.653042760303395465e-68,8.329601788569568101e-67,6.139176573060525902e-79,1.146769632127385935e-66,4.334488179805509626e-82,2.255524446827833857e-80,1.499594826583761076e-77,5.177404380222778118e-67,3.893119487956103915e-80,2.793026550342666007e-67,3.641002324016966353e-82,2.635818360776034978e-67,5.713638467818541196e-80,7.130603609169509115e-67,1.678751960779781456e-64,8.743595312663071175e-66,4.056253595397600888e-81,1.612384509901486114e-64,6.742701194530619090e-80,4.276266950006461388e-66,5.968343940136832053e-82,1.904072450279777472e-66,1.556550060630471043e-65,5.293674906319077412e-79,6.914226984687430406e-65,5.264364966704532092e-81,2.993125643259374661e-81,7.654556938158090000e-78,2.637382501244744055e-80,2.034041069189059859e-78,1.548490848317382781e-66
7.908861555005357818e-81,2.628541051017576539e-81,1.692094400765774127e-79,8.608280208179600661e-82,3.480401588342562219e-67,1.740444462733961317e-79,5.042449353433215473e-83,3.214659502654315033e-83,2.470060132376231204e-82,2.583099541693631945e-83,3.105791024599518218e-82,2.776397533818644512e-79,5.955703054899427612e-79,1.623945199026821044e-82,6.999819848994888633e-65,4.483593284477389210e-77,2.035098416509846922e-82,1.206106728717252983e-80,2.315083195564388230e-66,1.942540066312812506e-83,7.081994664997576441e-83,1.013428227171936686e-81,7.358749318581263633e-84,2.309589307705732993e-60,1.035006697672604931e-69,1.286906221620102917e-79,1.618100447242332130e-70,4.375003927915672349e-83,8.020358839478181290e-79,3.248674155612049904e-66,3.898478179127529625e-67,6.422667021021118271e-68,5.035256621052162430e-80,1.280743131637413900e-65,2.143200436091436346e-81,1.359495510770447367e-64,2.614854988363304483e-67,1.195172332784373919e-66,8.383233079103195088e-81,1.717510096548710032e-70,1.045169181342673670e-68,6.849756609860801970e-66,4.270537784629151958e-66,3.869294628788917984e-81,3.609480233267530758e-83,2.021763247465520240e-82,8.728941513941688954e-79,5.845014065742075827e-68,3.771359088559636346e-69,4.000000004436177758e-01,4.295316415284815801e-84,7.004682936371867290e-70,1.419310144998637102e-65,1.692033836266602845e-82,4.391213658767092576e-68,1.742401902678806063e-81,1.284175556722416989e-81,2.982023105468578347e-84,3.999999992181534902e-01,1.449527175966711595e-82,3.808224487428704675e-81,6.541968605575481823e-65,1.341939198437022171e-79,5.451702208165107921e-65,7.761927688652622000e-67,9.659406625569120153e-68,1.045117051587730246e-80,5.690311864105782304e-83,1.792575949652284882e-83,7.799184862805223628e-83,6.390203963195679846e-84,5.348662455266276145e-64,3.816135116758072724e-83,1.789994815672417404e-83,8.241020284681522963e-67,7.442806363806434779e-84,2.496785928958854315e-79,3.417553481479133631e-66,3.772571829069892198e-68,4.767017834980055351e-83,2.362864193095740020e-83,3.997539793481531202e-64,1.973748886555295815e-67,1.441550137042855745e-70,2.943133298781568094e-83,1.114526443176571463e-81,2.577059916337777907e-82,0.000000000000000000e+00,7.753972963312477379e-66,1.542385344823527549e-83,4.828789514386767310e-64,6.144377629327835874e-83,2.172886480095444568e-69,5.350485018588186515e-80,4.346926818548030777e-81,5.154167591721388350e-82,2.002217710728134672e-66,2.566721198875052778e-82,3.167759630508250823e-81,5.809897217047259407e-80,1.985565183927320515e-81,6.744947695024425780e-67,1.080500873996129327e-64,4.392458119969524549e-81,1.989697369192522103e-81,4.345405984239817175e-80,1.975235140439464661e-67,2.800342099134652815e-83,7.759932015727427154e-65,5.379635696972514157e-69,6.232897193428658484e-65,1.030058324812864982e-81,6.227676558449290514e-83,5.586578945084701005e-80,9.845538269673631956e-68,1.048766556338759383e-66,1.089585701166692831e-70,1.842423514680116395e-67,1.789274123260892003e-66,1.287931900544339302e-69,1.549198138107154816e-67,1.555239375534686151e-66,2.285077784810236728e-69,2.713052747641463548e-67,1.346139001382216719e-66,7.636835913866431689e-81,7.426808840302189753e-65,1.805996124014950260e-67,1.758501032231481311e-65,2.294260438089775697e-60,1.058273510945372910e-82,3.746855365243810161e-81,2.047629238589283193e-81,3.150626828261182564e-83,1.702863466223921753e-83,7.490862532568250586e-67,1.707014385279864629e-69,7.024078834982902726e-84,1.327706434311691360e-66,4.259138319813736406e-81,1.875544846296285502e-79,1.972145809333974720e-77,1.168092700694469395e-83,8.571163957686843077e-67,7.176800605283674844e-82,6.406474507473199410e-65,1.822269872839238372e-81,4.796010674201587291e-68,3.096440013461203246e-83,2.193730268026057954e-66,3.044149153335569830e-78,2.791575197438802826e-69,7.177252413736704113e-81,3.107924589764573133e-77,2.268536541809928027e-68,6.039715261571932772e-80,7.706269880862653585e-65,3.430158517174938891e-69,3.195818193644359975e-78,4.886615116484945176e-64,9.583888964014084313e-83,1.141450057222843605e-78,3.456514623618356558e-68,4.698039729567330377e-81,1.176106849130084418e-83,5.693384321607407591e-81,1.663200521065625228e-81,4.490728213212471634e-81,3.908073712267845874e-68,6.681344271708385376e-68,2.085344027962356660e-67,4.570672612337641838e-83,5.597475204589227784e-80,1.289132980887503346e-81,6.579686829596929483e-67,1.450965461746808146e-82,1.349108243810785287e-82,1.861821548740335359e-63,5.295786780933111590e-82,1.010073748267659957e-66,3.779348100911094983e-65,3.550042789462979232e-69,5.340298476976799031e-83,3.144404624399393847e-65,3.073179688896981829e-65,1.256543106206613903e-63,6.688743715812986661e-79,1.375183135273176901e-69,5.971047825578706246e-65,1.221921494934824347e-80,3.305525056439435949e-68,5.320344878263035318e-81,4.027344317236864695e-81,7.617127872253777152e-70,1.401917050103699075e-69,1.814915254800643190e-79,8.344092712867592829e-70,1.161576359261405287e-82,2.643172147521533611e-67,4.550359432333863075e-80,5.689627322080605855e-69,7.412133135381377517e-64,3.977587612933282956e-82,2.453353926316160497e-82,2.185417641564139334e-69,1.421752959140793233e-65,2.786366567981650876e-67,1.289651758285846378e-65,1.294179250610908626e-82,1.192380165730507095e-82,1.064976316681116924e-64,7.394209013856513631e-65,1.194878059172918773e-66,3.916259494314536247e-66,8.559713326998656476e-81,5.783487981121583730e-83,8.137852338231103651e-82,3.382172422041752528e-68,5.721790826249956498e-84,8.265518714581255425e-84,1.152838321339210755e-64,3.871951786001630776e-70,9.004333378869554218e-64,1.323310147709702158e-69,1.045362548673331428e-63,9.768087568141992294e-68,2.307148623638425447e-66,5.186123438247406111e-83,2.943332611606111162e-66,2.902755908498578469e-84,9.864697406809648870e-82,1.921053899840813334e-82,8.735807958760661869e-70,1.216437213386924985e-81,6.649521154161768380e-69,1.138348333555801647e-78,1.549438799134403455e-69,1.628579188646931092e-81,2.156881170838367985e-63,1.767690842405975371e-68,2.219880259025452927e-65,8.749195298336180134e-81,3.181275906683373991e-67,1.616470131571881642e-81,1.002139885092161580e-66,3.675517185071019876e-84,8.882233184565262010e-65,9.348547445528707190e-67,5.729871619859904934e-81,1.409360504004666155e-67,8.692697535799270990e-81,8.419465247185592381e-81,1.173512043850942629e-81,3.282424650453267870e-81,3.031353216702378093e-80,1.179028102305317718e-66
7.395885991272247880e-63,4.183230163451113837e-63,2.295366028570269272e-64,1.246979955946446462e-64,3.977953950090037907e-50,1.373664527099460391e-63,6.336261836220983881e-67,4.187801146560789186e-67,8.190566161815128795e-66,3.022166146554818567e-67,3.528077568907810968e-65,1.171196534736517200e-63,9.361634085277802503e-64,2.805782781808353122e-66,7.033105098617631835e-50,6.793951760478144401e-66,9.329238974996073804e-66,2.040391856035372417e-63,2.230522408864460668e-48,1.974522757602590124e-67,1.053845855450260419e-66,5.772327974762075165e-64,6.783433895483273827e-68,2.662937723900086512e-51,2.126664736921914092e-53,1.126217953905777562e-63,3.525781928212334288e-54,4.845599966021455241e-67,7.682065665354188768e-65,2.211552224456499371e-48,4.649976721568839907e-50,2.860242062507032664e-50,7.106542716742162928e-62,1.345009056889466496e-47,1.953144642088166700e-63,4.657705220638610941e-50,2.154846948531378321e-50,7.786650909493039271e-49,1.260780635113837625e-62,3.952097266136220158e-54,7.482027046912251408e-51,1.417136272358974885e-38,5.077698617216241147e-50,1.099336769092626137e-63,4.112446009313394381e-67,6.207649615418199583e-66,7.843691111937004460e-65,1.166223426891837788e-49,3.376128110200664766e-53,4.587173578403019782e-66,3.705117988007994498e-68,7.625429624369385000e-54,1.573427153654596224e-47,1.352046352676790886e-66,4.185277125673250528e-52,6.005758476356316516e-64,9.234230987234852218e-64,2.452800132326247856e-68,1.111921842023472717e-65,4.035557460145565106e-66,9.387748675482106560e-63,2.713052865916827966e-49,2.818318141186236396e-64,1.160429162534196833e-51,3.257677950360686241e-50,1.778748898839268821e-51,1.043495374327469365e-62,1.054701649923426210e-66,1.824399161639146437e-67,1.090292630864836193e-66,5.730586786072330832e-68,4.893513894387903096e-50,4.815477899566045168e-67,1.808743721887289087e-67,1.164741263364892534e-48,6.398657240648691793e-68,3.134322995449753666e-61,6.701569496251946044e-50,1.947715126562293707e-50,8.105934040374455330e-67,3.584234796240901236e-67,1.997347807005036044e-50,3.513905810360113423e-51,1.636037276357364724e-54,3.594793215456855294e-67,1.033947831554459217e-64,8.184396790161511412e-66,7.753972963312477379e-66,0.000000000000000000e+00,1.335399669141178770e-67,1.657923760203647028e-49,9.235906210840178498e-67,1.044684307059928390e-51,1.294429789281615212e-63,1.772693259853879611e-63,8.794745782753826968e-65,9.011290177199671862e-47,1.494384714401979046e-65,5.342773149047556291e-63,2.166739176827045981e-63,1.478966064577966552e-63,3.742192871565219122e-49,4.592776372991020098e-50,2.292337761525602788e-63,1.638345258485649969e-63,7.941213399455027582e-64,8.033364864792378188e-50,3.813878481902054050e-67,2.109077766160252483e-49,6.168156344638660379e-53,2.698276515403393550e-49,5.585682955041863091e-64,5.778057499037393166e-67,7.004989675257085417e-64,4.469366532747078729e-50,8.473922088762694642e-49,1.142655164138420541e-54,5.006941893969951840e-50,1.305776042950659750e-48,1.273735018594224416e-53,4.342017972062113434e-49,2.676577491983244406e-48,2.089333371019912458e-53,8.345931416954807977e-51,2.557014024722237381e-49,1.145697818914563261e-61,4.012070429941898169e-51,8.624002017946204141e-50,1.851469776649900199e-49,4.233487859704588200e-51,2.038655813269679427e-66,1.213587281525491638e-62,1.353065129846040907e-63,5.324655851752852746e-67,2.040015293066411506e-67,6.345376465346372170e-49,1.606074772001799245e-53,6.788612108968990118e-68,1.171721467942660328e-48,7.717491750650646518e-63,1.617591864533813029e-63,1.956833389686338570e-66,1.172738481538778473e-67,2.241317950181227381e-48,1.365867826329660428e-65,1.881196690540047262e-45,1.907716083568546527e-63,2.650562355232170454e-51,3.573497615459161233e-67,1.961834551426974194e-47,1.059120728033446640e-62,4.143086497983664531e-53,8.876981108981761754e-61,1.663310111685490899e-66,6.887842362217729058e-50,9.627751393412987826e-64,1.022789518314309932e-49,3.200329407732316603e-53,3.275695943757009338e-65,1.497055871443363608e-49,1.904179409036084459e-66,2.280301152836608959e-65,8.313042638384167341e-50,2.615909663582117826e-63,9.833743246928800810e-68,8.883233633255185085e-61,9.616479377168436251e-64,1.041241151922563650e-62,1.816874560094701866e-50,3.995456117918460042e-49,8.787294999272335426e-50,7.523387035396466540e-67,9.225670828859912646e-64,1.036946578096542222e-63,1.562324971402730878e-49,3.311386132564606945e-66,1.870562508667904426e-66,1.822774098009912747e-50,8.937337784783757979e-65,1.361395255867971667e-48,1.719228066228134959e-45,5.274678626830802235e-53,7.235168887737407085e-67,3.191561618622266826e-48,3.317886000889320404e-45,2.614259341037539765e-50,8.181704727806047357e-65,1.404677298329990784e-53,2.345256588932235926e-51,3.381168851370140426e-62,3.506829508593010153e-52,1.896383550231163424e-62,5.255721148217115704e-62,8.520863706550694744e-54,1.347844213723884424e-53,1.392280186954167595e-63,8.954875216909161085e-54,3.296829019371762245e-66,2.620051847754143984e-50,7.089280376420584551e-64,7.244200073829869168e-53,3.865272702696368139e-50,5.611809549442907251e-65,2.910114001472111474e-66,1.073221574182042952e-51,1.610532411401320502e-45,1.100168199670162560e-49,3.620087655358584323e-49,1.839096372823748160e-66,1.498381480533300999e-66,4.403139417378035186e-50,9.603680618395779096e-52,1.882505227632928060e-49,5.853592587584752275e-47,8.949645132884213417e-62,7.901304744106596000e-67,1.623406701207159848e-64,3.149760975815262753e-51,4.618643647060559129e-68,7.842534433451655841e-68,8.367008723729713435e-50,9.730520894581663976e-54,4.433081838564147062e-50,1.298032551798353568e-53,2.445459855916464571e-50,7.568247341581681563e-50,1.075528810101226745e-45,8.882368659346335904e-67,2.398678509270760716e-45,2.349582201589981188e-68,6.278569484628179907e-64,1.029878302066624282e-65,1.041526832020489007e-53,7.735001242085745187e-64,4.920337971462965925e-51,1.793305951772373188e-65,1.425886100083790776e-53,1.136332753167458184e-63,4.435319614642437095e-50,2.674254805586942032e-52,3.304187518127401944e-48,4.337361959515831639e-63,7.117483486064486663e-50,8.687898681260524208e-64,2.571923147511247667e-48,3.308332026134107719e-68,2.293405918274354428e-49,1.097370130096336363e-48,1.683052292994855379e-63,3.024014611529164234e-50,4.647819282709489211e-63,9.195240198272145001e-61,1.654108559638164134e-65,3.686823741455711227e-63,1.365875992769872482e-62,1.684923545223066117e-48
8.144923612854606278e-83,1.693754418420224975e-82,6.058686263867950243e-83,1.034133607586717484e-81,1.284816783259688602e-66,7.017768119479721063e-75,1.299227409259352541e-80,8.934677863125865028e-80,5.550760103796348677e-81,2.358920595063917796e-78,6.418724011154865152e-82,1.594485824901753232e-82,1.670476377520438209e-82,3.455246644221187105e-80,1.278328480383980380e-68,1.462132158760913906e-83,2.114134967719297881e-81,2.478772298013609993e-80,4.164551561831327685e-68,2.501563361999420671e-78,1.776415723589839135e-80,2.122677265923640709e-82,9.582115036255452083e-78,7.883915716601430518e-69,1.164985374908547439e-67,5.007537639662500655e-75,1.257974511851393244e-68,1.900091029583014587e-80,4.318708739882888505e-83,5.271324678712715176e-68,9.860618583343838405e-67,3.185926211807619935e-70,5.764395688961876068e-82,2.151726959245994264e-67,3.428221033416579439e-82,1.309725434516417888e-68,1.247096355556199115e-66,4.153678315810553502e-68,8.761432475661098054e-83,1.071366347661707793e-68,2.570268508987225641e-69,1.244786596025672397e-67,2.769587710302747021e-69,1.198814254081393800e-82,9.145156274355097376e-80,5.580484570465914600e-81,6.178447512549058973e-83,4.243091403587765084e-70,4.305350610791396884e-58,8.845152950241404408e-84,6.893152540023241595e-79,3.145353528699861232e-64,2.321857949659938510e-67,1.374811254537583205e-77,1.181896218200831264e-64,4.867443763724531789e-82,3.255281718811956410e-82,1.481511097694201001e-79,1.524852956823811641e-83,5.643268435648848028e-81,1.956769896970433682e-82,3.423504692647488930e-68,7.426122903175240561e-83,1.171676483234552693e-69,1.125942489428847904e-65,1.709864524994287569e-65,1.041030027822295783e-82,1.691638247418641135e-80,1.020747790632877056e-78,2.492918562526070277e-80,6.529723543043811995e-78,2.325974411566733605e-68,6.059772227809759275e-80,8.486555619066084868e-79,4.109358008164790665e-68,2.233700827211816976e-73,3.515121004252443895e-80,2.849630105423862753e-69,1.542483632057146773e-68,2.269322404191911080e-80,8.103861510176013324e-80,1.410673809346423359e-68,3.289210021464149046e-65,2.813521037104083303e-66,6.506942096771886173e-80,3.343407652201609072e-81,4.739472567081868981e-81,1.542385344823527549e-83,1.335399669141178770e-67,0.000000000000000000e+00,6.698601985222036488e-68,2.768910363190617086e-80,8.466741294378050325e-70,5.190403407993840325e-83,1.992735034036322330e-81,9.864263250613376507e-82,1.250375391466026895e-68,1.869044921800047203e-81,1.884243940893338338e-82,9.773830257820414356e-83,3.311233411796702111e-82,1.744101536847099429e-67,1.288131847934258060e-68,1.145441635354910552e-82,3.740340550864889227e-82,5.875942503525659710e-83,1.016193590932458152e-67,9.451923793126284440e-80,6.291440153232630576e-68,2.218985292051882777e-58,3.305405457101398985e-68,2.652208029078539040e-82,2.525180612102595416e-71,5.131957907577266191e-83,3.815349431149202866e-70,1.523704016687133789e-67,4.066619241662612686e-66,1.618340781024821022e-67,6.718635925499359751e-68,2.570663634951067678e-57,2.623494920782085560e-69,1.426212787624503905e-67,6.346864129223267323e-64,9.227408301120119643e-66,1.359593054771067606e-66,4.327691935775271390e-82,2.664502294024828279e-69,7.826821497898436341e-68,1.943634955415700499e-68,9.676725828675035822e-69,6.224641582230073231e-81,2.736505049517633734e-82,4.395572070639253488e-82,4.135602959233203744e-80,2.099554499470237912e-78,1.420140053086634665e-67,3.550681623539539117e-63,9.691865810935541609e-79,3.525412614556112574e-68,1.055611744098244522e-82,6.908489412190960939e-75,6.042071356622422624e-84,3.999999981952596650e-01,2.231861829224927077e-68,7.586408623138520038e-80,1.943326647652697762e-67,2.605091529908574536e-82,4.049201803556748815e-67,1.211490781849352461e-78,3.204318430223919485e-68,1.157551545887702970e-81,2.116451757217329735e-66,8.205569317310421600e-83,5.862974718557778328e-84,7.086524086620094240e-70,6.009268198462717502e-83,1.685737104024841578e-68,5.251449881346299001e-62,3.895844731964958179e-83,6.663762164036581875e-68,5.488077401287376348e-81,2.085802017548680509e-83,6.920992129476663734e-70,1.187549713770624429e-82,1.865294008683104293e-73,8.379988681430560009e-83,2.843190386653067773e-82,2.660114661526518155e-82,1.546313014162336522e-68,1.861842785846448020e-69,1.342180870135258705e-67,1.981404279172315492e-80,5.447896913315527038e-83,2.687355817511955045e-82,6.940940962451682850e-67,5.535325988620147448e-81,4.471999645465536245e-79,1.483511832478419206e-68,1.194979680548943577e-81,1.203525891034899806e-67,1.199572376041291736e-67,2.202125232149322276e-66,1.548922216704079346e-80,1.424006515293837244e-67,1.807087890713333175e-67,2.144245248007185731e-68,4.535616165350201918e-83,1.129005659161954459e-57,1.978270913125416302e-69,2.039724952614617216e-82,1.880825836698262905e-64,1.275012495022179676e-82,1.338846117223550054e-82,2.231131004455445398e-64,3.837663281737954112e-57,6.252366950574781723e-75,5.065387409113845532e-64,3.725137523794218300e-81,9.320746308691246452e-67,5.178090817015164442e-83,4.364247085477060378e-66,2.266021760319312414e-68,6.803905970680175216e-82,3.909821011641277874e-79,8.524017276887255319e-70,7.533507322260475251e-68,1.937277961534586268e-67,2.029397061428993576e-68,1.033136952540728509e-79,2.770186380654877370e-79,1.576178821131268838e-68,1.416519730803947942e-69,1.931242911880078938e-66,1.131092089258450139e-68,2.569465819471181514e-82,3.151889030756403113e-79,5.203418700729348297e-82,1.466223189645491766e-67,6.641626420673956033e-78,3.999999994963783778e-01,2.083615990236065044e-68,2.353168660226555079e-68,2.630991068605808730e-68,1.128877544856822231e-57,1.717919946193241214e-68,6.441905023689799869e-70,2.324760881365120807e-68,1.196942024978396941e-80,2.639666595830854387e-68,1.533913653302173087e-79,2.233699214552504352e-82,2.054587579123424353e-81,2.249856065308295057e-64,2.797691491074539785e-82,1.629343344697841252e-69,1.807486577235138616e-83,3.338864608346228518e-64,3.258654736355500982e-82,3.307332976920425820e-68,9.400147242709778482e-66,1.431671154109428114e-67,7.611111216680901901e-83,4.017920170496878957e-67,3.513340316030377722e-82,5.225470489996717053e-68,6.497450421014136501e-79,4.892912760847684871e-68,1.313009028049449742e-67,2.617067143551901045e-81,1.783585986126757329e-67,9.146149365951058469e-83,6.821664271013572348e-83,6.632218121196111372e-79,2.318075272631361845e-82,8.978899782763335294e-81,2.239761134603066265e-68
3.735603074807309106e-64,5.673461216214251690e-65,8.507272144825399092e-61,1.084507707340890034e-65,3.059136327112494741e-51,7.535952661849157160e-64,2.992653182796075399e-67,1.459920773260717246e-67,1.754435210467045701e-66,1.193949785883778255e-67,1.909935103422755986e-66,2.984104078913622616e-61,3.458188192091116131e-60,9.531376213004192185e-67,2.967130628210190751e-46,8.701117034386016351e-64,1.580436404924719554e-66,1.184209316715939135e-64,9.282675117913380482e-50,7.917421747781229898e-68,4.208088904230580288e-67,9.774210529493624993e-66,3.100248994479963740e-68,8.426669719434175059e-50,5.279887683250319208e-54,5.471476012203258021e-64,8.797766526399965493e-55,2.767179094147765884e-67,1.667451480637108106e-60,1.003220238803411650e-49,3.152997153994537357e-51,4.476748092376019669e-51,1.607296540640960801e-63,4.415244135908970416e-49,2.536536573282542468e-65,6.428208228639962786e-46,2.218489237778046204e-51,2.871805196160689328e-50,2.882928653579264434e-64,8.733987197130071984e-55,1.376810140003398160e-52,1.439574850127525268e-49,1.925104945331972824e-48,1.049222878656289631e-64,1.720876093358877421e-67,1.094042786852530018e-66,2.273434959706585765e-60,2.830499231556501884e-51,1.656469040548417449e-53,1.857816331066305777e-64,2.022889870789601005e-68,2.986577887925109741e-54,4.246959309487187892e-49,7.047969898486675424e-67,2.169147787851601985e-52,2.852972810314216917e-65,1.550885786829329177e-65,1.164504714099700853e-68,3.439448859169499572e-64,8.486468515286223087e-67,6.331925348532818919e-65,9.204938958408137419e-47,3.357296178723578637e-61,1.192492257313183413e-47,4.471340257911974979e-51,5.282618374997392477e-52,3.950905817055670686e-64,2.765247681482457881e-67,9.869442876561624908e-68,4.670818851057224548e-67,2.757704504750963771e-68,6.167544219207850818e-46,1.900310507250846304e-67,8.495549642040715744e-68,1.930154547642759056e-50,3.755774499967920479e-68,3.154888961601629297e-63,1.335897114485734010e-48,4.875845363990137290e-52,2.620343087363555884e-67,9.738106371486406391e-68,2.458604567678471399e-46,1.048166282512181219e-51,6.852558839472257697e-55,1.424976077481116424e-67,7.274195222435533517e-66,1.831530779070196855e-66,4.828789514386767310e-64,1.657923760203647028e-49,6.698601985222036488e-68,0.000000000000000000e+00,3.523560147217781156e-67,2.699767360462048614e-53,1.752724319507626146e-62,4.201563698081651809e-65,5.148867460717426238e-66,4.205300867716012679e-50,2.382860775038083891e-66,6.856809102163263654e-65,2.397389213171958259e-62,2.368827717024188421e-65,9.741730633950597930e-51,4.691491019256389077e-46,1.242124595469871128e-64,2.698562910295766566e-65,2.289299610301997629e-62,2.379625690354358952e-51,1.357347112100183018e-67,6.229484821584354832e-47,2.254020570092559145e-53,6.614629908491453243e-47,1.098246948805315025e-65,2.748587238995092961e-67,2.782750422922369997e-62,7.335252748377584282e-51,1.646437225526154734e-50,5.610610572297634749e-55,1.921918930788888809e-51,4.863584492755876275e-50,5.712190256477170921e-54,4.326869798658555085e-51,2.408346727392264093e-50,9.313635007958474374e-54,1.356901822757345612e-51,1.905304965383644038e-50,1.507101301360336779e-64,5.061673994361668686e-47,2.068897442506622660e-51,8.954206229965714313e-48,1.189454911689566895e-49,6.026700028080368377e-67,7.564938103461286234e-65,2.867473683760658516e-65,1.261235815918172437e-67,7.704373309634672099e-68,1.481203027467427530e-50,7.636140101531748782e-54,2.877697620000121765e-68,3.585600400087159664e-50,1.171170391919480482e-64,8.257524010528992503e-64,1.445919814723796828e-64,5.006603803152741057e-68,3.182166051266623923e-50,4.014301212967575980e-66,2.439520214199634008e-48,3.064311826034442067e-65,2.725627599858992036e-52,1.452729815843802583e-67,6.583737156409997849e-50,4.733465245122328632e-60,1.578551439740907336e-53,1.123298615101195172e-64,1.012072368001026676e-64,5.385639268812302373e-52,3.046521910536827010e-62,1.261707466997956043e-46,1.566862325615401019e-53,2.052218091108677126e-61,8.017951999235536240e-39,6.445982031866532562e-67,1.492169489343222350e-61,8.906246760147405926e-52,1.425995019153448545e-64,5.823836136464023474e-68,8.328772173015989328e-65,3.086619548856735046e-65,8.758762422090683563e-65,5.969227614588459407e-52,1.504910312914874307e-51,2.716700048174199189e-51,2.353511440390163806e-67,2.471568755099023702e-62,1.707714497719262571e-65,5.522848866360247061e-51,9.735129368246760217e-67,5.901604576520527741e-67,8.587687410375587866e-48,5.249101437301315511e-66,1.924486700352052789e-50,2.771984215337075436e-48,1.920932146449718018e-53,3.148443477053544119e-67,2.267175355593122236e-48,7.058203768279453208e-49,1.636224107640368480e-46,7.079886017172832890e-60,6.173677717828782397e-54,3.255080109841826589e-47,3.517772299199683093e-64,1.704413509454874898e-52,1.423661457531235424e-64,9.340106521244265127e-65,3.316660879712091930e-54,5.827291682836006998e-54,8.040875800748704513e-64,3.679350454478232250e-54,7.893676479140292026e-67,2.204007813475895580e-51,2.296125382030624822e-62,3.033999119743180629e-53,3.443223640210125144e-47,3.051631593859973122e-66,1.254256637649708681e-66,2.520321833832825595e-53,5.130351304365916844e-49,2.598704731024480096e-51,4.665829089235406782e-48,6.913811704964621190e-67,6.353980588105017057e-67,1.269025643224783499e-45,1.009782587362508126e-47,1.410291767999515870e-50,6.900786669452466648e-50,1.908330177926122913e-64,2.929864327480308120e-67,1.133971692184459856e-65,2.395796462801123453e-52,2.558524346758024206e-68,3.704715063046919532e-68,1.732909681712514577e-45,1.875462140670246757e-54,3.118260269672531305e-47,5.621568421854386066e-54,1.373197297290903541e-47,5.303459700783447990e-51,6.553925032139062654e-50,2.868279563453464019e-67,9.127917601041751985e-50,1.272482711139802850e-68,1.073150357449463241e-65,1.610141841655980701e-66,3.683274080394048271e-54,1.587877139867778001e-65,8.859645041722364431e-53,1.071713628876944253e-61,6.316127102503544055e-54,2.659301654927416463e-65,1.765290289803897135e-46,9.257503659386217270e-53,1.375966465987799909e-48,5.242729669721344779e-64,3.009324933064924743e-51,2.957030389042033224e-65,2.450853083527593730e-50,1.580088837681157667e-68,7.363804879271011207e-47,1.294182047197062605e-50,8.931193276004933565e-65,1.514893372709334847e-51,4.141164208916473692e-64,1.417734599724180341e-64,5.985222585667815093e-66,6.829089908367713198e-65,4.633555942230756380e-64,4.160921456905908131e-50
5.228599339020268867e-82,1.505523158123858436e-81,3.466027870374360085e-82,1.352162394965565892e-80,2.348598083933749742e-65,8.153405934301012762e-77,2.950814433947751637e-73,1.021688397268808875e-77,8.559164821032945165e-79,3.249002990357054292e-79,8.640077197685366005e-81,8.634318595162700251e-82,9.586178909588960211e-82,7.889760236492613853e-77,6.798280207714727397e-68,6.670445426343396053e-83,1.391802740211879734e-79,3.473241689531880098e-79,2.753512478564649949e-67,1.716285754768459081e-79,4.000000012381679237e-01,1.956805687936595042e-81,7.385453507698032166e-81,3.188156428312752543e-68,5.931984162157254690e-65,5.900713244868798721e-77,4.646824493627802237e-66,2.612850720354879245e-73,2.005855673667288803e-82,3.724139070383034490e-67,1.789915841250329295e-65,2.041036754721270674e-69,4.091354556433274577e-81,1.406085508742137894e-66,2.871255927557902741e-81,6.440702262355698988e-68,3.063150849291247875e-65,3.330316724669803371e-67,6.050569181880270559e-82,3.089004933698449497e-66,2.419566438879380952e-68,7.717634577500093844e-67,1.813845641536488612e-68,8.725247807705222716e-82,4.047382480725330136e-77,1.150316063875413642e-78,2.955671053710372931e-82,2.633537644078546863e-69,6.145071997168076125e-66,3.700771216840458391e-83,3.085525693365478353e-81,4.152474513935496212e-66,1.737411799985832637e-66,7.742756144687579061e-80,9.488281410337108216e-62,4.672457216549310675e-81,3.535002746350046703e-81,1.357890205999455291e-81,6.460804957822526009e-83,1.948052996981299712e-78,1.413915195438365449e-81,2.182060198349248936e-67,3.883730500301833960e-82,5.072926489212095242e-69,6.331953518064521610e-64,3.116918031081006937e-62,7.056038717451727324e-82,1.047402145250722071e-77,4.574100430374456012e-79,3.999999994678994364e-01,5.503143603092597222e-81,1.149090591353373279e-67,1.064785112344139821e-76,4.311503930565687652e-79,2.951108577145293930e-67,1.877713136722485696e-80,2.789846906958482328e-79,1.651459740361132178e-68,1.577747877538300561e-67,2.445608797242174853e-77,9.421652485070983567e-79,6.085898856312088671e-68,5.097042599056415179e-62,6.996805386072097827e-66,5.141066122534359502e-77,4.652825859742161288e-80,7.638931642908312068e-79,6.144377629327835874e-83,9.235906210840178498e-67,2.768910363190617086e-80,3.523560147217781156e-67,0.000000000000000000e+00,7.095151121257735222e-69,2.722774753775666891e-82,1.677473165407086869e-80,1.609449803999210252e-80,7.716769245363576887e-68,7.400048055899230088e-80,1.573482068657684993e-81,6.771239431815893413e-82,3.110996669812215785e-81,1.615081001970317714e-66,6.661757259193074948e-68,7.999860916555968199e-82,2.660405869156197108e-81,3.732877375347896523e-82,8.649503622614090916e-67,9.593817426257385396e-78,3.440163155864992997e-67,7.402732974854881946e-66,2.055550468479018411e-67,2.141444189988421655e-81,1.525801340945123293e-79,3.047683582292942130e-82,2.722998986957299756e-69,1.405635838547615452e-66,3.815712348201424322e-66,2.085282402685782139e-66,4.737353539047228470e-67,3.226929840891513865e-66,1.727793928953561007e-68,1.150785158478498006e-66,1.384313994220194329e-66,6.861839996154153726e-64,1.710421099005730922e-65,3.568288605409271151e-81,1.442477596320529990e-68,8.618181082358579215e-67,1.015954069856094629e-67,4.027326255368147927e-68,4.883863528780438211e-78,2.194891682714827021e-81,3.899755567168801556e-81,1.353635753967854054e-78,1.564701228085215294e-79,1.249665512327635281e-66,1.803673484690723366e-66,3.419319269894112166e-81,2.509428584615099492e-67,7.537071859799044629e-82,8.722927679350527919e-77,2.365580074508963424e-83,1.849167217852303895e-80,1.510388596128412780e-67,1.529366528641498536e-76,1.241624631943732885e-66,2.500138795157870411e-81,9.794135416604553542e-66,6.630120434499720250e-79,1.956883892981714280e-67,6.230567013274056703e-81,8.128697331853977956e-63,5.570630679481875948e-82,2.219515221029328833e-83,5.290124987291605327e-69,3.653022462072706253e-82,7.662381118615880029e-68,4.482977792730832546e-66,1.801082207679607468e-82,4.119586425365430922e-67,6.362349078862602266e-78,1.051142238563366626e-82,4.474456172167866353e-69,8.547088205287232840e-82,4.549519538306414480e-80,5.715610616329101013e-82,2.575091312384702488e-81,2.050820783155102795e-81,1.740224473733331406e-67,1.313787390080773473e-68,1.541610747144078120e-66,2.756443416054039430e-77,2.941127656639661386e-82,2.663350699569770791e-81,7.518852264307172263e-66,2.437927276510234900e-78,1.471145282658732129e-77,6.446934521232801550e-68,1.806374266582397550e-80,1.200211280246423868e-66,8.372511149824310152e-67,1.462059722769197118e-62,4.813251216194990578e-73,7.766281170855285043e-67,1.263283203493815221e-66,1.047951383561290005e-67,2.507273471367930005e-82,3.767302844683802459e-66,8.972745595547906922e-69,1.597614276448193378e-81,2.868764965718739756e-62,9.417069674039456700e-82,1.097740113388646136e-81,4.732281616623921686e-66,3.095143515632873122e-66,7.854117914550099955e-77,4.051265136045097911e-66,9.777363469827582526e-79,2.051005823735721413e-65,2.889863371388766732e-82,1.025798250203245422e-62,9.589224192273654698e-68,7.903045534388236437e-81,5.402850392484200641e-76,9.016516414345168876e-69,4.291076039295338257e-67,2.382471733540933952e-66,1.294774658061358796e-67,1.515706304399209997e-75,2.505502096275022432e-76,7.338197925581648836e-68,7.468816118311901747e-69,2.905272521686648348e-65,6.449215302373239537e-68,2.088776754902632837e-81,1.751055553635550258e-77,6.754977241375740538e-81,2.687874055488189063e-66,5.732234199959367137e-81,1.659613089074011900e-80,1.188359394525990370e-67,5.004372481738346984e-66,1.052800745080836197e-67,3.309577547473544620e-66,7.400916428337775437e-68,3.985665042065520722e-69,1.397269408728229450e-67,1.227834836286036916e-77,1.550916331571287516e-67,1.329795020847930782e-81,2.030024653944643596e-81,9.484850771757954839e-80,5.823477154923360867e-66,2.490368796999839124e-81,1.517746820814625584e-68,8.918501920149114944e-83,9.213941363355033729e-67,3.077152995244824031e-81,1.529983317915193408e-67,2.602220486046069906e-62,8.234854174996358164e-67,5.329229707729533869e-82,5.064054291059128568e-66,3.700725000903761120e-81,3.756573353563287689e-67,2.346853522848828494e-81,2.555182853824025174e-67,1.158875522801228911e-66,2.527561975322208214e-80,2.254313106988080353e-66,6.322030677512602836e-82,4.192427884529768876e-82,9.326018039545530700e-76,2.050506979564235252e-81,8.652970912190719662e-80,1.693885550428362750e-67
3.562270950957533348e-67,5.855053912261027206e-66,3.084930964663088968e-68,3.108799609332644489e-65,5.173141824984380670e-51,8.744530312437109696e-66,6.491673504791768999e-69,2.762342812610342104e-69,1.378671974571449995e-67,2.025639266673819437e-69,6.623185438711296822e-67,1.306410108416601289e-67,1.054619568181431725e-67,2.764995024810206433e-68,6.794568580512311417e-54,2.397729475747573639e-69,2.438783971214001341e-67,7.298968559103703544e-64,2.092438274848341544e-52,1.288116642390318168e-69,1.095541412456452746e-68,5.966903769820344303e-65,3.829791380965554422e-70,7.591533060237221136e-55,1.956486529819542878e-55,6.028739298935213229e-66,3.753728855489907123e-56,5.507288760388853143e-69,1.390953975578236856e-68,2.902310256214419186e-52,4.430425140078552132e-51,8.040761162048780603e-55,2.632191932170647374e-66,1.258105640205045559e-51,1.077490458511084801e-62,6.543408317680513369e-54,1.735915658159993868e-51,3.443162452858025259e-52,4.131246949435125718e-67,3.853319067548545685e-56,2.402529392953649201e-31,9.736344832751611430e-52,2.043929145480302419e-54,5.535923877100150573e-67,4.023289821450135480e-69,7.326627843185977935e-68,1.727746573563045540e-68,1.476789870132897435e-54,2.262382286051450824e-55,1.212237471497753443e-69,2.382431091368564735e-70,5.436625211335401087e-56,1.363016776791908015e-51,8.728124152026899623e-69,3.709602311580434710e-54,4.400018956938917847e-65,2.693983181679456407e-63,1.293961416060799010e-70,2.175484476663315979e-69,4.519099320487007988e-68,7.829156621889445468e-66,2.365434007329319247e-53,4.277115672482062194e-68,3.236861213621178225e-55,4.177338751745674088e-52,1.753067979821873787e-53,3.989035788822116135e-67,8.929317437132048064e-69,1.479087943524289909e-69,9.356244841332106709e-69,3.814003658080386994e-70,8.051820146835614026e-54,3.619941826972395301e-69,1.360181160533195263e-69,9.189986979170859880e-52,4.823253734619354741e-70,1.474754221061505049e-59,2.802296965150591684e-54,2.989904427257829281e-42,6.955357067610116295e-69,2.160563076385729558e-69,4.513070373548628527e-54,3.477912570450141238e-53,1.188191137147054307e-56,3.061419979578810032e-69,2.098747515608827797e-66,1.538903471238404629e-67,2.172886480095444568e-69,1.044684307059928390e-51,8.466741294378050325e-70,2.699767360462048614e-53,7.095151121257735222e-69,0.000000000000000000e+00,5.839446770424212829e-68,2.427150366748113427e-63,3.479626077668415743e-65,2.106901196512604059e-53,6.682801451690998961e-67,4.742825634032664926e-66,1.133217675983011019e-67,2.792266164815608053e-64,1.371478584528134099e-49,5.677267609600699431e-54,7.312303114772847813e-67,1.681563893204539470e-63,6.130335549872747461e-68,1.422623354643348814e-47,2.649289308116251231e-69,4.482319660142822466e-53,3.630149798211254057e-55,2.349633144857100015e-53,1.085578131133308900e-63,4.142549495105609665e-69,5.159397729901975876e-68,7.934648493965598752e-55,2.451268325568280956e-50,9.838788570443409444e-57,1.147773261870424385e-49,4.862185977352639149e-52,8.320518954467750374e-56,1.708414441667516682e-53,2.098840706375954133e-50,1.274289197879581397e-55,7.958693263478461616e-53,2.070810833575954918e-49,3.334099566036748340e-65,7.448175324368061368e-55,1.115363208092638420e-47,2.263935174497855537e-53,1.248054290115486298e-54,2.736171395700276943e-68,3.257234344319413366e-65,2.498297556131168675e-62,3.374657814497810277e-69,1.401530171833508413e-69,8.705723023828313706e-50,9.416226586858086083e-56,3.931993887664657896e-70,2.394117741373355759e-52,9.491345313330942616e-67,9.416938692553457021e-66,8.398636660869426507e-70,7.222363662723767217e-70,1.552124892094089699e-52,1.505993070496886375e-67,3.080304346930086365e-52,2.197154157556565270e-63,3.444378509244953101e-53,2.553737211946155090e-69,2.284026514758519152e-52,7.273604268752019151e-67,3.847335630359091405e-55,2.437936100110713334e-67,7.015288723126619868e-70,1.113672298575463615e-53,6.219241699280701278e-68,9.243021098248266778e-54,2.116220239864594397e-55,8.064547686376690662e-69,2.733005250085077557e-53,2.660289152680950533e-68,4.410365500163577177e-69,7.571305700715846025e-54,7.216272603129821204e-67,7.846933232620848263e-70,2.859330090687812216e-67,3.599078765747207385e-65,9.465516490505605480e-66,2.950886290094670424e-42,2.682877002285517984e-53,2.416538489223965143e-47,7.336854978208412338e-69,5.312000869661403822e-68,1.048659467854316021e-62,1.996957024185414312e-49,4.341581457866193109e-68,1.337938444436563304e-68,3.944215636932679871e-54,4.720294950644382483e-65,1.257831904838319018e-49,2.738750575593754574e-52,4.497112662739980473e-55,7.321330612446998942e-69,3.056482290410371535e-52,4.476371913790114927e-52,5.290262908119571991e-54,1.892659616217893555e-68,9.702694536370951130e-56,5.921339800182426638e-55,1.507535207835527895e-66,3.028536185241452941e-54,1.359745730334473210e-66,2.808621944642110877e-66,6.276458456765397037e-56,9.009690162453960058e-56,8.537647404021007685e-66,5.713332597753270306e-56,4.725519459826452856e-68,2.342638131943597197e-51,5.398546729018833881e-68,7.789903529866648675e-55,6.431827424388212101e-54,1.565282586599616787e-66,2.801821858438280977e-68,1.923142944760023270e-37,1.634207215108002289e-52,5.923046175767379403e-48,2.746785782141711099e-53,1.549854500675349870e-68,1.279779384585793938e-68,7.619621535575570563e-54,2.877243702275395144e-55,1.037550708689805610e-49,1.260761769670755414e-53,4.246657199726205546e-66,6.792267651854126531e-69,2.741442988650890820e-65,9.003552307706950433e-53,2.857161876714218976e-70,5.407961773003780391e-70,1.153700101279785178e-53,9.266674749932227517e-56,7.028527426437681594e-54,8.455134228010790193e-56,4.815305350177951898e-54,2.124470582693568972e-54,6.892509919573643522e-53,8.974114324847246028e-69,1.051087932712764826e-52,1.491689448572806097e-70,8.077472170535435971e-65,3.262687202261365952e-67,6.142607974547958391e-56,1.194483541279670571e-63,1.900042434236302669e-37,3.937184179786837331e-69,8.707659661161265836e-56,1.693847005966123130e-63,8.622027398527141606e-54,2.557167166656507872e-54,3.961310692497608752e-52,2.520232428476440562e-67,6.055729601450497874e-50,1.176880212060095447e-64,1.075264678781723435e-51,1.959947164457310643e-70,4.101688017868654657e-53,7.541646622648073917e-50,3.813134237472521947e-64,3.173166992759307196e-50,3.217864928982768155e-67,2.083595741984110069e-67,1.534844339850226321e-67,4.840871063814895748e-66,3.899858637429642585e-61,1.361621436633701061e-52
1.443893878836138153e-78,1.247933092643980656e-79,1.283982611400428542e-76,1.060192699936714294e-80,4.255264824959253345e-66,5.814541798683081048e-79,2.109794964882798221e-82,1.354706823366354704e-82,2.044516623748943555e-81,1.066005849214727954e-82,3.836893088679363388e-81,1.591748235660469436e-74,1.427525385279360486e-75,8.360050665827256556e-82,2.074381368399847297e-62,5.113870398396954872e-80,1.577229814289989902e-81,2.000987860910672552e-79,2.539916775546754538e-64,6.934280140153811083e-83,3.198634367979976578e-82,2.866422800332761356e-80,2.894394886057259840e-83,1.321735279107818497e-65,5.707188460301705213e-69,4.688980226715876013e-79,1.033453409201434967e-69,1.831895614333635566e-82,2.692657548345434875e-78,2.093568453220878094e-64,4.356438123692856443e-66,1.742503543358735321e-65,4.778914366603345489e-78,1.037559604082332233e-63,6.140272983273716126e-80,5.005127539915497160e-63,2.805619684290103256e-66,4.527097831803432756e-65,1.115463227830845681e-78,1.031012990409846767e-69,3.250036511258486862e-67,1.369640867598031483e-63,2.923539535605523489e-56,1.188136046145781936e-79,1.487234111876835953e-82,1.317583336733054057e-81,2.434609933680298825e-78,1.651864322931217251e-65,1.364428198067926488e-68,2.505404687959170671e-80,1.681575564376601885e-83,3.009861443586615980e-69,1.011491450421902936e-63,5.984017892548590581e-82,1.533100268201022730e-67,3.458633242170847248e-80,3.733164752586544300e-80,9.680851351954545268e-84,7.889940022002037051e-80,9.426292230400490210e-82,1.747462608467225376e-79,5.552069182475387804e-61,1.972568243108544696e-76,2.983565037518686506e-65,5.846192406965933035e-66,5.165753907218640514e-67,1.201539733691311238e-78,3.170882935088471609e-82,6.689279407009415743e-83,3.517923476129794276e-82,2.319526119446539769e-83,2.467153443497465801e-63,1.522614923928897087e-82,6.775933044588770440e-83,4.334452001575928833e-65,2.564975597874624602e-83,9.044337635417328103e-78,2.996815289571365606e-56,8.708463405681576789e-67,2.537428853827445486e-82,1.119954873188077902e-82,7.665367187339001610e-64,1.102755493212790633e-66,5.260647524081706159e-70,1.178913111946031266e-82,1.375821589871997152e-80,1.718919059143404448e-81,5.350485018588186515e-80,1.294429789281615212e-63,5.190403407993840325e-83,1.752724319507626146e-62,2.722774753775666891e-82,5.839446770424212829e-68,0.000000000000000000e+00,1.153414414539389560e-79,7.190572137053023649e-81,3.756038209762022168e-64,2.146986753160514971e-81,1.448859490512466770e-79,2.682822068318859355e-75,6.805703635334463959e-80,1.893011340753617746e-65,6.271214676171711026e-63,1.900744695332652001e-79,8.257026096662992440e-80,1.305548029126010070e-75,4.714730324132257754e-66,1.263731493274190825e-82,7.174179617926640807e-62,2.258746818837360154e-68,8.993569877193312347e-61,3.165990250320965856e-80,2.142900124556425114e-82,1.268159746964719885e-75,3.000058536709058516e-65,2.816271223588505062e-65,4.410219918377755083e-70,3.202386306206448885e-66,8.800889408898220665e-65,4.473728179545378490e-69,1.429368990772918523e-65,6.820574570142368871e-65,8.701992648672826581e-69,2.018099292721192215e-66,2.059469490535707981e-65,6.889880092746482778e-79,1.099463154655540708e-64,4.234570900164834672e-66,3.662018235897736370e-61,2.030700858084410559e-65,5.933401837800181416e-82,2.339707606272346047e-79,5.855541212843077514e-80,1.727767344111643511e-82,7.462772339287689759e-83,2.495964652814264915e-65,6.248351252254707683e-69,2.865053014007116509e-83,7.262704176988428119e-65,3.189463046743637469e-79,6.791833110137564749e-79,1.171096368530339112e-80,4.646559772976104175e-83,9.731577517346371588e-65,3.791639758646917872e-81,2.038877543298920348e-62,6.640899343175448459e-80,4.378005397309540132e-67,1.122310762103578360e-82,4.033347861203454572e-64,3.999999906188516641e-01,1.298998229157992579e-68,1.018601526234169683e-78,1.020424867189297547e-80,1.588536361483821614e-66,2.774148199646212348e-75,1.931750454182474907e-62,1.273944755280161265e-68,6.485475918394981306e-79,1.103950661231203188e-62,5.395300281824458065e-82,4.988650035098067665e-79,3.243676489018194048e-66,2.616179008283466278e-79,4.025954469725948822e-83,7.799561451771613371e-79,4.726659749144757979e-80,2.618496699274755434e-79,1.035069332918941664e-66,6.610791789112777470e-66,4.613998905029789705e-66,2.390189359825742350e-82,4.000000189160924369e-01,3.956789190937168839e-80,1.046072692933249673e-65,8.274869314857024363e-82,6.081629825790754753e-82,4.379839205605673340e-64,8.188693025743597751e-81,3.989802634119621219e-65,4.088265558317861178e-62,1.611028722799669756e-68,2.277828044170694809e-82,5.974937150414614228e-63,5.672122005206367861e-63,6.367911829251329926e-64,4.964855626169180434e-78,5.924703101927074186e-69,6.063217582275036404e-65,1.217367029356415814e-78,1.323948227332926108e-67,4.564903592563765845e-79,4.560920726279524538e-79,3.050151988769178286e-69,5.111213934481570124e-69,5.958510143274203578e-79,3.184754025832401311e-69,9.108167996656905626e-82,2.869911319326816758e-66,2.034616266424241919e-75,2.939732779513467831e-68,1.179431320691319281e-63,5.691972051542145970e-81,1.107131038168888916e-81,4.591507308390389010e-68,4.788551372904072761e-63,5.414458807034705249e-66,2.146884321716683605e-61,5.774669434879187455e-82,5.150707612831687402e-82,8.150816472219661917e-63,1.764449386963219763e-65,1.572525288760012967e-65,5.234954709574875373e-64,7.906837520051514811e-79,2.606790238935999657e-82,1.336596411133659568e-80,3.992232081069692962e-67,2.042783957579213403e-83,2.908730361949945635e-83,2.952676965579211428e-62,2.295899627630776007e-69,1.194793937075709505e-63,5.263649938715450018e-69,6.499616289431048236e-64,2.028560091684902663e-65,5.852728563233608430e-64,2.972817701333642320e-82,8.995319294985013383e-64,1.025545481820894740e-83,3.314277468790452870e-80,1.840684168042347406e-81,3.676083343996365965e-69,3.693296982051027839e-80,1.793204560264698530e-67,3.748782106390908633e-79,5.680184719875214423e-69,4.967565596848311749e-80,1.143146639263848543e-63,8.321285762319926157e-68,3.848362250334007055e-63,1.610366666506728963e-78,5.563371903534896089e-66,4.596893910041349128e-80,6.636381738537167621e-65,1.399465734878031679e-83,1.651599758174873838e-61,2.784975191992304413e-65,1.145567282601011265e-79,2.250110150463414834e-66,1.096638746179028467e-78,1.449548449710339817e-78,5.744060054892490104e-81,1.176583082788089740e-79,7.705534240943081524e-79,1.190915104806387444e-64
3.820999409581765331e-79,2.339078175647825636e-78,4.164969873492490206e-80,5.534251255433893562e-78,1.202130791350484179e-62,1.913714817654245534e-77,1.111849865972866567e-80,8.591701416846652133e-81,3.867937795240340027e-79,5.208866412328740751e-81,6.687064199582373988e-78,2.137824964553528798e-79,1.710016349411685143e-79,7.093340650553353886e-80,1.475216663974466495e-65,3.977931739972677575e-81,5.324461143972316353e-79,1.814170101549444281e-75,1.759724152403768894e-64,3.531108341790631106e-81,2.298586679717663526e-80,1.872499832453449325e-73,1.109197881504035434e-81,1.799475891207261229e-66,6.553420382671477969e-67,1.509076257726921816e-77,1.154663508531925037e-67,8.366778736274962973e-81,2.469994973487652057e-80,1.815444890773678272e-64,1.722069849534963568e-62,8.937107592980939279e-67,2.522961615484399640e-78,8.780938095240044510e-64,2.267783855838526120e-76,1.294559937902620800e-65,4.148579342797626779e-63,1.563066454732638637e-64,4.089623416225900942e-79,1.334845112410109634e-67,3.447813196505271096e-62,2.049210927090407676e-63,4.342114959536649609e-66,2.040309346694981672e-79,8.816886944782662465e-81,2.241784893346506707e-79,2.344323886224142225e-80,2.182254358236633889e-66,5.391852558620681579e-67,2.676011816756303831e-81,6.013663038628972566e-82,1.412125777866210543e-67,9.613298238185682360e-64,2.115252740454674166e-80,6.271264850423722103e-66,5.136387534543168800e-78,1.919146311586053536e-70,3.356990640744875693e-82,6.666910014794908785e-81,1.230556004130604889e-79,4.163688345518497669e-78,3.425014328964835340e-65,5.043839443080981717e-80,5.001554205976060760e-67,2.545527814919489760e-63,4.492998087587573754e-65,3.454384596448621944e-79,3.239562647023089115e-80,3.054081621340228520e-81,1.881681427004827771e-80,8.505984130318470521e-82,1.594028957215219798e-65,8.108907418486512209e-81,3.015106770380249417e-81,4.442817006497865048e-64,9.016193906294477404e-82,1.670488314180436248e-70,5.065932119654397436e-66,1.256405157780663306e-62,1.969932668942196807e-80,8.307800382521560982e-81,7.773578688611777118e-66,9.249812921566381888e-65,2.833685324937082507e-68,6.532903861962655109e-81,2.036378914492199283e-77,2.710188402865515265e-79,4.346926818548030777e-81,1.772693259853879611e-63,1.992735034036322330e-81,4.201563698081651809e-65,1.677473165407086869e-80,2.427150366748113427e-63,1.153414414539389560e-79,0.000000000000000000e+00,3.779769136516709065e-77,5.747663974202476800e-65,1.134216042217950599e-78,2.033841367071043887e-78,1.541496767570113610e-79,5.744143767236241680e-73,1.126089096302840861e-62,1.205262272744277850e-65,3.492689868278569568e-79,3.702467501682433102e-70,8.456238498904402529e-80,1.332540789462836564e-60,7.630500925646184348e-81,4.200422859956868898e-65,1.154536971300289138e-66,3.591753516102349205e-65,3.999999982319308311e-01,8.485052867065860849e-81,7.596009010387288758e-80,9.319354529275182505e-67,3.922918607311962553e-63,1.974801629652585935e-68,3.783292955486655566e-62,2.427263847679649816e-64,1.876742156356283126e-67,1.438858021933922777e-65,5.904840536266805838e-63,3.367252138230557111e-67,4.119028889852346832e-64,3.566323864304346723e-62,5.040465321913963177e-77,1.279273633252161108e-66,1.143775414256212704e-60,3.176608895089914746e-65,3.093877653197755410e-66,5.840399464955996817e-80,1.480228282155036491e-77,2.364927854376079347e-76,1.390914387006284669e-80,4.050528322770055404e-81,8.349855474997124513e-63,2.310312936063487162e-67,1.112394015072608171e-81,1.326293031818393045e-64,7.213873258648872362e-79,2.172249833351404964e-77,1.374455190288291407e-81,1.660954348619621839e-81,1.395438977603787104e-64,3.210141722520695039e-79,7.045342778291890370e-64,8.006311154265816188e-77,3.255309557848342425e-64,6.143772758532915778e-81,3.166058873598422308e-64,1.434166547865338794e-78,9.063302980491118339e-67,7.025421699209804391e-79,1.212279126092556049e-81,7.984977216336228899e-66,9.303453623150707447e-80,2.510748506995623604e-65,4.594657417345451666e-67,1.332896127724551154e-80,3.712740844726550679e-65,4.998203557529999310e-80,7.728592479477621578e-81,5.519267699918803587e-66,3.796508096749966039e-79,1.388491714216508332e-81,8.838405240209144388e-79,4.329754920892465248e-78,5.006312555170396807e-78,1.656185804422948626e-62,2.449263729264807474e-65,2.938666241454447445e-61,2.012105098398642728e-80,1.031211360286663623e-79,1.481502461565945382e-76,4.154653459447558008e-61,8.893947596999274289e-80,3.996026145031562157e-80,1.003237801067466079e-65,3.163152251003308705e-77,1.491178507073648745e-62,4.444393627352082163e-64,1.075891727699862994e-66,1.278602900278822759e-80,3.056492601213728196e-64,9.834508308383083640e-64,9.873167207578309465e-66,2.766319798551623047e-80,2.341433375339497936e-67,8.906988647747162530e-67,1.516185815158331178e-78,5.829568498707986950e-66,1.195600298401450422e-78,3.492497899161349567e-78,1.673311449943952179e-67,2.021627297720741651e-67,1.995649276750366835e-77,1.646027330932775558e-67,1.315488337396281887e-79,5.851928131796510769e-63,7.194932571848336735e-80,1.927009371727739616e-66,1.498260631568364648e-65,1.401828191988225618e-77,5.616214288206828014e-80,1.140653045040019662e-63,3.306503692466217390e-64,7.845334471532601086e-61,3.920535421397962038e-65,3.564562389061323566e-80,2.913411704307882462e-80,1.333414750865276591e-65,3.842866511503235639e-67,2.718599712432892193e-62,4.111873490684616934e-65,4.983153862101399539e-78,1.770361902407836981e-80,4.071146790957675535e-78,6.478010220129512243e-64,6.602659144975502917e-82,1.201223178979742479e-81,1.973082368804791808e-65,3.492636009986433179e-67,1.746301190256958783e-65,2.066887009065633072e-67,1.147612127413568800e-65,2.049519282440870742e-66,1.676590558207136305e-64,2.661267965427506773e-80,2.113034243801383349e-64,3.332949060342288012e-82,1.962063175162577829e-73,7.620970870830096348e-79,1.811330456455122059e-67,3.999999968987122401e-01,2.304275794697517917e-63,7.171839515690680529e-81,2.273300896499602394e-67,5.230583647587761287e-77,1.692449670645151529e-65,6.168331796695459369e-66,3.732465354855118335e-64,2.435947181665107139e-79,5.400522186743300929e-62,1.153863052680394925e-77,6.368202543248853184e-64,5.074244955936703127e-82,5.123304160530495290e-65,1.117437904563773894e-62,4.209011654814558293e-77,1.503212976630094872e-62,2.683641138441122260e-79,6.533273975391685074e-79,4.418743650819063488e-79,1.719210819891988334e-78,1.899031315786031777e-75,1.258718451677921902e-64
3.127616555850277986e-80,3.200530450573189083e-79,5.885586965463039724e-81,2.317174658845112184e-77,2.892618608993471712e-61,8.780228719235584086e-78,1.344998335078499890e-80,4.714005659767300348e-81,4.154457856620700450e-79,2.635797425140903805e-81,1.380461693658090203e-78,2.003855253597604675e-80,1.810808149184577667e-80,3.873760088324683337e-80,1.203004564667613479e-66,5.514417510449226494e-82,1.619620536501789595e-78,3.999999943482348552e-01,1.961815649951130591e-65,1.618284143518083346e-81,2.021672957522495538e-80,1.812745939120325998e-78,3.774814851744956258e-82,2.044007809758466826e-67,3.139033042997722840e-67,5.776615049162312182e-78,8.021269238543121504e-68,9.408847127416165153e-81,2.975129736379256173e-81,2.724929208548585006e-65,1.947006188907758101e-61,9.839326417926680832e-68,2.883500850447364534e-79,1.054063879734520031e-64,4.680496198231371316e-78,1.153243199964153494e-66,6.475061912106901724e-62,3.652259848246820069e-65,4.098683718924103694e-80,7.402250708630341740e-68,6.515799497946725680e-65,8.063738860334611117e-65,3.553292484487226529e-67,6.654453370230736255e-80,5.008315681498461714e-81,2.102461062540933040e-79,3.820861082482320173e-81,1.487969311256859427e-67,2.311602202964396808e-67,3.179976264175972771e-82,2.325396064741853615e-82,6.319578784563254412e-68,1.371873560484645540e-64,7.220288880484334575e-81,5.898005982154994658e-66,2.756524656247964619e-78,7.051293531926319104e-78,1.332071322038744357e-82,5.423826170161506292e-82,1.000157117844021645e-79,3.642749002348577212e-79,4.679443037907160627e-66,7.302589937071931384e-81,6.029457798992078210e-68,1.551539096915169984e-63,2.838564059974735676e-65,4.162827239338728301e-80,1.372818193478124685e-80,2.114784509499060524e-81,2.043852864838806332e-80,3.442834667135534061e-82,1.674702178154555096e-66,6.161261392970812795e-81,2.002885740294983498e-81,4.882965988860893908e-65,5.699730636330292890e-82,3.836048058796146072e-76,4.092420549441691905e-67,6.502535417814420781e-64,1.023459500430887881e-80,2.951569318248536586e-81,8.313528077240248675e-67,6.685887641893705451e-65,1.849376103316505698e-68,4.629843513708563511e-81,3.971014721013203106e-78,6.081839591270401864e-79,5.154167591721388350e-82,8.794745782753826968e-65,9.864263250613376507e-82,5.148867460717426238e-66,1.609449803999210252e-80,3.479626077668415743e-65,7.190572137053023649e-81,3.779769136516709065e-77,0.000000000000000000e+00,3.155431976665500266e-66,5.467986174301628995e-78,3.216820243381192267e-79,1.718205713404324589e-80,3.381537020176605879e-78,1.948108488668492598e-63,1.069367914670613494e-66,6.711208485854832747e-80,4.032281845784941301e-78,9.067074915433334216e-81,5.320859817372038186e-63,4.122250372551389606e-81,7.267747812424565282e-66,3.418020943171107034e-67,4.788052005722872164e-66,4.449757568200609375e-78,4.619828188581771819e-81,8.491909408871936812e-81,1.013017407931243510e-67,7.119971564135914053e-64,1.273772402715510482e-68,3.718741348487904470e-59,4.601318175951802461e-65,9.762194662090333441e-68,1.508535612057186528e-66,5.160556955711332162e-64,1.120674176904432636e-67,1.650740671215014319e-64,1.245165432684165469e-61,9.867168739905010530e-79,1.719574415610963881e-67,5.458630631069724214e-63,2.598877388003730842e-66,3.143091804833357267e-67,4.873869896405994652e-80,8.510572456522802676e-79,7.927167693624253806e-78,4.413115515494267701e-81,1.746871875774372421e-81,9.973095492794501670e-64,1.084573989944181163e-67,3.435153156002264346e-82,2.228586340999554747e-65,8.505372085896499410e-80,8.328949863008760781e-78,1.918846063322314507e-82,7.044555722698428087e-82,1.409717774619322927e-65,2.445803202434296560e-79,4.163557967662159110e-65,2.745696583245928167e-78,1.048294987267754907e-64,3.464019090872711170e-81,1.804540303500934786e-65,1.264844692905178467e-79,6.301209260874709167e-67,3.396121404565029842e-80,1.663238643126079948e-82,7.375387849704833258e-67,1.021173174741928210e-80,1.510436730381503201e-66,2.417314485806839186e-67,1.884871944039196344e-81,6.127506980736056280e-66,4.855389006545575456e-80,1.124779039608631867e-81,4.977238941139427726e-67,6.618725488971703316e-80,9.382458250964357843e-82,3.690743999916076569e-80,1.263838387354834838e-78,4.597548353709579518e-79,6.390992036520966935e-64,1.852031184179869269e-66,1.866536969255864905e-62,9.784536554506952630e-81,6.976722112972929288e-81,5.014357559815693806e-78,2.306374470216190216e-58,1.412467654251151565e-79,1.664451522379578775e-80,7.179734728951802472e-67,4.000000130081178829e-01,8.338546574853322948e-64,3.215345055545318290e-65,7.338791900849073957e-67,1.340710639744455029e-80,3.289744186951502292e-65,6.249122401735517939e-65,1.264845798212747388e-66,3.295815642921923515e-81,1.057470250328796011e-67,1.131249467467403513e-67,1.434982815164829958e-79,4.782409015292954118e-66,1.214676906235830046e-79,1.703125388606806229e-79,7.209329472502275059e-68,1.008149564362987852e-67,8.071299277893980774e-78,7.081291422661161275e-68,1.026665008403685747e-79,9.142499959034229817e-62,7.705530070606377846e-81,9.984325607912241968e-67,1.283153194016749340e-66,2.561742063789175904e-78,3.660741101533836703e-80,5.072200571063942084e-65,1.914785579704351490e-65,7.176692240483076540e-62,3.725193672906550355e-66,2.813066489110400573e-80,2.207926215471035051e-80,1.279745862698083471e-66,7.138357891404145007e-68,3.185914879062067893e-61,2.028743637200229582e-66,3.112262142033595712e-79,7.987821750047222742e-81,7.256260976050029275e-78,3.502741238561745252e-64,3.231055634902693025e-82,5.582048758987505988e-82,2.142732487677855573e-66,1.789699699205474748e-67,1.371359459888861793e-66,8.249950938908869623e-68,8.779007107502078065e-67,2.068500734803832650e-67,7.739618473642998737e-66,1.235695721017910276e-80,9.640744159252707998e-66,1.242166506728812976e-82,1.827088819461225464e-78,2.263699728844449043e-78,7.711427821078927207e-68,4.179680350599527297e-78,3.862423169096129434e-65,9.537578691697508417e-82,7.358321938625326598e-68,4.294078113041873640e-78,1.802880471776150260e-66,3.890256030307716966e-66,3.740354957832376119e-65,2.560173171181313801e-80,5.200753388539800387e-58,2.802768558470671893e-78,6.343926257145429604e-65,1.924143103798565585e-82,5.570370838207581979e-66,8.458506267741196938e-64,2.904505333930835423e-77,7.914404538030637257e-59,3.191853674084016044e-80,2.328843171718665812e-80,2.247210187713767973e-79,3.863937328055622190e-79,2.203864615257616012e-76,1.295271597846518238e-65
1.509173762404258223e-64,3.899497608273772130e-65,4.913256873623309728e-65,3.141048458001138266e-66,1.693910413162342688e-51,1.134311600252504336e-64,4.678927662448122635e-68,3.850738081835930109e-68,5.929509373627219845e-67,2.463057142350003512e-68,2.165555287736844198e-66,2.779710742722986755e-64,2.176672774375956221e-64,1.676486518664448525e-67,2.218455594750613855e-50,1.401768641700205313e-66,4.887189391280443934e-67,7.255719001291269100e-65,2.937959227935809448e-50,1.759161220275204454e-68,6.820986777042526191e-68,2.111114979321655737e-65,7.191558881528997117e-69,7.416627866601073076e-52,1.594247644432616699e-54,1.092460886374131949e-64,2.798296610316195476e-55,3.266226119589759618e-68,1.754633868266128343e-65,3.082120897401931212e-50,1.894719120257605512e-51,8.988643585085977595e-52,9.765250659313538498e-64,1.615684407187739731e-49,3.595062367011565342e-65,1.290933799311017086e-50,8.429143155994806168e-52,1.122114743988294288e-50,2.206450182649198686e-64,2.892920897945425811e-55,1.603008228016243619e-52,1.541299602899950045e-46,1.627562825487330830e-50,1.539318006190849350e-65,2.814530888770796952e-68,4.040930667676781965e-67,1.790229197886993632e-65,3.123539027800419896e-51,2.802968751308002708e-54,1.170733240834816617e-66,3.354825454428502975e-69,6.637878592526963546e-55,2.052540725231884540e-49,1.247910708157738800e-67,3.310678943355940876e-53,1.112906020710132775e-65,2.617168512051387775e-65,2.229337972688354610e-69,3.989066280173278121e-66,2.486043810477980784e-67,1.059488779791113578e-64,4.920833855830526573e-50,4.647302553756575772e-65,2.559099457104305398e-52,2.334514004937345794e-51,1.294344637376285622e-52,1.737359165921771906e-64,7.829204943877844131e-68,1.445000273342512467e-68,9.167406045185930300e-68,4.539269812290802278e-69,1.691135121064134253e-50,3.747686250372928227e-68,1.462088339906929728e-68,1.145911786591129612e-50,4.920208040541058919e-69,7.586139557813769101e-63,1.742045024880620336e-50,4.050717710570563745e-52,5.791930649183246651e-68,3.231168077653330247e-68,5.569025087266665816e-51,2.907509278796651686e-52,1.216999813745810076e-55,2.595422302340655659e-68,5.207495353902753277e-66,4.490306149647917091e-67,2.002217710728134672e-66,9.011290177199671862e-47,1.250375391466026895e-68,4.205300867716012679e-50,7.716769245363576887e-68,2.106901196512604059e-53,3.756038209762022168e-64,5.747663974202476800e-65,3.155431976665500266e-66,0.000000000000000000e+00,6.856847325687710896e-67,4.642426157251200645e-65,3.130675362155860472e-64,4.197789662908851427e-65,7.317731080954532605e-51,1.425198649694903848e-50,2.993582512492509250e-65,4.355997933408683778e-65,1.147506760086100539e-64,2.055450201612984052e-51,3.655544005437202341e-68,2.178149751657980547e-50,5.213141798130435505e-54,5.764646123288907517e-50,1.415252369494456861e-65,4.338757754873175909e-68,1.032170153794617595e-64,1.708555570024046871e-51,1.396586799631031275e-50,8.115732542603107026e-56,1.323028365141517113e-51,1.367794457716817312e-50,1.028387859149387783e-54,5.763813592538545666e-51,3.903850864480992525e-50,1.851670776396997442e-54,7.108065258911694957e-52,5.107459274084224263e-51,1.270164673166125761e-63,1.017745618823847171e-51,2.179676883404409367e-51,2.970514100754799359e-50,1.081175954134349916e-51,1.265823852479730322e-67,1.133005021254235026e-64,2.425699896608720009e-65,5.076836429310891765e-68,1.722119886111112690e-68,9.406567706121566883e-51,1.401489556756238562e-54,6.105299178738049453e-69,1.670345341832770901e-50,6.744313037683547008e-65,1.318320872719109182e-64,3.765546770711094038e-67,1.014386189122859310e-68,2.357898252709102850e-50,8.214468753335601608e-67,4.008956513147940661e-43,2.750943722071666569e-65,1.951117120801445765e-52,2.385822306590785594e-68,2.582156903950691232e-49,3.084354666941921849e-63,2.954857940481259801e-54,2.939579451390365126e-60,3.630559818767110162e-67,5.668214740268351781e-52,1.727650088973163498e-64,4.491565270425942580e-50,2.672182062853214227e-54,7.928747095934168514e-66,3.220062407985826987e-50,1.106611614489012113e-67,7.129917795391155022e-66,1.003824825725054244e-51,3.821817378305672758e-65,7.507454291016399988e-69,1.997903917529048495e-60,1.282161117504283462e-65,1.165456124627050601e-64,3.269897521673315902e-52,4.341667688443121655e-51,2.298836938655411906e-51,5.330941142101176760e-68,2.269244060766751601e-64,2.010947967358997180e-65,5.110187389906353572e-51,2.148919168738942916e-67,1.549338119186004645e-67,5.950632097934913841e-51,2.895109579920879711e-66,1.950362935950174776e-50,4.976436326650023530e-46,3.904472502674447235e-54,4.775700149413560920e-68,1.106028995467255065e-49,1.832105009285666490e-42,7.152565377874481795e-51,1.974883143442104019e-65,1.237878566322609393e-54,4.965561051484475806e-52,3.903191478286869502e-64,2.774420229776096126e-53,1.560780203668695273e-64,5.298920960143187279e-64,6.513004456057636391e-55,1.163183714324663487e-54,1.176338126097049907e-64,7.850938541199126574e-55,2.184902887528747262e-67,1.027424666641996698e-51,1.171363519914920435e-64,5.378362712105174954e-54,1.297853171523745124e-50,2.965145005945036203e-66,2.078654401443794568e-67,2.480560938022528241e-53,1.118191946893478215e-44,3.299601996517140834e-51,3.880766144684413466e-50,1.321892382267856473e-67,1.243527701193523846e-67,1.074428226812891549e-50,1.845258522356576909e-52,4.537392277061176286e-51,1.410489483092046370e-36,7.309023757112740143e-64,5.123339225469476554e-68,3.991304727925261843e-66,1.688854263495880800e-52,4.396620221029625671e-69,6.503792935160230518e-69,2.010201401093150719e-50,6.965219013221928408e-55,1.483991190572308882e-50,1.143288324552560085e-54,8.219035161920614278e-51,1.715437982994911493e-51,1.058107901952550383e-45,6.479651433856120398e-68,3.503689189696125784e-46,1.901705432476320210e-69,2.411566664267899432e-65,5.678606056829856650e-67,1.000119851665153830e-54,1.638235171605510840e-65,9.145419911034571626e-53,4.971562998083595297e-66,1.212759448039129849e-54,1.716936366153110461e-65,1.407708060988435899e-50,1.841309109924241382e-53,9.826039338845018415e-50,1.039303753685191280e-64,2.259946385193047910e-51,1.445030937603854429e-65,2.160430510195845574e-50,3.203104191541146203e-69,3.329362842832179430e-50,1.888263972533129355e-50,3.292984546688771535e-65,7.637818810635653864e-52,8.627191214591549547e-65,2.984065596021000242e-60,1.433254392052760910e-66,4.229760153551745842e-65,2.150055738347869565e-64,1.979932457355986363e-50
8.833430877213170183e-81,4.675244040379233774e-80,2.343731463439392115e-81,1.293774975538502703e-78,1.199131474198916393e-62,1.392014759814786377e-77,6.984901241284544980e-80,1.392593769961479732e-80,6.452696692397103789e-78,6.375703075697038936e-81,4.035357816818931048e-79,7.117891995464010621e-81,7.202903002289553692e-81,2.021827487084416672e-79,4.372892601558788566e-67,3.149888752416804552e-82,3.999999996990328821e-01,1.195511049541198401e-76,5.068488383720217731e-66,3.783656101700590588e-81,1.042949808047087611e-79,8.944782190563005499e-80,6.620736554928073079e-82,1.039614798446820488e-67,1.400362272103170325e-66,9.196889814635073473e-78,4.358871631329393520e-67,4.607701954415723508e-80,1.273804836980248236e-81,6.324098321678249665e-66,8.067674211293910159e-63,2.851120055138934566e-68,6.925846570081958791e-80,2.672424229106045690e-65,1.440600483958258187e-79,4.520879822992893098e-67,2.613218684543936624e-62,7.613877985040340824e-66,1.038323759580734338e-80,4.017422873503713543e-67,1.743098904012432496e-66,1.344262899801949588e-65,1.253778476685928376e-67,1.675283955778067218e-80,1.862354197354857279e-80,1.788395177846379728e-78,1.813404163413769654e-81,3.693132962106691173e-68,4.348968400476122579e-67,1.526763010043743278e-82,4.004484637124257977e-82,1.390170622926701889e-67,3.298468313033456743e-65,1.105225658913481630e-80,2.402108799425656486e-65,2.480501421027043618e-79,2.130288090679817698e-79,2.019032124232399582e-82,2.318784125745317700e-82,7.036683527180682758e-79,3.853068143868142673e-80,1.697403636931226284e-66,3.122620718144070147e-81,2.986990792192772572e-68,6.888048849478810924e-63,1.435386199705618614e-64,1.091548896726080931e-80,5.238965595835945026e-80,6.232491292395070146e-81,1.033284351133479358e-79,6.027339915593222176e-82,7.033643523622664949e-67,2.366929515122531043e-80,5.616024758033064642e-81,8.508082564517950726e-66,1.246205531003258998e-81,1.199619905825804323e-77,1.350656637318051713e-67,1.256254055604791258e-65,3.870638327984509952e-80,7.410055294998160589e-81,3.473817029610734236e-67,3.295282406956854940e-64,5.829462632408642088e-68,1.810427090919899820e-80,1.638278254222408101e-78,1.258216782269504550e-77,2.566721198875052778e-82,1.494384714401979046e-65,1.869044921800047203e-81,2.382860775038083891e-66,7.400048055899230088e-80,6.682801451690998961e-67,2.146986753160514971e-81,1.134216042217950599e-78,5.467986174301628995e-78,6.856847325687710896e-67,0.000000000000000000e+00,4.882882505462775466e-80,6.420805927806805758e-81,1.557371737757441147e-79,9.330148087793280277e-65,4.103869359367760640e-67,1.739973583802149990e-80,1.312513440063163464e-79,3.332322912483575647e-81,8.936954092508174229e-65,1.349148873981306913e-80,3.326683474636610846e-66,6.112336950448465090e-67,1.692319759652193943e-66,1.406643531752831538e-79,9.875233237567896635e-81,2.908928042692094728e-81,3.500561966110284428e-68,5.811129764382231460e-65,3.912604642671660894e-68,3.475979542224223056e-64,1.098715491700625810e-65,1.887092880425788399e-67,3.109119830214986605e-67,3.476159407938574652e-65,1.701437881100913087e-67,5.933855383240503190e-64,2.733389865295856948e-63,8.986823902549737742e-80,7.828608055113843856e-68,8.106899421555126065e-65,9.507519233751868343e-67,1.557786185501968769e-67,3.422838400290834877e-79,6.950240950100436651e-80,2.799008871954818410e-79,1.073706155671469596e-80,3.840816957122791684e-81,6.939054476326928393e-65,1.812130598696522703e-67,4.854642186860473998e-82,4.833132695100558437e-66,1.893560878833906169e-80,1.369661491015624092e-77,1.101097299169615639e-82,1.271973289849589360e-81,3.118406113891735731e-66,1.384674510910486571e-78,1.072631555875091242e-65,1.414375575966028573e-79,1.395306986273816099e-64,9.923472350520126757e-81,3.421174264321424783e-66,4.490591137416084057e-80,3.005799507787861133e-66,6.763124470311283742e-81,9.675845116247447952e-83,1.257002900595206763e-67,3.300107152259870365e-81,4.921108322234424079e-67,4.070771767824096949e-67,9.515523643078049319e-82,2.984222463083151022e-66,3.486959272476351323e-79,5.086081880707823288e-82,8.343400321444324851e-68,1.667961184326962232e-80,2.088843499521747079e-81,6.881462684079577118e-81,1.210343713073247428e-79,5.462044314735566698e-80,1.661775567628408145e-65,2.545639577636015898e-67,1.762412938423522311e-64,4.086385217380982583e-80,2.319454761858013677e-81,1.593192859260338569e-79,1.394644567465328750e-63,1.965469816686904056e-78,4.939975709684354035e-80,3.212906444170623891e-67,5.179623088608960982e-78,5.857983952890326594e-65,8.641655527773360233e-66,3.312553855890727454e-66,7.116456419973103972e-80,1.060147217954265031e-65,1.330826459668688229e-65,5.640818555045804063e-67,1.602710481699651215e-81,2.086652829077499613e-67,5.836266745837471994e-68,3.349049749838046521e-80,1.591760858992985946e-65,2.241291552502114139e-80,2.485815693784262349e-80,1.623125440789344746e-67,1.899884255512413081e-67,1.374233251277931263e-77,1.411506741843952590e-67,8.752193136437959689e-79,1.604774405004152906e-62,2.590566517172987043e-81,4.274449829755665893e-66,5.277938334636701581e-67,5.290029821101219166e-79,1.412876459168712952e-79,8.653876618730035150e-67,4.652935269350541861e-66,2.688571711598344879e-64,1.396850452530065413e-66,1.379561729630748556e-79,7.582582539496882709e-80,5.319843309170502491e-67,4.293041207451613322e-68,5.582809137984708097e-63,5.294468475765407989e-67,4.990503961855717998e-80,2.587785840302835887e-80,4.894728419548510924e-79,1.846019442328551898e-64,5.258415500929516830e-82,1.130970318982887239e-81,8.055870708695878180e-67,8.395472228733456990e-67,5.491754980077130164e-67,1.732325388117162829e-67,3.702771218284100970e-67,5.487420680673692503e-68,1.672728154095623614e-66,5.798015533244492113e-80,2.155887056061757094e-66,2.086478585609143613e-82,8.931981839235350541e-80,4.000000000250680809e-01,1.684533145270065990e-67,1.697482866802628974e-79,1.063820282138443065e-66,4.407567495220737800e-82,1.178164848007283304e-67,2.032076010290204142e-79,7.625306700185560949e-67,1.612520063518098485e-65,1.218293591614179711e-65,8.802913582960156931e-81,1.105059111833437847e-63,2.073961762665916417e-79,9.684626048959007732e-66,2.929568459777113473e-82,2.315522150687240086e-66,4.611527273725233166e-65,1.792680928363157056e-78,5.585023414611239045e-64,1.049913134420886037e-80,4.874251169205182444e-81,8.945317827251979843e-79,5.617024975123875819e-80,7.919515531190471832e-78,3.127190877911816699e-66
9.180965998105878686e-78,3.999999997618743364e-01,9.705529834744695124e-80,1.827109506056455008e-78,8.815379106462953820e-65,2.270752198593693534e-78,1.487475971441282358e-81,5.149850512054106752e-82,1.352256343942284602e-80,4.062720663462778031e-82,2.774739152832617235e-80,3.469183231025170387e-79,2.795751274946506210e-79,4.480725596917602368e-81,1.466479476900275227e-65,4.051189719461214118e-81,2.556435840495681875e-80,4.446253028978933362e-78,1.050520158723160506e-62,2.490712977160388842e-82,2.309846434791619477e-81,3.707554207587008705e-79,7.917634084500262577e-83,1.038544617556228661e-66,2.172406398381972301e-68,1.431135535377150725e-78,5.038760124440960760e-69,1.253180794502144612e-81,3.126149697046882883e-80,2.280420243885819382e-61,8.898753522118616369e-65,1.785531732917421617e-65,3.165189526565870967e-76,3.902195682875006139e-61,9.413322727544364159e-78,1.305688281037295860e-65,5.654611349126258534e-65,3.880746371320780954e-61,3.321175556670386656e-77,4.715533066284244131e-69,2.487086761607676920e-65,2.936818471030450006e-63,6.509112297765344235e-66,3.959993614999058801e-76,7.388544923945404231e-82,9.384769481006498321e-81,4.261126225000460406e-80,2.720254637776514043e-65,4.875477650080816222e-68,1.761652121025075557e-81,5.453126784071894953e-83,1.108951067664177281e-68,7.637500019749115268e-61,1.739647613494481708e-81,9.200066672010534618e-67,2.273072006203378188e-77,1.638219241316638314e-78,3.134015856340756028e-83,2.480108120734935278e-81,6.330925043275850828e-81,5.013277195043177054e-75,1.006100317369708985e-64,1.686011023812833850e-79,6.380090909895247103e-67,3.558337452702726265e-65,2.517245297610491016e-66,4.979925986765574273e-77,1.295127737750362707e-81,3.185277987627690767e-82,2.018514267660886743e-81,8.165897950257555810e-83,1.630721498061262683e-65,7.686133633542437228e-82,3.192133629202618595e-82,3.978276837337553881e-57,1.268356632961040287e-82,5.190016235155138483e-76,8.877261399922588377e-66,1.154183130505290269e-64,1.004052072847706247e-81,3.221026180641265931e-82,7.724435678481406141e-66,4.941223909410777119e-66,2.767427232039115919e-69,6.106706669797268810e-82,8.344914413416605115e-80,2.177011688678905856e-80,3.167759630508250823e-81,5.342773149047556291e-63,1.884243940893338338e-82,6.856809102163263654e-65,1.573482068657684993e-81,4.742825634032664926e-66,1.448859490512466770e-79,2.033841367071043887e-78,3.216820243381192267e-79,4.642426157251200645e-65,4.882882505462775466e-80,0.000000000000000000e+00,7.093497544231088702e-79,1.480145227068425224e-78,7.067552447742516694e-63,1.150604905106724254e-65,4.844274639349631710e-76,2.196809072795367693e-78,3.136839551328269046e-79,2.311459300002593775e-64,4.568946922122949924e-82,2.390443618420847894e-64,6.889035249376855144e-68,9.943306394567867701e-65,8.857710141159042674e-79,9.959293307617612192e-82,2.331215967697511212e-79,2.430324160602941733e-65,2.754647683443421528e-62,2.195455701731885674e-69,2.284902480949942736e-64,3.161965657755549950e-61,1.822993191140492222e-68,9.586045153613383812e-63,1.322537388147938489e-61,2.461270174124504059e-68,6.875322301550646656e-66,3.131945401817751301e-63,2.044064980990507837e-76,1.722377645539824596e-66,2.346648282224973287e-64,6.387254129368155868e-65,1.571954659272212047e-66,4.125638177145064556e-81,3.721359385955590538e-75,1.138926649163572217e-77,4.494968942539728024e-82,2.682141313867783037e-82,1.586101552729024855e-62,2.119520363837425898e-68,7.293916192493892367e-83,2.454566237872035619e-61,1.115150856704198215e-76,2.239522742351629391e-78,1.263067581229236642e-81,1.378974645660025727e-82,1.129091139493557384e-62,2.353190070204269914e-80,9.380886193119253684e-64,2.030745412048725555e-77,2.054820254281580112e-66,5.700224667043875869e-82,5.638091882549212710e-63,1.893740326218754278e-78,7.044029212360053084e-68,4.501520351721023345e-79,1.020389721372017044e-81,1.532301542106466598e-62,2.862965075818844208e-79,1.330300107547562521e-65,5.259445987589644558e-68,1.592757461734353643e-80,8.987458239173795784e-65,4.261306281069569358e-81,9.702184862738485741e-81,1.377938497070412801e-62,5.645627484598191092e-76,1.961775827750441899e-82,4.146013802727014103e-79,6.995917534660052341e-77,2.083431942027199329e-74,1.314209264502981135e-64,1.449893777889131743e-62,3.391549935663616376e-64,1.129981619793331299e-81,1.422395568969201117e-79,7.156686276471709222e-78,2.938982584645373044e-64,7.944733554903026257e-81,2.021882674636680957e-81,4.895657858675590757e-66,3.636358368204268410e-79,2.233051373735904737e-62,2.702697034568686919e-63,7.800386921019585620e-68,1.702584349452574232e-81,3.913062584282284173e-63,1.674694127727429893e-63,9.953058446566739343e-66,4.381560707309100202e-80,1.884739950478365822e-68,1.224932433561282905e-66,1.295020621377045697e-76,7.065936844967243672e-67,1.632236235694323135e-76,1.425564873860062356e-76,1.183565647705277213e-68,1.903821530288207721e-68,2.116783969686744776e-78,1.161738300374405281e-68,5.671419702958541794e-81,7.150772271424394435e-65,2.275380651078990682e-79,1.219063508995708944e-67,9.499899794153434726e-66,4.439648376841042318e-80,4.926960123195036503e-81,5.100238920428683868e-66,5.940977724675092311e-64,2.150874436861274620e-64,1.345511534364801939e-64,3.346533151569497181e-81,2.374920104908082989e-81,1.645837119975039717e-65,7.630159671939850523e-67,1.738921396194915754e-63,2.459208770332567268e-65,3.613342408313598183e-76,1.054667494489590182e-81,3.276181049607177706e-78,3.824976672182404182e-66,6.865574454376054482e-83,1.125011977635220116e-82,3.164805849031466250e-65,1.068686894196890604e-68,9.998183897647073197e-66,1.640615055050353217e-68,6.471258957111739744e-66,9.087334429620900832e-65,1.789914366044141353e-64,1.196133997607638167e-81,3.645627413304047134e-64,3.306256807510356135e-83,3.953279049782943062e-79,2.461816539921251501e-80,1.197292840959342339e-68,1.452682131648422817e-78,2.471298072568428825e-65,8.068483267384458824e-81,1.647802410783148471e-68,1.606020783014806692e-77,1.461845040855797018e-65,4.044153278817772348e-67,4.377682884158759461e-63,6.762095139890087421e-78,2.363721517386302463e-64,2.908141282287565738e-77,2.703169497687174595e-57,4.293956887061373653e-83,1.277151319298019662e-64,1.390209989647605195e-62,4.185355921752091053e-77,1.470324157769279491e-64,1.331469049384898505e-77,2.980133134932089093e-79,2.159125373340179508e-80,3.999999993716206736e-01,1.758613380417114645e-76,8.803352479612960714e-63
6.573408565074493528e-78,5.669191575920885418e-79,4.973688223587245320e-76,3.894334624751972795e-80,9.058148868185810707e-66,1.123864061308069136e-78,5.608700732480718661e-82,2.534577004336298257e-82,3.905892599720870555e-81,1.866328625930027778e-82,5.685856483250591190e-81,3.537728245594374757e-69,1.939394628218849867e-75,1.520223214756594304e-81,1.125625992668445570e-62,8.383737450683904387e-80,4.192823271677908277e-81,3.432032526317777656e-79,1.419165925835113652e-63,1.331093744473083483e-82,7.571306820170697905e-82,3.758962921907867267e-80,5.077683190379991898e-83,1.390196259317989964e-65,9.255269859156085428e-69,8.704722015144585881e-79,1.619988423855846670e-69,4.220939068978307096e-82,2.789854821843732267e-78,1.221112960129147073e-63,9.243497911273788693e-66,8.757315019141981728e-65,2.812239499343653460e-77,5.722779424310814833e-63,1.395360200224478986e-79,2.752629448137049669e-63,5.751440404563988110e-66,2.605445119144243716e-64,5.678956956901966971e-78,1.651346587407763499e-69,6.555742960357296169e-67,1.666071831565020736e-63,1.875440279358590794e-61,8.579676251148663829e-79,2.575528694960260038e-82,2.360817769536843707e-81,4.376619510804107624e-78,5.700608423834744340e-65,2.458290014255213430e-68,2.716075750384657581e-80,3.026362536153506125e-83,5.089359193913361782e-69,6.157005595960062580e-63,1.052602595165373936e-81,3.866728070584362755e-67,1.526930657146869472e-79,7.465940750849925214e-80,1.743077599147943615e-83,4.954606031304870983e-80,1.695178830952893505e-81,5.844891191924395614e-79,5.910624158387451099e-60,1.658122313900863407e-75,3.308215920758142603e-65,1.045238277656419467e-65,9.808864027314446540e-67,7.064360852000147382e-78,4.454224150859882242e-82,1.556795403585570355e-82,8.082547414897067994e-82,4.025948947144479431e-83,1.649694464546692055e-63,3.057005831289690510e-82,1.482351011416095982e-82,1.905590520784674324e-64,5.502013035661623484e-83,1.773895963851383021e-77,2.111790890362135710e-61,2.469677389783124797e-66,4.122268110437229543e-82,1.592680315445629397e-82,5.893450182725135504e-64,1.872182676699831675e-66,1.175216039810215932e-69,2.375348189026766683e-82,1.676945395263200218e-80,3.932814800891060745e-81,5.809897217047259407e-80,2.166739176827045981e-63,9.773830257820414356e-83,2.397389213171958259e-62,6.771239431815893413e-82,1.133217675983011019e-67,2.682822068318859355e-75,1.541496767570113610e-79,1.718205713404324589e-80,3.130675362155860472e-64,6.420805927806805758e-81,7.093497544231088702e-79,0.000000000000000000e+00,1.055495089982413311e-79,5.359055690004700401e-65,3.400551863753579438e-63,1.284716295943603647e-78,1.213725690230263975e-79,3.999999983259607816e-01,9.448819791788684129e-66,2.256371244801193560e-82,1.032542891373940420e-60,3.472480001989936387e-68,1.063520343372488129e-59,4.570570649582364814e-80,4.254427892307836835e-82,3.966033469554437046e-69,1.807937522394768173e-64,1.037334038095843200e-64,9.236178224131351906e-70,7.312979411777224068e-66,6.007556195418380395e-64,8.796274262325007253e-69,6.472299921118336430e-65,1.827721097350921290e-64,1.266929278839129335e-68,2.481271072052434962e-66,7.004571042904193138e-65,1.529719232473177655e-78,1.447077026547083066e-64,8.429831021570758822e-66,4.045532575977556192e-58,2.032158614127914409e-65,1.189005670354352919e-81,6.608716031956036013e-79,1.466209559495941806e-79,2.070226204415531923e-82,1.239344558827341841e-82,9.653006959838031105e-65,1.101960200381595418e-68,3.827516604297413166e-83,3.710468182183609805e-64,1.682289671570895864e-78,1.217161905376052795e-78,1.789454184260941453e-80,7.404228825781235557e-83,5.176495201608115635e-64,7.039977561729269430e-81,2.141285841143027404e-62,1.894585177388830419e-79,6.050107645772978642e-67,2.363866440350010569e-82,1.166224253559902662e-63,9.182161961991748437e-74,2.645999886495989922e-68,1.000322495388563854e-78,1.353504046381060959e-80,7.425249932405583722e-66,4.171017607459793035e-69,5.033122639449847123e-63,2.260986512759970223e-68,8.104745959241443341e-79,2.641184134982925558e-62,1.258873399266084400e-81,6.503723294836910302e-79,1.032437499779322035e-65,1.416174067791146861e-78,8.615847468950894673e-83,7.315620431100315563e-79,2.152418548314589624e-79,8.695292809654918482e-79,2.689832259707056660e-66,1.971407566450539107e-65,1.151515151988958859e-65,4.086378095200607438e-82,6.077178366039825108e-75,1.044971558460117318e-79,1.847930924765909046e-65,2.027807434994729585e-81,9.851344488063705656e-82,1.975989821724694753e-64,1.884344237853295955e-80,1.336172288645980898e-64,9.337699078926443590e-62,3.139481907286063891e-68,5.472284273428738643e-82,2.965976882217207003e-62,7.349258159086415562e-63,6.307142390725970667e-64,6.309815277899539800e-78,9.456043108771738223e-69,8.037226959118001183e-65,6.344426220792872993e-78,2.618105202299309843e-67,2.084292128998260095e-78,1.334362928638693613e-78,5.019978455733966078e-69,8.877661466018025745e-69,1.264310328098114539e-78,5.777799430991826837e-69,1.643932049583755503e-81,6.302308859641313606e-66,3.999999987776838850e-01,5.091751250240587330e-68,6.122067195128611821e-64,7.611952023267294146e-81,1.877614836501273317e-81,1.075467246842669439e-67,5.794361577707281069e-63,1.058687477652217934e-65,5.781929591778669283e-58,1.242207762717497181e-81,1.087692361610771031e-81,6.280501550895176151e-63,3.818070502980372871e-65,4.846815770379355323e-65,3.761039963843079950e-64,2.939192300601851015e-78,4.368823298594991391e-82,4.958957818952957524e-80,5.724231235923830607e-67,3.792159869828101885e-83,5.549428639921208412e-83,3.223387200789700436e-62,3.646011001129972963e-69,6.077091137192780223e-64,8.947661789912724158e-69,3.135838051198931921e-64,9.544333708920999820e-65,6.670227588274998626e-64,4.713726855633813650e-82,1.128105734351141546e-63,1.879388673436142686e-83,4.639241405276421360e-80,4.016720886742984017e-81,6.324189468125790418e-69,7.377191538381833077e-80,4.408423901832772277e-67,4.741390571171952314e-79,9.439279549445135294e-69,1.419970216193207742e-79,8.382046168927998609e-64,1.539209475460510620e-67,1.763066497172923805e-62,8.907797499088732369e-78,1.048608059615175183e-65,1.807321690593222553e-79,2.867418376666520442e-64,2.352915883724668597e-83,1.279554528939771519e-60,8.616197935044524200e-65,3.920258308034670200e-79,5.647971711624352406e-66,7.412577096050090094e-78,1.067737419513349773e-78,1.030878441317598751e-80,6.408113524689929088e-79,2.037112402003375266e-78,7.148509381567843826e-64
3.208257747686000188e-79,1.542314888245032269e-78,2.163495004711004361e-80,1.077053057071615450e-78,8.181573061172025716e-64,3.914616094236818726e-78,2.040842901594770539e-81,1.521101015213519420e-81,4.989135307252799216e-80,9.935866647551445801e-82,7.651096279891392569e-79,1.323915931537115978e-79,1.090844383699525296e-79,1.282947599231916790e-80,8.907009326602044728e-66,1.975289275042203939e-81,8.306008940533022206e-80,1.364850827901475788e-76,1.445269694137848842e-64,5.908402239502740150e-82,4.285272203528067586e-81,3.999999991769562779e-01,2.023824918202317695e-82,8.416417348356122610e-67,9.014552233902683556e-68,2.865340395601535469e-78,1.924487683312672298e-68,1.519664278329372839e-81,1.409617081449354124e-80,1.230413049782447364e-64,1.561765010450264014e-63,7.487753030317667693e-67,2.192687786322309410e-78,6.632347307832407069e-64,6.458720785913775916e-77,7.997998920930369673e-66,3.962122821541246240e-64,9.812116401135660022e-65,3.483689155129416005e-79,2.150666213431945002e-68,4.701419223456647494e-63,1.570594878798962510e-63,2.933506344948515038e-66,1.195903482657679832e-79,1.591921510312085031e-81,3.558625312842332898e-80,1.092844847052282488e-80,1.838298480186898460e-66,9.857549227496552187e-68,1.391179492187292363e-81,1.219275210663312402e-82,2.800053703685661364e-68,7.906217766021432752e-64,3.475832517622293428e-81,1.070825060631023497e-66,1.866431572640815095e-78,7.248546954933333930e-75,6.521022326954253718e-83,3.270937632875283606e-81,2.052841439015109388e-80,2.573188726000667972e-78,2.337928860428212877e-65,2.721174098600745925e-80,2.574007176884006722e-67,3.436325857844729649e-64,7.473797807122357313e-66,2.663785089198041436e-79,6.224837313353045028e-81,5.594666062710797594e-82,3.251295285305045117e-81,1.549732327164033559e-82,9.413362804742509967e-66,1.375116716593227426e-81,6.101717352473407906e-82,2.473009651733784130e-64,1.823087590008423030e-82,1.345336499488725839e-73,3.172501740381922814e-66,1.917941949983180368e-63,3.248688373285682477e-81,1.522093836813544114e-81,3.861067135060569706e-66,1.312224034121100435e-65,6.046931730626859556e-69,1.184478243095926864e-81,2.273027339485179928e-78,4.171947898054595035e-80,1.985565183927320515e-81,1.478966064577966552e-63,3.311233411796702111e-82,2.368827717024188421e-65,3.110996669812215785e-81,2.792266164815608053e-64,6.805703635334463959e-80,5.744143767236241680e-73,3.381537020176605879e-78,4.197789662908851427e-65,1.557371737757441147e-79,1.480145227068425224e-78,1.055495089982413311e-79,0.000000000000000000e+00,3.522409805984303199e-63,7.422241079787195160e-66,2.200701847771335803e-79,9.608208416347586377e-75,5.888105744835332324e-80,1.050514849944150266e-61,1.271664555194440255e-81,2.836917712160187168e-65,2.463547634399394872e-67,2.534722605303801419e-65,1.013068180906940835e-74,1.855824604107283784e-81,5.801272491065063451e-80,8.616022579889262296e-67,1.728170605266591243e-63,3.921592533103805711e-69,3.803916366015849237e-63,1.707737860092637809e-64,3.848633553651672476e-68,1.130518914274321682e-65,2.924487730386225464e-63,6.004917375504678221e-68,4.717668063579973315e-65,7.329995526707845509e-63,3.489194887032891857e-77,7.161999243730439806e-67,1.109410013024813436e-61,1.891761867544552399e-65,1.592508239060011568e-66,9.070324739519220208e-81,8.773743799425853003e-78,6.762873933190370396e-77,2.302795573996583429e-81,8.306183570092221699e-82,3.648346749771121927e-63,4.731380241017316261e-68,1.979211213834337804e-82,8.409081742724364273e-65,6.755994923376814672e-79,4.214228214024723601e-78,6.652497216527599729e-82,2.694931121107177394e-82,1.082353887782577287e-64,5.387291759155168422e-80,5.622543924205754693e-64,3.847375624005178105e-77,3.803924889729177098e-65,1.378408590883166400e-81,2.575566337169118146e-64,8.761799752034263012e-79,1.967254812112133640e-67,5.797065188512780977e-79,5.836273675781497301e-82,5.568580025129477797e-66,6.766806355004767621e-80,1.392149343059566891e-65,9.214325561975401237e-68,6.996996635801639710e-81,2.434291242976610877e-65,8.285400355447601898e-81,3.812362859392644958e-81,3.483546464089585731e-66,2.408204914557367083e-79,2.492481237072836516e-82,7.104771088395872567e-79,1.957076291149608200e-78,2.806243884990310751e-78,3.091763213125448424e-63,1.665599235096663921e-65,2.381047244956235971e-62,3.450536068244362984e-81,6.454292013338493981e-80,4.394812519054023962e-77,3.400488486497995643e-62,1.632840140302220445e-80,6.611687359468929758e-81,5.233841143418060336e-66,2.517961445309233850e-78,8.482504408554832931e-63,3.794255390572540911e-64,1.935495174474001055e-67,2.578613018038586678e-81,2.490099898220816819e-64,8.739056141399003313e-64,5.451407224044046324e-66,1.536071095323383665e-80,4.403192579344922887e-68,4.694555759733059631e-67,1.589751466285492149e-78,1.119756211003338444e-66,1.108459297141018275e-78,2.762961630254944633e-78,3.523164506797966140e-68,3.526711169396584317e-68,4.136469874588162452e-78,3.059819416489266461e-68,2.058745594616884004e-80,5.831449995147083636e-64,4.566143125029091742e-80,3.103626319478084212e-67,7.854606138523294061e-66,1.578347021201007091e-78,9.126470259283948098e-81,1.693356384844780223e-64,2.464891526671590560e-64,6.038076703072154689e-62,3.338224938426018218e-65,7.654583275531679941e-81,5.118039422506185715e-81,7.538649354001329477e-66,2.202478587234575183e-67,4.233576868893485197e-63,3.152433144075802483e-65,4.579071632846688883e-78,3.484953729089530721e-81,1.089793890692035858e-78,6.487696706059859466e-65,1.150684539371315844e-82,2.235093121422766306e-82,1.198743634951318839e-65,5.275343498389112422e-68,9.057504537461593365e-66,3.808214547217488089e-68,5.601729030949198134e-66,1.518118705213413998e-66,1.336594710056906146e-64,4.531185604379839081e-81,1.575388444445047903e-64,5.974210864678464934e-83,3.999999990322667398e-01,9.458151991520662985e-80,3.360569657010780473e-68,1.107614358033994392e-74,5.863895405476876794e-64,3.719150834763809556e-81,4.224850232335452707e-68,2.005484745003557994e-77,8.596447673321380198e-66,1.067898303188595647e-66,2.896326185700628489e-64,2.012864258935204431e-79,4.330100818837429476e-63,5.458453499651731376e-78,4.083655999787198176e-64,1.015609313001518063e-82,3.238669221821766619e-65,4.691311201338742249e-63,1.109382572721917044e-77,1.582142846437339820e-63,2.144604691793543998e-79,5.520756021359989705e-79,7.293197526015707893e-80,1.042849174874945130e-78,5.812112691464638459e-76,1.064890265645333864e-64
1.410034188652088031e-64,1.063208331773126951e-62,1.421854404091920625e-65,3.568427767410999888e-62,3.849610012958878274e-49,1.736141184321733041e-63,1.443830470056516102e-66,5.319069212230031472e-67,2.137926604158480250e-65,3.601527430200074177e-67,4.978278081177648886e-65,4.411763647731339563e-65,3.649698563029691883e-65,3.941561274060713706e-66,2.039900124697632803e-51,7.087551304323068570e-67,3.654595910962910393e-65,2.267548911383603844e-62,1.040821042971549937e-49,2.301175910941181519e-67,1.904768585709557405e-66,9.312243944381315117e-64,7.575106582191594917e-68,2.251058822416231709e-52,2.610557584926052411e-53,1.281268190771238926e-63,5.984016682882718783e-54,1.263956134304669222e-66,4.036946569015288064e-66,2.800197732445176431e-49,2.588330644763424868e-49,3.494249788148083020e-52,1.814510908470013652e-63,9.036410346797280487e-49,5.420328630375604256e-61,1.816861867851545787e-51,1.529768155554087847e-49,6.438202796198299505e-49,2.567097683926438489e-64,5.340722833282883145e-54,4.354819559297336024e-49,2.851411288142038911e-49,7.790413562346644449e-52,8.312478565565454938e-64,5.980022892746330026e-67,1.120830685012354801e-65,7.048088532427644031e-66,5.372807458984970750e-52,4.206603828031743453e-53,3.424597739684313725e-67,4.561471489542729590e-68,9.515579228950840328e-54,1.226297084815978402e-48,1.564626315250904607e-66,9.094590791757706585e-52,7.077423738005142444e-59,1.283472840846864188e-62,2.692649092797186986e-68,6.117578441916432922e-67,6.918889991408943888e-66,1.690525314447615148e-62,9.904109438263243245e-51,1.789109827707148875e-65,9.126616202289917846e-53,4.901178787149836087e-50,2.694695495761260648e-51,2.733084504642670182e-64,1.133730439084627484e-66,2.879804431321139136e-67,2.381240378775649394e-66,6.895363420461389887e-68,2.569321147198852431e-51,7.863197001329090643e-67,2.738786298777605419e-67,1.126329536468319788e-48,9.580439709687642770e-68,5.113389264576304742e-60,9.246809806650571238e-52,6.576299373547186662e-48,1.011857018685549512e-66,3.156069377414848702e-67,1.355775865381807812e-51,6.134441840458189692e-51,2.154657401178307210e-54,5.493324428171039504e-67,1.267104541057407482e-64,3.005805498219480073e-65,6.744947695024425780e-67,3.742192871565219122e-49,1.744101536847099429e-67,9.741730633950597930e-51,1.615081001970317714e-66,1.371478584528134099e-49,1.893011340753617746e-65,1.126089096302840861e-62,1.948108488668492598e-63,7.317731080954532605e-51,9.330148087793280277e-65,7.067552447742516694e-63,5.359055690004700401e-65,3.522409805984303199e-63,0.000000000000000000e+00,1.572108152616983734e-51,7.408587115664520741e-64,1.227253017348703184e-62,2.657998134627947025e-65,3.605084648372372164e-48,4.915431441920792948e-67,1.789740464898153482e-50,5.190033564742616203e-53,9.457390939778056816e-51,5.115228692177571933e-63,7.197316352243804430e-67,1.670431639904946811e-65,4.124658939267926936e-52,3.266750602273411358e-43,1.873949280300335100e-54,3.325987070207784212e-48,4.303450520363728741e-49,1.478027535776931920e-53,1.427225093574982921e-50,2.951230660028274841e-45,2.272944882439479570e-53,9.868150100124086714e-51,3.854387988523017922e-47,1.435591181418510488e-62,2.656029715295656977e-52,3.444085591286623765e-48,6.694909304012125190e-51,3.177635382807874368e-52,4.150520690675083884e-66,5.405321093731570582e-62,9.194700140757556110e-61,4.649861123464872638e-67,2.342894128228101017e-67,5.016443821627939737e-37,1.846959174389203807e-53,6.416601159233393532e-68,3.104286325097053560e-49,5.232922015718031345e-64,1.774911220482964973e-63,2.066989258549909572e-67,1.377334378377766822e-67,8.294652134264793503e-50,2.223807665399389519e-65,1.095561830817877132e-49,2.404927474848014957e-60,3.047044722923146642e-51,4.333356750563074938e-67,8.092531883689146508e-50,2.429339855955285756e-64,6.182496662492750211e-53,7.280476407459913546e-65,1.963808031684766545e-67,9.067067521782727821e-51,2.430544549981100991e-65,2.291705242616208399e-51,4.093710539318664420e-53,2.650484782950236222e-66,1.064436465413531254e-50,4.355027571844877689e-66,1.755030793710453350e-66,7.524294847355293315e-51,8.960339365908803381e-64,1.697847390541810357e-67,7.081804493290602327e-65,7.663828023046707503e-59,1.733985084719161227e-62,5.417345315723484777e-48,2.433983287462860160e-50,8.290121258583342204e-48,9.697933366945746281e-67,1.615351938868107984e-65,5.814249365139535063e-61,2.133104505387150346e-48,8.882277704322849620e-66,1.964586381286392653e-66,9.507544960809293035e-52,2.735670285630429151e-63,2.425700734581844512e-43,1.106230550983544694e-49,7.785540794920547227e-53,1.552233622513630327e-66,1.094888540087940333e-49,1.813930790007091709e-49,1.737881517765772436e-51,6.601014140357062084e-66,1.769689277095735060e-53,1.812284527892331377e-52,7.990709828886632917e-64,6.757566601200886625e-52,7.964512846084971318e-64,1.795180992538426259e-63,9.275170339618014441e-54,1.696058429651027807e-53,1.723705581619681338e-63,9.879274971817125509e-54,7.091710464580839083e-66,1.858857427232099129e-49,2.203428248251288693e-65,1.256181265247197090e-52,1.675329671394855237e-51,9.448932902632901147e-65,5.334846222107577331e-66,2.166488969554573545e-49,5.586813232918636842e-50,2.667900565152955525e-48,8.503536683802491180e-51,2.849252916670488617e-66,2.396253152259614441e-66,2.306546870829858910e-51,1.085976556325085579e-52,1.631430353505339526e-47,3.659295727390264145e-51,2.459140977280914625e-63,8.972301806141574315e-67,8.728075453793519002e-62,6.801826235883649728e-51,6.786002654695038544e-68,9.568490176810200759e-68,3.995648612500338086e-51,1.272750638359766552e-53,1.805319369026095672e-51,1.561340562592213917e-53,1.209145918779770949e-51,1.217853836760367014e-51,1.943732388131747062e-50,1.247525205737929198e-66,3.048091961321295950e-50,2.764556611524426060e-68,1.262105146466722154e-63,4.819846572955114055e-65,1.129742263236265895e-53,6.645824384100578466e-63,9.390149291328419464e-49,1.325153256938505625e-66,1.409108944507087380e-53,5.777328032468314374e-60,2.736583740404772871e-51,3.952819130619891005e-52,1.328309138020690478e-49,1.220999860408783463e-64,2.135914633278508334e-48,1.399759069588255921e-58,1.068651543720787713e-48,3.517640649073106507e-68,1.244902067011673180e-50,1.582999157271785279e-44,8.981674210116498442e-60,1.294585983447630865e-48,1.728544709986763853e-64,4.611711004785757989e-65,2.412617690256166174e-65,1.411906524220069044e-62,3.129248937369196893e-59,7.075242663985286099e-50
7.745983270731103377e-65,9.455954346403609050e-66,5.112908469742126463e-62,1.378610443159912297e-66,5.759391073420633726e-52,1.636150868680204273e-64,4.942561215279548857e-68,3.188432373193273804e-68,3.458588474919169930e-67,2.773498103417403592e-68,5.821177178403389209e-67,6.969181039847248722e-62,1.645088345817597717e-60,2.047867728569444638e-67,3.261143467073326565e-43,1.457178159749426341e-64,2.997276751504317177e-67,2.907974841990614146e-65,1.716046584991210313e-50,1.650785463269245025e-68,7.551660301039652997e-68,3.089590241888111919e-66,6.532995884381861461e-69,2.149779791215382170e-50,1.280470606120961071e-54,1.167890337677630866e-64,2.155849465805573447e-55,3.923439844733689579e-68,8.638733597189832282e-62,1.458961086528786611e-50,7.135659008908476554e-52,9.100434355307355491e-52,2.806898294387322746e-64,6.446511233746151107e-50,5.188065961265149772e-66,3.944235719565754557e-37,4.370788448992815855e-52,3.407856705953759785e-51,5.735313882277504681e-65,2.147205556501697830e-55,3.292632084589040373e-53,4.502148528747908879e-50,5.744191931975510837e-49,1.129454242133718079e-65,3.556813901992139843e-68,2.488965008322740487e-67,3.911078286502538883e-62,7.071127499936319025e-52,3.456052748241257641e-54,5.028837342951902526e-65,4.386301778142755773e-69,6.730604129571011346e-55,6.507305609678820572e-50,1.480352599826353334e-67,3.161864986966849859e-53,3.460553572255749304e-66,3.573696151969554112e-66,2.461789328092811496e-69,1.421438938305452427e-64,2.042450672779025643e-67,1.089778089230175619e-65,1.107325491832110169e-47,2.055424816276038103e-62,6.466872522065221617e-49,1.182513625468382251e-51,1.193926943140371869e-52,6.855422357916617955e-65,7.718657111547458650e-68,1.882034001837443235e-68,7.496837296360148378e-68,5.748599014468120739e-69,1.172740066829310449e-46,3.319878031527876762e-68,1.715987943080591026e-68,2.816185848778200417e-51,6.928213234025639025e-69,7.850104982941660218e-64,3.588472521773164979e-49,9.661864000760619116e-53,6.461856386762115076e-68,2.736865146294202550e-68,2.449885463120867423e-47,2.225887565053126845e-52,1.472215767745968214e-55,2.723465626861438122e-68,2.661937366676559875e-66,3.168262393244289595e-67,1.080500873996129327e-64,4.592776372991020098e-50,1.288131847934258060e-68,4.691491019256389077e-46,6.661757259193074948e-68,5.677267609600699431e-54,6.271214676171711026e-63,1.205262272744277850e-65,1.069367914670613494e-66,1.425198649694903848e-50,4.103869359367760640e-67,1.150604905106724254e-65,3.400551863753579438e-63,7.422241079787195160e-66,1.572108152616983734e-51,0.000000000000000000e+00,1.534522194280364057e-65,7.119226154362120475e-66,3.454000526639757519e-63,5.602573009972251128e-52,2.885659601073032439e-68,4.885656593614691875e-48,6.362779610798386309e-54,9.504340986209148644e-48,3.066433328487845262e-66,5.595187375537321958e-68,5.186707496273821955e-63,1.203034353699029858e-51,2.320541791314446819e-51,1.056137106197485391e-55,3.916905057662264782e-52,7.507491945029538917e-51,1.274674976535781126e-54,7.357918021986383952e-52,4.393477667284169907e-51,2.151413226861528679e-54,3.616032642814356855e-52,3.346900651140005743e-51,3.928210164596586535e-65,2.422705785112350050e-48,4.480339572765784751e-52,1.914077095161328606e-48,3.511762162995232607e-50,1.205709121549327326e-67,1.616171437294038492e-65,5.451489493342988801e-66,3.778132216022709507e-68,1.907605808784929014e-68,2.468893697408422932e-51,1.662944429928345610e-54,7.624019152488897341e-69,4.718980973788118721e-51,2.298338802134152101e-65,1.735243673569719038e-64,2.831884438571041047e-65,9.785683948558341693e-69,6.476769796407879694e-51,8.568615247533790128e-67,8.296252584391593115e-49,6.172155840058439985e-66,8.750210806249180257e-53,3.315730445538915876e-68,1.868158485280182242e-50,2.083162480488439428e-60,3.525225674112758278e-54,3.920899257250738455e-65,1.923911976117620698e-65,1.033838541669602398e-52,5.365446205294392735e-63,3.359144280715759504e-43,3.479222673678687024e-54,1.493969259882371361e-62,1.963290313426520258e-46,1.270936746690562310e-67,8.790936311941640419e-63,1.487367836817523524e-52,1.745202352097891012e-65,9.547834047879823821e-69,3.388945181999872838e-65,4.451498553763097795e-66,1.549916990399424579e-65,1.232678432102679670e-52,3.166696034265533570e-52,5.183443128802307700e-52,5.658528378020602827e-68,8.319429576972788700e-63,3.634835361379739571e-66,1.383198996535144711e-51,1.760440183406148222e-67,1.437895355452356200e-67,7.005895183441991608e-48,9.626819849957845405e-67,3.589501352213570915e-51,7.135670990606095516e-49,3.798781175095596764e-54,5.157527664367934128e-68,4.184074937963171559e-49,1.990351539378634677e-49,1.722422195230026813e-47,1.276805231564620448e-61,1.398584212840818008e-54,1.202633346690217433e-48,7.339283788218061952e-65,3.040540181660605792e-53,3.151583759904877548e-65,2.126259220914974813e-65,8.408392666475665237e-55,1.189762568416314962e-54,1.612092556001805501e-64,8.738783439714358385e-55,1.741321234279704838e-67,4.390797684032685966e-52,3.851043282188758788e-63,6.532154845147497822e-54,2.410866528103598017e-47,8.799338490383996481e-67,2.227026669013878573e-67,4.909501344038403179e-54,1.592632241110745843e-49,6.317131394314761929e-52,9.206256376087513823e-49,1.427287283340773569e-67,1.332377984362981664e-67,2.451144949368827523e-43,3.082312953571972746e-49,2.315993147940774124e-51,2.839318518466245779e-50,4.545062486720031650e-65,7.720486696463243573e-68,1.412420094266872762e-66,6.749240904786869278e-53,4.712178136097420150e-69,7.620373719628279362e-69,7.948180568364503370e-44,4.877723773260718762e-55,2.411394290956020235e-47,1.158096443220119450e-54,9.576851297851098870e-48,8.966609986734637026e-52,2.251490315302580104e-50,6.871968638188320207e-68,2.887781932413479500e-50,2.566665889660507259e-69,3.272195132139457820e-66,2.978440515060576463e-67,8.599764924966979838e-55,4.697384611304597951e-66,2.018223803616711089e-53,7.759099184672218640e-63,1.535154608706431640e-54,4.798516079481939015e-66,3.029635064284727904e-47,2.199820531371529827e-53,2.766487216356888576e-49,9.314710492406128055e-65,6.060625768178046099e-52,4.655011135049225715e-66,4.568920597528280071e-51,3.626259386422815504e-69,9.871630909336993411e-48,2.143816531918931185e-51,1.147976575536837185e-65,2.924508848170702970e-52,6.778900155321582689e-65,6.384155572960476703e-65,1.315505061514460395e-66,9.630432912682129985e-66,8.432100867619759570e-65,7.979405319569889786e-51
1.634590108104028864e-77,2.334307845131334713e-76,2.127716261076363248e-79,4.221927446067862995e-79,2.565973916512396903e-65,1.366924217730734971e-78,8.857625741542075019e-82,2.349100122276378020e-82,5.853307397163552635e-81,1.971491969854912728e-82,6.292677008064016783e-81,6.013536341738383553e-79,4.675378289365813287e-79,2.243166795408550353e-81,1.934943316177694630e-65,6.653933181806551483e-81,8.273658459534380323e-81,9.959257796441574919e-79,2.121949432713376332e-62,1.361854599470235370e-82,1.155484601624721042e-81,5.492036275400792038e-80,4.565425882524234059e-83,1.180130499664709685e-66,1.076863434080385644e-68,8.621844057425883579e-79,2.095609371249725835e-69,8.154539649774827505e-82,4.796348874301820452e-80,2.285354462447558236e-58,2.104087153853439647e-65,3.956391324834281626e-65,5.468681146451392985e-76,1.622558097040789562e-60,1.060209449595238209e-78,1.785597045101920268e-65,1.715560570834666273e-65,1.081082623141682385e-57,6.232722827361575245e-77,1.990796932016784339e-69,3.246762249803788376e-66,1.273194831958868453e-63,8.457902960941554855e-66,4.000000007408237024e-01,4.002599102264865166e-82,3.633957714018295856e-81,8.692060387956283429e-80,3.757219473543960270e-65,2.833725962230025183e-68,2.187495814648022454e-81,3.123372257143112542e-83,5.365942523286495689e-69,4.348102816769085617e-60,1.169729404047442590e-81,5.917403931480572238e-67,3.567184436145677957e-78,2.106334337536281737e-79,1.813509057342426548e-83,2.488114348427597273e-81,2.545970480407663202e-81,4.291005800251565556e-77,1.570702462398987947e-64,3.555186440431796498e-79,1.055514493926838648e-66,1.095289310619119076e-65,1.303962725266694299e-66,1.210708407745135325e-76,4.913738721903389722e-82,1.957135715671088559e-82,1.177345780382581255e-81,4.928396298097999181e-83,2.215994781325346949e-65,4.186469830645672774e-82,1.635552117377576248e-82,1.899523087071120445e-61,7.695833595335922416e-83,6.660690042814679519e-77,1.262148519926506818e-65,1.658166962754222098e-65,4.940506665193743837e-82,1.447409421900871554e-82,1.224703304491860538e-65,2.411670920956870266e-66,1.416917373369363428e-69,3.411189420356297958e-82,2.122920273981645640e-80,9.049665341113451068e-81,4.392458119969524549e-81,2.292337761525602788e-63,1.145441635354910552e-82,1.242124595469871128e-64,7.999860916555968199e-82,7.312303114772847813e-67,1.900744695332652001e-79,3.492689868278569568e-79,6.711208485854832747e-80,2.993582512492509250e-65,1.739973583802149990e-80,4.844274639349631710e-76,1.284716295943603647e-78,2.200701847771335803e-79,7.408587115664520741e-64,1.534522194280364057e-65,0.000000000000000000e+00,3.664910084735714209e-79,5.607993320485503120e-79,3.868217981997570937e-65,2.278600563288037768e-82,5.451575666112901429e-64,3.225091065907316124e-68,1.465008169456086934e-64,1.491817652042380231e-79,5.500120703319517522e-82,3.576961846312824914e-79,5.253958957705712433e-65,2.500354637664364533e-63,1.292880167941723988e-69,3.750167864420988769e-65,2.913440445464575514e-58,1.016602852493915768e-68,9.249670924130055745e-63,4.528265641139450824e-63,1.418407793211325961e-68,2.549163756980582987e-66,6.255713347812557621e-64,1.091571160829388107e-77,2.611539683755738067e-66,3.314583782388645879e-65,1.237943862493052612e-64,1.786738680600249633e-66,2.085784559482621330e-81,3.214754135419518222e-77,1.269054676255169536e-78,1.828193773813865774e-82,1.274239581898937496e-82,1.641966256645132045e-63,1.224525736168019590e-68,3.957711934668047120e-83,1.152513840496470405e-57,1.354753461254616855e-76,1.365692416414155123e-78,1.986723263291425604e-81,8.571974982111885484e-83,1.416924585094544311e-62,1.270135240895717352e-80,8.093404061940250102e-64,2.140469702982329766e-78,5.775223613799328094e-67,2.859924461630923115e-82,4.589093301157224025e-63,2.591737483672419884e-78,3.321734459149126874e-68,2.139451719896412077e-79,1.508101511833623612e-81,3.324332839855547931e-63,4.137596347467848768e-79,1.442977005054584262e-65,2.739052622109465784e-68,2.669296040187699718e-80,1.699292086947402540e-64,2.392513473309100970e-81,1.563842331610877699e-80,5.242923951403842105e-63,3.999999992827522610e-01,1.321832307647555279e-82,1.809850875116767289e-79,9.673061682691832212e-78,1.070839805959042919e-76,2.023443127394074421e-65,1.348453573199570305e-63,5.323143362777002994e-65,5.227543851533217949e-82,2.008733017609741471e-79,7.525414820803075229e-79,5.545098867678613530e-65,3.360910058406292734e-81,1.026910678403356087e-81,6.084116482558065496e-66,8.733898355309173750e-80,1.774818779476187734e-63,3.207231724026974282e-63,4.181830353590012456e-68,9.314895276035695378e-82,8.609895787230479871e-63,1.008695150615837906e-63,1.567553571075446887e-65,8.131302521694444987e-80,1.017086990755766474e-68,2.322757425334245039e-66,1.336672173052925996e-76,3.933338897896147557e-67,1.157957990269468878e-76,1.901327984701049697e-77,5.972577322674426018e-69,1.114094174725453810e-68,1.379691274620682612e-78,5.876172551987940634e-69,2.468872615480320702e-81,1.792496557703126979e-65,4.132761035525248895e-79,6.732217375689239186e-68,1.254123755533933213e-65,1.095670068247518921e-80,3.055826737029445662e-81,6.284646329510929247e-67,5.172828349667045072e-64,3.332603331182238310e-65,2.345383600321026098e-64,1.543848202985890607e-81,1.305365410766995518e-81,2.675673746889192361e-65,1.483159277083944746e-66,3.571920004688670941e-64,1.699732826956757007e-65,6.687107516604345745e-77,5.577518465776338156e-82,6.373761800518523585e-79,8.937212769973379110e-67,4.393552850204569656e-83,6.512224141987362416e-83,4.817166012044336499e-65,4.190264307496214610e-69,1.218811064282581576e-65,9.494029312752162803e-69,8.016380912062362418e-66,2.189767117458470196e-64,1.122770233288151869e-64,5.882387598756423375e-82,2.569722690651986437e-64,2.229172011595880918e-83,6.676510773172576450e-80,8.774541125213174625e-81,5.852683213651190362e-69,2.203600567467709157e-79,2.757379559073888687e-66,1.258134574107500229e-80,9.665451259984280773e-69,1.752180479542422078e-78,2.026308832482086332e-65,2.130187061064977312e-67,9.872600756173057294e-63,1.601155618123024709e-77,4.402909242486371090e-65,3.216226336942640090e-78,1.783727213388069059e-61,2.360929892724561622e-83,2.505568896848427644e-64,1.097152230662820588e-63,7.063427378137708526e-78,2.874800839177281346e-65,3.515037660453094827e-77,1.530464745055176566e-79,1.098248581584154891e-80,3.651336879471088741e-76,2.204333766155157163e-77,1.395491440108151781e-62
3.893654682386610978e-79,2.821167920287871883e-78,2.834050466733736495e-80,1.955555182010077718e-78,9.793785770764325140e-64,3.678611685965924467e-78,1.967854993788389963e-81,1.224881280839128538e-81,4.743895897211878366e-80,8.767767862691409864e-82,4.223597154578873442e-79,1.512369221604254286e-79,1.161663435932571430e-79,9.603872948807461545e-81,8.644523562256005166e-66,1.897101392104608070e-81,5.592610117373120177e-80,1.468624743666536787e-76,1.786583427782721889e-64,5.210738861433249779e-82,3.110671865300966546e-81,1.512830296632502781e-75,1.732982468597830041e-82,7.779770538510471369e-67,8.370754343974009854e-68,2.883850108006615589e-78,1.621774177128558263e-68,1.539138696643949740e-81,1.298801439288807977e-80,1.942206926382442721e-64,1.163394068314948574e-63,8.783002756734525684e-67,2.626502920526018719e-78,9.189596278525047315e-64,3.143268901406727186e-76,7.026068153204464681e-66,3.309737351583229750e-64,1.862822680594027490e-64,4.105652503380433231e-79,1.660804509815095830e-68,3.993924542754959907e-62,1.644348982487823331e-63,2.780406107533941054e-66,2.505835198667859209e-79,1.241701424081380784e-81,2.565949604891500448e-80,1.503078845143810125e-80,1.982640224565066842e-66,9.327164056705014620e-68,1.217506844621316801e-81,1.010310032416661382e-82,1.963096739695714650e-68,1.092130695600956963e-63,3.651167277639934384e-81,1.024690119848223492e-66,4.667729934897057340e-78,4.000000337109461679e-01,6.226529340464408725e-83,2.971484860959774333e-81,1.611248704613043694e-80,5.245960434676206079e-78,2.313101073128262777e-65,3.704221943423980317e-80,2.618501603938130320e-67,1.997565917103810077e-64,6.577096547618707896e-66,3.568268899044572822e-79,3.920846220526485632e-81,5.668023963951561197e-82,3.427766168434526371e-81,1.459907450876634890e-82,9.257186761060282741e-66,1.331551962253234544e-81,5.046882026645820304e-82,4.656764534695603737e-64,1.708222728383050774e-82,3.999999725128579042e-01,3.419867927027536601e-66,1.097192405123781364e-62,2.951980977362196843e-81,1.140319990245603866e-81,4.590416389328297399e-66,1.357857440109879803e-65,4.477821182049705970e-69,1.021077738331032504e-81,1.380421179989417242e-78,3.959253822318841948e-80,1.989697369192522103e-81,1.638345258485649969e-63,3.740340550864889227e-82,2.698562910295766566e-65,2.660405869156197108e-81,1.681563893204539470e-63,8.257026096662992440e-80,3.702467501682433102e-70,4.032281845784941301e-78,4.355997933408683778e-65,1.312513440063163464e-79,2.196809072795367693e-78,1.213725690230263975e-79,9.608208416347586377e-75,1.227253017348703184e-62,7.119226154362120475e-66,3.664910084735714209e-79,0.000000000000000000e+00,6.553154990253629839e-80,7.201418603432770397e-61,1.225654863116048164e-81,3.196286913632894592e-65,1.704474255793576773e-67,2.400202450748477392e-65,2.337607051253786050e-70,1.384172561516027663e-81,5.021390820783903946e-80,8.090561988537653240e-67,4.450107131813855014e-63,3.197257565117429193e-69,7.497191215284557172e-63,2.505998986630505070e-64,3.218911810974415514e-68,1.568522432342288904e-65,8.552723304909411771e-63,5.940801932487797874e-68,4.455409330057313215e-65,1.150382524473296669e-62,5.184676155776139365e-77,6.942613013133194133e-67,4.886116385342944880e-61,2.305735232404230106e-65,1.214792439954853638e-66,7.771086720336981768e-81,1.869419947591497615e-77,2.830313753507199070e-76,1.771678080353029059e-81,5.894216131021490230e-82,1.141775481292014144e-62,4.226246568338979965e-68,2.102471206741197492e-82,1.582372763667264615e-64,7.246883192344320069e-79,3.866899939023520597e-78,6.650214730464353078e-82,2.902703747424876506e-82,1.590180718998992230e-64,4.590193251271470547e-80,5.911965782276401952e-64,1.110263217981772724e-76,2.189960127732624413e-65,9.167271311184325574e-82,3.096032542326988320e-64,9.595490253977517480e-79,1.424432967834607396e-67,4.642291328688754401e-79,5.745712121143222799e-82,8.650972377847371979e-66,6.654265445841915543e-80,1.449456972645094795e-65,8.715886664195163836e-68,7.917625480043080349e-81,2.170575475134103856e-65,7.759047852146549477e-81,4.114848098963679289e-81,6.885226073755072952e-66,4.299667303863599148e-79,2.475179617769664217e-82,5.713158302963221290e-79,4.837095611740481169e-78,6.101734926190778375e-78,1.298748848404973845e-62,3.141598427310544074e-65,1.258402767636237074e-61,2.617928374773368587e-81,7.005881143623329820e-80,1.828991969043364914e-76,4.034705291906134369e-62,1.380588472290514702e-80,5.721452584333999307e-81,5.080809723273664201e-66,3.536838975397432949e-78,2.267376496109558368e-62,3.813679294991271746e-64,1.607461627551369377e-67,2.077579957306844407e-81,2.420397729451713847e-64,7.678356958653144221e-64,5.596630019089050077e-66,1.679342362600409270e-80,4.483979792999033933e-68,4.701726274423216994e-67,1.459366402256685090e-78,1.053207349912995452e-66,1.361648755426134509e-78,4.024433978560876617e-78,2.566849886688543608e-68,3.431892200249814965e-68,3.639425419007364515e-78,2.602990740725868028e-68,1.656491791941162231e-80,4.363744811425670716e-64,5.875949681460454883e-80,2.879788603014623366e-67,8.189561304607566164e-66,1.136510184739100666e-78,9.295159761290446999e-81,9.497156660853155371e-64,2.739602257566488615e-64,1.729198431979195461e-61,3.141194156468076580e-65,5.239318226308393778e-81,4.994137060908802205e-81,8.569310326108080770e-66,2.168080563419439276e-67,5.469344945630379948e-63,2.609818063754210033e-65,5.300934824261433783e-78,2.826973329015582137e-81,2.101178823619070023e-78,4.192616184462750571e-65,1.220714289413128988e-82,2.123761284718212227e-82,1.128693991541751473e-65,4.020120652933244941e-68,9.237585814501912220e-66,3.447782905353073810e-68,5.780898478413481087e-66,2.267887075681567000e-66,1.301132118468533841e-64,3.750178873222000837e-81,1.760364128835731301e-64,5.951218488592219096e-83,1.967915152689894252e-75,8.006599872683239134e-80,2.696140284539363880e-68,2.660785192416005293e-70,2.984063331011931812e-63,3.736035167840229211e-81,4.111674158632401065e-68,6.886177179461614959e-77,9.047115701698033825e-66,9.296468792154655049e-67,3.369804375669872398e-64,2.583255644084134842e-79,6.758985627602648623e-63,1.229546490716388898e-77,7.162504350156350052e-64,8.616019738647630323e-83,3.461472651208629472e-65,1.510636828734692446e-62,2.844552311849095697e-77,2.147088211814266900e-63,2.718823635726446131e-79,4.306460838825404722e-79,6.502786887072506408e-80,2.042729841825990397e-78,1.910584880371549433e-75,1.219194213238328895e-64
3.370539895524154031e-78,2.606943851359484344e-79,4.174270259198681147e-76,1.984484369868340673e-80,4.456230914304945598e-66,7.385637654854624255e-79,3.085503181278443018e-82,1.389069190066201784e-82,2.034549407608203454e-81,1.158939058688628592e-82,2.864855426016993944e-81,1.471305866415193256e-69,1.888155433089100376e-75,1.103813821391706960e-81,9.590773616483014605e-63,6.959935101424367958e-80,2.184323945799383120e-81,2.099378344313586808e-79,7.991062536369416051e-64,6.937451863936989268e-83,4.489548237273853473e-82,1.995521712087013270e-80,2.841227750037254527e-83,1.009919115057198967e-65,5.288840905475138918e-69,5.144683180587036526e-79,1.012238938801322760e-69,2.763513795851597846e-82,2.733910067736809924e-78,5.374320471515239727e-64,4.939936676193208869e-66,4.477854784566833349e-65,1.128438197434819176e-77,2.618971370229631931e-63,6.079691459476680034e-80,2.866247339129390125e-63,3.511050291891029784e-66,1.023287945804284314e-64,2.321913847246307758e-78,9.557181460142387357e-70,3.694057014479311620e-67,6.951610410190727303e-64,8.302718921911417746e-62,4.242925652087967747e-79,1.754450477509907435e-82,1.398247082244588701e-81,3.582817688936532660e-78,2.629002562708309284e-65,1.595680398843067358e-68,2.033193555530268823e-80,1.927805380994987111e-83,3.162228502598935989e-69,2.346335528146509845e-63,6.455373786263147283e-82,1.994739884120957417e-67,7.149410456221252030e-80,3.281897533376445177e-80,1.096005051428930639e-83,3.870874317051748216e-80,1.081065470540814593e-81,2.148542969921443328e-79,4.323596837791803203e-60,1.754606777002002220e-75,3.694063454876100283e-65,5.800185688611581680e-66,5.797337939832999834e-67,2.920236766217217167e-78,3.058374414789724328e-82,9.228120316565382539e-83,4.581445401659013107e-82,2.680478017210655430e-83,1.498186082848035100e-63,1.768459689895901927e-82,8.558259099450073047e-83,8.200630986729314357e-65,3.512114895854515560e-83,7.585881762787123753e-78,9.387741911659063392e-62,1.131521764123390762e-66,2.800176035999585740e-82,9.948406477553707235e-83,6.224188016479160704e-64,1.097858090757168058e-66,6.967441836735306784e-70,1.418538686086612434e-82,1.149036825904484388e-80,2.269572745742767851e-81,4.345405984239817175e-80,7.941213399455027582e-64,5.875942503525659710e-83,2.289299610301997629e-62,3.732877375347896523e-82,6.130335549872747461e-68,1.305548029126010070e-75,8.456238498904402529e-80,9.067074915433334216e-81,1.147506760086100539e-64,3.332322912483575647e-81,3.136839551328269046e-79,3.999999983259607816e-01,5.888105744835332324e-80,2.657998134627947025e-65,3.454000526639757519e-63,5.607993320485503120e-79,6.553154990253629839e-80,0.000000000000000000e+00,4.785105408858506168e-66,1.240842506673690730e-82,1.860410341068746691e-60,2.281753931368407069e-68,7.422629033326486387e-60,2.511527794757356068e-80,2.501769749498775347e-82,1.660644829419676622e-69,7.564013090011983474e-65,4.030476312925376375e-65,6.320612948101363282e-70,3.718943358852049014e-66,2.857625949599149541e-64,5.417602791801053638e-69,2.079221816063165864e-65,7.410479283194706037e-65,8.903163905739602013e-69,1.384530700556811479e-66,4.313498836278463695e-65,5.862072888685818326e-79,1.222145461076747955e-64,4.405992720172694345e-66,8.267845909378372946e-58,1.582456111304245700e-65,7.182127218873460592e-82,2.999444438732784843e-79,7.041687070163420997e-80,1.315329437562010054e-82,7.734436180223474116e-83,4.355765597559525106e-65,6.799797686913521641e-69,2.697459438422599555e-83,1.490532302088276781e-64,8.050566936752804653e-79,7.947505273319177063e-79,1.577730930083395230e-80,4.355009575539653392e-83,2.134395382882475247e-64,4.334314306317236731e-81,8.729650836142153038e-63,1.026977531014160129e-79,3.374676498358702688e-67,1.583117718994701345e-82,4.968372081746498724e-64,5.579836130705831800e-74,1.685434424687855481e-68,3.466442557664275270e-79,1.139640277158505776e-80,2.961294329623553990e-66,1.690470588847231690e-69,4.555157051180278249e-63,1.477571003691734448e-68,7.416240345214192919e-79,2.302177436644618352e-62,8.000234886826688080e-82,4.787068448862881680e-79,4.171110010898962533e-66,6.756603917597537501e-79,5.557643496045979076e-83,2.657635368154080726e-79,1.010155259114910684e-79,3.471824996238952282e-79,1.620715255144314622e-66,7.290756567437772891e-66,5.560225611500726842e-66,2.676785044101255706e-82,3.676142319514477020e-75,4.574410034377732671e-80,9.948841667798061142e-66,1.162285127995625876e-81,5.746356700661591177e-82,2.155811627721802838e-64,9.912338965147396181e-81,6.017107948525106284e-65,3.936090051411360962e-62,1.953195981419427437e-68,3.406683717697503776e-82,2.488750554724954371e-62,2.548902883764472913e-63,5.768151446516168575e-64,6.684681349901819648e-78,6.242957761487733209e-69,7.842114302475417445e-65,2.457387147303714023e-78,1.668683956957599134e-67,8.623844952745527350e-79,4.989564777984954749e-79,3.408919682445920757e-69,5.160021644833393002e-69,7.536295067647151542e-79,3.644534589512104358e-69,1.088140611026809131e-81,3.547817518015619918e-66,4.000000028794806206e-01,3.543708680344011362e-68,6.043240566121184482e-64,4.198826136523880482e-81,1.271795801261100550e-81,5.199480526197803394e-68,2.142996734616530393e-63,5.017825919452729336e-66,1.010628722615881535e-57,7.679406767937407860e-82,6.125300654187166623e-82,8.128308430918533156e-63,3.615843885925212330e-65,2.693114441365995442e-65,1.397438857300820038e-64,1.085097985833218208e-78,3.288851384590739616e-82,2.393604703614721564e-80,3.416681950487595844e-67,2.252457279274607702e-83,3.269405532194050417e-83,3.307349695173805901e-62,2.278354815740775801e-69,5.419691962642699634e-64,5.225596589050018585e-69,3.022203478605594670e-64,4.566217559194516163e-65,2.692253953333137157e-64,3.191573968183765148e-82,4.759392749789220581e-64,1.181574023004419977e-83,2.259788708287727690e-80,2.227324356847777657e-81,3.569807231931969769e-69,4.257412408494096495e-80,2.283113743050409959e-67,3.934067018114008027e-79,5.873979833150633469e-69,7.647266124977383640e-80,7.207091598874277406e-64,1.000545278178805163e-67,1.489210169598179616e-62,4.896225806099695994e-78,5.649525432734927348e-66,9.096321037606579220e-80,1.223372122318409390e-64,1.417346987071413587e-83,2.338566894766253209e-60,3.289236819188916641e-65,2.043480367852458583e-79,3.065151513665102372e-66,3.776198019173632501e-78,4.577149053562583112e-79,5.835256007790454547e-81,2.488308735024985785e-79,1.199659208214074927e-78,3.333858056722674637e-64
2.528137818551657558e-65,2.816816053973204397e-64,2.510614750533313870e-66,1.430154985480456948e-63,8.679420295266213753e-49,1.003106701575938428e-63,7.134183306563464460e-67,3.451035851864872135e-67,1.820669604929338555e-65,2.435178061465267834e-67,1.280299149182645387e-64,1.154586515636386062e-65,9.047751483352047223e-66,3.041637815102750503e-66,6.463941769021652833e-52,2.149121448507488270e-67,3.032982982961754942e-65,1.473157020262509131e-61,1.357505760813888216e-50,1.526496561491311382e-67,1.142409565353682724e-66,2.327462692326460738e-62,4.529371517671119621e-68,7.485043886689948567e-53,2.578520400737101437e-53,7.205397017983767705e-64,4.990707570546555018e-54,5.345801549433611203e-67,1.165074359437642750e-66,1.654514516769068810e-50,8.291098823727542835e-49,5.996677853643701041e-53,1.798125119700455760e-64,7.305491148800242985e-50,1.361469099130554534e-61,5.596060010972151181e-52,2.501977510513532693e-49,1.868338155468026747e-50,2.884114237591404270e-65,5.242597013561369827e-54,1.032783293216951405e-46,8.192295894169394761e-50,1.798995170964665163e-52,2.798166543642109668e-65,4.125643256683667028e-67,9.174656349808701092e-66,1.450211960010224932e-66,1.121036685575676709e-52,2.495239187329726745e-53,1.166845666693259580e-67,2.688624945648874471e-68,5.452987634594291919e-54,8.575525053539441999e-50,9.703230936180273944e-67,3.627876038075822559e-52,1.325549563186637708e-63,1.089488135015880237e-60,1.537521565516708076e-68,2.274721609056627281e-67,5.405963375228831490e-66,3.955378897430446413e-64,1.951057874277374995e-51,3.365259042757433801e-66,2.589852562022944381e-53,6.988840296970654572e-50,2.137486354633343960e-51,2.527986970756501953e-65,1.106657624041232168e-66,1.783825075138542726e-67,1.110619202099160066e-66,3.908494020915605456e-68,7.422640493022363105e-52,4.092829879604214527e-67,1.517838886385287626e-67,4.422429190585072183e-50,5.260637134813400238e-68,3.808553291343248682e-58,2.364612070978246914e-52,5.595185642026191827e-47,8.527855036291675548e-67,2.861842861048573495e-67,3.801574787561232068e-52,4.202934661956658046e-51,1.372505780066915347e-54,3.374130919597641409e-67,3.965345205819497708e-64,1.771324186962619025e-65,1.975235140439464661e-67,8.033364864792378188e-50,1.016193590932458152e-67,2.379625690354358952e-51,8.649503622614090916e-67,1.422623354643348814e-47,4.714730324132257754e-66,1.332540789462836564e-60,5.320859817372038186e-63,2.055450201612984052e-51,8.936954092508174229e-65,2.311459300002593775e-64,9.448819791788684129e-66,1.050514849944150266e-61,3.605084648372372164e-48,5.602573009972251128e-52,3.868217981997570937e-65,7.201418603432770397e-61,4.785105408858506168e-66,0.000000000000000000e+00,3.473199140113958681e-67,3.131817642954375049e-51,4.188333144858449002e-53,1.905924840924887571e-51,5.035760344109869147e-61,4.322421401312388500e-67,4.275856375541547831e-66,5.834902609351844252e-53,7.581154968308510566e-49,9.742213385752491821e-55,1.233602064523409985e-47,2.740690209085395020e-50,9.191591715640227680e-54,1.115637202562374959e-51,8.269917410010276599e-49,1.502499635072296266e-53,1.284216340231954136e-50,1.087895700485989555e-47,2.759320862517510553e-63,6.338904048345086950e-53,1.088509419950257905e-36,1.755540011934459730e-51,1.177509563905153262e-52,2.860271275660419204e-66,1.576189246710995750e-63,2.126369342920659437e-61,4.403386797017927680e-67,1.655027096632882775e-67,2.450031904287862418e-48,1.108719226544298203e-53,4.750883308784493536e-68,1.359548326283864823e-50,5.864542019080505160e-65,9.719432216929468242e-64,7.583632360355686651e-68,7.649979805473356993e-68,1.125613848198183936e-50,1.646226451696740202e-65,2.968579576569459398e-50,3.090347187517798499e-62,6.832033265260562613e-51,2.911492929681205214e-67,1.773363449855314333e-50,6.583028427581253597e-65,4.722292310931494947e-53,2.407063787965405543e-65,6.001861309358376354e-68,6.703617733574335056e-52,4.896617458178166849e-66,9.111682415529742043e-52,2.303937423084040085e-53,7.549997065616733506e-67,2.189606444671013641e-51,3.002675597688298201e-66,3.869885310298605010e-67,4.190771862809511209e-52,3.782744269916986646e-65,7.747465754457598507e-68,2.934716406149847266e-65,1.028338061669901369e-63,4.742593459494396283e-64,6.628041342291419417e-47,1.806989860071340156e-51,8.544985827159864943e-43,8.020123166103171229e-67,4.579008704670317080e-66,1.104534776923723598e-61,5.219432575913493942e-47,5.257140532248340403e-66,1.606431222912932486e-66,3.885442479766374300e-52,5.242486096164613803e-63,3.535094352514527454e-48,2.215015460797706842e-50,5.109118921490916293e-53,7.456450435360813124e-67,2.018092947395802135e-50,3.802623878960924204e-50,4.907979395872759758e-52,1.478824564909064346e-66,1.105837829434839079e-53,4.955049750747058751e-53,1.019176096080641789e-64,3.332130338529238997e-52,9.658452241068977393e-65,2.168255068048263078e-64,7.270508976386271685e-54,9.749996373758961952e-54,1.000875676242921256e-63,7.180151723192971726e-54,5.805040757403620301e-66,3.344900556467002832e-49,4.136373966716540665e-66,8.707707044811783893e-53,6.406914701329302288e-52,3.360493575057400241e-64,2.892414585565075496e-66,7.146589875290484626e-48,1.487014974884954092e-50,7.407452314484571705e-43,2.246285478022691818e-51,1.756950778768846114e-66,1.574533685221877857e-66,6.770990972834125129e-52,2.403515025542048117e-53,6.605513438769455302e-48,1.338749457903723199e-51,3.138885775180818576e-64,8.196027610771345744e-67,1.037504750156455998e-63,1.708798341907912847e-50,3.181617369509523431e-68,5.874226497951200791e-68,9.461833427613604832e-52,1.222042291332274589e-53,7.246964492946389505e-52,9.518332481066646117e-54,4.377522865831014622e-52,1.374899141028265910e-52,6.361661062476726029e-51,1.114520600182756799e-66,9.143788377702631514e-51,1.592578719186031978e-68,3.226447291463579641e-62,4.301530313433778846e-65,7.404124393415209319e-54,5.035894663412615675e-61,4.709200293642510047e-48,3.719839175646079620e-67,1.025796395553398930e-53,2.514305971450525629e-62,7.542534562263473418e-52,3.151499230442485756e-52,2.650929967154644552e-50,1.814486382265696374e-65,8.620522510460833736e-48,3.126405895756037983e-63,6.070297481445950059e-50,2.210841979185243418e-68,3.167387008997816927e-51,2.416864831415287240e-48,1.183687125888256707e-62,3.252694756505458764e-48,2.087840238773082437e-65,2.081601658450362694e-65,1.973632057517088483e-65,2.325818887646537491e-64,2.114141483627388211e-60,9.033125951859189698e-51
2.012055119271062794e-82,4.589974916212651343e-82,1.168350955714505197e-82,2.918848366830993480e-81,7.203367552920180297e-66,1.505313428033099747e-76,1.539940053080943379e-78,4.000000019547300112e-01,1.231277657019117399e-79,2.328751608881560409e-78,3.821755107365385385e-81,3.514430640495271260e-82,3.767682545598537262e-82,1.063836938509998900e-77,2.993026229830349788e-68,2.592304568006169288e-83,2.065132978379089749e-80,1.195685906221132243e-79,9.192624079018760088e-68,1.218675925470440042e-78,4.084569663125186162e-78,9.038802081617133285e-82,2.408863718940342123e-80,1.633797344372811238e-68,1.494525960041851341e-65,1.184660490520743870e-76,8.274064778004563345e-67,2.135377855046250067e-78,7.768574605740925679e-83,1.108570545809841918e-67,5.194463429342124282e-66,7.160083844447566017e-70,1.314525888134849965e-81,4.547244916690966105e-67,1.006069391282556663e-81,3.068516524391853502e-68,7.294469203665252676e-66,9.540071902475494230e-68,2.086002720828274626e-82,6.520999189838955774e-67,8.599730792683957158e-69,3.606703566914302427e-67,6.926651025499332235e-69,2.177891841857010005e-82,9.930385296227284776e-77,1.632963917868838873e-79,1.060523576992485418e-82,1.055265932792778668e-69,1.989907525419198472e-65,1.703126727139869798e-83,7.013735622832002887e-81,2.518801155356787494e-65,5.444859695284031099e-67,1.750914078538599506e-79,2.592091263149901486e-62,1.119305108546074644e-81,1.358527252357518666e-81,2.968748973047093022e-81,3.570278942673680338e-83,2.544272851057914122e-79,4.884004100194283895e-82,7.199163762059849905e-68,1.331920620840430743e-82,2.008781192983760502e-69,1.838922048759552389e-64,4.085945188142924175e-63,2.261812546119315056e-82,5.813048814979279385e-78,2.080826171428691934e-78,4.718783901329375390e-78,1.417888290431250477e-80,5.154853827758559504e-68,5.879857966948363285e-77,2.131348464722397215e-78,1.021276900717506292e-67,4.886327864841356494e-80,1.052619591434517188e-79,6.922860420607949463e-69,4.955587141148451312e-68,1.031447362460107227e-77,5.223949933104953325e-77,2.641386254055575383e-68,5.609461575190723268e-63,3.616437699351487797e-65,6.715295919263152572e-77,2.157777213508498477e-80,7.208140944713683587e-80,2.800342099134652815e-83,3.813878481902054050e-67,9.451923793126284440e-80,1.357347112100183018e-67,9.593817426257385396e-78,2.649289308116251231e-69,1.263731493274190825e-82,7.630500925646184348e-81,4.122250372551389606e-81,3.655544005437202341e-68,1.349148873981306913e-80,4.568946922122949924e-82,2.256371244801193560e-82,1.271664555194440255e-81,4.915431441920792948e-67,2.885659601073032439e-68,2.278600563288037768e-82,1.225654863116048164e-81,1.240842506673690730e-82,3.473199140113958681e-67,0.000000000000000000e+00,1.036926201103413855e-67,3.272662324393309905e-65,7.010425037111791704e-68,1.019383418345825321e-81,4.999534238927220882e-79,1.091807397002881298e-82,8.801483760479417945e-70,4.113558488631329535e-67,1.503675254668985433e-65,6.208052869993664568e-67,1.344426445359495234e-67,1.139881928111157524e-65,5.966307732672050682e-69,3.848920838385568607e-67,4.325845331995557728e-66,2.758219594787502395e-64,4.182244820173172989e-66,1.354429766074304366e-81,5.432378305110243301e-69,2.992475185162655292e-67,4.058206465374102889e-68,2.055019552552261873e-68,3.420128238614302330e-79,7.747460015313540262e-82,1.400853359885747863e-81,4.784728390119481524e-77,1.198904304096932691e-78,3.795075744724850640e-67,5.078700349636603642e-66,1.023982366236926674e-80,7.465695319649096194e-68,2.552542916294380442e-82,1.656008915664080144e-76,9.593279481339762388e-84,6.839823846487256070e-80,5.172583324793772614e-68,8.922579761686172579e-78,5.220412811115462792e-67,8.148535261834945651e-82,4.728430817093409077e-66,3.832590745609713451e-78,8.082654044660060378e-68,2.783527084753563049e-81,2.269294983619645893e-63,2.629169027752697646e-82,9.591978825478329663e-84,1.913500900538973689e-69,1.399167031993650934e-82,4.147241277074637936e-68,1.321535654191596587e-65,6.939595573110395878e-83,1.354522955709264485e-67,3.235867347887032701e-79,4.124259041192878989e-83,1.668578280902475261e-69,2.557905686420883455e-82,1.133239148055031375e-79,2.616770051053604336e-82,6.899595570928178819e-82,7.007193846967820915e-82,5.402692620092805817e-68,4.876882027159329193e-69,5.043415138644771683e-67,9.223029329979530092e-78,1.201688087983822552e-82,8.728909853816751471e-82,2.683468819586922021e-66,1.699859001184851512e-79,3.339474191089693522e-75,3.408617244037963828e-68,4.686459794546531002e-81,3.837217235723093814e-67,3.103335474004542369e-67,2.119819957066711713e-63,2.209341273883615003e-78,2.768181917150218426e-67,5.142502855991849263e-67,4.215709332861487262e-68,9.328382006485775361e-83,1.743517194512964011e-65,3.480917834112304122e-69,5.458406867091173885e-82,4.894813129600627300e-62,3.337425594519172665e-82,4.245295373092024497e-82,3.363737404902816873e-65,1.123644927341250808e-65,1.427955461054572284e-76,2.655224535037025437e-65,1.232759793968486610e-79,4.978962185617278111e-66,1.069223225511532945e-82,3.836426949249263932e-63,4.842760602634898499e-68,3.968069656191472925e-81,3.423229787578758263e-76,2.999686164746282780e-69,1.925465624149873685e-67,7.625117681079434668e-67,4.833607257376032933e-68,1.299233002244419774e-76,4.059125857903154739e-76,3.242632309706560752e-68,2.299729779171293094e-69,6.601507735675071842e-66,3.226093166024051507e-68,7.673574133093000357e-82,3.999999991309949876e-01,1.518852488439084758e-81,1.052184431261850945e-66,1.401860711121285967e-80,5.750365126873128037e-80,4.620076271963803122e-68,1.248939811522230114e-66,5.342326939062464950e-68,1.462956393021288538e-65,3.835110740276108779e-68,1.457754991780385095e-69,6.194666766903823992e-68,3.410824597973001576e-78,7.336853844861628431e-68,2.688758344223718255e-81,9.745393821973813419e-82,1.693114028081908381e-80,4.138544758150525092e-65,1.009449307778395740e-81,4.970574283928376656e-69,3.320649701033545200e-83,2.737043394514725822e-66,9.201167842454833423e-82,6.699852346745647562e-68,5.569610699161188411e-63,3.140016134526124792e-67,1.853209014267884711e-82,1.609826064189322244e-66,1.003533322283839984e-81,1.167131601324013330e-67,6.131304449837069313e-81,9.545886168916496957e-68,3.511081408524706049e-67,6.784147216493811924e-81,6.369042256965296302e-67,1.981138048021106374e-82,2.109054164811666392e-82,6.241054981427354990e-76,5.566470404179904716e-82,2.732969593663228553e-80,5.559920437029746768e-68
2.107934876997283271e-63,1.820075002105716219e-64,1.189435117180874000e-60,2.341621909227255728e-65,3.186652413380066696e-51,1.034552004006772605e-63,4.246683423253087071e-67,1.126161025429373766e-67,1.510090292466169520e-66,1.190572798966571720e-67,1.346085023454213598e-66,7.411956881583619484e-60,2.476861304161900963e-60,1.232102486846625412e-66,8.694722553031393751e-48,1.912992581575183921e-64,2.118675263953541354e-66,1.595704054281231209e-64,6.148873435785327606e-49,6.510034470370783889e-68,5.362776396037745966e-67,8.082581875029820490e-66,2.317738513127320432e-68,1.482742974132626444e-50,4.133186585415429343e-54,5.246031596529379938e-64,9.533837035595847684e-55,4.046066667822648601e-67,8.663127493657614362e-63,4.535919204033220945e-49,3.344370725662766931e-51,2.629820193601820512e-50,6.747002641800788330e-63,1.836551520981066511e-48,3.405002555750963027e-65,5.082382133948634303e-48,3.201185874108195765e-51,8.124706357778869085e-50,1.277673239811326653e-63,8.271688339720893408e-55,2.212600644049447084e-52,1.794519556588924020e-49,4.635346125983653424e-48,5.609134316502789566e-64,2.287493491460660410e-67,1.213190875661186515e-66,1.311651191928447974e-62,1.108172537359721251e-50,1.840127579778653919e-53,3.199568665688226619e-65,2.092955436664900852e-68,3.203869103202989997e-54,1.592465050184814896e-48,6.695267799985804138e-67,2.467328776897686587e-52,6.329076129370551456e-65,1.479232646244274885e-65,1.143660125859374219e-68,3.235932390794874401e-65,1.019489242953130757e-66,1.050653830416948883e-64,1.170864032530975010e-45,5.222820764772967925e-60,1.583105499310239876e-49,3.595692840336334986e-51,5.544606276108230168e-52,1.780308583382744926e-63,2.897214401347900929e-67,1.160149454020670230e-67,4.619092902465306111e-67,3.034403684189152536e-68,2.896040092781971204e-48,1.917319089260575560e-67,9.781043256360154962e-68,5.640013221817653055e-50,5.126878904211735526e-68,3.305802079506870523e-63,5.284219213369070518e-48,7.295454846236589337e-52,2.616560951984644209e-67,7.310411549129538228e-68,1.699750891457173730e-48,1.041983217806674894e-51,8.334581826157841737e-55,1.612289227826468954e-67,7.257192394215885719e-66,2.715126433009669047e-66,7.759932015727427154e-65,2.109077766160252483e-49,6.291440153232630576e-68,6.229484821584354832e-47,3.440163155864992997e-67,4.482319660142822466e-53,7.174179617926640807e-62,4.200422859956868898e-65,7.267747812424565282e-66,2.178149751657980547e-50,3.326683474636610846e-66,2.390443618420847894e-64,1.032542891373940420e-60,2.836917712160187168e-65,1.789740464898153482e-50,4.885656593614691875e-48,5.451575666112901429e-64,3.196286913632894592e-65,1.860410341068746691e-60,3.131817642954375049e-51,1.036926201103413855e-67,0.000000000000000000e+00,2.166213442828077370e-53,9.163955083922046809e-46,1.538239953676869696e-65,3.426572769666929918e-67,1.766205154944161067e-60,3.265254141971035242e-50,2.456119039449658965e-50,7.984383826753647733e-55,2.840153780891726265e-51,3.143959430311289764e-49,6.259820176861608013e-54,8.943102387980321330e-51,3.640015808449312641e-50,9.045171412874971953e-54,8.384076914605714801e-52,5.828978625172136356e-50,1.810558429043464121e-64,3.384658875147442994e-49,2.539969802327104413e-51,1.672533952236812542e-45,2.138615092581429648e-50,8.124378224017094341e-67,1.582335328789813308e-64,5.127235124579431180e-65,8.897408362652236610e-68,7.637868184425855269e-68,3.019367444975960075e-50,7.548592005713572556e-54,2.852470430146591599e-68,9.703441863987535948e-50,6.497948775271528533e-64,9.138892105697981244e-64,5.065805296904484258e-65,4.174007526703159232e-68,1.196642659256299250e-49,5.379279617815481619e-66,1.866200271806107309e-48,7.026438145585993451e-65,1.850320353540854730e-52,1.841900488030785348e-67,2.042324971222868591e-49,5.889404492414105186e-60,2.026797924188192435e-53,7.264896655129955887e-65,3.011363172412962297e-65,1.679074134289805812e-51,1.129487186711325521e-60,2.509930998465133693e-48,2.005800110335319685e-53,2.686012251467286479e-63,8.695865377615067096e-47,9.970572438965411810e-67,1.149293410944330691e-63,2.002490548247754411e-51,5.586077665437013263e-64,7.515763475138914251e-68,6.218861828125189962e-65,9.882623729383604251e-65,1.742467738981512126e-64,1.349256502796301926e-51,2.860354729485754318e-51,3.297386352135570951e-51,2.590467270570819430e-67,2.271318297661908000e-61,2.574812983764899887e-65,6.168523239821624493e-51,1.329031912312577378e-66,5.002149599712049241e-67,3.110615553303037124e-49,7.515426089850839827e-66,3.385926892777778353e-50,8.478830844168102965e-48,1.861990596181734793e-53,4.319047832518249428e-67,3.178188217695534429e-47,5.705339667766739236e-49,1.437322592696246662e-48,2.433762920660992593e-62,6.214015576035692273e-54,3.218218203778495442e-49,1.306606362194471079e-63,2.185807997970502452e-52,5.374299736382083028e-64,1.559263741075831874e-64,4.048884371819084328e-54,5.997670800627779933e-54,9.063315610348901806e-64,3.362960145722339111e-54,9.503212807808382306e-67,2.936236593728871338e-51,1.455567367901743150e-60,3.963746168245944201e-53,8.118077490687811847e-49,2.178789931885106258e-66,1.518736220916798939e-66,3.323913465715284805e-53,5.034157390243127251e-49,2.751871203616625860e-51,8.353116381889273751e-46,8.507870767114123572e-67,6.675064588438719835e-67,2.008034917498098337e-47,1.869447533885354902e-49,3.232029349892695341e-50,2.679204678230329333e-50,4.403116260114587372e-64,3.883465183072380516e-67,2.584742034011867093e-65,2.245936886869152445e-52,2.542735994758502040e-68,3.691238257042163322e-68,6.945707342400653853e-47,1.757526930247800917e-54,7.313649025909938117e-49,4.955051910979922210e-54,4.246197626454198976e-49,2.281725027259091581e-50,6.214350723971465618e-50,3.024849384675000334e-67,1.196926606709046289e-49,1.459153982613938375e-68,7.898154077139186818e-66,1.860317892399282384e-66,3.011235471263924407e-54,2.812967473628266102e-65,1.567647672440750711e-52,1.056934184819816985e-63,6.172636797082030704e-54,5.875919794121643045e-65,1.384272342471668317e-48,1.147594967922328662e-52,1.915588376291845079e-47,3.505792029207915263e-63,4.018253233006384536e-51,7.683371938495976103e-65,7.674046029335160661e-50,1.392347258744570429e-68,9.411804760778916930e-39,1.617474556436867716e-50,2.062360870442089155e-64,2.533809910482028158e-51,2.855715260216677188e-63,1.126298677925660524e-64,5.126082941208366542e-66,1.766586530571432143e-64,1.131725993608942834e-63,2.334040909192889708e-49
3.833679160247617516e-68,6.096816360079792387e-68,1.726427118526536436e-68,2.397007948122337187e-67,4.158031821058259920e-52,6.617666639715946074e-60,2.804096358653703727e-66,3.172944712527506080e-65,1.856802127649675937e-66,7.979947693573803744e-64,3.923390302524729259e-67,6.672570764421829842e-68,7.489027959590054462e-68,1.781243141431909213e-65,6.292529990480348734e-54,5.697608390180617641e-69,8.016025526029158738e-67,1.197731129893976420e-65,1.779258045990146132e-53,6.894682168965730597e-64,5.485669838769030363e-66,1.506184909198977198e-67,2.529292956976214224e-62,3.197971697648029933e-54,5.697502820965236643e-53,4.903953829501600983e-60,5.539995932444520446e-54,3.742951570046648742e-66,1.690300518786996479e-68,1.627435113212707446e-53,4.375880904809594006e-52,1.344309973460608214e-55,2.096344246429890905e-67,7.182656897431991535e-53,1.237609706486717218e-67,6.566247753561017107e-54,4.879823842519582991e-52,1.047549433266616164e-53,3.386532076052273586e-68,5.423590608848229854e-54,1.229851987122562466e-54,6.420112455037825115e-53,1.143917216200366062e-54,2.572581379776085896e-68,2.985628939843002120e-65,2.228033777893173922e-66,1.649921614777373151e-68,2.087729230171803009e-55,1.868311033481542016e-37,3.816163367078166498e-69,1.271014408791947263e-63,1.039417675582380057e-49,7.328275648721153313e-53,1.999050715794408370e-62,1.948843794465183560e-50,1.192835394015593088e-67,1.531555174513172672e-67,1.660350347582714844e-64,7.837759151513682605e-69,2.658698372469166044e-66,6.113631399847675362e-68,1.256101778844581406e-53,2.137626761479315795e-68,4.326135326377371921e-55,6.306995350209729386e-51,7.813811757934655450e-51,3.417291997702905438e-68,1.080824507839203295e-65,2.246885036410781464e-64,5.165997752244340969e-66,1.758843394542853245e-62,9.329560621812097413e-54,1.477222492509723998e-65,2.120840733384118585e-64,1.397081646778314133e-53,3.732676684075602804e-60,1.376817569315096056e-65,1.151693575185877277e-54,5.736745657775609105e-54,1.114119065231081694e-65,5.416315402515681633e-65,5.223399746853615433e-54,1.066496420952574075e-50,9.370664364396066446e-52,2.007823327114774390e-65,2.794500855413744163e-66,1.219242932665972092e-66,5.379635696972514157e-69,6.168156344638660379e-53,2.218985292051882777e-58,2.254020570092559145e-53,7.402732974854881946e-66,3.630149798211254057e-55,2.258746818837360154e-68,1.154536971300289138e-66,3.418020943171107034e-67,5.213141798130435505e-54,6.112336950448465090e-67,6.889035249376855144e-68,3.472480001989936387e-68,2.463547634399394872e-67,5.190033564742616203e-53,6.362779610798386309e-54,3.225091065907316124e-68,1.704474255793576773e-67,2.281753931368407069e-68,4.188333144858449002e-53,3.272662324393309905e-65,2.166213442828077370e-53,0.000000000000000000e+00,1.209367002480664021e-53,1.564672666342308658e-67,9.251339096354169576e-59,2.283849664638736768e-68,1.435740408804859731e-55,4.046843344915783985e-53,1.031444810871501097e-51,6.249229961583983993e-53,2.100960747471256735e-53,4.317422553429803883e-45,7.786043732727642288e-55,4.145656933939473549e-53,1.426620954743179559e-48,4.504783604881327280e-51,5.317855083870034401e-52,2.104900464955365731e-67,9.880501817067061633e-55,4.061777167592358176e-53,9.216323496411602895e-54,5.158374606571459158e-54,2.118796025369513692e-66,1.142792822427246752e-67,1.780276216281035741e-67,2.742555123778600884e-65,9.055872409769089188e-64,4.838323888200604054e-53,8.362330523636390579e-48,2.269384449806948579e-63,9.155676760877542326e-54,4.770101241181856676e-68,6.895053086465119135e-60,2.445548131253300932e-69,5.214756978697036726e-58,9.091074221199631136e-54,2.943226601820710413e-65,9.240333477571787737e-53,1.277567347751317814e-67,3.034864721004382564e-52,4.616949671264391907e-64,1.732108427942392452e-53,4.886253081969863752e-67,9.368597101657201007e-52,4.195510088069237177e-68,2.153078963702936046e-69,2.640709180680562489e-55,2.206692849129948220e-68,9.417658396399060637e-54,6.625853619013107955e-47,1.399543841412447072e-68,2.265327987393081068e-53,1.828086116172053083e-66,5.957070538488432234e-69,2.232937244502209162e-55,3.412314496332284204e-68,1.996565454471087351e-60,4.872358239729430897e-68,8.981969672405185727e-68,8.779733967821691978e-68,8.472058336433162430e-54,6.214712338356960602e-55,5.314877076737798652e-53,1.032490614852188306e-65,2.573568282694525806e-68,1.040177951294242312e-67,3.096652714817195854e-52,1.501745374850364779e-66,2.133565069449075584e-64,9.009936190126788922e-54,3.784759823557965040e-67,5.137632275034024203e-53,5.438315317284947702e-53,7.680813356452190783e-52,3.782469758619306977e-66,6.639804306923717819e-53,7.829783565161814866e-53,8.532411349138945676e-54,1.742073573014413076e-68,4.483051093708591893e-45,7.060241438528107389e-55,9.670830547744193767e-68,4.069572201209786691e-50,5.872834755100773636e-68,6.043192671506987271e-68,9.547237186736216437e-50,5.769534082673159226e-45,6.437680280044598630e-60,1.809879239155531690e-49,1.663534877530160380e-66,3.857632292298038286e-52,1.797333669852419473e-68,1.898185536086313569e-51,1.102826686310584900e-53,4.050751268861331990e-67,1.100736358354938997e-64,3.273323431616929497e-55,3.104419660531615115e-53,8.000441795899850364e-53,1.115353799504143770e-53,3.740841211733337719e-65,8.260654879902960636e-65,6.845933695851926449e-54,4.574027571638470128e-55,6.455217585689020953e-52,5.387930452536803400e-54,1.262597724397997571e-67,1.766367055621520644e-64,1.327309515322837823e-67,7.493131649195056851e-53,1.395630898888239549e-62,2.689086032711716961e-58,9.080155535486002320e-54,1.249115507921340828e-53,1.224398175375937054e-53,3.937399483898157571e-45,8.398348972795904231e-54,2.274209037510642700e-55,1.285252959499646374e-53,6.894375708079820425e-66,1.413191814361228993e-53,1.560438540413669311e-64,1.374672822090614946e-67,6.427019627197580570e-67,8.192374835221969749e-50,1.966896067919072716e-67,6.547819377047051088e-55,6.162695583060423274e-69,7.410278594136850659e-49,1.296099097902215297e-67,1.326855609179110565e-53,3.722542582530390172e-51,7.365486711754140860e-53,3.348548308132500071e-68,1.499316142598025093e-52,1.268468977108573907e-67,1.952808951645586883e-53,1.230163333549224910e-63,2.244434949284340188e-53,3.890826524091656475e-53,7.496612876081506730e-67,7.411687893482397179e-53,3.654558292676207198e-68,4.802786452287345463e-68,2.883806388634515360e-64,6.130245190618357134e-68,4.018542353728889326e-66,1.018307646423335369e-53
6.414358111537751777e-64,7.106405853272320930e-65,5.331936889685711354e-60,8.711808125570682359e-66,2.134681822646399672e-51,3.958644015957858912e-64,1.749035948068666464e-67,8.100520201338127517e-68,1.001745543384056509e-66,6.070168471711912557e-68,1.639384753724741586e-66,1.701887531914760303e-58,2.808391994187519397e-59,4.993703991523296764e-67,3.165624424859192601e-47,8.854357423689460748e-65,1.223396069567915728e-66,8.982185489926543164e-65,1.433833323091663131e-49,4.322683183323966636e-68,2.468687128746900317e-67,9.439000701995987687e-66,1.577044604554358400e-68,1.272127409473973014e-50,2.767942892910061256e-54,2.805017829924291313e-64,5.691181105047748202e-55,1.436950617924191969e-67,7.209867796335805636e-63,1.385003410954976148e-49,2.489264465040552660e-51,9.773100212677900925e-51,3.262251495739171991e-63,6.114581996154223089e-49,2.782172048489290448e-65,9.105707802418090560e-48,1.583985886815235690e-51,3.283876124977061950e-50,5.403957110097934526e-64,5.251083125899015593e-55,1.437204571833464740e-52,2.308684349696179776e-49,8.766640048330521060e-47,1.108284626099729467e-64,9.296486660649541457e-68,8.309015752248627819e-67,8.295383637460392398e-63,6.006987834685369134e-51,8.512860716652311550e-54,2.684261934380988113e-65,1.007793388066184227e-68,1.847323207194284965e-54,6.546312401981144226e-49,3.284876731939038507e-67,1.169052666378996296e-52,2.601537587313406344e-65,1.472457574041445613e-65,6.208643668282491154e-69,5.006622654684702005e-65,5.644982340201856705e-67,8.457860886183040740e-65,5.927526402395423696e-38,1.077617614114240386e-59,6.990089946405226629e-50,3.466328541103428325e-51,2.802282592480543750e-52,7.467870831770760533e-64,1.648970251153467668e-67,4.727764159295237322e-68,2.454854351572465334e-67,1.392123817980450981e-68,4.075986209403798450e-48,1.010877525686549139e-67,4.799872924273249311e-68,2.170547209836888021e-50,1.946603766322689096e-68,3.340357130174458352e-63,7.663953765627187469e-47,4.749891704546645248e-52,1.310226121561489211e-67,5.586108482008835977e-68,1.378540193198439778e-48,6.136832552013533581e-52,4.015008979543967189e-55,7.719918530683064627e-68,5.075276108947058187e-66,1.214520368635297139e-66,6.232897193428658484e-65,2.698276515403393550e-49,3.305405457101398985e-68,6.614629908491453243e-47,2.055550468479018411e-67,2.349633144857100015e-53,8.993569877193312347e-61,3.591753516102349205e-65,4.788052005722872164e-66,5.764646123288907517e-50,1.692319759652193943e-66,9.943306394567867701e-65,1.063520343372488129e-59,2.534722605303801419e-65,9.457390939778056816e-51,9.504340986209148644e-48,1.465008169456086934e-64,2.400202450748477392e-65,7.422629033326486387e-60,1.905924840924887571e-51,7.010425037111791704e-68,9.163955083922046809e-46,1.209367002480664021e-53,0.000000000000000000e+00,9.599202621302783391e-66,1.470176574060441798e-67,1.565900275146843722e-59,2.094519477442630373e-50,1.655920400841155525e-50,3.084813188778620669e-55,1.624948045339781019e-51,6.937853880578946173e-50,3.022511912642210502e-54,6.635713147843541227e-51,3.123156095443656688e-50,4.526084884227560280e-54,7.818078906013067529e-52,1.560696203672656421e-50,1.945427753940161389e-64,2.921366085109971341e-49,1.865050666306022969e-51,1.820744730538695131e-45,2.005201389770968187e-50,3.828533019822363428e-67,9.223140555685530442e-65,2.792732161181285003e-65,7.330027696687525307e-68,4.555868963011107676e-68,1.367225929776129396e-50,3.852754308727194704e-54,1.400735917000112021e-68,4.082674719656686371e-50,2.057318713585116419e-64,4.165010286280886884e-64,1.796880990780290439e-65,2.285091625115392433e-68,4.556421008274430088e-50,2.308406353965062836e-66,3.900906700955711907e-48,3.549209215884662863e-65,1.804717583490910535e-52,8.214687645568814817e-68,1.167326492148018359e-49,4.611140810012222853e-58,8.794035484744997031e-54,1.796985586692542394e-64,1.296000106662844015e-65,8.158990225993448601e-52,1.860791255891082282e-59,1.105929078148101232e-47,8.502485889709461448e-54,1.509617892505534803e-63,6.940060763467434475e-47,3.639932805797078090e-67,1.178262052296873570e-63,1.141716482113319459e-51,1.662892733542999869e-64,2.995030667969487468e-68,1.244190689164369870e-64,3.361253015617228088e-65,1.108682340776680732e-64,5.269397882331108952e-52,2.226945537158616122e-51,2.170224559740405135e-51,1.359132822372332449e-67,1.990455519543799689e-60,1.915835478882850509e-65,4.891893646639723976e-51,6.801034205798544113e-67,3.030496873007294275e-67,3.268170010393114439e-49,3.969783931211414319e-66,2.054855163528102459e-50,1.244421933746718731e-47,1.011823894889709624e-53,1.808081173394619878e-67,4.821357620534260119e-48,1.218062409393709138e-48,1.246809218735733556e-48,1.445805522012228393e-62,3.145014674075520608e-54,1.691735843078523704e-49,6.684692539066208997e-64,9.187537466758043615e-53,2.459590502791181309e-64,1.420632320791063171e-64,1.886188076305984545e-54,3.121069250145813990e-54,4.022324418285559164e-64,1.973623101304414563e-54,4.980944786018206195e-67,1.815546775142434758e-51,8.916270854741375599e-60,1.630529343598688689e-53,1.113432902366212423e-48,2.101354583383435097e-66,6.240983679497678307e-67,2.455861649365550171e-53,8.806439668814089993e-49,2.465188074982824615e-51,1.194406527206684158e-45,4.158326073916787235e-67,3.537008367690392227e-67,2.209594523405973702e-47,7.064675956294875569e-50,1.210388623377202117e-50,8.919812184611677093e-50,3.414819268196152730e-64,1.453758620864217687e-67,1.025992991790183548e-65,1.763795070854566994e-52,1.229400019565531951e-68,1.800793705773362489e-68,1.383024740966678476e-46,1.245038412220272680e-54,1.123462429314783465e-48,2.743762461191503887e-54,5.307426250654771885e-49,9.091062064654445196e-51,9.663127677695601030e-50,1.502286940472740902e-67,1.451375070329645437e-49,5.983795722822165493e-69,9.344731459013373551e-66,1.092819364048784682e-66,1.995251731880815522e-54,1.501906857258616642e-65,9.802970201149206991e-53,9.176546197708778710e-64,2.947701731329243747e-54,2.708208821239975122e-65,1.682990537036513215e-48,5.017741361159883836e-53,2.290978859929891247e-48,8.462692194154478176e-64,2.678451667698295547e-51,2.920288215214247136e-65,3.130049575626953282e-50,8.076875363143050951e-69,1.135633441893636244e-45,1.494356717623502768e-50,7.411555140955147620e-65,1.197077688589181379e-51,6.790913446990818721e-64,2.033799000212844552e-64,3.101494782914213702e-66,8.264517473103653089e-65,4.187357374080197831e-64,7.335193766679602398e-50
1.453986711648266843e-79,1.154516587641908635e-78,1.164687138916193595e-80,1.519104852693017737e-78,1.194710168854827055e-63,3.009272826148737852e-78,1.751854491345684379e-81,1.032472114419307569e-81,4.069743189445925670e-80,7.209563102172997576e-82,4.706072883272775087e-79,6.490292868663279625e-80,5.488421811928818293e-80,1.033216558871096169e-80,3.822669917072449857e-66,1.133375798232976072e-81,5.879274655932874374e-80,1.800512786598385978e-76,6.971582353272433902e-65,4.701766102365403609e-82,2.921398596815607346e-81,1.652012980862099729e-75,1.489825448742834527e-82,3.872018398058588239e-67,7.989793264240856228e-68,2.151447472565882766e-78,1.480849214144878829e-68,1.335457588604401872e-81,6.202810533011959617e-81,7.239581835490752028e-65,1.380939167465928054e-63,3.110147344614224404e-67,9.334517507819438723e-79,3.458542840751838081e-64,1.156127993821083825e-76,3.622652593021815143e-66,4.123086544056837433e-64,6.608977219288951289e-65,1.554977363934267020e-79,1.632564046140148743e-68,1.817258259456535142e-62,5.953143492503506473e-64,1.051835290938693051e-66,8.907143730374015090e-80,1.278465061206912539e-81,2.607377033509669126e-80,6.178686952348351164e-81,7.307937685603629101e-67,7.945878089210661186e-68,6.250317367438572593e-82,8.285738817192378035e-83,1.895967648322090795e-68,3.657433403274318985e-64,3.008879536905519887e-81,9.077537251433042389e-67,2.067608328030252571e-78,1.174308096174524989e-70,4.897183668686704246e-83,1.323049732853896822e-81,1.707238246650323833e-80,1.577202859804766349e-78,9.915579158565144130e-66,1.510192376394675923e-80,1.371061588428162642e-67,2.041753406965259203e-64,7.122925498807257185e-66,1.203559596145626639e-79,3.781419955450118749e-81,4.406631470378629264e-82,2.636212715451133406e-81,1.283871377815736264e-82,4.272787385828364189e-66,1.163720547759042233e-81,4.306379709942495745e-82,1.976774117085720822e-64,1.366004672582459354e-82,9.014508705348161024e-71,1.416823137101038720e-66,5.892997508501357996e-63,2.587511917919904035e-81,1.023781707762374177e-81,1.986606340037896317e-66,1.193848654274104701e-65,4.046779788522081898e-69,1.007848687868613506e-81,1.561382761937914265e-78,3.790386235689588022e-80,1.030058324812864982e-81,5.585682955041863091e-64,2.652208029078539040e-82,1.098246948805315025e-65,2.141444189988421655e-81,1.085578131133308900e-63,3.165990250320965856e-80,3.999999982319308311e-01,4.449757568200609375e-78,1.415252369494456861e-65,1.406643531752831538e-79,8.857710141159042674e-79,4.570570649582364814e-80,1.013068180906940835e-74,5.115228692177571933e-63,3.066433328487845262e-66,1.491817652042380231e-79,2.337607051253786050e-70,2.511527794757356068e-80,5.035760344109869147e-61,1.019383418345825321e-81,1.538239953676869696e-65,1.564672666342308658e-67,9.599202621302783391e-66,0.000000000000000000e+00,1.310054735550510673e-81,2.347419417743412750e-80,2.996610107820368714e-67,1.550068537316575451e-63,2.994689588865425916e-69,7.871206690718703156e-63,1.051393733620277781e-64,2.777918595528726373e-68,4.915783665172208725e-66,2.425946495812761071e-63,5.137510072856863672e-68,4.107221942673426547e-65,1.112004026620558552e-62,1.606660326121221842e-77,3.282153543955880573e-67,3.608162120251823880e-61,1.120983241845657444e-65,6.736806804067731939e-67,8.224319928756877898e-81,6.604321107544872112e-78,1.287563343679185149e-76,1.661977241171763668e-81,5.559920432377156595e-82,4.118875389015785122e-63,3.388003317078641911e-68,1.662660136538994204e-82,5.176860322750836045e-65,2.928927975721438579e-79,3.200977932517082124e-78,3.500015044178459682e-82,2.586071242722181209e-82,5.044907001182479525e-65,5.054441863279863928e-80,1.847510109746051162e-64,4.489947323447973971e-77,2.261656642402147516e-65,8.892665454071649936e-82,1.145223318440655989e-64,3.824778533184960388e-79,1.323772016188264414e-67,1.750339227524979166e-79,3.067246374539621510e-82,3.296762680218183120e-66,2.711130696047650311e-80,6.160998175051006441e-66,7.242117095882884625e-68,3.764232767926496376e-81,1.011060027767949043e-65,7.954668902530124770e-81,1.835031165806417125e-81,2.166905982250330592e-66,1.557700052201614939e-79,2.094550274690930549e-82,2.194717315738742083e-79,2.138205765384704197e-78,1.848069191646946273e-78,8.775778040674621290e-63,8.667908102497948809e-66,9.404993141384636473e-62,2.732027322667300035e-81,2.850413253948756527e-80,7.261402909382865453e-77,4.887413581776852677e-62,1.145513346643904329e-80,5.170702729363514008e-81,2.553308364234113272e-66,4.409768323930175863e-78,7.400036363062859150e-63,1.403583437596995345e-64,1.467790291535031396e-67,1.960225965581511661e-81,1.269263835705215392e-64,2.498325910658766175e-64,2.528906514311876646e-66,8.039239577811753533e-81,3.720147876075079539e-68,2.436631275185277577e-67,5.592598630169660077e-79,9.339392941424935314e-67,4.665819417251562342e-79,1.280140679603823954e-78,2.375850870234898985e-68,2.990310038315914976e-68,3.184999974516015492e-78,2.302815669586972497e-68,1.648042870449805096e-80,5.480019982038801628e-64,2.225812228840617788e-80,2.887542753572721736e-67,3.726242127239860835e-66,1.200958766120930971e-78,9.172059555549703924e-81,5.033118562742946609e-64,9.151400287027398220e-65,1.575838515319804265e-61,1.398333848379477729e-65,4.774426934746319796e-81,4.250641150614860220e-81,3.923555115294880485e-66,1.047398813101816488e-67,5.931529024383891406e-63,9.211911772110286834e-66,1.817339395932585834e-78,2.740483675827857238e-81,1.405976763229614610e-78,4.536623829558913075e-65,1.001404020014849103e-82,1.779533159717957088e-82,5.739554723878265639e-66,4.030016572493267527e-68,4.128477304321037698e-66,3.227482423376445249e-68,2.693974111589994229e-66,7.323889927240952068e-67,4.333565868279126507e-65,3.731209074165042366e-81,6.594305266412154921e-65,5.270286737750854135e-83,2.023686429840361860e-75,7.549969769023060347e-80,2.402644556759915254e-68,4.000000048524814389e-01,1.177933297604761573e-63,1.730246996230135637e-81,3.501700284570607953e-68,2.875996290665155885e-77,4.387402373290248823e-66,9.493649597114766430e-67,1.651708268763312232e-64,9.515494694447719902e-80,7.496412952129662968e-63,5.233807066450383693e-78,2.558934561015271745e-64,7.040887112987195259e-83,1.879348256086849962e-65,4.865061848511529416e-63,1.730434853189995446e-77,2.590936036085014667e-63,1.084864379131305212e-79,1.804239704012768760e-79,5.879938134093730250e-80,6.861993143374875161e-79,1.092529032668682107e-75,4.905475942575951928e-65
4.062745870995457079e-82,8.266443632198836691e-82,2.468010887264405910e-82,5.133198392740056985e-81,5.187764407086341559e-66,2.564925295191231604e-74,8.205341613582822416e-80,4.893516792560725785e-79,2.644204687034924275e-80,1.686675933188593523e-77,2.667383777919098833e-81,7.149596039684416868e-82,7.934250833302059772e-82,2.290018467640621435e-79,5.707405973873808112e-68,6.821166311504661612e-83,1.177149515022996356e-80,1.139881776654202444e-79,2.089835390140593469e-67,1.480259247025022904e-77,1.193252678684697493e-79,9.959463990161335036e-82,2.436881700603941590e-77,3.144107922214099797e-68,5.649538752458612173e-67,1.609029228093651946e-74,6.712815638466255300e-68,1.301179202958814997e-79,1.999392202640045314e-82,2.432164451000887422e-67,4.450776247586831140e-66,1.502174817865329505e-69,2.567096697315284392e-81,9.716892015237253736e-67,1.473369784451812185e-81,6.243504254263450050e-68,6.356064462956162007e-66,1.843158178428709660e-67,4.216725517511839652e-82,5.670879996323752286e-68,1.231791421905581050e-68,5.581680373340814228e-67,1.103537471959191650e-68,5.572267325713202579e-82,6.750823188156146304e-79,2.999732207916765546e-80,2.530852590168665494e-82,1.922658784169579691e-69,2.569800764715378744e-58,3.809453080589680405e-83,2.199892809021826365e-78,2.228153964365416219e-63,1.059960120287120003e-66,4.028128836503309049e-77,7.918937456949806851e-64,2.151746537987912889e-81,1.414981660477820326e-81,4.575826243000675422e-79,5.584334754910279457e-83,3.421027703441356279e-80,7.786079664951431100e-82,1.537783930646815269e-67,3.065628603049397353e-82,5.462705564786953179e-69,4.944680661065780126e-65,1.050265132314402504e-64,4.460858408586840634e-82,1.032980335817714921e-79,7.022439193944877217e-78,1.248659541782880774e-79,1.942709677449674166e-77,9.949864522708676557e-68,3.556278556798646271e-79,6.399121247815010827e-78,1.872206811358066888e-67,3.999999943868246532e-01,1.337986698032493554e-79,1.173856939950703840e-68,6.553123416773820837e-68,1.251229150940699666e-79,4.374058459569316264e-79,5.686500399351021238e-68,1.470640546882028837e-64,2.368462770016005755e-65,4.798161943591752845e-79,1.547891840690182091e-80,2.650588422904320483e-80,6.227676558449290514e-83,5.778057499037393166e-67,2.525180612102595416e-71,2.748587238995092961e-67,1.525801340945123293e-79,4.142549495105609665e-69,2.142900124556425114e-82,8.485052867065860849e-81,4.619828188581771819e-81,4.338757754873175909e-68,9.875233237567896635e-81,9.959293307617612192e-82,4.254427892307836835e-82,1.855824604107283784e-81,7.197316352243804430e-67,5.595187375537321958e-68,5.500120703319517522e-82,1.384172561516027663e-81,2.501769749498775347e-82,4.322421401312388500e-67,4.999534238927220882e-79,3.426572769666929918e-67,9.251339096354169576e-59,1.470176574060441798e-67,1.310054735550510673e-81,0.000000000000000000e+00,2.518208431024301122e-82,1.720349903591266244e-69,6.324224732863749335e-67,3.452113957869766644e-65,8.774256310339238888e-67,3.476785148953870930e-67,8.377024182931115111e-57,1.120897584373556968e-68,5.347820778422388258e-67,1.713872269655901134e-63,3.547023409720110878e-65,8.322429531305820233e-66,1.773239205945416535e-81,1.208716285227488780e-68,3.913732507948071759e-67,9.131658093733726448e-68,4.360359335016106357e-68,3.982678373388883108e-80,1.239279771062626213e-81,2.323015325933881787e-81,2.153584407704068675e-79,1.516296732687912779e-77,6.210520158453971566e-67,1.025042054059549306e-62,2.603908754658831276e-78,1.481889761971479636e-67,5.758004571952507444e-82,2.534361843909352746e-74,2.837927449583559021e-83,6.927138728214372193e-72,1.008754865873282775e-67,5.243535182769350575e-79,7.590693142743567137e-67,1.382216910153603302e-81,1.813021597348865603e-66,1.054141588214245324e-77,1.597615257532815938e-67,4.733900937894880480e-81,1.509607686213029218e-65,3.543041084044479111e-82,2.571856985301062044e-83,3.347105757606087681e-69,2.718717794175960610e-82,6.809999636012335709e-68,1.572156553524376506e-61,1.743892049086583514e-82,3.243814010783486081e-67,3.473544407432155567e-80,8.153468392653442241e-83,2.863620142491136717e-69,5.307624111265103228e-82,3.999999941783526913e-01,3.692039532825980411e-82,1.433504774923877288e-81,1.069291955460667746e-81,9.053115619223134100e-68,7.090422157618921503e-69,5.625586955848027345e-67,1.288320115030545500e-79,2.215971415845339310e-82,1.270513810439774285e-81,3.073913336744304335e-66,3.039737825570294807e-80,2.579048358373406361e-78,6.335782871525249718e-68,5.592419708694186107e-81,5.813969285027021164e-67,5.414380127441990153e-67,1.352151671548839929e-65,1.026188475710496158e-79,8.212491491896595710e-67,7.414604176804112210e-67,9.704728203398207459e-68,2.256351799576285410e-82,2.728854348497769888e-57,9.238872209276891000e-69,1.112788714224066277e-81,1.328507218421480979e-63,6.578701342459926310e-82,5.564481950348105680e-82,1.727575399297984458e-63,8.139324749484345387e-57,2.289733571803013448e-74,3.038972566357991586e-63,1.986883091318380839e-80,4.650427747019498362e-66,2.172220994345626569e-82,2.837768281033946821e-65,9.089537139190583604e-68,2.750835450444025237e-81,2.506989249213023185e-78,3.968677909926515168e-69,2.992168094881876533e-67,8.574763782027229444e-67,1.093180016513716127e-67,7.525008790684464962e-79,1.678353711636032874e-78,6.610615737464178765e-68,6.410070446124951258e-69,1.136010654407458938e-65,4.300494936200710663e-68,1.183258868439837922e-81,2.316902994962293074e-78,2.756084431358309747e-81,6.660634671666824675e-67,1.759293827915313245e-77,8.844993092802359994e-72,9.979284245341758136e-68,1.115229638254929018e-67,1.017588491007319993e-67,2.904281557922978639e-57,7.125661620953007067e-68,2.820800537599360146e-69,9.440239767639013724e-68,7.305348847197446117e-80,1.153703945218508333e-67,5.367680547011027295e-79,9.153235662521307388e-82,9.581301002783267972e-81,1.429828359010926623e-63,1.532917987466698210e-81,7.222093520103876528e-69,7.381816231610845665e-83,9.857485336907018932e-64,1.582528701108740280e-81,1.422434360257592272e-67,5.787405852274862381e-65,8.327868320751279164e-67,3.691794245222697224e-82,1.802586340878570965e-66,1.854827668977955430e-81,2.369784450360300822e-67,1.870733577519301972e-78,2.563928224138791009e-67,4.987187011428976518e-67,1.215258633452726585e-80,9.916379162112203228e-67,4.404033165231557201e-82,3.290447562523359915e-82,3.601680949778694313e-78,1.000425570075271785e-81,5.423786446184612341e-80,1.073553835910090483e-67
2.283011827029450335e-78,1.637642251969171535e-79,6.795810904857898939e-76,1.510086208607373118e-80,3.668568467790724090e-66,6.966832758095259146e-79,2.657246964617316593e-82,1.248284765755005700e-82,1.576055498280845652e-81,1.022341878716434247e-82,2.992014261447521801e-81,3.999999985724856932e-01,3.579583416476657824e-75,9.583520194600821689e-82,1.574443085329799664e-62,8.910994289326539622e-80,2.054312189162970595e-81,1.740066632448970335e-79,5.020852260589264733e-64,6.940598656381785561e-83,4.367263623453720611e-82,1.990857948557645830e-80,2.313981308818438065e-83,1.197323193066877751e-65,5.141487793394090514e-69,4.294426574187649444e-79,9.279120931641360814e-70,2.135592401341529936e-82,4.251223820954062898e-78,3.239321009915695263e-64,4.780434603415368969e-66,3.196770453288174609e-65,8.923309331165783525e-78,1.728376234053881072e-63,5.618696364545262639e-80,5.013896762141177850e-63,2.915210345115391387e-66,6.121845321482670770e-65,1.628026111691016014e-78,9.361726531590956349e-70,2.827386189565241848e-67,5.575770275781240081e-64,9.457519997070374438e-62,2.347302453684658092e-79,1.621781534231841690e-82,1.379336394491578788e-81,4.165498959387126202e-78,2.104108910091388948e-65,1.381043924668991425e-68,2.765453554748918380e-80,1.629591613701059328e-83,2.876085653165177598e-69,1.631894437070060133e-63,5.464469448088933503e-82,1.646372484497554218e-67,4.358432260773305203e-80,2.860950253222395831e-80,1.004005891164117230e-83,4.514871084453139528e-80,9.732338860907957720e-82,1.690070972718979393e-79,1.001052754359697241e-59,2.505343860432213759e-75,4.543967601938653130e-65,5.999583015462097027e-66,5.421739346846466173e-67,1.990113125016066996e-78,3.036768567550182583e-82,8.051505669800794109e-83,3.445931766838752929e-82,2.270217106703509741e-83,2.266346857645658375e-63,1.540729744974278165e-82,7.439954034314975988e-83,5.009891067583821992e-65,3.010765169278009379e-83,7.154632004754380402e-78,1.085464327853164437e-61,9.414366583238285579e-67,2.350294101372338077e-82,9.506982496757172014e-83,8.143971894621148130e-64,9.482654062985422278e-67,6.896469406725800841e-70,1.282298111844939167e-82,1.158420012973611767e-80,2.023703104448713055e-81,5.586578945084701005e-80,7.004989675257085417e-64,5.131957907577266191e-83,2.782750422922369997e-62,3.047683582292942130e-82,5.159397729901975876e-68,1.268159746964719885e-75,7.596009010387288758e-80,8.491909408871936812e-81,1.032170153794617595e-64,2.908928042692094728e-81,2.331215967697511212e-79,3.966033469554437046e-69,5.801272491065063451e-80,1.670431639904946811e-65,5.186707496273821955e-63,3.576961846312824914e-79,5.021390820783903946e-80,1.660644829419676622e-69,4.275856375541547831e-66,1.091807397002881298e-82,1.766205154944161067e-60,2.283849664638736768e-68,1.565900275146843722e-59,2.347419417743412750e-80,2.518208431024301122e-82,0.000000000000000000e+00,5.809538156336600865e-65,2.790738445273752104e-65,5.014312489072162561e-70,3.014911635471211240e-66,2.000310199446828291e-64,5.385526084549440657e-69,1.553249705894004008e-65,5.318804312375222972e-65,7.665271087223670579e-69,1.307841933770114970e-66,3.526811276434402585e-65,4.654364335098658235e-79,1.586202483122043146e-64,3.799775241579908262e-66,3.918195123384401235e-58,2.133990592773900731e-65,6.523379322732223049e-82,2.241500826815705578e-79,5.806221564948698493e-80,1.190519888948407805e-82,7.475672987158432646e-83,2.844304917008052433e-65,6.240921430694329872e-69,2.482303636098671353e-83,8.164550352642078525e-65,6.585420444931279312e-79,6.577615103400695957e-79,2.002010272258731643e-80,3.616475609835615569e-83,1.484977430701658881e-64,4.395867072418258237e-81,7.897215169748407350e-63,8.210781300085369814e-80,3.400890980148068361e-67,1.467438070925829723e-82,4.058510150528092744e-64,1.153072541960290012e-73,1.620072651992702679e-68,3.523945725659946532e-79,1.346820650930632490e-80,2.260441565112033094e-66,4.000000034029990714e-01,6.808353645950352149e-63,1.397160103272164585e-68,9.875400132356499538e-79,3.187532462066980010e-62,7.034490861859290939e-82,5.935323547111683767e-79,2.445642195625397831e-66,3.354032161007691382e-79,4.445660060982221424e-83,2.876793706054950915e-79,7.096349960586849991e-80,2.171601947514277919e-79,1.291311109365926969e-66,4.852221195906782374e-66,4.201936735930861394e-66,2.483284258689323453e-82,3.651296601920237313e-75,3.706590891541764755e-80,9.958868317821169062e-66,1.020187797127266749e-81,5.264021978196084456e-82,2.668674564490367185e-64,7.292933453986237352e-81,4.159482753822430376e-65,3.337323735245933582e-62,1.679185852806514049e-68,2.927056412086929750e-82,1.792151725421383242e-62,2.391387922190220916e-63,7.216882364826086829e-64,7.459692923708235676e-78,5.062074563317157709e-69,1.104088458226203197e-64,2.119695741059066541e-78,1.464148496393174427e-67,7.651051471539280293e-79,3.407790805235255283e-79,3.538267941706483075e-69,4.854069623241842375e-69,6.791787886526800299e-79,3.436678569617805842e-69,8.545582998199841113e-82,3.265600062909119249e-66,1.860998605263456298e-69,2.796385672390827608e-68,8.154556169956990256e-64,4.310410948414110153e-81,1.034070124220590668e-81,4.454964459333933377e-68,1.935918969308435823e-63,4.531174990899989740e-66,4.921780065206378566e-58,6.529681863471818843e-82,5.933509103320181970e-82,1.153756329601162023e-62,4.267764799466787848e-65,2.448650393874971131e-65,1.584192549771615723e-64,9.659262227976565010e-79,3.187289172045034565e-82,1.646445335047970032e-80,3.331047926515284338e-67,1.875030379926386918e-83,3.136277517418488922e-83,5.157325164817073240e-62,2.394902405926110287e-69,8.372549158187900797e-64,4.289430922860590977e-69,3.930438907029993013e-64,2.589955118922552026e-65,2.414102660416843430e-64,2.815169927613759664e-82,3.806975968715723264e-64,9.984798760536860843e-84,1.852890508905470790e-80,1.718950358907055016e-81,3.180032128894469528e-69,3.870737286537388279e-80,2.134425389804930392e-67,5.653014837926868315e-79,5.409952245404441523e-69,5.485626788226040980e-80,9.809381162141679607e-64,9.981664524725616155e-68,9.608209686448910662e-63,2.756043141888635916e-78,4.376921035631953191e-66,5.614075535740504734e-80,8.154183646414986068e-65,1.343516792299633927e-83,2.314236250023620058e-60,2.813349482107927864e-65,1.441671743337563711e-79,2.363715423874889351e-66,2.257870379795553747e-78,4.897332697410007033e-79,5.270877919189247036e-81,1.662501907185322270e-79,9.357688033786641117e-79,2.547764540381488545e-64
4.124754913476348258e-61,1.490966111427548412e-65,1.425468117088181714e-65,2.438974549150240545e-67,4.450746814792195428e-53,4.529032286668196798e-66,2.268676745884517518e-69,9.920135302036243536e-70,1.552873218904675275e-68,6.924966075262277037e-70,2.890265122438170354e-68,7.465762319661264196e-65,4.483625908536773747e-65,6.597932862660232861e-69,1.949687040402932098e-51,1.352408525196744027e-67,2.244406902494989720e-68,1.933813350556574725e-66,1.700241820469313993e-47,5.065148863578901460e-70,3.232841586116904101e-69,2.619691061006654947e-67,1.830194695608737375e-70,2.805774701963150259e-53,3.466770607251512112e-56,3.144314776390707649e-66,6.928090371165327426e-57,1.709769703799984600e-69,2.155985792229608611e-66,8.750267271746156676e-50,5.063952033190158696e-53,1.987787090193630656e-32,2.716236156699533847e-62,2.162170053804538880e-48,1.132546363334935157e-66,1.268838537654531274e-51,3.236868151139301412e-53,6.845922386141762305e-51,1.048616221246577458e-62,7.000846895474432802e-57,5.516359902760397046e-54,2.736057097756738708e-50,1.779578586023286833e-51,2.264517540835460812e-65,1.135557934456256050e-69,1.115822534985989993e-68,2.718605370784041907e-66,1.562888311308448718e-38,9.730541252865093914e-56,5.200599921344010388e-68,1.132646600950671673e-70,2.124215287084175673e-56,1.240381659912591732e-48,3.575275422338339683e-69,1.428787686632329938e-54,1.269743993569950285e-66,5.372836387559545270e-67,6.738322143183049656e-71,8.663539155202280634e-68,7.467518408931357927e-69,1.179739374167393861e-65,1.895655473687890425e-50,2.363901759819436493e-65,3.232213958251334769e-53,5.195222094886931729e-53,3.969986725150663232e-54,9.656100281148591841e-63,2.079419626692913575e-69,5.992278035487112822e-70,3.257999951431215226e-69,1.482509424735309655e-70,1.232525773972957414e-51,1.180202471630535067e-69,5.712839109459711076e-70,6.040736983631096314e-51,2.158991582967886923e-70,1.465662459294798443e-64,2.086172904368101484e-51,1.622408815610442827e-53,1.544501626013011837e-69,6.791465046205254933e-70,4.873984808149927930e-52,7.748730397835478834e-54,5.063666742127471514e-57,9.916397926131004166e-70,8.130074039897498879e-68,1.837408937186687492e-68,9.845538269673631956e-68,4.469366532747078729e-50,3.815349431149202866e-70,7.335252748377584282e-51,2.722998986957299756e-69,7.934648493965598752e-55,3.000058536709058516e-65,9.319354529275182505e-67,1.013017407931243510e-67,1.708555570024046871e-51,3.500561966110284428e-68,2.430324160602941733e-65,1.807937522394768173e-64,8.616022579889262296e-67,4.124658939267926936e-52,1.203034353699029858e-51,5.253958957705712433e-65,8.090561988537653240e-67,7.564013090011983474e-65,5.834902609351844252e-53,8.801483760479417945e-70,3.265254141971035242e-50,1.435740408804859731e-55,2.094519477442630373e-50,2.996610107820368714e-67,1.720349903591266244e-69,5.809538156336600865e-65,0.000000000000000000e+00,1.042270673384061875e-51,3.780058374504087127e-57,4.088318974119651639e-53,4.447398577832271436e-50,3.419976862004667317e-56,1.049410115331709958e-50,2.173081635562229557e-51,4.969604623004297353e-56,9.856033769903959408e-54,4.895029323251070873e-52,3.569590678575138857e-65,1.070857882005863212e-52,5.853225030691722302e-53,1.383546763281124216e-50,4.309627796564460227e-53,5.046848676384233540e-69,1.259496778055904914e-65,1.245592521068454359e-66,8.130051832305479648e-70,4.965564049020269348e-70,9.072109662836501013e-52,4.180450435627347818e-56,1.500152067847945479e-70,1.294337291897592480e-50,9.724054246390132314e-64,4.606371700881513132e-66,3.348495144428648473e-68,2.469528347806445848e-70,5.064156266554189894e-49,2.910752246568068379e-68,8.630189794445426986e-50,2.189598983792364172e-66,2.859546740157807286e-54,1.009114931879654005e-69,2.636394160858817218e-48,3.817604994197017944e-64,1.169137095170130699e-55,7.964242882365308481e-66,2.665999108733855042e-68,7.313550544559756723e-52,6.384997473031976504e-65,1.485663840286449329e-51,8.964371700820371595e-56,7.991081274491395278e-67,9.455729349704998468e-51,5.005460721328486688e-69,5.621947496417732999e-67,5.906392868442033932e-52,5.365349964280041274e-65,3.313993462513420601e-70,5.981175826556308455e-66,2.347604672579520534e-66,1.844280295619310105e-65,2.056448037443090617e-53,1.045075450259607372e-51,7.586239660926635631e-53,1.706306491792586197e-69,3.452899583408690667e-65,8.215039172312705628e-67,1.124973008225819622e-52,9.127197261207443189e-69,3.752085417001264899e-69,2.381986646088322101e-52,1.036533816303682256e-67,1.533363961567800321e-51,1.240494117645574557e-48,1.311508118319141307e-55,2.406868593665220840e-69,1.122389613479970250e-48,5.383879981580416345e-50,5.631014663264660275e-52,3.262924056223755310e-66,3.564270805532496195e-56,7.447425429663796796e-53,4.754234085378832570e-63,1.078456357082281774e-54,8.347605403809062635e-64,7.153543545418375502e-65,2.263157402875885438e-56,3.284777037771591208e-56,4.660469160249737217e-66,2.270676113019801071e-56,7.285125414888934871e-69,3.748997841970396237e-53,5.278164549012902693e-65,1.967148806799859591e-55,5.637273571191732739e-52,3.935116802194244093e-68,7.601628467489486864e-69,7.903755797722012788e-55,3.811244238428747829e-50,6.479111580975268402e-53,3.748901835123903400e-50,5.728542957425559744e-69,4.000791598816129100e-69,1.871337843636041124e-51,3.987677966392961467e-53,3.272720794361649989e-52,1.605507550798368895e-51,3.354475285873626398e-64,1.811889661592802625e-69,3.256869731022314791e-67,3.004657313000213632e-54,1.317562203766532816e-70,2.108014903958384062e-70,3.940160691474670231e-51,1.648434848511166978e-56,5.991588464932263671e-52,3.204223063197788453e-56,3.325683876951082682e-52,1.481639641384482426e-38,5.777382096620180393e-51,1.997055104753314085e-69,1.306057979604772357e-50,6.704808599538724544e-71,2.728318234065799938e-67,2.035152075057255312e-68,2.392161382336290237e-56,5.476412737068600428e-67,3.949361036331382176e-54,4.682484258524787279e-67,3.266593063231767720e-56,1.284193129279267252e-66,7.886480691681812746e-52,6.089185295583653519e-55,1.157405191960392097e-48,4.406852596830299416e-61,6.138421277346646669e-53,1.659005641895541609e-66,1.251426135062828885e-50,8.867662295443444038e-71,2.174264680184332637e-50,8.843527684918376579e-52,3.065853222576077015e-66,3.506804531731476781e-53,2.879187788796947502e-61,7.382901327528816874e-66,3.903026003602998326e-68,1.320143149194237162e-65,1.664661455972646561e-65,1.397789884203615696e-48
2.216434667662538088e-64,3.400712765272677953e-62,2.533515405960278785e-65,1.275519821111348668e-62,1.932517275338212965e-49,1.339554816895404528e-63,1.215092855996018168e-66,4.768981652024221924e-67,1.591986218917164105e-65,2.923533240556819354e-67,3.284805450267443130e-65,5.523145551840871024e-65,5.083181661651081175e-65,2.924195188039708898e-66,3.179553485035873966e-51,9.223398092982555361e-67,2.492930717030654589e-65,7.283110079955153715e-63,1.691331615250469801e-49,2.278561191731327574e-67,1.597901987506900064e-66,5.183424516486621973e-64,6.614948331856395145e-68,3.453346999837995211e-52,2.052645734801423926e-53,1.074494672020974701e-63,3.565957405034864666e-54,9.521850565101546619e-67,6.815156348617126407e-66,8.725961805464815157e-49,1.326297062887436633e-49,6.857841287664648784e-52,4.724613363340929917e-63,2.426907781301114657e-48,2.324907654743396163e-61,2.511253563771953039e-51,7.384076227052927481e-50,2.726114637186285536e-48,5.792835466623984439e-64,4.020520076689441177e-54,1.116809627988051813e-49,4.681148828071853351e-49,1.407710245080126843e-51,2.602799496005653514e-63,4.961844117439784081e-67,8.513998625931576639e-66,1.174786567747130327e-65,1.006747518804610689e-51,3.336135896430497849e-53,5.408182937253666247e-67,3.610541363738615655e-68,7.853864411114550573e-54,3.928339798428413299e-48,1.252339485493839247e-66,8.714015610016335737e-52,1.466598540875120721e-59,5.468581311829302421e-63,2.205041820396555955e-68,8.777879021501150431e-67,4.594907549859819375e-66,1.083443772947086444e-61,1.681431929596052559e-50,3.032737279145534302e-65,1.298913018658719441e-52,3.298272787311813152e-50,1.796530552747684744e-51,7.298989713475186111e-64,7.787497854799053788e-67,2.289552120019657208e-67,2.183424503798321321e-66,5.205577087915697947e-68,3.745893232082266842e-51,6.739739688648755787e-67,2.401651368409768445e-67,4.252410637455672515e-48,8.154441723878626994e-68,2.930540018876887524e-60,1.880394550580616612e-51,1.304282760289410123e-48,7.331155723378190126e-67,2.541020876681554336e-67,1.691438476814552448e-51,4.486875805154107056e-51,1.871358658818778271e-54,4.670347380428630874e-67,6.686418504105932200e-65,2.160555956223447270e-65,1.048766556338759383e-66,8.473922088762694642e-49,1.523704016687133789e-67,1.646437225526154734e-50,1.405635838547615452e-66,2.451268325568280956e-50,2.816271223588505062e-65,3.922918607311962553e-63,7.119971564135914053e-64,1.396586799631031275e-50,5.811129764382231460e-65,2.754647683443421528e-62,1.037334038095843200e-64,1.728170605266591243e-63,3.266750602273411358e-43,2.320541791314446819e-51,2.500354637664364533e-63,4.450107131813855014e-63,4.030476312925376375e-65,7.581154968308510566e-49,4.113558488631329535e-67,2.456119039449658965e-50,4.046843344915783985e-53,1.655920400841155525e-50,1.550068537316575451e-63,6.324224732863749335e-67,2.790738445273752104e-65,1.042270673384061875e-51,0.000000000000000000e+00,1.437995939649818664e-54,8.907279396963631769e-49,1.016367749866969246e-48,1.205593829246542695e-53,5.375383296216008311e-50,2.790859320129376697e-43,1.560951403825762383e-53,7.247760239068742030e-51,9.071430899598875790e-48,3.676536004355325718e-62,4.114729944636107389e-52,9.045319065696169241e-49,7.186708562981294999e-51,4.646960417512200668e-52,2.836040180474760244e-66,1.903905554047900953e-61,1.999046684851533910e-61,3.623761762507218046e-67,1.807272574033749340e-67,5.140910820300414277e-43,1.545543415733933689e-53,4.654805964059503236e-68,1.284805154957918066e-48,1.112936484853376330e-63,1.569437582426445873e-63,2.866320452338361399e-67,1.186828354258269606e-67,1.699607189438736633e-49,1.647586219687185597e-65,1.865837346389302203e-49,6.937932996310673842e-61,2.018922942461631757e-51,3.530899198983766362e-67,1.428170651754245731e-49,4.006434074416199799e-64,4.453388499537796303e-53,1.334063765929939908e-64,2.686224427566043476e-67,2.872119027824907284e-50,4.280638058088497033e-65,2.634610510723275490e-51,3.179550355335240515e-53,3.736694858735822103e-66,1.989243722138277653e-50,2.820843726238768556e-66,3.123301191260644326e-66,2.861825318841605734e-50,2.820141392271165535e-63,1.443491823161400215e-67,1.261221342762192064e-64,1.903283497384562705e-59,8.536874637205498471e-62,6.705145413030062809e-49,8.765332430588963350e-50,1.931176049924014330e-48,6.834182487590917833e-67,2.282915267761267958e-65,1.678056587148123695e-61,6.998817289692873575e-49,6.926754448315660492e-66,1.586091346889284980e-66,1.082751345384003781e-51,9.844299806424716423e-64,6.184231238796911678e-37,2.289816902810310084e-49,6.763789681121773642e-53,1.301497577938894386e-66,1.518142571056171342e-49,3.805432222094723392e-49,2.530813091875631893e-51,8.722417344135344825e-66,1.235726199925131531e-53,2.813801850205885256e-52,2.022669178904786856e-63,4.984104449982479468e-52,1.844723588081496906e-63,4.328121579239567834e-63,7.174026641588786423e-54,1.497382419313300634e-53,1.333305609380324747e-63,7.690149822041940055e-54,4.159102763091427249e-66,1.068825662113657011e-49,3.398547535413438187e-65,7.445681934909928359e-53,2.363251957715277635e-51,5.352290516473028746e-65,3.611961611519321293e-66,4.817739624671576562e-50,1.016344139553657240e-49,8.807303645793860207e-49,1.149129123681810235e-50,2.441646352751990050e-66,1.764609191465202744e-66,2.609288111717297314e-51,1.620729573645535789e-52,4.482181624012347953e-48,7.280692213338937538e-51,6.739948186899254740e-63,5.820160351737032484e-67,3.739739607372426578e-62,4.111025100604778879e-51,5.857127966186257924e-68,7.839733118188118043e-68,5.435414678248689217e-51,8.356269072625913667e-54,2.529944246809378516e-51,1.268119538184623544e-53,1.579693182262423626e-51,2.595832599286892510e-51,3.183179673226489327e-50,7.884998102464122509e-67,4.690301037010499885e-50,2.326100129321513416e-68,6.435156226080723075e-64,3.024688987592071070e-65,9.858056047605817050e-54,1.924921198310794086e-63,2.167303144764893462e-49,1.995864882944904821e-66,1.104616144676838878e-53,1.751963144453414983e-60,3.680064384087954615e-51,2.647464378382228441e-52,1.559314897584610128e-49,2.043284926350231894e-64,7.175893613354649685e-49,2.936554900813534770e-59,3.632998406725504414e-48,3.042292392657335126e-68,1.442189282993836544e-50,4.087442556932208872e-43,3.265291032241059605e-60,3.837750456425990691e-49,2.899411807565175709e-64,6.523341499241628856e-65,1.687786912430269758e-65,6.838788562180029562e-62,4.161692077436188906e-60,1.290947761600929338e-49
9.143289911693378607e-70,2.137806829581776126e-69,5.196386734710870997e-70,1.533078202097976500e-68,1.598091323449826313e-53,3.373830722844437618e-63,1.799045982740248879e-66,1.422008881183505999e-65,1.511333362960564030e-67,1.341095731938302317e-63,6.455269379486067377e-69,1.477066249042201788e-69,1.659017988528290549e-69,4.217201491333143090e-66,1.102792637325167003e-55,1.481065480783171832e-70,5.595479213269595546e-68,3.214300033008488860e-67,4.987340252774900285e-55,2.319612528552899026e-64,2.702276883861893104e-66,2.113071076072520149e-69,5.061848896111928039e-67,5.681437480208713580e-56,5.185333027993290364e-54,2.030334189974668754e-63,5.836093854659277062e-55,3.303359618275471074e-66,3.615774515446889561e-70,5.852724931304033991e-55,1.376526932791424910e-53,3.122350769593099366e-57,6.107522777205986453e-69,2.209250576529321858e-54,3.271201790596795977e-69,1.208119123240950642e-55,2.276180599893778774e-53,4.244382678018611256e-55,8.940203147132963022e-70,4.228889877794347269e-55,2.819982507261174138e-56,1.071766892973041016e-54,2.355666263961110725e-56,1.398289217708750429e-69,2.565098574454616153e-65,2.126569552107764080e-67,4.533651817778259218e-70,3.989563888434313853e-57,9.584844172287794572e-52,6.699951747555225975e-71,1.566023732634516555e-67,5.151053102946587606e-51,2.423094099705677528e-54,3.317702862285983421e-66,2.878629194620080140e-50,5.638969406819764258e-69,3.207543108868985417e-69,5.025811521875035118e-68,9.874195118390846187e-71,2.743625037124654174e-67,1.618217996368272857e-69,3.209986817480405584e-55,6.252928320321488578e-70,1.070315122344329108e-56,2.213478912573742815e-52,1.521128198945512312e-51,1.042437975242908478e-69,1.231440896925740162e-66,2.398534760252602143e-52,2.900321692876289784e-66,4.783728964628273558e-67,1.945116340130124721e-55,1.186422595285391851e-65,2.325578203227073742e-52,4.349371624205844770e-55,3.868983862401056822e-66,2.756926548360794574e-67,2.240869344001628891e-56,1.741654673808228925e-55,2.066018676122062800e-66,4.690016515049633622e-66,1.115790625275719179e-55,1.906896512130681416e-51,4.892215935028485001e-33,1.819460005373133062e-65,4.179910739306671634e-68,1.664519730735537030e-67,1.089585701166692831e-70,1.142655164138420541e-54,4.066619241662612686e-66,5.610610572297634749e-55,3.815712348201424322e-66,9.838788570443409444e-57,4.410219918377755083e-70,1.974801629652585935e-68,1.273772402715510482e-68,8.115732542603107026e-56,3.912604642671660894e-68,2.195455701731885674e-69,9.236178224131351906e-70,3.921592533103805711e-69,1.873949280300335100e-54,1.056137106197485391e-55,1.292880167941723988e-69,3.197257565117429193e-69,6.320612948101363282e-70,9.742213385752491821e-55,1.503675254668985433e-65,7.984383826753647733e-55,1.031444810871501097e-51,3.084813188778620669e-55,2.994689588865425916e-69,3.452113957869766644e-65,5.014312489072162561e-70,3.780058374504087127e-57,1.437995939649818664e-54,0.000000000000000000e+00,2.101174867155026163e-54,8.559334065570182350e-55,7.014637535843315118e-52,2.041556031256944137e-56,1.204663028733148263e-54,8.402459349274377971e-53,1.491927703658137630e-52,2.411619135267413498e-53,3.820006151034418561e-69,2.395702311126487665e-56,9.632273659655720018e-55,2.046592834589546913e-55,7.929679962379974602e-56,4.033997678022402189e-67,2.959645446665930338e-69,5.068318487961961547e-69,2.188812267921061974e-66,2.293473282320926784e-64,1.521456124409046760e-54,1.509023657669467747e-52,1.680938799782955111e-67,3.164410856265201603e-55,1.275885284980304096e-69,3.451208621966713009e-63,5.506970663032982001e-71,2.725724722521736388e-66,2.041801178490204605e-55,6.432368524343938395e-66,1.534278770903092063e-54,3.656550306057673413e-69,5.238736488627865989e-54,1.286120449307880787e-51,3.039515312079033883e-55,9.477107988273508226e-69,3.720640804820839278e-52,6.548224565888242397e-70,5.234259513786235336e-71,7.838418027329573240e-57,5.807235536682156651e-70,1.212159700045771457e-55,5.468859658964049838e-52,3.398359726792166813e-70,6.823295980642057819e-55,4.483567325556263467e-67,1.587354892394058115e-70,6.160902969445597512e-57,1.321955775477217633e-69,1.148011908076728997e-65,6.549005318352443724e-70,3.725722596406615080e-69,2.455746259553881135e-69,2.563347737952352966e-55,1.577990923698424072e-56,1.496183799056719096e-54,2.309420334083051492e-66,4.702182793222583757e-70,2.979016739149213349e-69,7.129381734196141229e-54,2.782078658715080619e-67,4.690270061878924441e-65,1.267998287066079786e-55,1.717496626744378775e-68,1.343163854453587781e-54,1.160190728245995615e-54,3.213645135616843658e-52,2.520626812218574843e-66,1.776734563877102822e-54,1.539524412838580398e-54,1.929788981519638452e-55,4.901113592371492086e-70,9.911151894308314735e-52,1.741625449552613707e-56,2.309715696040727059e-69,7.635839781163554194e-50,1.356199074334652208e-69,1.358839804417713069e-69,7.889727541954533833e-51,5.437754951975513777e-52,3.022322780605629663e-63,3.765156077998755696e-51,1.615870374095398179e-67,1.524760782321973347e-53,4.869731941117979092e-70,7.861589809659777830e-52,1.626509915690881602e-55,6.516551270240408491e-69,8.742434164521283806e-65,8.900314430774500084e-57,5.265311187046138025e-55,2.155172936263283577e-54,2.457338769840279198e-55,2.517034786954057031e-65,6.090993062744401587e-65,1.497488934208180182e-55,1.528346861545654385e-56,3.493200374084348982e-53,7.183724069772154177e-56,2.734928902357432735e-69,1.070599019654589146e-64,8.056363194134729894e-69,1.884253941951069940e-54,4.225353390718524907e-67,2.763181259840026897e-66,2.195718549563110375e-55,8.535396206786672141e-55,1.689176538519990213e-55,7.274592792768123648e-52,1.300745305661097693e-55,6.378618535168345101e-57,1.794388798385169413e-55,1.006029725272308750e-66,2.299207819337871760e-55,6.034390599340900661e-68,2.059026757202645732e-69,3.866771159922605966e-68,5.510616719718286149e-51,3.424179783162828387e-69,1.681239503403348959e-56,1.471186211072412837e-70,5.213548862270692825e-53,3.963531194251327305e-69,2.726058137300304394e-55,1.328440552462491560e-51,1.933345479095179583e-54,8.709462347477398200e-70,4.901179739202644522e-54,4.769064605402678923e-69,5.187106604810135883e-55,1.139059008062238034e-67,5.824874316609331429e-55,1.151544864524317789e-54,3.418596481491693023e-68,2.523299514788807160e-54,1.085920540260239399e-69,5.989841870215794890e-70,6.613909155798220196e-65,2.438146218934937534e-69,1.323825887588658259e-67,2.813350212293700934e-55
1.482115544257574043e-65,2.598528293196243003e-64,2.452671142997782573e-66,1.622212856302773990e-62,8.131086000371319572e-48,1.485054808903554815e-63,1.895671272564101488e-66,7.088540223809823625e-67,4.318586410119969115e-65,4.694703248702949940e-67,1.595521302345462654e-64,7.693547479102908069e-66,7.306934345084895245e-66,6.272380198446888102e-66,4.687887603294335463e-52,1.826269406593535170e-67,1.093951305591627888e-64,2.249798675580089761e-58,9.399511362789626825e-51,2.720383736857055014e-67,2.710092542588001274e-66,1.484940481071744835e-63,7.031969617500260272e-68,6.844497566157456126e-53,4.478726229869076158e-53,1.093914730732920087e-63,1.020994436134559903e-53,1.444091784532635479e-66,1.053794007741945720e-66,1.553199720129278307e-50,4.868465059549802637e-48,4.178675099293162865e-53,1.348019970944142179e-64,5.591220934488897045e-50,1.218470813919928651e-62,4.200735626670029645e-52,1.558039549902919705e-48,2.229743220179190629e-50,2.032160724739209325e-65,1.022805861915070201e-53,1.909058261484259415e-49,4.523033550392629994e-50,1.376968454954485973e-52,3.767446976665453272e-65,8.296548043886053434e-67,2.345808231756286892e-65,1.438679253944432291e-66,6.697261813389059508e-53,4.026180079301621067e-53,1.074770783283587592e-67,4.214069362041598820e-68,1.052585545204167604e-53,7.317534873121757190e-50,1.387006827542181877e-66,1.043297895807404411e-51,3.189144779932032267e-63,1.347728733875719864e-62,2.380931402464166378e-68,1.767599701742202233e-67,1.351235621751580469e-65,3.106081963915746562e-64,1.706562203829969610e-51,3.063285520762755092e-66,2.323074834102157535e-53,1.256127700870751527e-49,4.170241125813359597e-51,1.921053561038836812e-65,1.989817595409854012e-66,3.198150337706336513e-67,2.788842569218484175e-66,6.784102667122526615e-68,5.911098464685061216e-52,9.945040676907740677e-67,3.323034857375072740e-67,3.772099064075094632e-50,9.718923671864526664e-68,9.130091628396789274e-61,1.717066090705221702e-52,1.886620651307306010e-48,1.555649391519321552e-66,4.479701150062128334e-67,2.949385693390220724e-52,8.699172679816077561e-51,2.877777362047236476e-54,7.701789430623327028e-67,4.647635984752582529e-64,6.521912154436805368e-65,1.842423514680116395e-67,5.006941893969951840e-50,1.618340781024821022e-67,1.921918930788888809e-51,2.085282402685782139e-66,1.147773261870424385e-49,3.202386306206448885e-66,3.783292955486655566e-62,3.718741348487904470e-59,1.323028365141517113e-51,3.475979542224223056e-64,2.284902480949942736e-64,7.312979411777224068e-66,3.803916366015849237e-63,3.325987070207784212e-48,3.916905057662264782e-52,3.750167864420988769e-65,7.497191215284557172e-63,3.718943358852049014e-66,1.233602064523409985e-47,6.208052869993664568e-67,2.840153780891726265e-51,6.249229961583983993e-53,1.624948045339781019e-51,7.871206690718703156e-63,8.774256310339238888e-67,3.014911635471211240e-66,4.088318974119651639e-53,8.907279396963631769e-49,2.101174867155026163e-54,0.000000000000000000e+00,2.372028149163597949e-50,1.645615320951373967e-53,8.093503571161909387e-52,5.665949403559335033e-49,2.107347817490852645e-53,2.012060347220733189e-50,1.112205737143082781e-46,8.121610192870186275e-64,6.202275413443170092e-53,1.393750033803752187e-47,1.146027637022000442e-51,1.012784376247071875e-52,6.599035540098031321e-66,8.274243512057444321e-64,2.373550401034620760e-62,7.543824575012569526e-67,2.860893795824524389e-67,1.563878376153447393e-48,1.915765780432499156e-53,6.219595293216039274e-68,1.328752910547206378e-50,4.460134034595267960e-65,1.641298355440455435e-63,6.171336677573365243e-68,1.469219793762031240e-67,6.805334075996210125e-51,3.920428919619853913e-65,1.799186405132426315e-50,6.177828132453383379e-63,9.873820490361867885e-51,5.901918892690871941e-67,9.877477663669476828e-51,4.877084681849454170e-65,9.100792846288239226e-53,1.519398657356829881e-65,5.589267622853176882e-68,4.682986849163649936e-52,4.028389040634377270e-66,5.321432045251424702e-52,4.231302736430985330e-53,6.659209449121586921e-67,2.079719544532158309e-51,6.695040595161314093e-66,3.697114291055093616e-67,3.581547524082933914e-52,3.895670657844996559e-65,1.628510398252704044e-67,1.755343063610946785e-65,1.469903200750674036e-63,3.555781743411504497e-64,1.908503693457022181e-48,1.175181943516390222e-51,4.050907786326009149e-47,1.544641877553757545e-66,2.888838422682500673e-66,1.310482298499051405e-62,3.511254592304272713e-43,1.570528781462855755e-65,2.728658868861903872e-66,2.561073399795096131e-52,5.844880551546157341e-59,1.449513321782490854e-48,1.446416145603250773e-50,1.106777370727350641e-52,1.951071750675758600e-66,1.525104245715413893e-50,2.900827579622257237e-50,4.661585708755314716e-52,1.358319917633927078e-66,1.915267398351187297e-53,4.114806559435114734e-53,7.090059902891877950e-65,7.726258245374010333e-52,6.526087098483812531e-65,1.071760135703232192e-64,1.224520110551506429e-53,1.909035351732584375e-53,1.466854935837821506e-63,1.118856964686726985e-53,1.217288630072045124e-65,2.463873114790759324e-48,3.222574985605890397e-66,1.637329774679229078e-52,4.475546259314052397e-52,3.332343237841414999e-64,6.204209805049327389e-66,1.448962731378363354e-49,8.371270522410491293e-51,8.647900795584759242e-47,1.537979051207398561e-51,4.032733145988767069e-66,3.028923226955857652e-66,4.498783165384026100e-52,2.269530878855248250e-53,1.599214969501798936e-46,7.920088631164089219e-52,1.711000886651167679e-64,1.297995564105817466e-66,6.973903430598754208e-63,3.049931491364228156e-50,6.092069506559766959e-68,9.923970423875383174e-68,8.137123240556116246e-52,2.126733907844438476e-53,4.959804464455467317e-52,1.660224096437813733e-53,3.251072699761871494e-52,1.075878863783083530e-52,3.356516559231102541e-51,1.973113045628458209e-66,4.621677175028473268e-51,2.513737876930315042e-68,1.672765901560631425e-63,1.508570702431714887e-64,1.359472268737713945e-53,7.224393179922836709e-63,1.048847056973685458e-49,2.955239500419822594e-67,1.538508104466094212e-53,9.377942831522519093e-63,6.682899992424110730e-52,5.909836341077595777e-52,1.866798417074113668e-50,1.195989070893395139e-65,9.820253433090067147e-43,4.291375769610838584e-63,4.286391316078972972e-50,3.381944957152456584e-68,2.322045590031957148e-51,1.221856298137507756e-48,3.560859048210087809e-62,9.700846604330525444e-37,1.474670107366570218e-65,1.102633304472972870e-65,3.287513527435741172e-65,2.656388048692297491e-64,6.125160244045285292e-61,5.865168343947360830e-51
2.092763740401639366e-62,1.554614192233695124e-61,7.920760493181600973e-65,2.323072901827318602e-64,1.512716380464263828e-50,9.128106877497931319e-64,5.415940328639825310e-67,1.452735859625392140e-67,3.323431623982200868e-66,1.282903705223732001e-67,4.341643613457803137e-66,3.100160748245210612e-64,2.071880549785634494e-64,1.416467841724576755e-66,8.864604722110466249e-51,3.007580576088556538e-66,5.567725222413004749e-66,7.077715222320606526e-64,3.083773450607145620e-47,7.843364640891079336e-68,7.541121288053069673e-67,3.671312186401563742e-65,2.602457840870347560e-68,4.971536248226826984e-52,6.120434284707436029e-54,5.288305857824664692e-64,1.505710437478048958e-54,4.726921958482421933e-67,2.170100884606818834e-65,1.199361686902461222e-37,1.430257239186979314e-50,3.456659045873505429e-50,7.813564045529591819e-61,2.334545654884512074e-45,5.917581145540823337e-64,8.215640907009580233e-51,1.104543397097458680e-50,2.372518914015925229e-44,8.833054902995452621e-62,1.274427102683675052e-54,2.207279768945620660e-51,7.909323139693322720e-49,3.666263304920358315e-51,1.935690655617213470e-58,2.524888229291502572e-67,2.457746676598560158e-66,3.096407575748368415e-65,3.943676343242621972e-50,1.760178015906138519e-53,9.243890765171157456e-67,1.988653520312777566e-68,3.600559716900135390e-54,5.958879204520132845e-45,6.701785981416321314e-67,3.165921453464057264e-52,1.712288922162267018e-63,1.291785287635101649e-64,1.152046015248871614e-68,1.075484205686077167e-66,1.713086329769095704e-66,2.366379833943928940e-62,6.900552988909955506e-50,1.477794475688362298e-64,4.834947304026551565e-52,7.921281130641311585e-51,8.060270376759147115e-52,1.575482909532450269e-61,3.621077782391094013e-67,1.215213993262540920e-67,6.124605034951182960e-67,2.957415159363293816e-68,1.055788042207286059e-50,2.334309772041953768e-67,1.064616465587784248e-67,1.098926467940839242e-46,4.950986917011919046e-68,3.798624606076613409e-62,5.153516542833375010e-51,1.013967250673676898e-50,2.960414443159567595e-67,8.911306852333417497e-68,5.793879479825255961e-51,1.453715171824625207e-51,9.061604872306105950e-55,2.021264812645396914e-67,1.635078016271338085e-65,6.023274458169203622e-66,1.789274123260892003e-66,1.305776042950659750e-48,6.718635925499359751e-68,4.863584492755876275e-50,4.737353539047228470e-67,4.862185977352639149e-52,8.800889408898220665e-65,2.427263847679649816e-64,4.601318175951802461e-65,1.367794457716817312e-50,1.098715491700625810e-65,3.161965657755549950e-61,6.007556195418380395e-64,1.707737860092637809e-64,4.303450520363728741e-49,7.507491945029538917e-51,2.913440445464575514e-58,2.505998986630505070e-64,2.857625949599149541e-64,2.740690209085395020e-50,1.344426445359495234e-67,3.143959430311289764e-49,2.100960747471256735e-53,6.937853880578946173e-50,1.051393733620277781e-64,3.476785148953870930e-67,2.000310199446828291e-64,4.447398577832271436e-50,1.016367749866969246e-48,8.559334065570182350e-55,2.372028149163597949e-50,0.000000000000000000e+00,6.775491860243692226e-54,1.229704316624684464e-47,2.469086604899155235e-48,9.384179483092502444e-54,1.555694184502529400e-51,4.748819555652959803e-49,8.144751486019399518e-63,1.082356223446241214e-51,2.077692347050838535e-50,7.177932301925452120e-50,8.190176837539731081e-52,1.364232655724486693e-66,2.354071090684159390e-62,8.173611445667936867e-64,1.142044717968707859e-67,8.561580875043165464e-68,9.428068080509117099e-49,7.545985587276487407e-54,2.496469447586985230e-68,2.995656681272746101e-44,2.324791254927428282e-61,8.278873182818704114e-64,9.589104560440593464e-67,4.421054980207228524e-68,2.062181688870659494e-47,7.635990056961217506e-66,4.026253087361210317e-49,1.490430715772057973e-63,3.915082782658413214e-52,2.000070155211650479e-67,6.064564761175934656e-48,1.126700960925764909e-63,2.290531428285092991e-53,1.122338902741163005e-64,7.137094305563136723e-67,4.024626760913699230e-48,2.228719713993220261e-64,7.723478512134254912e-51,1.868675027827901282e-53,1.167114975220442386e-65,6.975393416958376692e-50,1.579763302012450658e-66,5.974150929628899472e-66,4.443022272901872857e-48,2.609211205871004583e-58,7.651065114133538810e-68,9.782863925179324601e-65,5.211327281450766999e-63,6.476792924017201596e-62,1.453799727739216774e-50,1.374168843190444087e-48,3.140813272134585552e-50,3.438427570437858877e-67,1.006440643160952369e-64,4.692295302786032756e-64,3.750974618012106602e-50,2.209010263654653980e-66,5.915845860190348243e-67,2.973583503056868417e-51,5.318033309920359322e-65,1.064393198743391553e-48,2.057958592308235258e-48,2.362508181631975639e-53,5.665804276004976799e-67,7.906337265174030569e-48,5.363825080508080431e-49,6.681581725660020717e-51,3.447118015699450933e-65,6.471084471275079652e-54,9.301738078728066057e-52,2.213191211069542774e-61,2.522460785108719927e-52,1.928062351165021803e-61,1.745139359302216162e-62,4.136744907086789550e-54,6.264567181755695900e-54,8.633767933354844016e-64,3.932331934950212784e-54,1.723788758066239416e-66,1.091162089608596760e-50,1.975017900935927242e-64,4.551091361454160051e-53,5.418335648610113440e-51,7.250579424872905423e-66,1.777073811636053090e-66,3.650694133922514268e-52,2.740849767543443816e-49,2.045397886578561550e-50,1.455595075645944226e-49,1.005035936119777008e-66,8.370367114288007865e-67,1.355846006904673482e-50,6.276294347905701675e-52,2.492167854733731605e-49,7.955527724288902242e-51,7.594525503910072832e-62,3.938513129381639272e-67,3.321827468080106813e-64,6.540333161856035861e-52,2.560182158358105453e-68,3.872098288274220047e-68,2.317356285190755668e-50,2.902216469221093098e-54,5.799807545623407897e-51,5.649024728528678039e-54,3.630422622244800967e-51,2.146145070374371492e-49,6.043472584232691046e-50,3.946215959871227308e-67,1.507052679268351693e-49,1.333005020185518683e-68,4.170144675522672068e-65,5.431717942453140641e-66,3.564121180913679272e-54,1.803948721342356932e-64,1.910610156059892256e-51,5.610425856146782123e-66,6.040133131608621056e-54,1.091105714034518822e-63,9.128415534408389390e-51,1.493277164730665231e-52,9.646994007270991250e-48,1.672170350824296980e-62,2.715831997128641428e-50,1.980734210823915066e-63,1.390774554396226525e-46,1.446152409847187567e-68,1.445778683203893560e-49,5.454889827116643426e-49,3.684954864555296012e-63,1.865691966102733231e-50,4.009666357571356495e-62,9.391310180235362189e-65,6.946638258962062626e-66,1.724651419659624645e-61,1.524857710924490657e-62,2.253411069131361846e-47
8.339742789750801038e-69,1.704721419804429348e-68,5.217302892593543967e-69,9.790918782571056581e-68,1.075309090398376071e-52,4.298059545438345628e-61,1.472918004315801647e-66,1.123451041685083532e-65,5.221673591509130930e-67,4.243259707187173562e-64,6.375210977111603818e-68,1.480186293941938575e-68,1.714257747064978375e-68,4.933116700660462066e-66,1.241277320219012016e-54,1.497923711184179539e-69,2.279910652636433305e-67,2.500344520320120019e-66,4.342799156478663821e-54,3.734093808067820336e-64,2.320858405587853527e-66,2.211704945297338862e-68,4.654989231765202296e-64,6.919821967056234573e-55,1.337143148713624059e-53,2.888044154408307713e-61,1.446594739063940468e-54,2.192885516623166940e-66,4.128457356461041822e-69,4.800236623107194492e-54,1.046855721063693559e-52,3.041703887747510759e-56,5.381789594066661173e-68,1.910135126632277358e-53,3.217191586175373797e-68,1.355351454918462780e-54,1.267916462848697865e-52,3.337421894986707920e-54,8.178192438650979448e-69,1.250821942040997817e-54,2.561684579716513815e-55,1.175941922967133585e-53,2.467170028836096292e-55,1.043575861032850775e-68,1.234351806046995860e-65,6.358025257592936422e-67,4.846538740475725553e-69,4.231601979686463757e-56,1.084482707251482886e-44,8.330151044103777075e-70,3.799696807750054959e-65,5.136450228947042709e-50,1.973275507155138419e-53,7.214893336629894307e-64,1.340145271323378794e-50,4.059866601799787755e-68,3.052022933065222367e-68,8.335679695919212081e-66,1.363031600486031844e-69,7.178317208860558583e-67,1.528040122573875303e-68,3.363142261496045064e-54,6.007578513812541599e-69,1.108550870697864687e-55,1.199431452802293850e-51,2.262029783742992309e-51,9.069818887615893429e-69,2.320664870077922443e-66,1.538414861326362158e-64,2.424063828790580164e-66,3.386937018203414966e-64,2.063549203502535781e-54,6.977925783250157987e-66,1.393654614828665441e-64,3.572937809454897744e-54,4.105532438023560459e-59,3.028741138534973370e-66,2.442031363559752727e-55,1.478421865105577905e-54,3.067216952389572231e-66,1.083472975215756410e-65,1.206024144184175584e-54,3.245885527055787498e-51,4.945532307068528891e-52,8.702432519807583124e-66,3.970162837659234969e-67,5.032534614848322715e-67,1.287931900544339302e-69,1.273735018594224416e-53,2.570663634951067678e-57,5.712190256477170921e-54,3.226929840891513865e-66,8.320518954467750374e-56,4.473728179545378490e-69,1.876742156356283126e-67,9.762194662090333441e-68,1.028387859149387783e-54,1.887092880425788399e-67,1.822993191140492222e-68,8.796274262325007253e-69,3.848633553651672476e-68,1.478027535776931920e-53,1.274674976535781126e-54,1.016602852493915768e-68,3.218911810974415514e-68,5.417602791801053638e-69,9.191591715640227680e-54,1.139881928111157524e-65,6.259820176861608013e-54,4.317422553429803883e-45,3.022511912642210502e-54,2.777918595528726373e-68,8.377024182931115111e-57,5.385526084549440657e-69,3.419976862004667317e-56,1.205593829246542695e-53,7.014637535843315118e-52,1.645615320951373967e-53,6.775491860243692226e-54,0.000000000000000000e+00,2.173935836381246957e-55,1.165670870707162500e-53,3.291228579699326643e-50,8.372570646502215415e-52,1.603746143725901904e-52,3.847834433501263430e-68,2.509609927567471091e-55,8.093601787525848826e-54,1.930787175692434753e-54,9.835854551535233945e-55,7.167416839750881714e-67,2.721243419235761897e-68,4.276509038972550340e-68,5.090690768250103548e-66,4.041020504118038487e-64,1.292485061062577178e-53,1.856513285419651357e-49,5.096726167608150634e-65,2.775128890839023540e-54,1.191454196013391535e-68,4.236159096335312165e-61,5.864766513140199191e-70,6.517483427902638794e-58,2.138828759889262589e-54,9.821804638394100157e-66,1.798083716832864452e-53,2.901678969531381523e-68,4.315219381933589685e-53,2.432322566414362108e-64,3.379995551925221958e-54,1.059838782922150491e-67,2.900201315865782023e-52,7.907082275819239125e-69,5.504310623452624667e-70,6.793780274577758415e-56,5.887767650079811788e-69,1.523705502570768283e-54,2.913039615374532855e-48,3.717186374235910693e-69,6.285969542624810354e-54,7.122868044215213435e-67,1.651313518129982510e-69,5.879106324800744704e-56,9.664318361151663716e-69,3.869688323458781935e-59,8.180505024255800047e-69,2.654095640646405665e-68,2.164997875650572080e-68,1.824549077531502716e-54,1.594966671378368070e-55,1.188630907736632176e-53,2.641281734596453263e-66,4.854384659578149183e-69,2.659817013024830573e-68,6.314448315598980291e-53,6.008434808728953237e-67,5.880906442065639091e-65,1.438085364500809747e-54,1.104878826252239267e-67,1.161694420281258604e-53,1.149865966845602762e-53,2.733950656097628334e-52,1.842714216111583585e-66,1.559183854710565584e-53,1.661471201207379787e-53,2.045623703689314631e-54,4.392947817412329250e-69,3.652713516929635353e-42,1.803689355155158438e-55,2.195330499272811996e-68,2.494161585617618433e-50,1.323482787589815311e-68,1.241757631591351391e-68,4.068296063030549582e-50,4.297576126875545257e-36,3.886274996239322045e-61,8.023929616031161924e-50,4.148387689274790437e-67,9.248891845048821247e-53,4.493179232170139587e-69,5.724516594514030980e-52,2.051606492978910790e-54,6.878356682047673483e-68,4.940190444845547950e-65,8.054129333349209413e-56,6.287630047568765196e-54,1.929349373336483127e-53,2.289772351031437471e-54,1.424039630608342417e-65,3.627562815348967925e-65,1.446632680235598532e-54,1.296938963828686326e-55,2.116050814480235431e-52,9.588104693289720856e-55,2.539763468992393971e-68,5.357190248331664415e-65,4.714155634137171137e-68,1.534088478259637333e-53,3.058385930197947580e-64,7.766493016746792715e-58,2.111634770332823822e-54,2.726766728600549610e-54,2.336510365217779842e-54,3.715060042159601822e-42,1.554186701917631482e-54,5.857800355472679438e-56,2.117158818714187052e-54,1.603692757623372638e-66,2.521495236932957428e-54,9.062062474649510997e-66,2.127513738012335609e-68,1.844107115333524028e-67,3.771147722674245477e-50,3.217046242195260900e-68,1.591910347082225025e-55,1.562300950392057988e-69,1.848460208547677671e-50,3.251959235275487318e-68,2.969446193278738524e-54,1.333812075166953995e-51,1.692361838541825776e-53,7.433175511488326338e-69,3.677843262071563112e-53,3.438594032652299332e-68,4.679309653893721819e-54,3.391971383867727954e-65,5.168532729644415882e-54,1.075258296339824212e-53,2.254923694882977809e-67,1.818646059029751929e-53,8.848934271420208796e-69,7.313887756979312825e-69,8.059409810306956073e-65,2.000225961238097620e-68,9.997340007718669357e-67,2.393975485474800970e-54
2.795816894690977088e-63,4.713115912938804701e-63,7.187055991262274935e-66,4.581991418845395201e-66,6.176037032507257335e-52,2.502176753870802651e-65,1.447166858082615743e-68,6.454644321340052185e-69,1.428063558898650105e-67,4.684920298549794915e-69,2.937091740950499459e-67,2.594640402686759375e-65,1.758193315276805478e-65,3.591660855572575119e-68,1.053163332955889623e-51,1.547770358652683895e-67,1.786106281358183177e-67,2.405114256424542415e-65,6.112572915730608120e-48,3.382935171100043119e-69,2.058413945840978511e-68,3.238460999899052075e-66,1.142082130935588359e-69,4.630109638373589192e-53,2.603000744210493167e-55,1.916168301900613515e-65,5.121171902338409547e-56,1.111896261305703499e-68,1.638833646837540208e-66,2.208701094219600064e-47,5.521249098043799189e-52,5.298980985160517662e-51,7.319577889484810168e-61,3.695081408859828356e-45,3.694439504063797977e-65,7.384990535782975202e-52,3.210080541379381213e-52,2.322452529191634268e-48,6.834875994522442140e-62,5.098061320909022014e-56,1.029345394130162083e-52,2.253922361630517438e-49,6.423928417174188943e-52,4.158498457161333729e-63,7.341982274747847850e-69,8.495982749621748361e-68,2.521155811651940687e-66,1.182191693224524690e-50,5.405814944114530990e-55,7.708929586812515082e-68,6.395353148886655655e-70,1.256448610345332080e-55,4.763733733077271203e-45,2.375382435038282545e-68,1.020374051720575769e-53,4.008730487098545878e-65,9.737941561096487310e-66,3.925943466978450710e-70,1.390859089951721011e-67,5.121776866388171550e-68,2.964335241917477203e-63,6.535532256017785866e-51,9.896830437479388538e-66,2.843129450672737548e-53,3.531581087665889163e-52,2.568003069372632804e-53,1.082873777530463718e-61,1.302563332354424085e-68,3.639673229774321183e-69,2.142259384460744317e-68,9.428221166681382622e-70,9.598605829078585691e-52,8.984228734227286116e-69,3.376276532452302858e-69,3.409078993870322797e-48,1.362945528452386199e-69,3.711577587313947160e-63,8.766333702555280403e-52,3.684201045522499761e-52,1.036525203804476079e-68,4.110734479207821548e-69,4.308854258177724276e-52,5.648660643154421116e-53,2.768002856471710305e-56,6.316032112634983162e-69,6.932087907862411212e-67,1.602386961093261157e-67,1.549198138107154816e-67,4.342017972062113434e-49,2.623494920782085560e-69,4.326869798658555085e-51,1.727793928953561007e-68,1.708414441667516682e-53,1.429368990772918523e-65,1.438858021933922777e-65,1.508535612057186528e-66,5.763813592538545666e-51,3.109119830214986605e-67,9.586045153613383812e-63,6.472299921118336430e-65,1.130518914274321682e-65,1.427225093574982921e-50,7.357918021986383952e-52,9.249670924130055745e-63,1.568522432342288904e-65,2.079221816063165864e-65,1.115637202562374959e-51,5.966307732672050682e-69,8.943102387980321330e-51,7.786043732727642288e-55,6.635713147843541227e-51,4.915783665172208725e-66,1.120897584373556968e-68,1.553249705894004008e-65,1.049410115331709958e-50,5.375383296216008311e-50,2.041556031256944137e-56,8.093503571161909387e-52,1.229704316624684464e-47,2.173935836381246957e-55,0.000000000000000000e+00,2.170600134713788351e-49,3.059744964091056286e-55,9.212623069929447363e-53,6.589075795733765758e-51,6.248575268466399855e-63,9.430648948333226277e-53,9.898836987150085939e-52,4.148701329778642936e-51,6.513835205589837794e-53,3.729478092443122714e-68,2.206763397879564391e-63,3.331171269773701211e-65,5.799600604465753469e-69,3.006906698220996038e-69,3.145900920780165449e-50,2.686125299341718826e-55,9.105282760238432841e-70,4.193886554434941196e-48,1.574930394437627865e-61,2.580431774624526330e-65,4.333051385150548824e-68,1.817501679522208324e-69,1.888170754039000662e-47,2.214948931798058871e-67,1.292748178004597536e-49,4.889059244222154281e-65,2.247660669302181983e-53,5.627952920478604862e-69,1.057356017315025922e-47,1.536117535294290832e-64,6.773126586246544360e-55,3.996866625723419746e-65,3.809860528638983180e-68,1.134390381185400519e-38,2.131903038944838705e-65,1.101544150309496739e-51,5.755694933961868325e-55,7.482705361021472367e-67,4.838252440108535718e-51,3.375332449501083452e-68,5.864398383987499977e-67,1.134781926411823667e-38,1.062400929426308462e-62,2.166669351221744761e-69,3.297053071625801352e-65,9.977477335211474376e-65,6.037666832252771630e-63,3.084310446455210716e-52,1.548426022562138061e-32,1.352150736954740886e-51,1.068887773690271742e-68,1.246189147738179038e-65,2.253492626180749908e-65,1.748063017146101691e-51,6.418913438230439031e-68,2.674741582830563525e-68,2.432010558831306624e-52,1.712900728262757101e-66,5.369674771956778919e-50,5.593602904447777503e-49,8.343154989401371401e-55,1.488850381094439220e-68,2.654349363374021529e-49,1.815306085336523071e-49,5.324164593783496632e-52,2.150467589352463420e-66,2.073027871780742597e-55,6.046014130910965265e-53,2.902386449095689173e-61,6.819583427357390787e-54,2.370183385845992781e-61,1.527350099218327518e-62,1.241547626627262484e-55,2.395280384419859128e-55,2.595822629135698861e-65,1.351965173486078054e-55,5.077211870030703349e-68,3.716602140069894220e-52,1.706038808942193934e-65,1.104828894162106502e-54,5.544185233115019392e-52,4.285773989656826182e-67,5.087619605447661203e-68,1.708806176578681427e-53,8.937003545555555828e-50,1.176780469845084432e-51,8.501236741963220422e-51,3.193377144608235763e-68,2.743916685148561815e-68,8.639037489930895684e-52,3.020526043995079951e-53,4.812495906442658491e-51,3.524024221785914623e-51,7.714601677259008435e-62,9.553116268181305670e-69,6.713840420915965482e-66,3.170263104245617895e-53,8.966320450951025119e-70,1.339305066727124445e-69,1.779680659916300022e-51,1.121731706983413352e-55,6.355581018999803520e-52,2.121343680028213762e-55,3.697008580574503382e-52,4.758666678084761192e-50,1.923436476428138341e-50,1.229026811189829934e-68,3.955451658386954730e-50,4.002531616746186234e-70,3.854924019721868477e-66,2.055471776331445012e-67,1.589991890422800028e-55,7.328365630858084925e-66,8.164346751978748990e-53,4.667066132317302859e-67,2.090027761110047283e-55,3.272636103189313036e-65,8.852246504164778413e-52,4.004130373158654406e-54,2.800231305865763342e-49,1.594671608951088194e-63,1.006702304038645989e-51,4.557039006905526074e-65,1.158961182394649950e-47,5.659919303789761783e-70,6.116739922765262181e-51,3.951285946205607036e-50,7.634814857352385673e-65,5.445490745554457902e-52,3.872678998052853737e-63,2.782677978532588744e-65,2.603138375776849076e-67,4.491752428549596038e-63,3.579062717776490997e-64,9.598074556711646019e-48
6.116238317994062980e-64,1.875044866173263409e-61,3.849239085791514226e-65,2.716045563352510423e-63,1.419113571125075261e-49,1.329753240852206622e-63,9.490593872133363601e-67,4.343398176787692735e-67,1.269400505592060209e-65,2.878763015574896383e-67,4.058814778395173426e-65,1.196760817654794170e-64,9.079959154074008215e-65,2.413985626438673735e-66,6.421927333363808920e-51,1.370307110412322534e-66,1.732177073898024693e-65,7.100606599389257988e-63,4.483678257530158546e-49,2.023138934488092811e-67,1.262895424703601271e-66,8.745509023072413137e-64,6.214026403014964010e-68,5.412035781863874117e-52,1.934077348380447549e-53,1.050740832054429137e-63,3.961605468693139100e-54,7.167896626899996293e-67,1.063245530526068284e-65,2.201399703314937167e-48,1.108356476550207346e-49,1.590970728662508911e-51,1.316447460572142991e-62,6.332624547320372284e-48,2.214627244037548784e-61,4.924955853700032457e-51,5.197885949286999112e-50,5.344970221052554198e-48,1.629138726900118220e-63,3.716265722300480919e-54,1.207751989716935201e-49,1.605460897954336543e-48,2.737258833012512498e-51,4.213171590413348186e-63,4.158357108115806115e-67,7.698263113174395372e-66,1.675705121969917071e-65,2.965748018126226819e-51,3.240637731819940454e-53,8.296092010938342600e-67,3.398362732728470508e-68,7.394692409850587106e-54,1.037581331416919806e-47,1.255031187713618005e-66,6.265406399915503975e-52,3.700029078726122439e-61,7.106360066217274487e-63,2.215162892454017089e-68,1.647733986576495146e-66,4.451668820086753356e-66,1.047014542230133427e-60,2.910732608440068938e-50,4.707607660647024294e-65,2.001705423814949994e-52,3.520219003748569446e-50,1.715620423969714498e-51,1.910710894169348089e-63,8.322550997849829149e-67,2.000559429445881743e-67,1.554027450658712496e-66,5.373322891761697503e-68,6.816084554183153808e-51,5.550239446938224945e-67,2.044058535611895435e-67,2.044496078899096666e-47,7.212987849030662583e-68,4.471809857499297953e-60,3.483318053253528778e-51,9.165608643568336301e-49,7.351323091918687227e-67,2.590653236236233720e-67,3.248960970513664154e-51,4.379547780875450417e-51,1.513161124393522533e-54,3.812509274691611494e-67,9.036819999626194991e-65,1.647091098478993934e-65,1.555239375534686151e-66,2.676577491983244406e-48,1.426212787624503905e-67,2.408346727392264093e-50,1.150785158478498006e-66,2.098840706375954133e-50,6.820574570142368871e-65,5.904840536266805838e-63,5.160556955711332162e-64,3.903850864480992525e-50,3.476159407938574652e-65,1.322537388147938489e-61,1.827721097350921290e-64,2.924487730386225464e-63,2.951230660028274841e-45,4.393477667284169907e-51,4.528265641139450824e-63,8.552723304909411771e-63,7.410479283194706037e-65,8.269917410010276599e-49,3.848920838385568607e-67,3.640015808449312641e-50,4.145656933939473549e-53,3.123156095443656688e-50,2.425946495812761071e-63,5.347820778422388258e-67,5.318804312375222972e-65,2.173081635562229557e-51,2.790859320129376697e-43,1.204663028733148263e-54,5.665949403559335033e-49,2.469086604899155235e-48,1.165670870707162500e-53,2.170600134713788351e-49,0.000000000000000000e+00,1.728946875140976213e-53,8.385845292011684453e-51,3.304522716446294434e-48,2.441098542110636775e-61,6.441293024681760768e-52,8.576434952394689584e-49,1.652791912470239479e-50,7.059416384282418171e-52,2.516146094520200425e-66,1.809356838488238060e-60,1.276824774206753644e-61,4.185657668112692723e-67,1.875442576417448625e-67,1.143805507997343236e-44,1.467769284889143325e-53,5.353370890489705418e-68,3.006616870920896207e-48,3.084984121321224763e-63,1.447595476038677384e-63,4.007203226082832349e-67,1.116262645730647150e-67,5.254514841288054594e-49,1.444053078794748426e-65,5.142130297199173408e-49,3.920725774681887602e-61,2.269797169586669873e-51,2.979474652142326617e-67,5.734172881971751521e-49,7.769363522563485980e-64,3.790181079394968667e-53,3.560411306067266178e-64,3.922589700304143292e-67,1.365741753848567735e-49,8.624870101957757808e-65,7.000928299753756393e-51,3.246882120829427505e-53,5.850062035544779346e-66,2.527707843363774181e-50,2.421293652255891826e-66,4.507073956367249292e-66,1.580290269550863946e-49,6.082945771737802636e-63,1.243245916161601240e-67,3.421675345874381096e-64,9.336996863483758616e-61,1.018803047997765588e-60,4.347443293237746984e-49,6.763395546584350927e-49,1.391892669182097965e-48,6.785641406048825139e-67,5.257200654126057317e-65,1.284473907707844869e-61,6.806732865663345456e-49,5.457866650758117906e-66,1.463583478552532241e-66,2.130298865197736417e-51,5.776595036593157740e-64,2.165911413328315878e-43,6.227337885070114968e-49,5.322349249317435321e-53,9.550899066586433869e-67,3.242084641982577824e-49,1.053708844342315062e-48,4.292191759836689929e-51,1.383924555164807153e-65,1.321071951832770348e-53,3.762536926647264135e-52,5.679710489324958034e-63,4.475358057015272544e-52,6.352219981267872467e-63,2.982649015136827555e-62,6.949725497430258456e-54,1.446354738458586105e-53,1.270938072954345186e-63,8.000797666806030007e-54,4.041490225641477390e-66,6.944877653902096136e-50,6.794527167594316015e-65,7.455784842503500272e-53,4.356876295955405536e-51,6.622881442871032918e-65,3.355118397259862860e-66,3.515677496390518593e-50,2.980784150098156107e-49,8.299409024319236313e-49,2.370983301622209740e-50,1.882694320551771413e-66,1.774413869383074611e-66,5.108458618617918753e-51,2.088660088138199753e-52,1.800242036505793390e-48,1.907483532759009589e-50,3.496821662662379612e-62,5.586717251274748999e-67,6.440551963203198292e-63,4.365006429960102722e-51,5.395184724575039916e-68,7.137170986241284922e-68,1.022153624093402818e-50,9.166808356608856061e-54,4.980013439393636164e-51,1.185268896328765736e-53,3.088645497909771925e-51,7.072383648689431793e-51,9.355046712077976622e-50,7.818868734820773166e-67,1.528247078427498768e-49,2.197207432282260073e-68,1.119172654688448754e-63,2.219554476462864260e-65,9.546042163221517610e-54,2.867970373964801320e-63,1.910847338770419865e-49,3.250856506333348889e-66,1.183898966244443830e-53,5.596334260258525650e-61,7.028569731880713653e-51,2.568789011438715698e-52,3.491025915429357199e-49,4.519157545344181688e-64,5.251688326124127214e-49,8.955106059107532816e-61,2.424741393719421473e-47,3.021742282097882958e-68,2.686650664524917040e-50,4.375387674703242008e-37,2.282920868211246669e-61,2.132985384607867015e-49,6.785537560149695696e-64,2.035121764560256198e-64,1.659836302015638793e-65,2.634199313294967854e-61,1.397794865606455451e-60,3.551046705608649276e-49
1.390223949584708149e-68,2.506565902782431751e-68,7.538682836729502810e-69,9.529340009423246035e-68,1.458760177950220077e-52,4.943141934408315230e-59,6.571915892399317635e-67,3.915465701679819095e-66,4.656095794476892412e-67,3.359684858710981482e-65,9.548816683270751052e-68,2.758953851132315301e-68,2.783487688791803184e-68,2.948975918338405558e-66,2.093251658079800871e-54,2.503784266679238669e-69,1.802882273685650936e-67,3.718911101786950784e-66,6.662896205747171274e-54,2.886182768839872350e-65,1.055831903363608533e-66,3.706540905369044621e-68,2.693841217748232361e-62,1.257174695615803527e-54,1.048256878413206360e-53,3.811078563554314447e-59,1.187542775112753425e-54,9.766007376778462435e-67,6.401465558746721892e-69,6.856877159518360721e-54,1.214683666399283397e-52,4.606523009343670209e-56,8.022287293197741153e-68,2.893065005669759798e-53,4.680587325939274767e-68,2.354431476669748033e-54,1.447640388606307244e-52,4.699804199640185529e-54,1.293163444352755620e-68,1.013666373034906675e-54,3.875258565683976516e-55,2.164015675203225380e-53,4.175026982131886488e-55,1.288763234080122323e-68,4.198199395373432396e-66,5.194588172316281862e-67,7.426354921260846443e-69,6.947698765708691216e-56,3.086801435026901814e-49,1.428916756034973585e-69,1.458465307190557381e-58,2.753706100306534938e-51,2.878566784684525255e-53,7.849191315661668160e-59,3.834832423926765687e-51,4.849716051015513405e-68,4.468384950630944481e-68,1.629939570987574697e-63,2.778231181920618543e-69,5.710124586626043241e-67,2.316894026889878908e-68,4.736715078373855466e-54,8.905979161672382201e-69,1.821463441110410154e-55,1.330543780340516916e-51,1.460354812178938071e-51,1.311917839486504736e-68,1.504052479951222757e-66,1.641794457812409906e-65,1.208119774422972953e-66,3.476660125733189736e-62,3.524737533622976492e-54,2.560279223583452584e-66,1.386842181565601374e-65,5.802745265234720889e-54,2.517032922580736317e-64,4.663812217308212039e-66,4.267674967352457191e-55,2.103881180366938354e-54,1.680661006337165199e-66,5.344286700002175387e-66,2.309843712645354180e-54,2.236640510422543001e-51,6.973560010469343202e-53,3.054089245783457621e-66,5.927325718833427407e-67,3.775785103169138932e-67,2.285077784810236728e-69,2.089333371019912458e-53,6.346864129223267323e-64,9.313635007958474374e-54,1.384313994220194329e-66,1.274289197879581397e-55,8.701992648672826581e-69,3.367252138230557111e-67,1.120674176904432636e-67,1.851670776396997442e-54,1.701437881100913087e-67,2.461270174124504059e-68,1.266929278839129335e-68,6.004917375504678221e-68,2.272944882439479570e-53,2.151413226861528679e-54,1.418407793211325961e-68,5.940801932487797874e-68,8.903163905739602013e-69,1.502499635072296266e-53,4.325845331995557728e-66,9.045171412874971953e-54,1.426620954743179559e-48,4.526084884227560280e-54,5.137510072856863672e-68,1.713872269655901134e-63,7.665271087223670579e-69,4.969604623004297353e-56,1.560951403825762383e-53,8.402459349274377971e-53,2.107347817490852645e-53,9.384179483092502444e-54,3.291228579699326643e-50,3.059744964091056286e-55,1.728946875140976213e-53,0.000000000000000000e+00,1.093822159306364434e-51,1.765985251574268715e-52,6.428589589167941258e-68,3.773704343672665307e-55,1.188245390825333850e-53,3.771609726996989514e-54,1.828948581459938441e-54,5.303200942709187078e-67,4.323818970261495885e-68,6.164401545593110865e-68,3.227289914207108697e-66,3.349546659957327750e-65,1.779618176444769029e-53,5.148063650444410681e-48,9.492172808214407760e-58,3.994718216191086956e-54,1.544717902997008645e-68,5.066845305835962984e-59,9.948281197801860786e-70,7.071863661128893617e-64,3.203694008416643646e-54,6.133553869713838782e-66,3.111551139148407577e-53,4.036987541297593472e-68,5.747588166507865128e-53,2.600605298714854587e-65,5.940115728395605052e-54,1.780984742726423340e-67,1.309399469596287808e-52,1.319550825854454573e-68,8.940352328412921369e-70,1.114039349679201950e-55,8.490001731939754455e-69,3.371240738328257182e-54,3.959247608266829458e-48,5.587201289418872438e-69,8.458732387849079681e-54,4.749031254925724227e-67,2.739497977186988212e-69,9.332067233292938535e-56,1.532819905936163406e-68,1.226693643918230812e-64,1.390303746593222962e-68,3.692922384295525365e-68,3.378476835304982257e-68,2.625597692850394062e-54,2.505329899786916829e-55,1.795274730691849858e-53,1.545323835446390270e-66,9.012990544164017024e-69,3.628636621260853353e-68,9.605233499848062574e-53,3.811664521845904860e-67,2.351927902448625863e-65,3.126666628231836005e-54,1.336552126644560760e-67,1.590151189394780933e-53,1.892791961519985542e-53,1.281069881460836159e-52,8.416314484290371903e-67,2.510740973663770620e-53,2.645368002245658052e-53,3.316188219749423646e-54,6.921449480852046114e-69,2.678177690873262433e-50,2.922199445961479043e-55,2.949452555785528281e-68,6.409590204737633899e-51,1.894735783521945361e-68,2.153984724937771140e-68,2.746327648407888364e-51,3.315368375393403473e-50,4.709182987710781646e-59,4.134736109006161344e-51,3.849624737132273277e-67,1.010055135687025300e-52,7.733048126861746356e-69,3.351895497245003921e-52,4.050557264685934621e-54,1.101314616372919197e-67,2.199180388747645978e-65,1.065999049243273545e-55,1.174744801742007993e-53,2.490274966340186213e-53,3.654653320505091688e-54,5.349232822523475761e-66,1.308070068606770310e-65,2.811381927593568397e-54,1.834704605375436233e-55,2.243674905666884540e-52,1.828538701095247629e-54,3.962497377030340973e-68,1.778083805895497219e-65,5.248740696213946601e-68,1.962366320732654096e-53,2.319881906618410279e-62,4.234749671050986648e-64,3.559662832756993279e-54,2.421051712869051619e-54,4.399149353222590865e-54,2.721771552749549603e-50,3.228632396414441648e-54,9.432714868133171350e-56,3.931542757346268991e-54,1.120630983382907049e-66,4.882137823676903155e-54,1.736802554011553366e-63,3.770905889175491732e-68,1.744989264388409713e-67,2.367552467356181227e-51,5.016940703991372831e-68,2.169934785111329436e-55,2.621952928023413267e-69,2.096081996242237542e-37,4.516171100675452878e-68,5.533676666563261671e-54,6.735636880357225710e-52,2.738790766953033310e-53,1.154019683495573166e-68,5.209152135861241887e-53,4.313043556698295803e-68,7.278821306977911857e-54,1.568347011047303930e-58,8.882639679724269416e-54,1.565160625515149856e-53,3.115366659826189989e-67,2.224551227914984512e-53,1.355756208286501769e-68,1.381178822946412315e-68,4.726671237400937824e-65,2.549512512091236240e-68,1.286678985693372375e-66,3.666135955799056785e-54
2.839733950557409285e-66,6.500969612629614394e-66,1.148852104909249415e-66,4.002397046265144719e-65,4.344145844640640431e-49,4.070174527068054421e-62,2.305149886597140749e-64,3.408669779874882203e-64,1.024449829675076715e-61,4.933992425931950144e-65,6.993151197507770490e-64,4.338015172413420533e-66,4.237012557293083484e-66,7.634111174305429283e-63,3.984226669344182976e-52,2.029745363702855744e-67,1.449615864027864877e-63,7.735609905920483375e-63,1.160981518491851918e-51,3.500097845093178829e-65,8.571448249249891380e-64,4.691346789132580980e-65,4.085510028179581351e-66,1.404231056583522170e-52,1.764839187603039170e-45,3.644603438388290742e-62,1.765874671321019600e-45,1.389338339025545992e-64,8.537991323023415372e-67,1.423187124756662909e-51,4.321734966884781083e-49,9.287999023427059502e-54,1.832373056308394921e-65,6.257925018571997736e-51,3.006714697298320127e-65,3.577954716728158194e-52,4.910257722887727804e-49,1.122865923081651165e-51,3.023098913705823349e-66,2.150703706479873567e-45,2.657667410755153833e-52,8.902105448087150871e-51,8.554094062275871157e-53,1.979784093915636893e-66,1.946091656661176170e-64,3.546593339651729419e-61,9.873494845955868295e-67,1.671275569123301370e-53,2.123084665122340354e-51,1.744442198793294253e-67,1.487434699094607698e-66,9.073825438599353027e-52,6.685219933397478922e-51,5.411497406726802905e-65,8.153081426266301801e-50,1.542276207821580264e-65,4.399653446549985994e-65,9.343017434229995831e-67,4.422923194587416689e-67,6.002524876448306873e-61,1.016545602701703789e-65,8.000810977444997758e-52,1.251571297470371645e-66,1.890066095452436233e-53,1.271941797917799101e-37,1.388215725771151615e-47,2.822954219144099440e-66,7.674745610603341355e-63,2.663166650501894702e-65,6.387702018899609773e-64,2.508031025217116243e-66,5.532003575804489188e-52,2.497259861049275799e-64,2.827045340636479229e-65,1.653653783948635655e-51,3.354658954429305952e-66,3.725086063325685167e-63,9.947072951033200016e-53,1.310700658753843088e-51,2.323123323943158630e-63,3.101597907706848558e-64,2.955544683996356044e-52,9.475917788791450640e-47,3.147977314370786598e-52,1.649693975845345104e-64,4.467900097340396220e-63,1.445335491744110904e-62,2.713052747641463548e-67,8.345931416954807977e-51,9.227408301120119643e-66,1.356901822757345612e-51,6.861839996154153726e-64,7.958693263478461616e-53,2.018099292721192215e-66,4.119028889852346832e-64,1.650740671215014319e-64,7.108065258911694957e-52,5.933855383240503190e-64,6.875322301550646656e-66,2.481271072052434962e-66,4.717668063579973315e-65,9.868150100124086714e-51,3.616032642814356855e-52,2.549163756980582987e-66,4.455409330057313215e-65,1.384530700556811479e-66,1.284216340231954136e-50,2.758219594787502395e-64,8.384076914605714801e-52,4.504783604881327280e-51,7.818078906013067529e-52,4.107221942673426547e-65,3.547023409720110878e-65,1.307841933770114970e-66,9.856033769903959408e-54,7.247760239068742030e-51,1.491927703658137630e-52,2.012060347220733189e-50,1.555694184502529400e-51,8.372570646502215415e-52,9.212623069929447363e-53,8.385845292011684453e-51,1.093822159306364434e-51,0.000000000000000000e+00,6.897939049130303084e-50,3.474410455928372936e-65,4.987041281912547899e-53,1.106932755818185799e-50,5.209413515227096537e-52,1.931337499092501588e-52,3.258922605323196442e-62,1.622092398696307234e-65,3.302369246909424277e-65,7.958340929725519417e-64,3.405734190331404100e-65,6.734512858043463368e-51,8.300016496208856066e-52,3.401959091951425723e-66,9.707097405118845402e-52,3.551370686631504508e-66,4.756840778925934604e-62,7.539225271700830470e-68,7.698043956096718189e-66,7.825819374424950163e-52,1.252738510584740230e-61,9.333986200910264072e-51,1.630704975084958924e-65,1.738436091904588887e-48,5.175174602813695272e-65,1.706721144686142931e-51,3.640774506703064789e-65,4.341139951695846089e-50,5.701014965826848721e-66,7.245973649214846181e-68,3.158751502405580271e-53,1.600595916496340983e-66,6.642491427135544506e-52,1.681278317875911419e-51,6.085005861881998407e-67,1.054846655427598814e-51,1.410231018198893234e-62,3.784294276317081279e-67,3.055763934518719864e-53,2.994835962602884188e-66,6.128508558396749678e-66,6.525751213506609987e-66,9.772311176166496999e-66,1.264660298936643860e-65,1.182180226847398630e-51,9.920644988151103826e-53,1.507290666342164112e-50,1.941588981556344351e-63,1.833471144295431494e-66,1.996979204831040225e-65,1.733038097015849417e-49,3.095120384948209682e-62,1.368486573983874486e-63,4.193896103766674872e-52,1.454205766071568908e-64,7.126847622716511108e-51,4.772695347307860539e-51,6.304590394606141296e-50,2.747723093110989620e-64,3.490066356170568500e-51,9.563704225323487490e-51,4.236526041753714964e-52,8.125658272340135494e-67,1.284875852940047901e-51,3.195091091650298892e-53,7.567504323539249940e-66,8.447490453835125926e-50,5.596460532890501282e-66,8.424136350491334125e-66,1.116332533440745471e-51,1.020245998662385201e-51,4.070899295863219698e-62,1.179812474966667830e-51,2.527834611221526778e-61,3.177877986444598321e-49,1.352181974871651985e-66,9.212791906401750973e-50,6.246995665189348123e-52,5.512393828805483368e-64,1.527103852737373415e-63,8.646754315230016649e-53,3.585440042974507048e-51,3.501315935264003217e-50,5.580328461598526814e-52,1.116632856922706103e-63,8.699780838260764228e-64,3.669744715221495820e-52,1.507745280530562225e-53,1.226867348942794500e-49,6.472980396978804289e-52,1.437830079376468935e-65,4.043696310916603436e-64,1.926750290959888840e-65,1.722752713228996724e-49,2.237026757504969371e-66,5.089747998840483930e-66,5.146241709598002567e-52,7.573165500202325025e-45,7.303148179351394088e-52,1.116800004769803259e-51,4.690945962795734074e-52,1.882752634397375106e-53,1.338069513786058317e-51,5.318217964741658613e-63,1.575981086235627995e-51,7.203400702633099049e-67,4.382688525426547685e-65,1.188459355804293011e-63,1.522485551874882464e-51,3.317055258880455079e-65,1.323973843208055700e-52,3.201560969080530135e-67,6.786263971350776804e-52,2.027100028849498995e-65,7.639488907361998713e-52,4.170597770309006836e-49,3.658377534769344681e-51,1.997653991435168914e-66,6.819086222021560613e-50,1.447034886300974372e-65,2.083356888533732779e-51,1.514412240533683211e-66,1.059324150015914408e-51,8.227162585735711534e-51,1.027194916206085786e-64,1.869617873021587382e-50,2.257173959544915393e-66,5.451036785440065987e-66,4.610893323077295367e-62,7.207630686079898226e-66,5.324745466959104432e-64,7.570422012455899981e-52
2.151017261898166179e-64,3.608660985707214349e-63,2.094450910123774967e-65,2.319511084180017361e-60,9.908092031340358648e-48,1.683548078344210331e-62,2.022628938738992774e-65,4.556822350003654295e-66,2.439054499487743152e-64,3.670728239482494937e-66,3.108279351338050240e-64,7.541749341446760367e-65,6.811234882187406522e-65,6.902548491750727394e-65,3.461287308848625342e-51,2.169913080073806052e-66,8.354384805933023101e-64,8.541325488684970276e-61,1.589708018502966377e-49,1.946581758425710835e-66,3.016545002798511606e-65,1.913724435872652840e-63,4.886530007702760106e-67,4.606468915418231768e-52,2.698534356009605801e-52,9.366773465945160189e-63,6.762694039120574280e-53,1.757520033573208438e-65,1.016611461996976397e-65,1.975774268852854348e-49,7.147972866315662185e-48,5.098604086818735520e-52,1.651620538346650435e-63,8.034453132848557410e-49,3.016980959978985325e-62,3.849188975841681882e-51,5.482281151773324545e-48,2.726299768718531216e-49,2.219301777231963701e-64,6.526716160736543671e-53,3.220297958495960709e-49,2.246369244343403922e-49,9.543456744757121060e-52,6.980206475845633598e-64,8.438152027796630866e-66,1.435478239099688462e-64,1.284136341193283275e-65,7.087417499071370581e-52,3.860096071323162752e-52,8.222286055262556584e-67,4.147212526606320214e-67,8.598332953676185731e-53,8.691850247690076852e-49,1.170641990846114747e-65,8.942321052376920512e-51,1.113066409878116581e-61,1.374525866666441701e-62,2.035094577015216771e-67,9.450266467997280913e-67,9.312093653144842410e-65,2.056668733702103460e-63,1.675942593540882465e-50,3.462268553056883353e-65,2.599629261360206547e-52,5.426941903897358651e-49,3.345353738849000691e-50,2.281997454171919529e-64,1.518789314342778229e-65,3.649692912781182897e-66,2.313283734174475390e-65,6.157562124505621673e-67,4.720683824113645275e-51,7.628586535491714190e-66,3.148305914834802162e-66,4.739659203105427241e-49,1.134557960579565752e-66,1.150209661813229634e-60,1.152022867671510573e-51,4.201512814361151415e-48,1.277311116788697048e-65,2.750692166529193104e-66,2.717729414675257666e-51,5.756769893477700676e-50,3.039131041004638198e-53,6.649533085744186926e-66,1.458483033139405409e-63,4.949953458337450920e-64,1.346139001382216719e-66,2.557014024722237381e-49,1.359593054771067606e-66,1.905304965383644038e-50,1.710421099005730922e-65,2.070810833575954918e-49,2.059469490535707981e-65,3.566323864304346723e-62,1.245165432684165469e-61,5.107459274084224263e-51,2.733389865295856948e-63,3.131945401817751301e-63,7.004571042904193138e-65,7.329995526707845509e-63,3.854387988523017922e-47,3.346900651140005743e-51,6.255713347812557621e-64,1.150382524473296669e-62,4.313498836278463695e-65,1.087895700485989555e-47,4.182244820173172989e-66,5.828978625172136356e-50,5.317855083870034401e-52,1.560696203672656421e-50,1.112004026620558552e-62,8.322429531305820233e-66,3.526811276434402585e-65,4.895029323251070873e-52,9.071430899598875790e-48,2.411619135267413498e-53,1.112205737143082781e-46,4.748819555652959803e-49,1.603746143725901904e-52,6.589075795733765758e-51,3.304522716446294434e-48,1.765985251574268715e-52,6.897939049130303084e-50,0.000000000000000000e+00,3.470661919713293994e-63,5.354062329969568599e-52,9.278259609392421119e-48,1.323357267025613264e-50,7.903760394585822834e-52,5.892022926062200695e-65,6.786065548835042755e-63,1.073029207651127279e-61,3.521950040904164546e-66,2.375693294720537218e-66,2.163098148228318644e-47,1.656271928976263265e-52,5.234107404621669537e-67,1.400963627231883491e-49,7.016906056126048699e-64,1.573999217793424506e-62,8.076877197113408626e-67,9.783069970732116992e-67,8.889201205544407443e-50,3.382840744424829309e-64,1.002055840627072924e-49,5.307499134362145399e-62,2.904082611167757708e-50,6.370694404020140885e-66,8.703035288193675437e-50,3.675550789925590025e-64,1.003642243529058371e-51,6.085621481079195741e-65,5.946152107784151356e-67,5.126432126404832673e-51,3.751490181981672136e-65,3.271320321524927480e-51,3.890322203467473301e-52,6.857368062097306035e-66,2.511561410977784814e-50,7.694657005507341382e-65,2.674412564437063496e-66,2.613777259991914996e-51,5.567907933535701144e-64,1.706255373801048583e-66,6.996863511917909921e-65,4.140775010937036712e-62,2.854463570653383025e-63,9.008975436804990055e-48,7.565779997726711544e-51,2.910179098439014344e-47,1.272895043194585121e-65,2.373951033845255438e-65,4.473260386991070382e-62,3.961804177557546418e-47,1.424266812171558049e-64,1.900605166778459183e-65,2.130472768808449736e-51,2.163008318271930436e-61,1.227333741036374041e-47,1.097576649443070639e-49,9.678772277367619458e-52,2.212156976170188721e-65,2.628783369947893601e-49,1.328713587361864933e-49,3.802633807195640771e-51,1.467279764465648401e-65,1.553828342776830747e-52,4.897426561117861898e-52,8.612802689011775851e-64,7.422895593662345450e-51,7.483821410764053854e-64,7.135558579029453478e-64,1.193503780965989098e-52,1.358615498740444835e-52,1.619265940108916402e-62,9.260951260497398305e-53,9.391323609066643497e-65,6.337761922395370538e-48,3.158146767102723399e-65,1.684912424136920684e-51,3.364352853908783386e-51,7.263171413164559809e-64,5.751058351531988530e-65,2.048441365271605037e-49,4.816648560771359431e-50,1.574949038022757693e-47,2.249962052231444668e-50,4.161312540557389198e-65,2.780525764816766766e-65,5.306081772010416008e-51,3.305701719433284581e-52,3.337228286053417297e-39,3.380062628663514932e-51,1.474625201935113913e-63,1.533391634171628965e-65,8.612179484981294796e-61,8.304438944156467571e-50,4.831914316978229922e-67,9.179369624770648349e-67,7.608147673303927986e-51,1.289046981825020211e-52,3.554887649154848547e-51,1.280934139390127464e-52,2.387140283963414180e-51,1.183983431765411103e-51,1.977196318493298107e-50,1.708519137811657952e-65,2.903814790039086732e-50,2.453238489229774414e-67,2.023752980483354078e-63,9.090184086168966955e-64,8.718719620507594006e-53,1.742402585480978519e-62,2.831680201752527924e-49,2.669224053992866374e-66,1.265842426144410694e-52,9.641025299325531263e-62,4.346023494345815573e-51,5.806860997902596172e-51,3.524361248436810845e-49,1.891717144793498034e-64,7.258710235357002669e-47,1.026143508893603487e-61,4.772518342870836256e-49,2.768268097911880114e-67,3.281006055099604397e-50,6.227031963109107153e-48,2.364752852260614747e-60,1.126925792795820052e-46,2.483135537035974086e-64,5.227141567570780875e-65,2.555848916587826703e-64,3.369135507482742016e-63,7.256113889431994773e-60,9.810844195670940303e-50
1.111882172252281725e-77,2.255758311493586616e-76,1.774396381419752355e-79,1.157042272331260008e-78,3.310592877678199533e-64,4.326647162424868871e-78,2.306157133664750284e-81,1.545450241631061815e-81,3.998685294102944776e-80,1.001353904265012121e-81,2.315504001456790069e-79,9.114881465196080349e-79,6.834268700625349595e-79,9.462411364993639098e-81,5.161749915106419445e-65,7.388600980951542556e-81,4.881068504944562082e-80,2.294053678158682067e-77,5.213786860837928776e-63,6.399763951460328200e-82,3.795938847944923337e-81,1.219723274876982725e-77,2.487394889579209439e-82,2.961761765944916952e-66,7.600031072730103122e-68,3.685175726852984239e-78,1.396160871012070493e-68,1.572457817011283845e-81,6.388530680359607747e-80,9.285356634419381538e-63,3.725301644383500042e-64,2.472123533789595717e-65,1.995723872822784467e-76,5.687802592431343288e-62,8.281865936275884322e-77,3.507698749448317409e-65,1.355774020656979401e-64,6.943965122453872829e-63,2.785677258662612086e-77,1.500173766780232341e-68,2.892120742006126786e-64,7.299624393153052200e-62,3.018378685837307700e-65,4.639808908897459398e-78,1.295395115715609471e-81,2.333155464619307303e-80,6.908041454425888580e-80,8.988911315897433699e-65,1.087401749162823643e-67,4.599370044728423060e-81,1.301011620664466296e-82,2.554299243986117427e-68,9.068259378285208977e-62,4.360573683457426852e-81,1.295726442732752559e-66,1.188922271522306144e-77,3.488128900423476298e-77,7.901633828414329006e-83,1.187954049935034712e-80,1.400764659995713926e-80,1.067245115008533167e-75,1.841224260065242612e-64,2.264746792558553598e-79,1.115761996899172511e-66,1.619704393390315359e-64,6.402335171703852758e-66,2.418922372192599379e-77,3.724717718372437078e-81,6.616039183325194111e-82,3.982437593756326834e-81,1.606501193408713435e-82,4.333474514811157251e-65,1.530213306942831766e-81,6.382449613146128156e-82,4.030346595682628022e-62,2.009438749900931384e-82,1.160194240564602954e-74,3.717409518498500517e-65,7.111474850721919252e-64,2.780676303463305973e-81,1.304683458579681570e-81,1.820611812910874206e-65,1.342490297855170273e-65,5.602193080893034736e-69,1.194718822590173583e-81,5.886737241039703372e-79,3.206378460983847754e-80,7.636835913866431689e-81,1.145697818914563261e-61,4.327691935775271390e-82,1.507101301360336779e-64,3.568288605409271151e-81,3.334099566036748340e-65,6.889880092746482778e-79,5.040465321913963177e-77,9.867168739905010530e-79,1.270164673166125761e-63,8.986823902549737742e-80,2.044064980990507837e-76,1.529719232473177655e-78,3.489194887032891857e-77,1.435591181418510488e-62,3.928210164596586535e-65,1.091571160829388107e-77,5.184676155776139365e-77,5.862072888685818326e-79,2.759320862517510553e-63,1.354429766074304366e-81,1.810558429043464121e-64,2.104900464955365731e-67,1.945427753940161389e-64,1.606660326121221842e-77,1.773239205945416535e-81,4.654364335098658235e-79,3.569590678575138857e-65,3.676536004355325718e-62,3.820006151034418561e-69,8.121610192870186275e-64,8.144751486019399518e-63,3.847834433501263430e-68,6.248575268466399855e-63,2.441098542110636775e-61,6.428589589167941258e-68,3.474410455928372936e-65,3.470661919713293994e-63,0.000000000000000000e+00,3.723603034711325991e-66,2.662163256487756857e-63,1.427257799765893837e-64,4.677693384984653466e-66,7.384041191063778165e-81,1.989756347194458527e-75,5.657773675103372347e-77,1.872439552206702433e-81,6.588675274722241004e-82,3.129488812700537092e-62,4.823134475500316776e-68,2.067148096420048016e-82,7.688051069238303880e-63,4.000456081096370989e-77,5.023129781503483953e-78,2.311684956348073066e-81,3.295899534655881180e-82,1.115631565696179264e-62,4.315018793542592681e-80,1.829591642143159256e-62,8.628084298782016627e-77,1.421524620526823256e-65,1.155330420875579925e-81,3.906526879745104206e-62,6.877905323609525790e-78,1.511716295864414349e-67,1.312580249282169839e-77,1.914764156194066919e-81,2.944188538905273916e-63,5.851969156568761758e-79,7.817451530367036138e-65,9.934450637855726208e-68,3.055833695532930770e-80,1.396912726002809635e-64,6.855639086444886986e-81,2.105268477350155561e-80,2.255122567942419933e-63,1.394829223938334730e-77,3.058237818884032556e-82,1.423939439902927795e-77,2.770881664151643145e-77,1.134524404801655733e-75,6.145851668493371679e-64,1.511010729771987639e-61,2.749936241850710271e-63,2.689956258262416448e-81,5.938324996557072603e-79,4.534642910679593210e-77,2.547834943271124547e-63,1.294824811478585766e-80,6.615422646644407458e-81,1.853744547440756173e-65,9.035650475935291909e-79,8.543268157534193069e-62,2.006060742529808723e-62,1.802190184913348869e-67,2.490799820930191335e-81,2.865781174771616649e-63,3.171303157571470190e-62,2.350476545672674341e-65,7.435240450436226596e-80,4.581672380522229802e-68,2.137185974152720594e-66,1.422040016689511894e-76,1.105497948011352827e-66,1.603538169115108841e-76,4.000000014959191330e-01,2.853480055716421385e-68,3.957755518052062741e-68,4.695466432931539776e-78,3.027066543704972181e-68,1.524235989356320278e-80,1.922432831210600003e-64,4.717275808181904712e-79,2.828893325103922392e-67,3.545355512334857687e-65,4.033859534976049629e-79,8.684555861392352012e-81,3.380295038478940780e-65,1.044366321695187293e-62,2.400695066508005831e-63,2.710301223829569613e-64,6.719822290869269204e-81,5.498168496260234649e-81,3.724832504325128900e-65,1.052870534270688834e-66,1.896042437842715423e-63,7.390911222178306633e-64,3.999999971118772257e-01,2.555487405468368811e-81,1.852757156145770965e-78,1.888220020563245022e-65,1.492608076493966019e-82,2.547552437947794367e-82,6.448422824812393452e-65,3.587761247925633838e-68,3.939157821237442239e-65,4.213092448562177808e-68,2.433916208075427601e-65,8.559558333783085916e-65,4.958881125506725660e-63,3.344995134682834465e-81,7.286411043516255699e-63,6.852676271653826169e-83,1.488372325587741536e-77,5.827688711734310461e-80,3.450610806404703591e-68,2.446097691511906139e-77,1.861113912330755201e-64,1.890283169272560295e-80,4.209464257935731409e-68,4.798929652196072452e-77,4.000428685761442479e-65,8.789270590982132984e-67,3.228200412487374332e-63,6.022373064439352134e-78,9.224252441602550930e-64,2.688807268571130070e-77,1.144981924209832210e-61,1.108220713490510312e-82,1.845536670758242139e-64,6.429704410529025101e-62,2.874458871420620609e-77,4.008160294150269586e-64,7.626096777085360717e-78,1.033667498099142798e-77,6.460353843034841366e-80,1.622202023616964887e-76,4.098164608204456895e-76,5.443738789196715949e-63
6.421732987885635800e-66,1.417275409265840414e-66,2.059081292844250398e-63,3.034495505645271304e-67,9.955244028875637467e-53,3.210758707802624936e-65,1.215371621680213168e-68,5.723633277159608513e-69,6.057820457373246813e-68,4.920246726770998955e-69,7.205173528497527037e-68,1.194044363803306600e-63,5.813117065894759005e-63,3.598164670549131556e-68,7.268593728055244624e-49,1.433379955184918594e-64,5.906209573255644637e-68,3.669038596785572494e-66,1.768431991380254898e-51,3.244346863002573162e-69,1.664278342978987485e-68,2.996611416054212294e-67,1.319635657452244244e-69,1.317829787754115990e-50,2.081630215518863482e-55,2.369308804724733915e-65,3.507950305047798553e-56,9.816536601206607633e-69,5.599879761380510589e-59,2.196225496288494162e-51,1.038906543022532765e-52,6.979716539926051588e-53,3.382718734129291805e-65,8.016014371553687957e-51,7.162456906181249778e-67,3.615224308972379290e-48,7.145860618412272285e-53,6.715723817307964882e-52,5.709824857882775200e-66,3.266485331984461449e-56,3.821226075323269065e-54,3.219906894734187342e-51,1.168546794516146910e-50,2.302499985869148729e-66,6.761791265005019260e-69,4.399565370598126918e-68,1.494201829166845987e-58,4.996001167090503444e-53,6.730749918721226625e-55,2.627018943916700251e-65,8.356331553395843970e-70,1.396587666035633181e-55,8.734554766946283012e-51,2.947980504246237706e-68,8.808562920994679675e-54,7.143638671693121753e-67,4.294212906092047450e-67,4.788615234147171042e-70,4.896821468376068259e-65,3.686670649864400701e-68,1.523384458925767828e-66,3.634906515857093317e-49,9.909534909213681273e-64,9.076701229681867859e-42,1.745969988812627255e-52,2.207298335082733605e-53,7.821308006851243516e-66,1.089871169139744270e-68,3.814002105736087449e-69,1.685881645294823974e-68,1.214393829789767648e-69,2.768392052554323233e-45,7.620619378556040968e-69,3.617311034485647563e-69,3.965361481611795904e-52,1.499474252772138676e-69,8.856882011309571713e-65,7.925032052847615776e-51,1.479408054293568552e-53,1.072628656826812734e-68,4.111322048459898895e-69,9.532783175727514146e-45,4.104205843502141868e-53,2.963663453194732654e-56,5.857383850981301545e-69,2.617102120694863924e-67,6.466709454638456672e-68,7.426808840302189753e-65,4.012070429941898169e-51,2.664502294024828279e-69,5.061673994361668686e-47,1.442477596320529990e-68,7.448175324368061368e-55,1.099463154655540708e-64,1.279273633252161108e-66,1.719574415610963881e-67,1.017745618823847171e-51,7.828608055113843856e-68,1.722377645539824596e-66,1.447077026547083066e-64,7.161999243730439806e-67,2.656029715295656977e-52,2.422705785112350050e-48,2.611539683755738067e-66,6.942613013133194133e-67,1.222145461076747955e-64,6.338904048345086950e-53,5.432378305110243301e-69,3.384658875147442994e-49,9.880501817067061633e-55,2.921366085109971341e-49,3.282153543955880573e-67,1.208716285227488780e-68,1.586202483122043146e-64,1.070857882005863212e-52,4.114729944636107389e-52,2.395702311126487665e-56,6.202275413443170092e-53,1.082356223446241214e-51,2.509609927567471091e-55,9.430648948333226277e-53,6.441293024681760768e-52,3.773704343672665307e-55,4.987041281912547899e-53,5.354062329969568599e-52,3.723603034711325991e-66,0.000000000000000000e+00,6.006616984176418084e-53,5.134923256012306807e-50,1.773458605594019210e-50,2.366856544854804249e-68,1.958808237532502821e-66,7.384822911895187821e-67,5.604644885430866681e-69,3.407710513416357661e-69,3.701542265485540266e-52,3.236262582960320373e-55,1.188484264445040360e-69,8.002960423491159560e-52,2.505041707723761889e-66,3.532545156994691072e-65,2.161483073123145246e-65,2.094105530862253084e-69,6.617798170987416525e-52,1.623799869190073819e-67,4.989775957736378781e-50,8.183862701407029869e-67,1.016494779421368674e-53,6.407385030409886715e-69,1.414571999673383373e-51,1.533133353104222652e-62,6.193864986711207459e-55,3.128347444393021556e-66,1.547951440068091238e-65,1.218989805525596753e-53,1.620150960314945331e-64,5.061529850078461241e-49,6.652798734517156397e-55,7.715135214605412021e-58,7.158899329552614469e-47,2.499689713295121093e-68,1.574699851578555789e-58,1.792211595827439471e-53,2.884584947422009432e-66,2.358700292185064636e-69,2.317021478572365835e-66,7.992882379775267646e-67,2.163653595376013936e-66,1.631683086622447605e-53,3.348274176103407392e-53,7.408358942362387031e-53,9.639347331547014386e-69,1.458953090856412878e-64,5.024312876807089760e-67,1.761695386239980078e-52,3.673282502816624581e-68,2.505080132610599598e-68,1.755902988545783377e-48,1.676307160599524719e-67,4.691276345907563182e-52,3.763250073566340115e-50,7.438102356554602308e-55,1.269963585544034696e-68,3.534876662839210316e-50,1.695601601817084326e-50,5.838308936179240249e-44,2.693220002120155332e-59,2.589081289979371127e-55,1.686848051160156707e-35,7.690529189547678571e-66,6.785287168040661817e-54,3.251488099407927871e-66,2.133042183181093694e-66,1.420570510730821112e-55,2.548023111376335229e-55,3.399123327151259291e-65,1.536060687383301734e-55,3.071859992574907149e-68,7.280426766623233395e-53,1.243609468242897173e-64,1.229999858838853892e-54,5.140841195120804972e-48,9.630172645849819515e-68,4.880269460106258246e-68,7.115168633252485419e-55,1.017900564680122661e-50,8.615077310942004859e-53,2.982656214949989095e-50,2.904584708567200752e-68,2.725621928198359751e-68,3.162711273546812809e-48,8.627021513823898655e-42,4.453021108757296408e-52,1.858026173775736843e-51,4.666196984717604800e-66,1.147944074302382792e-68,3.252774855613493807e-67,8.091020140451517613e-54,1.062767251948876904e-69,1.514666439208241953e-69,2.369783940755732334e-48,8.009027701113183808e-56,5.017928107459704332e-48,2.387766947423971283e-55,2.453566756930133821e-48,8.581583619319244850e-53,1.467666572582298907e-51,1.082728010540108454e-68,1.839289428861782170e-51,5.320698793678692599e-70,3.209453501471218989e-67,5.443166249585390252e-68,1.671014627947076012e-55,4.660052745751559058e-67,2.392816404038585628e-54,1.463925280546795144e-58,2.664589543296936749e-55,6.890308260851165325e-67,2.431994232296980545e-44,3.796293353436595270e-54,2.188130147782590394e-50,8.911987242254861704e-66,9.555251294582829855e-53,7.409015029126363259e-67,5.691726332479326767e-52,6.643584751038862204e-70,3.882459628257409322e-49,3.519360548701048521e-52,2.270534199618577065e-66,4.666542195821885675e-53,7.861512042147258794e-66,3.761334058713507140e-66,2.276063452743752522e-67,1.692909594664554138e-66,1.222779684662886022e-65,8.465804397863443035e-52
1.983618329419371224e-65,2.596951146104005267e-64,2.222667141128379744e-66,1.534639380787395876e-63,7.908112928596424024e-49,7.779160957797127329e-64,6.359863784454505270e-67,3.580240181807031370e-67,1.660700351446508031e-65,2.163723695383785710e-67,1.461653333548687461e-64,8.835056232396200946e-66,8.235059118401732544e-66,3.032926603690481855e-66,6.035778165255071927e-52,1.850486069941213708e-67,3.339930778718151434e-65,1.347061234605521391e-61,1.108555890288206176e-50,1.352913217289617832e-67,1.220632119942979939e-66,2.946324773416709964e-62,4.035958984149318395e-68,7.162574956334640296e-53,2.166729283919937079e-53,5.852066747892364404e-64,4.523316252811931140e-54,5.096147613805895963e-67,1.098905022661488872e-66,1.449940446974964146e-50,9.025656871373317612e-49,5.141270220986260793e-53,1.796638243553636067e-64,6.526315678759876663e-50,1.359190820685424594e-61,5.352244121240406423e-52,2.547149456458456927e-49,1.865504533921976277e-50,2.595004017682561055e-65,5.124349290691507401e-54,8.821536101403391558e-47,7.978565165175413564e-50,1.879650241173521602e-52,2.400791536246489683e-65,3.806089861462183208e-67,1.000219712606125395e-65,1.208994120021242859e-66,9.842374438101550594e-53,2.149026883284417182e-53,1.183121865965362192e-67,2.369235605235859744e-68,5.814084766232820798e-54,8.108875382797344014e-50,7.442607889314637070e-67,3.683377476172743082e-52,1.378908929518921120e-63,9.674387004049045899e-61,1.354014190879107171e-68,2.226074476602041825e-67,5.494333646997862033e-66,4.461086909358536783e-64,1.910626210661944098e-51,2.692985323335579571e-66,2.171706515763054888e-53,7.646192824707848547e-50,1.860495967657077534e-51,2.206672934712516277e-65,1.119857799343708622e-66,1.363151265977501724e-67,1.069924453912856608e-66,3.409720129515724722e-68,6.749731260927130597e-52,4.177503786791943149e-67,1.422805890875757776e-67,3.902096149434631292e-50,4.362401527358068776e-68,3.300809110996344793e-58,2.295462548916348418e-52,4.447868855608201910e-47,7.414131516941175141e-67,2.764984901669858070e-67,3.051020542378890267e-52,3.654587438655843751e-51,1.299827997892569327e-54,3.324819465397246002e-67,3.779202842310135526e-64,1.798025510065620363e-65,1.805996124014950260e-67,8.624002017946204141e-50,7.826821497898436341e-68,2.068897442506622660e-51,8.618181082358579215e-67,1.115363208092638420e-47,4.234570900164834672e-66,1.143775414256212704e-60,5.458630631069724214e-63,2.179676883404409367e-51,8.106899421555126065e-65,2.346648282224973287e-64,8.429831021570758822e-66,1.109410013024813436e-61,3.444085591286623765e-48,4.480339572765784751e-52,3.314583782388645879e-65,4.886116385342944880e-61,4.405992720172694345e-66,1.088509419950257905e-36,2.992475185162655292e-67,2.539969802327104413e-51,4.061777167592358176e-53,1.865050666306022969e-51,3.608162120251823880e-61,3.913732507948071759e-67,3.799775241579908262e-66,5.853225030691722302e-53,9.045319065696169241e-49,9.632273659655720018e-55,1.393750033803752187e-47,2.077692347050838535e-50,8.093601787525848826e-54,9.898836987150085939e-52,8.576434952394689584e-49,1.188245390825333850e-53,1.106932755818185799e-50,9.278259609392421119e-48,2.662163256487756857e-63,6.006616984176418084e-53,0.000000000000000000e+00,1.205281498065782677e-51,1.213070944039072206e-52,2.545266835062568141e-66,1.369850816226833540e-63,1.849727520178528106e-61,4.051985068414109580e-67,1.535811286205813494e-67,2.036766167827738748e-48,9.690409157158428180e-54,3.672699566763558666e-68,1.177267052454330582e-50,5.586183885979816034e-65,8.454381821585236570e-64,5.816680067415654182e-68,6.897999751080858572e-68,8.339231021353780483e-51,1.540388442311288295e-65,2.813797841692727784e-50,2.959745964502733846e-62,6.917316621595101943e-51,2.823124333608615074e-67,1.466853285891138233e-50,6.338849071540718402e-65,4.182991071194012429e-53,2.680722345953927955e-65,5.196194210828874851e-68,5.966390627380561359e-52,4.727306205333139854e-66,7.146344426416126491e-52,1.927569411959874282e-53,6.159428681192951972e-67,2.156853848653307797e-51,2.575448873499716846e-66,3.683085406150113816e-67,4.069880444017122211e-52,3.462740194545675173e-65,7.103112878863847133e-68,3.176539561892366565e-65,9.817392821769730845e-64,4.287376955404007944e-64,4.804761534354830452e-47,1.650129561207063527e-51,9.281251380467719730e-43,7.695893979878062907e-67,3.812296077522591948e-66,1.041713391758053878e-61,6.037457493721788930e-47,5.537235570233052470e-66,1.372436263163870108e-66,3.296763936739015366e-52,5.228205768485549113e-63,3.605061004726747544e-48,2.236158122492543787e-50,5.011408800887743329e-53,7.582653830668610323e-67,1.643837293853535704e-50,4.667118703553951263e-50,4.519315201064156144e-52,1.323796055149006065e-66,9.386114661739448059e-54,4.367207072192784907e-53,1.040811139230878287e-64,2.984079806285166077e-52,8.767532428902057253e-65,2.025466567412143685e-64,6.346915002599261105e-54,8.950896212199878722e-54,7.896176926529409122e-64,6.210638431090727042e-54,5.298355365405223073e-66,3.956289571349979789e-49,3.556517225453328523e-66,7.366478084990292917e-53,5.299820902825715374e-52,3.032750628588098129e-64,2.627532154350166311e-66,6.501481501379911924e-48,1.241936977279733744e-50,8.208815769662318345e-43,1.943132034979544086e-51,1.768413589422799378e-66,1.266521103563351381e-66,5.402447597882579906e-52,2.125460914321410961e-53,6.811290505978371675e-48,1.375852694113447959e-51,3.170249854619201147e-64,6.617652857003670191e-67,1.207015736252610397e-63,1.741467752325662717e-50,2.887015189199278507e-68,5.156521316250096228e-68,8.917598105967700313e-52,1.192075933677854340e-53,5.919461809293990674e-52,8.560946520945168577e-54,3.767831439847286203e-52,1.236470422671448468e-52,6.133058531746437053e-51,9.931861218283758360e-67,8.457713701657288955e-51,1.289232441970576610e-68,3.342643920315320610e-62,4.209980880347149649e-65,7.086193360438460851e-54,3.575384436533148723e-61,4.049425817301613805e-48,3.184561501759291285e-67,7.970001503896359715e-54,2.263233176755940236e-62,7.055298547366830044e-52,2.485481798310086677e-52,1.944688562185412298e-50,1.395395274564744883e-65,9.561710886290230243e-48,3.270978881034181006e-63,4.822335835446537960e-50,1.871765639357559899e-68,2.453108720770495440e-51,2.722979842224563601e-48,1.168498591991748545e-62,3.386314179048836524e-48,1.659206959318960686e-65,2.041305411374062950e-65,1.621541042177130462e-65,2.309909737637230715e-64,1.788392644364115391e-60,7.952042926441231372e-51
9.642171743665529192e-64,6.362855272705710276e-65,1.566043165061572680e-61,4.361762884020172086e-66,1.409896476128689869e-51,2.800199260072523428e-64,9.967028374865935695e-68,4.015972476435426168e-68,6.187561680611049889e-67,3.937502360506563179e-68,9.417392754165592045e-67,8.625967833440435403e-58,1.030312614125536420e-60,3.973483788014779863e-67,4.658724111119943053e-48,3.113164066261104513e-65,5.909362731539960604e-67,7.418194657529800816e-65,2.142069799676825196e-49,2.373691005766799366e-68,1.325027708641689583e-67,5.684049759288119483e-66,1.016361149586086306e-68,3.712169098934828231e-51,2.027488109946470832e-54,1.860489704524840052e-64,3.952700832876545252e-55,8.314756822902793703e-68,1.295979599797371160e-63,1.134302498536092171e-49,1.380585422693064443e-51,1.130976400536223017e-50,2.203459295063683751e-63,5.598194033045808363e-49,1.610327961525566414e-65,1.722097606727702513e-48,1.045600417593502318e-51,1.860265716255761744e-50,5.596928856564652812e-64,3.453694500990029458e-55,1.027012157400797543e-52,2.016326480932464383e-49,1.813534947807376274e-47,7.918774722352148094e-65,6.240024647443328203e-68,4.322323041745691924e-67,1.362247906146357964e-63,7.070163999653091745e-51,5.953976697451094884e-54,8.224086218923163008e-66,6.635067029059477257e-69,1.156353497323643282e-54,4.563013653829052382e-49,2.680647956776153940e-67,5.715616290038653463e-53,1.452024461784710861e-65,8.488634332868681868e-66,3.698790849750571071e-69,1.706387002695762251e-65,3.926205608087845685e-67,4.185384789843706716e-65,1.202962408137692759e-45,7.559059553717798681e-61,1.911092741389804285e-50,1.746064486012625731e-51,2.509850467914090204e-52,5.784389179856900685e-64,1.079205501402787122e-67,3.264333480263615111e-68,1.199065407396442111e-67,1.093808719568323007e-68,7.714913799585237534e-49,5.407732990300495869e-68,2.700533292807259884e-68,1.989442112730517400e-50,1.142223817807248276e-68,2.024163074067150124e-63,2.097929966216987279e-47,3.430382496452589436e-52,1.062471420623759426e-67,3.810065248239619781e-68,3.499119931650502434e-49,4.229972181643664001e-52,2.309091438704198276e-55,4.897757132242665794e-68,4.642819613698912666e-66,6.623214729712091139e-67,1.758501032231481311e-65,1.851469776649900199e-49,1.943634955415700499e-68,8.954206229965714313e-48,1.015954069856094629e-67,2.263935174497855537e-53,3.662018235897736370e-61,3.176608895089914746e-65,2.598877388003730842e-66,2.970514100754799359e-50,9.507519233751868343e-67,6.387254129368155868e-65,4.045532575977556192e-58,1.891761867544552399e-65,6.694909304012125190e-51,1.914077095161328606e-48,1.237943862493052612e-64,2.305735232404230106e-65,8.267845909378372946e-58,1.755540011934459730e-51,4.058206465374102889e-68,1.672533952236812542e-45,9.216323496411602895e-54,1.820744730538695131e-45,1.120983241845657444e-65,9.131658093733726448e-68,3.918195123384401235e-58,1.383546763281124216e-50,7.186708562981294999e-51,2.046592834589546913e-55,1.146027637022000442e-51,7.177932301925452120e-50,1.930787175692434753e-54,4.148701329778642936e-51,1.652791912470239479e-50,3.771609726996989514e-54,5.209413515227096537e-52,1.323357267025613264e-50,1.427257799765893837e-64,5.134923256012306807e-50,1.205281498065782677e-51,0.000000000000000000e+00,6.693277382143380858e-51,2.806116664080281311e-67,8.691405815680930606e-65,1.889347006245225241e-65,5.438842973922580230e-68,3.020066073496131780e-68,1.115943306047743115e-50,2.494780998007931207e-54,1.221578524012996763e-68,2.882087168352125308e-50,1.901035783463739980e-64,2.809620729573656348e-64,7.303423594028221148e-66,1.758808077861883777e-68,5.509483709290581962e-50,1.757987346879408914e-66,2.214330065867341930e-48,2.605325631763305863e-65,1.170988332251620606e-52,5.323415276102570348e-68,1.497724194284613619e-49,1.917084269172764648e-59,6.181266224272028725e-54,8.725331293033838032e-65,4.930599137325100396e-66,7.009956601810621140e-52,2.350464997975438031e-58,3.297492071765018894e-48,5.517690939356711234e-54,3.356186633412660165e-64,8.148771146697572756e-48,2.967400615779725481e-67,1.787863107555762251e-64,9.194716281244344860e-52,1.358854037007354103e-64,1.805891227755843146e-68,7.442952658631938916e-65,2.534004549675208920e-65,7.890503648163000790e-65,5.687105064259737679e-52,1.554497736001497661e-51,1.540400317152534611e-51,1.052719073282813231e-67,1.096572503328024504e-60,1.180595877821182420e-65,3.196769993876294756e-51,2.965789319879322931e-67,2.246894019920383787e-67,1.447644852953787225e-49,3.131109911129819850e-66,1.303380761859326084e-50,8.148374542094663347e-48,6.054103581753387861e-54,1.019193053994221522e-67,9.719350135009429822e-48,5.229602102687362206e-49,2.698022508880818686e-49,3.247991788411396317e-63,2.448219799631952467e-54,3.559720519937967295e-50,5.161680816059388510e-64,5.647974421326956711e-53,1.954290104999459781e-64,1.173262874043520545e-64,1.402381981235702108e-54,2.047087794900395274e-54,2.987162227063059565e-64,1.297334190144109154e-54,4.034729189243516650e-67,9.371099198578401236e-52,4.988187220309383685e-58,1.472173416995472671e-53,3.548690102691375012e-49,1.565682660513348221e-66,4.995489528945958285e-67,1.313802867618275091e-53,6.274262261471900501e-49,1.436683660993826931e-51,2.886027190624538020e-37,2.286038468630095190e-67,2.400107292053231154e-67,5.116983810297079525e-48,1.393941608193827727e-50,7.581014715371386513e-51,3.946376571667193923e-50,2.396732283552320799e-64,1.354638737520466075e-67,5.340593006092292495e-66,1.035534772779854003e-52,8.076720575951150490e-69,1.201730963177750821e-68,1.741436613323746169e-47,8.688589254429313095e-55,3.039730637215885816e-49,1.941637746034662154e-54,1.828597603899088762e-49,9.969343548557699680e-51,7.609759971428670962e-50,1.235275256164094352e-67,1.449893370880009504e-49,4.851860612892981874e-69,7.140456278728021248e-66,6.384718075179076353e-67,1.267775620208164704e-54,1.523619740698068960e-65,5.489437285370134011e-53,1.766482614763488298e-64,2.410713375496999945e-54,2.038341488248921484e-65,3.850207447115218688e-49,4.109687771278321516e-53,6.113194494069696455e-48,1.370582598930513581e-63,1.665179491819575479e-51,1.886293483494667334e-65,3.336225765918894859e-50,5.287632406416097412e-69,2.251548335657614424e-45,7.235949988396597817e-51,5.289643348295609854e-65,9.449980487357147964e-52,1.069925088420853242e-63,1.642940942053916042e-64,2.317728597369986418e-66,4.394126834857088983e-65,3.447164972640938865e-64,8.406905153214738647e-50
4.096207044933974149e-66,1.264030498048111640e-66,3.709515761885570976e-65,3.926642063373682114e-67,1.975063163827096190e-52,1.247289435904955773e-64,2.860419192887625563e-68,2.303722009967521615e-68,1.504939784229273457e-67,1.877487299913195777e-68,2.478363102835112490e-67,9.494678871584331198e-65,1.876528598511234748e-64,1.266850524340141669e-67,2.406544091103966229e-50,1.048763497653259903e-62,1.325148524746681338e-67,7.964844880405430262e-66,1.207680037175766395e-51,1.316042939544801261e-68,5.063244288777714865e-68,7.853225661838558512e-67,5.460433182482559406e-69,5.251417747275762305e-39,7.550907634225508215e-55,9.157395024101765086e-65,1.225092253232975295e-55,2.555298651971537520e-68,1.932690375044101538e-64,1.267015568860602785e-51,2.732089360212430891e-52,2.949180159727255929e-53,2.358448361663021515e-65,5.616926326048564337e-51,1.122509517201967015e-66,4.544284301342637888e-50,1.654812207379396164e-52,4.698977215005158565e-52,3.847094520943538205e-66,1.269795544814916344e-55,6.366898327428702745e-54,4.033965955153029762e-51,1.700685838095247632e-51,1.301970000187359072e-66,2.428392733402268514e-68,1.441723255264018769e-67,1.618959624014193412e-64,3.058238271597873581e-53,2.607782878607781465e-54,2.526506550479258991e-60,3.301569834375647020e-69,5.453654254698685131e-55,6.235181620952234264e-51,1.243642551076244959e-67,2.360253549372211630e-53,7.413431250533875420e-67,8.050051484990292086e-67,2.169087776633296103e-69,4.060012186309828425e-60,1.095761361831762613e-67,1.714526854467211845e-66,1.986885869516824231e-50,3.125389357020298460e-65,1.275737545827639391e-50,6.725926971444260229e-52,7.472511455315621801e-53,4.254807933499639352e-66,4.878497050285163980e-68,1.203686506376043707e-68,4.296410475613658231e-68,4.638400494878305884e-69,1.451365355666924585e-49,2.347953824921465703e-68,1.227759343976333062e-68,3.581830418439940670e-52,4.942276499719594273e-69,1.436880059554156996e-64,1.275080219089829484e-51,2.176227302492882415e-53,3.781449425495627967e-68,2.129250017869191459e-68,9.862638619243950085e-50,1.260717623103416867e-52,1.096270334756133274e-55,2.053122841816852899e-68,1.009058583631155870e-66,1.416347196175001490e-67,2.294260438089775697e-60,4.233487859704588200e-51,9.676725828675035822e-69,1.189454911689566895e-49,4.027326255368147927e-68,1.248054290115486298e-54,2.030700858084410559e-65,3.093877653197755410e-66,3.143091804833357267e-67,1.081175954134349916e-51,1.557786185501968769e-67,1.571954659272212047e-66,2.032158614127914409e-65,1.592508239060011568e-66,3.177635382807874368e-52,3.511762162995232607e-50,1.786738680600249633e-66,1.214792439954853638e-66,1.582456111304245700e-65,1.177509563905153262e-52,2.055019552552261873e-68,2.138615092581429648e-50,5.158374606571459158e-54,2.005201389770968187e-50,6.736806804067731939e-67,4.360359335016106357e-68,2.133990592773900731e-65,4.309627796564460227e-53,4.646960417512200668e-52,7.929679962379974602e-56,1.012784376247071875e-52,8.190176837539731081e-52,9.835854551535233945e-55,6.513835205589837794e-53,7.059416384282418171e-52,1.828948581459938441e-54,1.931337499092501588e-52,7.903760394585822834e-52,4.677693384984653466e-66,1.773458605594019210e-50,1.213070944039072206e-52,6.693277382143380858e-51,0.000000000000000000e+00,6.827106295818644755e-68,2.053029394442546220e-66,1.084571898330651604e-66,2.649093006615006988e-68,1.462866102632377455e-68,3.869352769415926289e-52,1.335374792273410369e-54,5.760305456645948908e-69,4.982675337879493544e-52,2.285969676733623169e-66,1.367941598253282567e-64,5.836418430805740391e-63,7.873460843739788982e-69,4.448870295360104063e-52,4.987294383730637363e-67,3.224626508938483002e-50,1.136053011282471431e-66,4.206768613212969834e-53,2.495251739472729634e-68,1.238926288200067692e-51,1.063440274607302916e-63,2.208240047436631103e-54,4.489840998608205130e-66,1.280723411172913269e-62,1.157253404761316588e-53,2.078075093378464016e-65,3.232915689264570096e-50,2.431738922438316348e-54,7.951285944328477956e-64,1.174590557472808007e-49,6.676296312100981661e-68,2.756287233091128710e-64,1.374862531340304385e-53,1.816281105974573282e-66,7.108003150420601398e-69,3.742718913537615538e-66,7.848991538800345866e-67,2.005933085259423157e-66,2.667308507100707303e-53,3.126348326254656219e-53,1.237077635136827212e-52,3.810251714467780864e-68,2.176698167423553138e-65,7.282587803357126975e-67,4.234299104041707786e-52,8.885688839374166349e-68,1.014082138064162187e-67,9.178096809801408438e-49,2.810045195178930939e-67,5.696784500307271975e-52,1.806709141110534709e-50,2.573466049898954796e-54,3.402361547314517501e-68,1.369793104549123812e-50,1.588325782724601757e-50,3.321903931519243970e-49,1.578088648872023744e-64,1.031772052810200362e-54,1.356480591919135551e-50,6.743606475171448006e-66,2.077616228069305728e-53,2.918223920737927843e-66,2.392968502520735374e-66,6.603971749439687258e-55,9.225491401041687975e-55,1.365213111942177771e-64,6.755301625143963696e-55,8.536574761296482484e-68,1.686812009652929889e-52,1.476354735702930506e-65,4.207034145752862641e-54,2.591858957670105828e-49,3.227589160166610923e-67,1.603531474193461317e-67,1.229391282378665061e-54,6.929621834616016201e-51,1.785793092266621230e-52,6.133515683334435153e-51,9.408498911425522061e-68,8.322760077131239666e-68,3.344439196793609205e-50,1.608790912297432583e-50,6.980403840723361673e-52,2.294453045256102771e-51,5.219380652903319229e-66,5.083404576350093018e-68,3.662644251497245222e-67,2.510273623226599608e-53,3.664490750069301520e-69,6.030958399038118413e-69,3.542301903806473593e-50,3.118560514502215595e-55,3.137217944428446980e-49,9.642600822538843703e-55,4.073410759172990763e-49,3.987992375875819538e-53,1.441766207080463756e-51,4.369312600935638149e-68,1.688702375839141278e-51,2.017808531513884433e-69,7.317339719185396882e-67,1.126661651103727887e-67,6.716119340445126127e-55,8.919920016865431097e-67,3.877804394882323928e-54,2.908014850558689544e-64,1.236365507329300247e-54,8.795726504187457277e-67,6.075276551282456104e-49,1.328779016755079603e-53,1.068421279181733525e-50,4.065891427185170761e-66,1.715925617846249997e-52,8.139771185164678764e-67,4.689741806125669301e-52,2.835376959579002716e-69,3.025173398146421804e-50,4.726184526971561777e-52,2.635580666700583330e-66,7.901678342346521705e-53,4.048045523284404398e-66,5.786706398396985920e-66,8.633335246599505345e-67,1.431226884525461924e-66,1.772154638263244350e-65,6.329595168077422484e-52
1.347734710637319489e-81,3.702582801475495457e-81,6.182232505302120082e-82,3.491744525778487069e-80,8.410576480530178798e-65,3.033994360165493191e-77,3.074523418244572482e-78,4.000981474127594478e-79,4.436144034346271951e-77,4.186262647345266738e-80,2.565207844090309019e-80,1.871583534763392818e-81,1.919807118525735231e-81,7.048966440611750481e-77,1.309956828325586892e-67,1.296703428329797564e-82,8.549547145334394782e-79,1.259667647224292641e-78,7.177814727031096100e-67,2.474296480843262901e-80,1.270175139394526615e-77,4.979295927122331142e-81,1.895557696423555448e-81,4.528778968110784641e-68,1.635587676303499124e-63,1.793932325376870303e-77,2.603768191527997327e-64,2.229333086701559974e-78,4.247432112593732079e-82,8.749173687960691488e-67,6.453250920845640093e-65,4.267773414793134739e-69,8.995355797201215761e-81,3.418990559010181738e-66,8.232893057890061480e-81,1.403177185882277111e-67,1.486677605023227022e-64,6.902725257930870003e-67,1.430197652748687476e-81,1.472891231247170836e-64,6.869542488087477419e-68,2.041113022278519042e-66,2.925273851864001460e-68,1.847690514466990515e-81,8.493304765024125874e-79,1.212642502590431891e-76,5.235449233972298907e-82,6.112696892337050204e-69,1.589014984426120321e-66,6.035009673902123834e-83,9.333151164641398206e-82,7.729326931771991690e-67,3.514779283473792973e-66,3.014427514139960737e-80,6.266366070166303644e-64,1.060934404967416111e-80,7.603431573679901668e-81,4.581451779295854253e-82,9.011109929970684729e-83,2.786321850310156407e-76,3.363362041349776725e-81,3.819067590005812839e-67,7.413414661138881488e-82,1.021280793460783556e-68,1.315057287332117592e-62,1.026050314908121771e-61,1.543278673222398848e-81,1.262874890391471017e-77,4.603505358081924828e-80,4.736942134130868706e-78,1.873022166643307834e-81,2.145285835546710912e-67,1.031366502544041397e-78,4.375573897711426269e-80,8.448333488315404029e-67,4.273497993552181187e-81,6.477495795222622301e-79,3.060306319097959333e-68,4.548168349386810125e-67,7.912976929493540760e-78,1.370940596785234074e-79,1.210277945161043060e-67,4.349299762278427222e-61,6.245951426304891234e-67,7.150750778171443832e-79,1.764808873304655707e-79,2.402526980145959338e-77,1.058273510945372910e-82,2.038655813269679427e-66,6.224641582230073231e-81,6.026700028080368377e-67,4.883863528780438211e-78,2.736171395700276943e-68,5.933401837800181416e-82,5.840399464955996817e-80,4.873869896405994652e-80,1.265823852479730322e-67,3.422838400290834877e-79,4.125638177145064556e-81,1.189005670354352919e-81,9.070324739519220208e-81,4.150520690675083884e-66,1.205709121549327326e-67,2.085784559482621330e-81,7.771086720336981768e-81,7.182127218873460592e-82,2.860271275660419204e-66,3.420128238614302330e-79,8.124378224017094341e-67,2.118796025369513692e-66,3.828533019822363428e-67,8.224319928756877898e-81,3.982678373388883108e-80,6.523379322732223049e-82,5.046848676384233540e-69,2.836040180474760244e-66,4.033997678022402189e-67,6.599035540098031321e-66,1.364232655724486693e-66,7.167416839750881714e-67,3.729478092443122714e-68,2.516146094520200425e-66,5.303200942709187078e-67,3.258922605323196442e-62,5.892022926062200695e-65,7.384041191063778165e-81,2.366856544854804249e-68,2.545266835062568141e-66,2.806116664080281311e-67,6.827106295818644755e-68,0.000000000000000000e+00,5.900875013501785934e-81,1.236686647883830810e-80,3.042446882590376917e-79,2.581988335077649621e-80,3.095306422523574994e-66,5.098400779082435881e-67,1.327019934801258268e-81,5.169419896499705751e-67,2.031962930448179593e-81,3.013808757230957419e-77,4.707818259413305269e-83,4.670991788902937122e-81,3.495683276159704987e-67,3.999999969029502944e-01,2.144480758679808457e-66,7.235770188603342473e-81,3.637162116068363314e-65,8.365648305439317486e-80,5.796573324117319365e-67,1.138662767445354450e-80,2.567271157352144795e-64,1.126922724445946836e-81,4.139788819080847903e-83,1.400767105218174741e-68,7.106294183070741129e-82,1.618133326086691477e-67,1.241597860930826656e-66,3.268027353238991294e-82,6.865415555336519614e-67,4.000000060035654448e-01,1.655890299134212759e-82,1.100477820088780093e-68,1.987030300898860681e-81,9.203379645945170679e-81,1.158209576117288850e-81,7.503426575334832411e-81,4.829620790829597671e-81,5.759203546223588005e-67,2.827983658192945973e-68,4.121273720856382079e-66,9.928746213667910344e-78,5.955153468132911270e-82,7.104852644996929752e-81,2.657151964677390257e-65,8.400901512053471194e-77,1.288023952878305711e-78,1.226155806148311819e-67,6.087434863265398359e-80,2.715525866295485370e-66,1.619833224959801551e-66,3.590419392107306861e-64,3.988180029988884542e-78,2.509991266746832690e-66,2.265716684423654765e-66,1.870846821882768958e-67,4.938490317791301914e-82,8.783276358830678835e-67,1.781586732003053088e-68,3.615555451170371702e-81,3.685738725457619904e-64,2.300210433653837707e-81,2.376799431163912210e-81,9.545753156205453178e-67,7.484884817289094793e-67,3.089186259321394201e-77,7.487954281510315550e-67,1.312098502264257995e-76,8.072633482243869405e-65,5.772398000788091385e-82,5.847001796203424390e-64,1.844120687214268787e-67,2.468307854366317917e-80,8.685459136799831802e-78,2.341769180623194443e-68,9.090878934814559075e-67,6.211380980174673829e-66,3.012237548617901695e-67,7.792054475157110436e-78,3.331743368737238038e-78,1.586935116151074771e-67,1.270116637669381979e-68,1.017155657325451623e-64,1.104502729894845233e-67,4.830652785194272092e-81,8.763400120932504889e-79,1.529410172944657200e-80,9.215637887183872418e-66,1.525311290405571190e-81,3.829983517792249410e-81,2.539368034937117968e-67,2.343754445275196160e-64,1.964724041731679815e-67,7.557636559954105015e-67,1.412185537868158683e-67,9.313023480347011117e-69,2.986859847026880143e-67,1.849132707847119102e-77,3.919172100401836981e-67,5.243977938684453014e-82,4.845063673951343067e-81,4.995804338584382004e-79,8.778810996614535685e-67,8.193583206659376851e-81,3.890338963011795733e-68,1.494913599718491617e-82,3.368941981924125368e-67,8.664393577310220236e-81,3.107287879354341642e-67,2.927217518698768253e-63,2.429906770786687020e-66,1.105523669191154340e-81,1.679824386394842409e-65,8.778036190492825706e-81,1.025342069397615638e-66,7.457301014767367868e-82,6.399527403701754516e-67,2.585159689557057039e-66,7.260228229617185211e-80,8.672777522449821377e-66,1.517316317127260609e-81,1.004139447776181660e-81,1.280151553074156374e-76,4.002451868868186608e-81,3.006208250290886336e-79,4.061978737225213587e-67
5.733492812764473203e-78,5.783793917134032693e-75,1.039158607455449710e-79,2.774641242606981262e-78,2.402668166334167921e-64,3.145264037469725850e-78,1.822991650175976658e-81,8.277723280874527252e-82,2.460169009848018274e-80,6.138462189506488872e-82,8.259983093044425660e-80,4.640274655959949553e-79,3.436459189392417040e-79,6.935656758653640312e-81,1.983294770658581486e-65,4.466757105619494711e-81,3.294923205842079654e-80,1.524925273349057716e-77,4.542829282434898581e-63,3.882536313127767610e-82,2.837618900016454522e-81,2.171455662895585938e-78,1.353363609093163074e-82,1.249966555847817798e-66,4.573720551963125124e-68,2.236397258002120539e-78,9.057364404527846605e-69,1.534837305371713247e-81,3.289187223800673642e-80,1.734372448217527012e-62,2.185824171871979030e-64,1.143228096840815774e-65,9.970327703162314134e-77,6.055806321683914723e-62,9.417584303743987833e-77,1.719213204623915867e-65,1.080469369787482500e-64,3.031534061321080582e-62,1.269245273216945878e-77,8.373200799692678233e-69,1.658196233233101156e-64,7.177364171543245425e-63,8.541889232403217814e-66,2.085345676216525777e-77,9.818512533719518955e-82,1.540756436498678777e-80,4.263042267041504114e-80,2.536066038082851760e-65,7.700387595473055973e-68,2.076871838069369782e-81,8.516017551418658810e-83,1.625550754853432604e-68,8.553774036290232999e-62,3.049294221843842422e-81,1.033722217588766914e-66,5.815449945512212217e-77,1.113219728160029533e-77,4.786226060527246588e-83,4.233321920719822703e-81,1.014969765028107912e-80,4.000000008814159069e-01,9.468933663048910078e-65,1.397977107721011381e-79,6.628346290331884200e-67,7.496009091414896311e-65,4.538760787234616202e-66,1.355671423381057888e-77,2.029429406566555306e-81,4.765484406916071760e-82,2.810718739513112154e-81,1.251721954523083959e-82,1.888366119870004012e-65,1.039238998859470291e-81,3.924057038307872997e-82,6.227016438131507845e-61,1.522705283216718636e-82,4.851019773636163499e-75,1.167802207775328976e-65,8.617050401343889320e-64,1.856637534662826863e-81,6.207404495183268336e-82,9.770447680377491846e-66,8.643903341432035203e-66,3.567227917559498326e-69,8.029344127063382919e-82,2.619158554859020893e-79,2.779595495590944766e-80,3.746855365243810161e-81,1.213587281525491638e-62,2.736505049517633734e-82,7.564938103461286234e-65,2.194891682714827021e-81,3.257234344319413366e-65,2.339707606272346047e-79,1.480228282155036491e-77,8.510572456522802676e-79,1.133005021254235026e-64,6.950240950100436651e-80,3.721359385955590538e-75,6.608716031956036013e-79,8.773743799425853003e-78,5.405321093731570582e-62,1.616171437294038492e-65,3.214754135419518222e-77,1.869419947591497615e-77,2.999444438732784843e-79,1.576189246710995750e-63,7.747460015313540262e-82,1.582335328789813308e-64,1.142792822427246752e-67,9.223140555685530442e-65,6.604321107544872112e-78,1.239279771062626213e-81,2.241500826815705578e-79,1.259496778055904914e-65,1.903905554047900953e-61,2.959645446665930338e-69,8.274243512057444321e-64,2.354071090684159390e-62,2.721243419235761897e-68,2.206763397879564391e-63,1.809356838488238060e-60,4.323818970261495885e-68,1.622092398696307234e-65,6.786065548835042755e-63,1.989756347194458527e-75,1.958808237532502821e-66,1.369850816226833540e-63,8.691405815680930606e-65,2.053029394442546220e-66,5.900875013501785934e-81,0.000000000000000000e+00,7.605284631449083933e-77,8.971351797008902106e-82,4.354935989292321144e-82,1.107600628287210993e-61,3.243632701132480277e-68,1.340662896151245551e-82,2.018524220202706263e-62,2.970741866001800991e-77,3.383136808817718916e-78,1.346116148108157673e-81,2.366401479712338010e-82,5.724741603355117619e-63,3.531458981496492753e-80,1.914089847126310469e-63,1.503164385541552864e-76,4.928656264028633116e-66,7.584259356089298122e-82,6.230052050515173796e-63,2.472552453240616280e-78,9.955484390788881875e-68,1.101011643601916681e-78,1.105952432308570288e-81,2.485479535610513645e-63,2.721512534571836850e-79,2.652814843524305305e-65,7.085460100835240880e-68,1.663406687659566253e-80,8.019781701722257201e-65,6.181276441101850697e-81,1.064459755375918693e-80,2.173380087635875378e-63,4.103204663089319872e-77,2.465117676870230349e-82,1.101662424823769550e-78,1.867951112709272160e-76,3.999999987556818182e-01,8.211085028257123719e-64,1.051173340890481016e-62,1.965781998850289829e-63,1.779497726811390548e-81,2.147286610114494534e-79,6.087777468412872401e-77,1.276352135783248799e-63,9.513863828950547388e-81,3.569633206828400899e-81,8.007365626314025460e-66,9.564831447867361369e-79,2.036532262215092014e-61,2.907109101603190511e-63,1.187877451112934302e-67,2.066103505266970617e-81,2.408622560548417908e-63,3.053879371171067471e-63,1.151131688404866054e-65,4.707513311824639014e-80,3.078764068545494498e-68,1.241300773560332126e-66,5.137475653081073579e-77,9.347686109908466429e-67,6.482313774680855672e-77,3.927897042993892657e-76,1.784687964532265565e-68,2.876609960177697593e-68,3.263037324217294589e-78,1.860507980117189246e-68,1.058455432039974213e-80,1.290466419829867815e-64,2.442950258315107983e-79,2.152395991660436622e-67,1.493052566933871742e-65,1.652158042322304471e-79,7.696817565590976118e-81,2.991088808096712036e-65,1.185921694142251164e-63,1.131213015949840059e-63,1.415497668485968434e-64,4.044206603775741721e-81,4.078223535957665505e-81,2.039499092884701694e-65,6.678853767308699307e-67,3.160412431279286345e-63,5.643113434969231491e-65,4.917323319023006797e-76,1.820822302674162244e-81,5.262469997186966896e-78,9.046549065479452743e-66,1.112920712246679394e-82,1.662876713429245227e-82,3.588986561423215367e-65,2.119125262920643413e-68,1.423738415799080920e-65,2.614471678169285133e-68,1.035005888418468624e-65,4.710761078181180046e-65,4.485041088768073029e-64,2.112816865919176165e-81,7.656088184715457160e-64,5.356295392868708561e-83,2.814497942974364102e-78,4.009989678055458457e-80,1.894845295899784003e-68,9.123559362104086953e-78,1.616253027191363526e-64,9.446168680102377130e-81,2.825947149182169112e-68,1.209569131274239621e-76,1.946797020702846297e-65,6.751979137124170197e-67,3.050311385453306591e-63,3.865769180317855048e-78,7.568135942685574112e-64,1.125773669378794851e-76,9.040220556992727643e-61,6.899520575634138008e-83,1.326239710279520824e-64,2.000491945754289505e-61,1.159436623298447372e-76,3.959338669724931089e-64,5.875188858433273080e-78,8.701762056481152634e-79,3.898661268611012299e-80,5.812129085982895615e-75,9.306200808408428823e-76,3.799378755873376861e-63
4.492607533663366354e-79,1.341670382999730126e-77,3.580666614869744288e-80,2.660682124230889875e-77,1.359457055971414516e-63,4.514997363851163397e-78,3.635136086046953243e-81,1.530370864664036007e-81,6.175081925647272103e-80,1.047555929969604044e-81,2.322453527753341935e-79,1.343014418476484882e-79,1.132388157249814547e-79,1.254459875715171489e-80,7.161931970355671463e-66,2.127146596993131212e-81,1.141450794950033231e-79,1.287833508557803134e-76,2.699728560508872922e-64,6.703668767265193790e-82,5.752597505946735747e-81,1.457981202444753168e-77,2.086894696003960417e-82,7.378773401329158348e-67,8.074466494594665173e-68,3.116612602858751220e-78,1.752143783230482805e-68,2.876514353633034074e-81,1.416652386551951770e-80,5.426262406824953222e-64,1.272445674387771667e-63,1.046641711598071988e-66,4.714366718852471116e-78,2.055339105333408394e-63,3.999999986557938869e-01,6.086367081722957663e-66,5.508686482270190548e-64,7.661337461837046985e-64,6.687414690848454474e-79,1.871505882608554127e-68,9.527142174606552490e-62,1.156592410160495174e-63,2.320425256789057022e-66,1.076984707649736372e-78,2.068323539187383223e-81,3.435019810670597831e-80,1.771053063697125005e-80,1.791172286888432934e-66,1.083091089291650208e-67,1.151047823143745090e-81,1.207987937830812303e-82,2.651881269961828423e-68,2.619701201541225672e-63,4.053236617390885770e-81,2.153509088013864025e-66,1.912129488269414242e-76,3.712256687882641641e-76,7.121099689327730692e-83,1.823907095998005702e-81,2.015607689899903234e-80,2.334692739400320602e-77,2.732113722453036415e-65,4.856367123074066483e-80,2.991833689426733828e-67,1.710805798155343759e-64,7.570097837802079726e-66,6.619444435830356545e-79,4.320659618657848733e-81,7.202290473368372101e-82,5.099377443989508999e-81,1.766965036008649197e-82,8.586521621530014417e-66,2.026622162548052740e-81,7.323694171311323618e-82,1.783594122143433769e-63,2.839686230836732616e-82,5.661322226206063042e-73,3.091816730354983784e-66,1.169782545489194593e-60,2.934640010834116990e-81,9.978209103725240604e-82,3.997582097515482796e-66,1.499897691533475412e-65,6.653503289337657693e-69,1.623385168549347132e-81,6.493935409171431177e-79,7.851636263999083778e-80,2.047629238589283193e-81,1.353065129846040907e-63,4.395572070639253488e-82,2.867473683760658516e-65,3.899755567168801556e-81,2.498297556131168675e-62,5.855541212843077514e-80,2.364927854376079347e-76,7.927167693624253806e-78,2.425699896608720009e-65,2.799008871954818410e-79,1.138926649163572217e-77,1.466209559495941806e-79,6.762873933190370396e-77,9.194700140757556110e-61,5.451489493342988801e-66,1.269054676255169536e-78,2.830313753507199070e-76,7.041687070163420997e-80,2.126369342920659437e-61,1.400853359885747863e-81,5.127235124579431180e-65,1.780276216281035741e-67,2.792732161181285003e-65,1.287563343679185149e-76,2.323015325933881787e-81,5.806221564948698493e-80,1.245592521068454359e-66,1.999046684851533910e-61,5.068318487961961547e-69,2.373550401034620760e-62,8.173611445667936867e-64,4.276509038972550340e-68,3.331171269773701211e-65,1.276824774206753644e-61,6.164401545593110865e-68,3.302369246909424277e-65,1.073029207651127279e-61,5.657773675103372347e-77,7.384822911895187821e-67,1.849727520178528106e-61,1.889347006245225241e-65,1.084571898330651604e-66,1.236686647883830810e-80,7.605284631449083933e-77,0.000000000000000000e+00,1.485085244813133674e-81,6.937066200244069269e-82,8.327872367902915144e-61,4.903633490673267119e-68,1.762524355611639012e-82,4.724533718293246876e-64,1.609554605958596938e-78,4.669185926767796054e-78,7.005209498951281997e-82,3.345427897047976684e-82,2.118780442989603766e-64,7.038194757300480471e-80,3.429975233957217915e-64,1.390151892092687171e-73,1.345588489667273438e-65,1.380689867823581748e-81,2.837421324677056771e-64,8.076242749014996444e-79,1.900922503704052666e-67,2.964422848942334479e-79,6.217472969948962708e-82,1.991768142402482521e-65,8.010848925680347707e-80,7.905890429947551875e-66,1.109307131746017629e-67,8.014328103920607573e-81,3.091356078022559423e-65,1.236934014435404003e-80,4.650376315377764250e-81,1.430755717629672749e-65,1.313937429081506513e-78,4.160546673879042585e-82,3.208108501858800419e-79,1.859797658079878917e-76,2.237009595569200171e-77,1.065629444346513124e-60,5.219457966761311911e-65,3.772245803789663192e-61,3.248336423712311642e-81,5.197767759367600124e-80,3.999999996201609176e-01,2.221066175519157664e-62,2.414959652306562670e-80,6.271533677156600066e-81,3.131728221008353390e-66,1.007394549808978531e-77,1.873759393736488004e-60,3.921845566642378467e-64,2.113840479095700449e-67,3.779076726693911857e-81,3.609010346568043783e-64,6.107346345289979352e-64,5.305530355133742156e-66,1.867404942160463236e-80,4.471698267871469527e-68,5.693062207307014230e-67,2.633318207956586100e-78,1.664081586843493794e-66,2.379804319927136292e-78,4.660654001487629159e-78,2.972659826437641778e-68,4.425897760521997081e-68,4.336344500623126386e-78,2.916550502132419674e-68,1.904654606193018381e-80,7.144027776213457267e-64,5.771230805826719900e-80,3.332518817925250858e-67,5.594564194740588668e-66,5.021017756638491752e-79,1.305587174137194521e-80,4.106948525087221643e-62,1.915450024468709604e-64,7.423921891972077656e-62,3.072850299364855982e-65,8.527122071089151209e-81,5.906291331729008722e-81,6.914323543182970523e-66,2.794986147058498682e-67,4.197752043303539120e-62,1.415999714891309405e-65,7.488468486967646642e-78,2.820956990606038611e-81,3.787089626030405077e-77,3.234414970002270635e-65,1.553189446271701471e-82,2.689651102787547786e-82,1.191837919622693711e-65,3.788663396008897090e-68,6.695000209860883982e-66,4.568480028605301025e-68,4.025000558475758243e-66,3.076243270391188347e-66,7.217597060517854027e-65,4.054270956790766288e-81,1.145227287636267945e-64,7.202061742581551696e-83,1.805205075843912458e-77,1.329254820698722075e-79,3.252085377348593787e-68,1.816827023340349139e-76,1.489995641521106534e-60,3.772621599563633930e-81,4.376504308527532518e-68,9.103026953946239456e-74,8.074423694204338909e-66,1.126098441790216506e-66,4.331591232897930032e-64,3.329696036832552286e-79,1.152326214811635593e-62,6.956859339730447327e-76,1.926184405177146280e-63,9.879334132784434991e-83,3.886975307130966662e-65,6.874047122095386757e-61,7.906270339953024019e-76,7.032422516594624558e-63,4.101520118566498682e-79,2.050455360814960202e-79,6.947004284871041884e-80,1.302328721653971505e-77,1.263531146182402896e-70,1.888446477097939790e-64
2.231906275459260633e-82,4.300422765172706124e-82,9.930107635328584173e-83,1.798418449756350847e-81,7.961402090083432049e-66,9.107985322453831326e-77,2.094704212444951816e-79,6.021084323700476373e-77,1.383578988531873668e-79,7.503725630315962986e-79,8.874427730327199307e-81,4.039754407856451215e-82,4.121343206833858305e-82,5.799820482316124258e-78,3.967756176600747300e-68,2.426412106319506143e-83,1.880202107585713001e-80,1.739459526312975521e-79,9.705224906544456984e-68,4.172980588636065660e-79,7.552140736155905072e-79,1.768859800376229426e-81,1.579546767535821048e-80,1.821077739134297423e-68,2.348138955545780301e-65,8.298435234641398155e-77,1.321604741385935858e-66,2.041774366657529286e-79,9.075843086627318103e-83,1.043941361512307331e-67,6.977883485410292148e-66,7.634136417515399726e-70,1.284261761836298269e-81,4.214625476495522958e-67,1.172622315268511350e-81,3.846242854428193095e-68,8.715763860220950971e-66,7.174217222189227814e-68,2.351239704460073958e-82,1.205024099851149307e-66,1.193485674763448669e-68,6.246030025748814516e-67,8.122371567984048726e-69,1.417410348209798776e-82,4.240026542892341647e-78,2.167352533894586602e-79,9.244892256410305124e-83,1.334499785536272490e-69,1.032421874690716102e-65,2.062046443732877258e-83,4.418846322936923570e-81,1.042866266775767556e-65,4.875889474569036131e-67,1.262444323662846602e-79,6.303704513629353353e-64,8.447640492839479102e-82,1.649411704515362675e-81,1.978157016195264153e-81,5.830228958137769488e-83,3.574751749635894898e-79,5.089477552889732337e-82,7.221032246536476634e-68,1.147989101925301749e-82,2.340170494269958943e-69,4.009332028507216542e-64,3.155074220050837539e-63,2.182262451959400297e-82,7.135502559008732893e-78,3.367195650793518106e-79,6.740586284251714313e-79,8.888815147714875765e-81,5.818269657392511022e-68,2.499971287527831978e-78,3.987010006716822551e-79,9.686331669016375721e-68,1.555554436970980133e-80,1.550296663796096052e-79,8.085923279367490922e-69,5.290863468660661451e-68,6.268833398746947367e-78,4.000000033030074453e-01,3.047674621596432110e-68,4.459166175352166857e-63,6.497747824655855887e-66,2.810676682883192643e-78,5.698430480876909778e-80,5.486309041163094274e-80,3.150626828261182564e-83,5.324655851752852746e-67,4.135602959233203744e-80,1.261235815918172437e-67,1.353635753967854054e-78,3.374657814497810277e-69,1.727767344111643511e-82,1.390914387006284669e-80,4.413115515494267701e-81,5.076836429310891765e-68,1.073706155671469596e-80,4.494968942539728024e-82,2.070226204415531923e-82,2.302795573996583429e-81,4.649861123464872638e-67,3.778132216022709507e-68,1.828193773813865774e-82,1.771678080353029059e-81,1.315329437562010054e-82,4.403386797017927680e-67,4.784728390119481524e-77,8.897408362652236610e-68,2.742555123778600884e-65,7.330027696687525307e-68,1.661977241171763668e-81,2.153584407704068675e-79,1.190519888948407805e-82,8.130051832305479648e-70,3.623761762507218046e-67,2.188812267921061974e-66,7.543824575012569526e-67,1.142044717968707859e-67,5.090690768250103548e-66,5.799600604465753469e-69,4.185657668112692723e-67,3.227289914207108697e-66,7.958340929725519417e-64,3.521950040904164546e-66,1.872439552206702433e-81,5.604644885430866681e-69,4.051985068414109580e-67,5.438842973922580230e-68,2.649093006615006988e-68,3.042446882590376917e-79,8.971351797008902106e-82,1.485085244813133674e-81,0.000000000000000000e+00,5.125078386903370675e-79,3.585153135829817032e-67,3.021474638385688693e-66,9.324413174727264154e-81,6.436292058143340349e-68,2.644724532774339388e-82,1.112171883876089514e-76,9.800270124343231732e-84,3.634821592702233302e-80,5.500222617234350947e-68,6.046773716113236614e-78,7.278614015517540217e-67,9.082320573401656632e-82,1.206266117441570662e-65,8.916522987413490888e-79,1.164939932583636837e-67,3.140541980356147258e-81,3.232733747061182717e-64,3.996879411563731566e-82,9.628454296911415937e-84,1.920531677700071325e-69,1.434088579410681965e-82,6.831132000325777245e-68,6.576272300734122634e-66,6.937628988954223693e-83,1.070962524613498564e-67,2.050009270628196614e-79,3.750956573289414019e-83,1.841190385874271932e-69,2.099087491030670531e-82,3.192797996277678780e-80,4.482254436567893516e-82,5.714879428810815518e-82,7.372543209090894892e-82,6.010691154953101432e-68,5.513506070379564917e-69,5.556175043025671350e-67,4.939603746426528745e-78,1.767587128988874547e-82,9.621436015779031901e-82,4.413869332478147853e-66,1.126340409412559267e-79,3.999999982321895131e-01,5.121577364945447379e-68,4.806343305139923750e-81,3.966046741519850164e-67,3.725468751757024027e-67,2.938211671766813532e-64,3.089075276070122136e-79,3.352311381765939157e-67,6.808884181906961806e-67,4.995855263024750094e-68,9.370148304978640274e-83,8.589519994059227514e-66,3.358279947408467890e-69,5.831646795760710303e-82,1.372486022697220609e-63,3.641779623738552878e-82,4.986942243520715404e-82,1.553469098705129699e-65,5.436221382204017609e-66,9.036352579803316047e-77,1.184705005338599141e-65,1.710220529278379572e-79,6.357408258401254497e-66,1.189851818675242170e-82,6.657684029516724796e-64,6.754095689231475816e-68,7.557082769299863416e-81,1.513078855208390876e-77,3.295890535010479126e-69,2.536135101620467694e-67,1.133176540955972543e-66,5.400601580488468347e-68,8.122770769441934096e-78,1.610965852857342440e-77,3.734877921244361943e-68,1.816621304996476600e-69,5.189902026780881895e-66,5.033488099561571714e-68,8.994944161404583493e-82,8.249320058872398675e-77,1.050264641468998290e-81,1.878478487419238105e-66,6.788854101790875247e-81,2.615458876698415143e-80,5.248826532356807649e-68,2.709530334538442827e-66,7.671659233019037960e-68,7.154956756825225170e-66,5.348784201341131020e-68,1.433335443312245370e-69,9.750948004656205287e-68,3.052818958912205218e-78,1.130175196835949480e-67,1.662095736090778650e-81,1.652700341710535051e-81,1.709994788453495158e-80,1.916861833048088951e-65,1.557300940386937256e-81,5.541741383418508905e-69,3.401004108825071134e-83,2.017713850532746485e-66,9.912738519957205243e-82,8.101588241425284332e-68,1.363761204573768999e-63,3.596082233659706627e-67,1.775782421789340795e-82,2.111268570697798593e-66,8.483168515896393109e-82,1.348433970789143934e-67,4.344864730336563238e-81,1.092258294379527003e-67,3.522229364625720541e-67,5.008641539617908546e-81,7.488780807621563205e-67,1.946077998610699795e-82,4.149137548422349693e-82,2.267954437366827853e-76,4.471705971247779430e-82,2.801855508943845164e-80,5.460007475228134546e-68
1.280829519178463755e-82,2.611887104151707764e-82,6.398180962016052812e-83,1.320839549185698378e-81,2.202861701989909182e-66,7.426010782051636047e-76,5.286612188432698391e-80,1.166556461704262983e-78,1.600984776177675150e-80,3.999999992820377770e-01,1.620186288523609700e-81,2.283046322618481330e-82,2.441993718748063873e-82,2.717237294656392097e-79,1.931875176322037493e-68,1.857978224857094753e-83,5.286810799072930998e-81,5.310546811205186879e-80,6.219524607760815109e-68,4.000000001535685135e-01,9.851034195549987918e-80,4.817322726411252623e-82,2.480080441981572213e-79,9.890884469026798952e-69,6.836517930322478010e-67,5.326457179278812567e-76,6.686351092540265673e-68,7.654571830285761461e-80,5.518587358041375184e-83,6.446921728461980204e-68,2.145279784644349443e-66,4.379467204825335046e-70,8.006388658767063144e-82,2.714479899781736565e-67,4.988690058943081331e-82,2.122589676122150930e-68,2.666614546089081441e-66,4.519390533644927781e-68,1.236896792553754410e-82,5.687424571503518849e-68,4.622290212336315995e-69,2.117091919083474699e-67,3.719542562338296872e-69,1.153772804338602115e-82,9.091107622169208218e-79,2.199243941873307335e-80,5.877678509330333745e-83,6.706000740648348058e-70,5.031186233269944555e-64,1.156040296401978040e-83,4.799736057671122087e-80,2.071638382194545937e-59,2.892178107196721716e-67,9.995266705548172971e-79,5.748045299691331155e-64,5.375094559903947978e-82,5.887308383747624597e-82,1.412380734549403452e-80,2.259402625877290509e-83,2.827895176273032210e-80,2.269904874202739410e-82,4.662039803652302312e-68,7.291824541284581526e-83,1.397610591324824519e-69,4.158383610800418647e-65,1.173847966879662706e-64,1.229138517840111303e-82,1.603355267558818553e-79,5.484080304507676380e-77,1.050453690575777435e-79,1.749675896246041581e-79,3.194986592247647442e-68,4.066013948628812815e-79,7.045979634086624974e-77,5.420345920725515355e-68,1.200657150037488135e-78,5.175275644239906765e-80,3.680317131292515922e-69,2.436478752842268663e-68,1.849735493059905289e-79,1.079101928201829751e-78,1.740727517153689613e-68,1.607852332048848253e-64,2.333431509300499952e-64,5.785605508253659955e-79,1.066423859087209823e-80,1.232023456879675104e-80,1.702863466223921753e-83,2.040015293066411506e-67,2.099554499470237912e-78,7.704373309634672099e-68,1.564701228085215294e-79,1.401530171833508413e-69,7.462772339287689759e-83,4.050528322770055404e-81,1.746871875774372421e-81,1.722119886111112690e-68,3.840816957122791684e-81,2.682141313867783037e-82,1.239344558827341841e-82,8.306183570092221699e-82,2.342894128228101017e-67,1.907605808784929014e-68,1.274239581898937496e-82,5.894216131021490230e-82,7.734436180223474116e-83,1.655027096632882775e-67,1.198904304096932691e-78,7.637868184425855269e-68,9.055872409769089188e-64,4.555868963011107676e-68,5.559920432377156595e-82,1.516296732687912779e-77,7.475672987158432646e-83,4.965564049020269348e-70,1.807272574033749340e-67,2.293473282320926784e-64,2.860893795824524389e-67,8.561580875043165464e-68,4.041020504118038487e-64,3.006906698220996038e-69,1.875442576417448625e-67,3.349546659957327750e-65,3.405734190331404100e-65,2.375693294720537218e-66,6.588675274722241004e-82,3.407710513416357661e-69,1.535811286205813494e-67,3.020066073496131780e-68,1.462866102632377455e-68,2.581988335077649621e-80,4.354935989292321144e-82,6.937066200244069269e-82,5.125078386903370675e-79,0.000000000000000000e+00,1.879525822827940801e-67,6.537918761992451007e-65,7.206380995918260283e-80,3.520633244010518870e-68,1.740282459232622736e-82,7.858773157968070036e-76,6.989898864995465348e-84,1.628941574085845277e-78,2.929884064724638825e-68,4.008144219872653251e-79,2.826907229138047421e-67,4.670987775482429491e-82,1.400587808305959667e-66,1.389884477386405941e-76,5.194908333002969694e-68,1.530968448933213548e-81,1.951308570280286914e-65,1.419993117213864091e-82,6.777689130019294757e-84,1.077920650743168421e-69,8.719355126516820923e-83,2.775038298805080152e-68,2.169927486735919955e-64,4.568057018384838118e-83,8.192350130267678995e-68,2.418821381746160927e-80,2.205145739535282555e-83,8.964022796012861137e-70,1.369403943191255537e-82,3.059526196531124914e-78,1.493234062089259157e-82,3.850519555601103037e-82,3.374086793508238430e-82,3.288267751242339436e-68,2.462665375664708916e-69,2.121198757932527029e-67,1.688378670317863994e-79,7.552985810084738162e-83,4.438154340750864586e-82,1.284761627352054903e-66,1.831447417240345566e-80,5.551464574714605073e-78,2.517460716539162007e-68,1.883086240500815538e-81,1.914966024114260403e-67,1.782418941038608852e-67,1.611747764029028519e-65,7.289942792080300704e-80,2.306166913337180449e-67,2.751860949675938592e-67,2.802666006489181177e-68,6.229764738407160278e-83,7.616260030196903359e-64,2.211085250144961029e-69,3.319662001087243160e-82,1.837076071689225319e-63,2.100567523189675781e-82,2.227818852996613768e-82,4.209247159266314742e-59,3.131591421217826684e-64,7.101555618021092061e-76,2.000941638899476932e-59,1.530883201698763787e-80,1.906742945938906278e-66,6.255943347336973043e-83,3.832524328859219872e-65,3.097081172228061366e-68,1.661922776297329473e-81,2.742328316292630634e-78,1.358337721989263051e-69,1.019018116952639270e-67,3.537691529996939086e-67,3.384347654180695631e-68,9.108339444661355583e-79,2.607622001917036894e-78,2.141550063428824130e-68,1.531770291348304513e-69,3.217133914089992731e-66,1.723477179888465470e-68,4.337433199785822452e-82,6.496061289925747744e-78,6.996925796021528983e-82,3.808742045432229239e-67,1.382020252917512945e-79,1.417121124870444658e-78,3.298852424712141377e-68,1.239140919671406666e-67,3.406602371428521342e-68,5.106556174239660153e-64,2.441616195303498711e-68,7.810627879231299919e-70,3.475211077395012424e-68,9.393693711092005739e-80,4.254491022869593618e-68,1.503049523534347173e-80,4.681988466651356976e-82,4.219024902706240176e-81,4.764015349400602419e-59,5.865199297937045452e-82,2.557269194121454538e-69,2.116498792586346131e-83,2.086582958537392575e-65,5.364008270226545735e-82,4.134109672629654104e-68,7.643492425367233030e-65,2.520415282940610983e-67,1.116424708006484976e-82,7.008232498308639674e-67,5.232148860095311329e-82,6.892143732010388314e-68,4.183072462622648453e-80,7.285571158988765231e-68,1.563054995654756924e-67,3.157998631241323157e-81,3.029962372341564652e-67,1.283750932577532832e-82,1.408324541936884804e-82,6.024727321994289581e-78,2.680132445628817456e-82,1.634989737260750118e-80,3.744214353914069044e-68
3.367863579252245407e-64,2.167425512987113251e-62,1.875307620510272811e-65,1.124676405725816893e-62,2.024967177229817181e-49,1.499193734814344563e-63,1.147845390616721807e-66,4.010188179653507947e-67,1.536684773644573264e-65,3.141150880087827653e-67,3.393909447043295309e-65,6.604281349268772848e-65,5.236254915943998143e-65,3.444046797214308344e-66,2.914531538152314238e-51,9.333170809563778048e-67,2.697982587511588351e-65,1.357568428709830949e-62,2.465040858817088865e-49,1.816413779026357501e-67,1.557874581712369263e-66,8.328810396809247353e-64,6.136633891775941061e-68,2.559914473224117043e-52,2.056714903006833464e-53,1.093054345634402413e-63,4.329577831353056300e-54,9.048105646769476143e-67,5.954303743576914683e-66,5.942788768681816443e-49,1.648436100165345737e-49,8.317759344361127865e-52,3.861536843672820604e-63,2.020217889654113129e-48,4.879859387789990522e-61,2.422976412263402321e-51,9.016843267443769049e-50,1.141231868636589366e-48,5.360642025325674193e-64,3.967329133523836005e-54,3.517844297661528540e-49,4.537501247610901288e-49,1.206072925139410307e-51,1.546767987422444397e-63,4.854494669209318285e-67,7.467693524608825874e-66,9.467092206992369551e-66,1.220891143073431407e-51,3.444082307318773846e-53,4.277556603843285880e-67,3.874806732566377594e-68,7.580483320718610541e-54,2.786068038003740461e-48,1.305671791585976021e-66,6.435247460748836786e-52,1.277687235265071402e-59,9.926586927698954518e-63,2.158199070085369406e-68,7.051744990606516180e-67,5.284419703178091993e-66,3.253374666090443380e-62,1.437227203535218640e-50,2.893959279391008937e-65,1.355142401181542056e-52,3.466305761960947384e-50,2.274386987624553034e-51,6.092576577224094732e-64,9.665919723538481555e-67,2.637067365313163307e-67,1.687605962998842919e-66,5.677389727473574273e-68,3.165700829538267850e-51,5.684843230942251758e-67,2.334999180228834469e-67,2.437087188628888355e-48,8.293850740094832372e-68,4.729172356438069209e-60,1.378292377279456519e-51,3.905268463178881475e-48,8.872549702532469686e-67,2.617516115452488977e-67,1.751373753599157794e-51,4.649615969144980460e-51,1.998481298989164134e-54,4.448224470385346400e-67,1.060526909991866262e-64,1.964217934589488424e-65,7.490862532568250586e-67,6.345376465346372170e-49,1.420140053086634665e-67,1.481203027467427530e-50,1.249665512327635281e-66,8.705723023828313706e-50,2.495964652814264915e-65,8.349855474997124513e-63,9.973095492794501670e-64,9.406567706121566883e-51,6.939054476326928393e-65,1.586101552729024855e-62,9.653006959838031105e-65,3.648346749771121927e-63,5.016443821627939737e-37,2.468893697408422932e-51,1.641966256645132045e-63,1.141775481292014144e-62,4.355765597559525106e-65,2.450031904287862418e-48,3.795075744724850640e-67,3.019367444975960075e-50,4.838323888200604054e-53,1.367225929776129396e-50,4.118875389015785122e-63,6.210520158453971566e-67,2.844304917008052433e-65,9.072109662836501013e-52,5.140910820300414277e-43,1.521456124409046760e-54,1.563878376153447393e-48,9.428068080509117099e-49,1.292485061062577178e-53,3.145900920780165449e-50,1.143805507997343236e-44,1.779618176444769029e-53,6.734512858043463368e-51,2.163098148228318644e-47,3.129488812700537092e-62,3.701542265485540266e-52,2.036766167827738748e-48,1.115943306047743115e-50,3.869352769415926289e-52,3.095306422523574994e-66,1.107600628287210993e-61,8.327872367902915144e-61,3.585153135829817032e-67,1.879525822827940801e-67,0.000000000000000000e+00,1.561787427805091146e-53,5.568804861669066996e-68,6.387239343022411259e-49,1.284666505832965583e-63,1.534375796482757707e-63,3.051711564012842011e-67,1.079217606567955407e-67,2.304530162673015610e-49,1.739908279456497732e-65,1.665342258448414201e-49,3.600104000339975070e-60,2.319783460772271130e-51,4.062108841443932456e-67,1.824380860083224519e-49,3.587746973633077472e-64,5.589636130422976529e-53,9.535427068093382306e-65,2.598186401295527513e-67,2.013458916651405116e-50,3.609316169238244467e-65,3.021489075617431506e-51,3.399972458707982905e-53,3.537406083669837593e-66,1.563000665964232959e-50,3.461213364729416250e-66,2.092198014829278857e-66,1.531837658874712205e-50,1.761524181859344806e-63,1.327028203303900023e-67,9.609144955787217815e-65,1.842809001057309010e-59,3.592049302713097055e-62,3.867796548092541915e-48,5.106990302360219577e-50,4.647441608712887736e-48,8.208695472416408013e-67,2.460426513047779523e-65,5.198889694442505112e-61,1.106208002101781208e-48,6.430908187010221728e-66,1.698899359350058590e-66,1.236605686334676679e-51,1.314933866056944293e-63,4.579804532228564826e-43,1.912751027384746518e-49,6.190926940619096776e-53,1.192179942048206004e-66,2.265427507558247678e-49,2.547517563894708780e-49,2.441495705942571017e-51,9.000384655840611116e-66,1.475516162804585800e-53,2.524989886775091892e-52,1.946773100060436735e-63,4.834446455964352965e-52,1.909028978864601068e-63,3.932253452872348828e-63,8.409360040962508082e-54,1.268729388527330803e-53,1.516896763393788122e-63,8.430123722588637925e-54,5.387970957480601067e-66,1.136495554916451576e-49,3.404037237800518095e-65,1.015203046947522176e-52,2.310103340526491202e-51,7.073526110519767122e-65,3.732635402401002218e-66,1.189893063476711954e-49,9.008723904018036138e-50,1.365105526830140135e-48,1.787204660428727214e-50,2.573333426950886820e-66,1.919004885201262533e-66,3.393506105946953687e-51,1.563934938324032448e-52,7.271269587672697204e-48,4.979863125993247961e-51,5.703160764264663716e-63,8.373213484040277544e-67,2.949827163459646543e-62,4.751626970714286832e-51,4.995865367054857618e-68,8.431612948341374400e-68,5.588277065736346069e-51,9.285468871027764740e-54,2.359227581713665800e-51,1.221599855342274005e-53,1.630605866851646538e-51,2.611259431196698681e-51,3.367583945085094120e-50,1.033785340020964464e-66,5.263994442882719022e-50,2.375395534713117840e-68,1.161897752450105062e-63,3.230183719815443014e-65,9.251801358431914310e-54,7.272979610071880857e-63,7.419608921543397940e-49,1.726802210296523921e-66,1.224692132758685703e-53,7.290780367329777612e-60,3.076233769655678109e-51,3.132059236492270292e-52,2.883730228031567859e-49,2.931520675387733048e-64,9.699882033878949192e-49,4.222957801374808294e-59,2.590299850763189370e-48,3.024384276098705423e-68,2.068753630262048121e-50,4.340068977358147568e-44,2.948376910882396818e-60,7.174899434660401217e-49,4.116673052622393267e-64,6.295854651340345560e-65,1.916494955718678778e-65,2.614748233086806969e-62,2.807174967682039390e-59,1.619509235971838096e-49
1.021451973955229729e-68,2.008126245425831593e-68,6.584289430034313055e-69,1.036497083045776386e-67,1.189880476231412111e-52,9.011214857693895874e-60,8.902430223774340716e-67,4.818912979824991493e-66,4.602685540065676817e-67,6.622781387510665736e-65,7.163400409008018790e-68,2.024590922118950867e-68,2.208936042074512675e-68,2.993617925768076747e-66,1.594315170221722049e-54,1.859392114150935632e-69,1.981433081333910561e-67,2.864322768665211197e-66,5.283604011944561545e-54,5.743011001984027777e-65,1.248352547611163018e-66,2.760036395542626288e-68,2.073881290621902577e-57,9.089540445303732476e-55,9.960702580307510658e-54,6.257977803526255102e-60,1.167322197385376548e-54,1.319747948528298782e-66,5.341464595981898370e-69,5.609124297351808451e-54,1.073144752032418837e-52,4.095872926087599791e-56,6.565361686664813597e-68,2.308090018365846506e-53,3.927484077454235710e-68,1.800142017254631066e-54,1.318001881305933685e-52,4.599847086421474155e-54,1.018493266207899139e-68,9.990240693696174484e-55,3.103401048282987857e-55,1.563903428052142469e-53,3.257241187251393674e-55,1.209757538063096629e-68,5.342798887654687981e-66,5.144055420834685250e-67,6.669882486994417587e-69,5.307021445741914010e-56,1.587667356304556045e-48,1.143035607465993559e-69,3.728155227870157631e-63,6.551644633214734601e-51,2.493803187439990903e-53,4.640866430601966558e-62,6.044698986668415570e-51,4.747475453898478123e-68,3.785888631648182112e-68,2.194984897156449044e-64,1.948320200217839794e-69,5.573605670246724623e-67,1.946807992452952112e-68,4.065871133800517322e-54,7.406746201844513842e-69,1.319720678963168588e-55,1.148200915014849397e-51,1.489660250538731894e-51,1.062725369163280754e-68,1.468588972134389003e-66,3.337082216395249195e-65,1.563928835479303682e-66,2.365479715889744183e-57,2.697581658482526565e-54,3.430574766011117514e-66,2.738237480283290849e-65,4.405180211770002949e-54,1.542539540156328253e-63,3.826195380968725670e-66,3.216395849310909160e-55,1.696968248237226126e-54,1.839952471992292940e-66,5.660011050263028166e-66,1.633694564936802190e-54,2.325659840243433041e-51,1.192622359365926954e-52,4.023051732975177704e-66,4.335630138353446181e-67,4.023698662707457283e-67,1.707014385279864629e-69,1.606074772001799245e-53,3.550681623539539117e-63,7.636140101531748782e-54,1.803673484690723366e-66,9.416226586858086083e-56,6.248351252254707683e-69,2.310312936063487162e-67,1.084573989944181163e-67,1.401489556756238562e-54,1.812130598696522703e-67,2.119520363837425898e-68,1.101960200381595418e-68,4.731380241017316261e-68,1.846959174389203807e-53,1.662944429928345610e-54,1.224525736168019590e-68,4.226246568338979965e-68,6.799797686913521641e-69,1.108719226544298203e-53,5.078700349636603642e-66,7.548592005713572556e-54,8.362330523636390579e-48,3.852754308727194704e-54,3.388003317078641911e-68,1.025042054059549306e-62,6.240921430694329872e-69,4.180450435627347818e-56,1.545543415733933689e-53,1.509023657669467747e-52,1.915765780432499156e-53,7.545985587276487407e-54,1.856513285419651357e-49,2.686125299341718826e-55,1.467769284889143325e-53,5.148063650444410681e-48,8.300016496208856066e-52,1.656271928976263265e-52,4.823134475500316776e-68,3.236262582960320373e-55,9.690409157158428180e-54,2.494780998007931207e-54,1.335374792273410369e-54,5.098400779082435881e-67,3.243632701132480277e-68,4.903633490673267119e-68,3.021474638385688693e-66,6.537918761992451007e-65,1.561787427805091146e-53,0.000000000000000000e+00,6.045864470728753290e-63,3.520280342480513096e-54,1.373018295412935791e-68,8.761269380429252257e-60,7.403700549894818130e-70,3.942634583711673823e-63,2.776966240669217873e-54,6.893019259627924571e-66,2.324698948037129673e-53,3.362367007980292310e-68,4.719347094898698656e-53,4.705840725031128463e-65,4.572229462219284081e-54,1.379429351475885935e-67,1.646208806905771667e-52,1.018050396015845211e-68,6.768699097529942247e-70,8.334980324024371771e-56,7.081581490363618377e-69,2.202579494417435725e-54,4.339435781443514873e-37,4.799183806005339946e-69,7.962230268768856473e-54,4.887690912131168213e-67,2.176220972497740578e-69,7.463054540584280528e-56,1.246431286279055023e-68,7.208496838899789166e-64,1.119700881759362295e-68,3.196209809576044279e-68,2.705387025377793459e-68,2.032315843297727402e-54,2.057229412495064974e-55,1.431651749363488180e-53,1.554533923355200994e-66,6.453216083928252622e-69,3.108423611039783112e-68,7.521595176947286557e-53,4.500429797606470760e-67,2.635960484545145052e-65,2.091393530994651829e-54,1.137515999977485062e-67,1.417220485994214428e-53,1.412436213006372558e-53,1.595559331678121909e-52,1.045825930172366915e-66,1.845418205938139702e-53,2.099419587694173845e-53,2.787611518034808879e-54,5.688828653668447167e-69,1.345322004354449810e-49,2.371374114837080177e-55,2.641162652287699477e-68,9.529382849239951122e-51,1.721962184646368176e-68,1.616716262986453041e-68,6.174935155629370928e-51,1.876244820785978353e-49,8.286210461070457921e-60,9.373953292994798995e-51,3.307501369046207422e-67,9.512682368740236777e-53,5.898048233112021774e-69,3.165582220963885683e-52,2.851381905701781165e-54,8.408024473206957415e-68,2.634588914549785484e-65,1.014189664187054742e-55,8.609951455573374120e-54,2.188432150968223484e-53,2.957884440554121702e-54,6.992005203588857967e-66,1.724345215400116123e-65,1.947465974341893602e-54,1.573862237758026700e-55,2.131754883544009901e-52,1.375912908410333671e-54,3.178061807658168369e-68,2.185210981141086390e-65,5.437819876404128456e-68,1.584729175041729663e-53,1.886328791406066331e-57,2.464422028372040730e-63,2.709091399035465283e-54,2.075696775821507030e-54,3.105411721718583418e-54,1.284563171112563871e-49,2.225260492454878700e-54,7.240903667074149239e-56,2.966811359755900594e-54,1.094575387364728932e-66,3.449948568318626469e-54,2.426873008952904207e-64,2.795257044739340596e-68,1.753446523113659981e-67,5.430131850003544002e-51,3.835060554058741650e-68,1.926832064520950499e-55,1.973922030986911440e-69,2.316065543769806621e-48,4.000587255740139146e-68,3.962919487422280205e-54,7.389706421967405747e-52,2.028334091853065346e-53,9.748781961104142962e-69,4.197553083763386418e-53,4.084198198565220931e-68,5.799318013902931284e-54,3.610571204948689140e-63,6.420866341487287048e-54,1.344512775499088921e-53,2.629405045729755723e-67,1.908162606306394869e-53,1.102813867342084999e-68,9.925492013884319670e-69,4.825955070966693650e-65,2.379443559824987003e-68,1.192260355786732918e-66,2.753249684762489604e-54
4.449907548896870100e-83,6.943707439968179832e-83,2.196872953565148520e-83,2.598155818607011517e-82,4.206774060365191167e-67,6.972749712053884275e-73,1.626264438841878636e-81,9.355937117375566457e-81,1.315352127259331873e-81,7.083064154908222842e-80,3.230275268999360727e-82,8.516248976227504269e-83,8.997499061747323187e-83,7.999473828504629429e-81,6.910582526755402756e-69,7.288872572598246794e-84,5.082994768965947922e-82,1.204874933221947448e-80,2.167430647917012043e-68,5.633686653019613464e-80,2.486021753673064079e-81,1.282301177757984808e-82,3.267722761766948960e-77,3.863306077654497444e-69,3.146515974971799092e-68,5.663614827671996050e-73,3.402568075189687276e-69,2.334269934505041732e-81,2.033552014009574754e-83,1.972912167722944096e-68,3.551334481444216180e-67,1.658989295155440409e-70,2.437247010696296328e-82,8.696520697896290225e-68,1.366504283952173217e-82,8.001682938953836681e-69,4.150601504662600763e-67,1.377478566040286933e-68,3.962628389787509847e-83,2.970288761353935593e-69,1.235806626258381976e-69,6.953864943174901535e-68,1.272924891842405559e-69,3.715152976411794901e-83,1.025277516327478270e-80,1.378828226293866613e-81,2.353815690985550428e-83,2.413441306037193064e-70,4.602575161311064652e-64,4.811964007698877233e-84,3.999999984395353758e-01,5.065607185387665025e-66,8.404928871162255073e-68,1.106653641106105854e-72,7.678732722331519093e-66,1.396214689528088271e-82,1.433834720150256975e-82,2.009095316232059889e-77,9.998531633052002366e-84,1.542769796050173703e-81,6.835699791570504906e-83,1.528253929934644498e-68,2.797996336221344647e-83,5.676042340457326367e-70,4.085462090792329474e-66,4.051238588765744126e-66,4.017457228639999245e-83,4.283153784467147993e-81,3.579196683403327533e-80,2.992237261696875673e-81,5.123289187281934074e-77,1.107382434217543435e-68,6.124092614726345174e-81,2.883924023062235717e-80,1.720005667968237337e-68,3.857627516054980065e-79,1.622744434389545576e-80,1.330904344267628649e-69,6.263540827175575501e-69,5.113527113337225535e-81,1.485045500372794082e-80,7.292152508326917292e-69,6.613694206931153890e-66,1.536270717237877837e-67,7.009026215166691352e-81,2.246682795015182366e-81,9.573110615750374119e-82,7.024078834982902726e-84,6.788612108968990118e-68,9.691865810935541609e-79,2.877697620000121765e-68,3.419319269894112166e-81,3.931993887664657896e-70,2.865053014007116509e-83,1.112394015072608171e-81,3.435153156002264346e-82,6.105299178738049453e-69,4.854642186860473998e-82,7.293916192493892367e-83,3.827516604297413166e-83,1.979211213834337804e-82,6.416601159233393532e-68,7.624019152488897341e-69,3.957711934668047120e-83,2.102471206741197492e-82,2.697459438422599555e-83,4.750883308784493536e-68,1.023982366236926674e-80,2.852470430146591599e-68,2.269384449806948579e-63,1.400735917000112021e-68,1.662660136538994204e-82,2.603908754658831276e-78,2.482303636098671353e-83,1.500152067847945479e-70,4.654805964059503236e-68,1.680938799782955111e-67,6.219595293216039274e-68,2.496469447586985230e-68,5.096726167608150634e-65,9.105282760238432841e-70,5.353370890489705418e-68,9.492172808214407760e-58,3.401959091951425723e-66,5.234107404621669537e-67,2.067148096420048016e-82,1.188484264445040360e-69,3.672699566763558666e-68,1.221578524012996763e-68,5.760305456645948908e-69,1.327019934801258268e-81,1.340662896151245551e-82,1.762524355611639012e-82,9.324413174727264154e-81,7.206380995918260283e-80,5.568804861669066996e-68,6.045864470728753290e-63,0.000000000000000000e+00,1.162083730086674142e-68,5.063747202355703945e-83,7.006792671839131771e-73,3.123327397065897784e-84,1.076072516044397666e-78,1.141877484046620672e-68,1.647157296115826021e-80,1.046367721407490694e-67,1.215574228448824802e-82,1.950981100431155660e-67,5.414132665959480152e-80,2.002827517441518390e-68,5.948291514301060995e-82,3.684540318942886855e-67,4.092491403924034102e-83,2.653616217779791604e-84,3.203354948771394731e-70,2.458155375842498351e-83,1.170918344057966668e-68,4.264007136734988748e-63,1.843237849766336886e-83,2.556568751502990408e-68,1.194008940383967325e-81,7.969860591712641774e-84,2.928138341393145164e-70,4.335706350176739513e-83,1.816928575765062242e-79,4.794673533662126542e-83,1.094828150103995788e-82,1.047833177153543174e-82,8.060671547000399541e-69,7.883320885933188300e-70,5.642213313987678983e-68,4.097184995268421200e-81,3.110375271161867894e-83,1.062648896682369717e-82,3.035241230198920248e-67,1.026307098670547265e-81,5.807010554342134868e-80,1.135864162574327585e-68,3.808215984998347265e-82,4.916643021289154374e-68,5.686396895660143258e-68,3.388588850119410111e-67,1.978990130593330842e-81,7.851978107486280723e-68,7.909476769578308333e-68,1.049998858876021541e-68,2.082283491827104132e-83,4.536200595136161463e-65,9.294763309360559686e-70,9.008064929748097843e-83,1.423928139850298219e-65,6.471658174664372898e-83,6.716204375969675385e-83,5.808674100861389635e-66,5.153211598728356883e-65,6.596497478390311323e-73,7.627688899688223320e-66,1.034418644216104613e-81,3.089061960102365377e-67,2.467062411546105637e-83,8.233692624223026831e-67,1.431830448529363615e-68,3.970659724575732584e-82,5.169528829637879511e-80,3.470871835058289143e-70,3.693930827975048888e-68,7.959471568972083935e-68,1.215274673858324374e-68,1.330991780630147996e-80,3.396784669436965731e-80,9.390959633447503316e-69,5.634478964152002311e-70,6.110665203611028174e-67,6.018505893204674972e-69,1.315225393882551287e-82,4.945814271320306292e-80,1.441605897281692171e-82,6.287875168752822640e-68,2.984719842246710210e-77,6.656163212049118017e-79,1.072905739841915369e-68,7.317615665499035239e-69,1.501766176083934388e-68,3.779903888614046526e-65,1.077920607972527097e-68,2.820786825251008941e-70,1.386378499369026839e-68,3.188705313338329381e-81,1.687695231883245559e-68,2.116766563629407032e-77,1.351598785398055881e-82,4.939439096906519605e-82,4.635273144409659585e-66,1.742772679717238987e-82,7.059987279818021933e-70,7.917816407992542211e-84,1.040034110874724665e-57,1.454724782196835715e-82,1.639505078958470110e-68,1.789928989695732907e-66,8.738372551980090739e-68,3.957664020016443382e-83,1.578762128933716890e-67,1.238937384125192798e-82,2.304511465108515655e-68,3.999999988623829661e-01,2.776381352521320765e-68,4.564152918805214287e-68,9.023612907657840205e-82,6.540389589831496995e-68,4.360403614602065883e-83,4.890830959466422579e-83,1.254911000520132936e-79,7.428484038708524582e-83,4.020476891457997213e-81,1.156106767412360610e-68
3.261346259445343790e-63,1.265271765034778486e-61,6.082673654575721745e-65,1.141684837054235729e-64,9.092772248354498967e-51,3.491444498983987585e-64,2.400458913029635232e-67,7.468713397980589614e-68,2.045421811772240172e-66,6.016620118033810329e-68,2.460027557025896265e-66,1.700330589585067687e-64,1.274886987271454306e-64,5.317719458412353250e-67,5.970944800928841174e-51,1.433725475038734142e-66,2.411848988714460568e-66,3.160593078969998737e-64,3.690932119996142497e-48,4.049067054733607921e-68,2.787735926945812235e-67,2.357624616096856688e-65,1.415007059910867905e-68,3.716596604262374918e-52,3.238844933515989648e-54,2.653948312696188766e-64,6.096153229207546860e-55,1.903657661441963196e-67,1.245609375681809639e-65,2.563958172529785328e-44,6.428474992401460000e-51,8.345167973443901977e-51,1.292144557127463257e-61,3.624447925328693931e-46,4.719317192073972522e-64,4.735995654439151661e-51,4.677638283364414548e-51,4.208101740811946133e-37,1.533430500037991436e-62,5.951040511692821763e-55,1.252466679507379482e-51,6.004906577927680558e-49,3.230787044478806161e-51,1.231154115778542380e-57,1.007878542861653252e-67,1.063713248627681924e-66,2.468076287083880812e-65,9.743194046760290768e-51,7.771622809195827325e-54,5.863809276528194173e-67,9.062609745602353282e-69,1.577007542321922496e-54,1.048968396235357526e-45,3.193441756626687982e-67,1.592952861379670952e-52,1.280182380562059764e-63,9.422011727480106474e-65,5.089260264700649774e-69,9.808524273911825283e-67,7.219430624619499921e-67,3.192541792014726310e-62,4.313483041296072583e-50,9.084988677769120050e-65,2.753568135623034876e-52,3.382369741426011127e-51,3.448627918954432529e-52,3.062823892965894557e-62,1.398353571418994394e-67,5.321815973512004240e-68,3.634161448956463649e-67,1.333638128539821342e-68,6.483495138541503244e-51,1.279509026006065235e-67,4.586891593681036419e-68,9.611322097935229522e-47,1.972774170808941084e-68,3.272900596904928301e-62,4.433915505447829077e-51,5.849267256015384891e-51,1.424163299673767681e-67,4.543740287066152767e-68,3.406068683782215678e-51,7.695608463032948593e-52,3.644950794179161926e-55,9.113183752397469027e-68,6.765953795293834890e-66,2.525385586569075979e-66,1.327706434311691360e-66,1.171721467942660328e-48,3.525412614556112574e-68,3.585600400087159664e-50,2.509428584615099492e-67,2.394117741373355759e-52,7.262704176988428119e-65,1.326293031818393045e-64,2.228586340999554747e-65,1.670345341832770901e-50,4.833132695100558437e-66,2.454566237872035619e-61,3.710468182183609805e-64,8.409081742724364273e-65,3.104286325097053560e-49,4.718980973788118721e-51,1.152513840496470405e-57,1.582372763667264615e-64,1.490532302088276781e-64,1.359548326283864823e-50,7.465695319649096194e-68,9.703441863987535948e-50,9.155676760877542326e-54,4.082674719656686371e-50,5.176860322750836045e-65,1.481889761971479636e-67,8.164550352642078525e-65,1.294337291897592480e-50,1.284805154957918066e-48,3.164410856265201603e-55,1.328752910547206378e-50,2.995656681272746101e-44,2.775128890839023540e-54,4.193886554434941196e-48,3.006616870920896207e-48,3.994718216191086956e-54,9.707097405118845402e-52,1.400963627231883491e-49,7.688051069238303880e-63,8.002960423491159560e-52,1.177267052454330582e-50,2.882087168352125308e-50,4.982675337879493544e-52,5.169419896499705751e-67,2.018524220202706263e-62,4.724533718293246876e-64,6.436292058143340349e-68,3.520633244010518870e-68,6.387239343022411259e-49,3.520280342480513096e-54,1.162083730086674142e-68,0.000000000000000000e+00,2.791208304532709178e-62,3.845658771902824041e-64,4.456090962362295637e-67,2.579761877250830631e-68,3.785555156401285986e-48,3.095710045397773640e-66,3.702247912826053997e-49,7.303784530039710221e-64,2.072441003727212155e-52,7.417955642684226070e-68,1.374589577834461155e-48,8.639502791024006224e-64,8.795090271525784660e-54,1.102344281384588054e-64,3.712097306154797461e-67,1.356457522155466688e-48,1.159532568988954149e-64,5.343077580312144165e-51,7.640926999193398611e-54,6.790604693034765580e-66,4.201161642884510899e-50,5.304347842374152934e-67,5.072510022521978998e-66,2.721950229200076983e-48,1.840666003193667433e-57,3.496621048846758894e-68,8.938235824224490771e-65,3.188752032755483619e-63,8.351537289731100235e-62,5.184895190034232290e-51,9.359531322400498820e-49,2.075772164696476419e-50,1.347625465735410930e-67,6.682553901613453235e-65,3.132302136361053876e-64,1.931844981035064125e-50,9.485044266038111290e-67,3.288623533501827107e-67,1.811934483134145384e-51,3.095015148351358679e-65,8.090740709385109408e-49,1.112966195095255992e-48,1.168509628208318423e-53,2.425407220126337680e-67,1.363384001425693299e-48,4.891151743023164418e-49,4.342519816047114872e-51,1.988781662404187246e-65,2.932722477092884429e-54,5.412489493496695117e-52,3.446883139318293647e-62,1.084439384579551486e-52,3.356750472616014371e-62,1.055541352115941549e-62,1.575200076888517088e-54,3.197869392505056323e-54,3.569050213813812343e-64,1.681290007247067698e-54,7.222334968599552825e-67,5.243598747582161950e-51,1.174960353845476966e-64,1.688149623732874816e-53,3.879951992287817564e-51,4.077648325551213544e-66,8.141590256188312710e-67,2.435344062025486286e-52,2.371872754814633971e-49,1.361944594232395235e-50,4.668086039856945377e-50,4.476617182600644929e-67,3.604146733087901686e-67,6.423439974555339810e-51,3.419206844704140949e-52,9.092539863253389190e-50,8.414780066802093992e-51,3.010397120530749805e-62,1.326209368796833048e-67,1.975499605904069168e-64,3.211204040628096206e-52,1.295779524327460993e-68,1.738859775948387811e-68,1.235856872359386154e-50,1.278843440294974249e-54,3.889764899631796390e-51,2.870455100673215344e-54,2.599174130286203245e-51,5.556666389271838663e-50,5.242942326305695204e-50,1.549791082611460347e-67,1.022634014479816038e-49,5.991197923469785225e-69,3.108710822764166711e-65,3.139759337939288533e-66,1.892135124952825163e-54,7.247983254683458196e-65,1.050184655177228745e-51,3.590294536856890920e-66,2.599433067108393025e-54,6.044807946554802832e-64,6.374771579508785892e-51,5.434736916593170809e-53,1.478024795906758467e-48,3.247846442679779608e-63,1.652453114714057398e-50,1.132106567481570446e-63,9.893620103169999209e-47,6.931097537242609943e-69,5.081024107085342179e-50,5.656694137778828506e-49,2.198838588186310255e-63,9.042268469501062850e-51,6.374732176060198621e-63,6.873825649611106977e-65,3.075624338102034100e-66,2.287688032374936597e-61,6.263941962907651662e-63,2.599856212096908204e-48
7.984003469134146469e-76,5.706076377644780318e-77,1.553555725008163596e-79,2.657245773149218715e-79,2.488760260650619704e-65,1.388630049423655658e-78,7.627032657587820390e-82,2.773426482257918920e-82,5.918043613654502340e-81,2.541311747192059157e-82,1.307971995289635174e-80,8.297255621499529955e-79,6.021597886564963815e-79,2.719554038247852130e-81,2.920653561544751583e-65,5.963622508204948868e-81,1.063954525562554807e-80,1.555749232368762170e-78,1.316243314403249752e-59,1.358302800412035685e-82,1.197595259758416535e-81,1.683126189571744981e-79,4.206559554237051476e-83,1.319902877506352796e-66,1.277922193854436524e-68,8.286235704394736045e-79,3.046362651567669407e-69,6.763991799565035400e-82,5.749621586389688695e-80,2.631172498230989798e-61,3.446235709482830679e-65,7.879400655759550814e-64,2.752170685945440052e-72,1.367509889992720979e-58,1.197785892785266910e-78,2.836753670870926819e-65,2.096485065012780266e-65,1.739979688764503507e-62,1.053240958379004748e-73,2.854343618420182983e-69,5.935388656995737475e-66,4.674493518090258806e-63,1.264678140134137424e-65,6.476619900237135715e-77,4.552805942140865501e-82,4.796385938879132677e-81,6.035988405424178345e-80,1.745492457937394115e-63,2.787141827344384874e-68,2.663482561156223523e-81,3.220165383628772915e-83,6.429367404551895645e-69,3.486534151605188136e-59,1.006065177954079405e-81,4.358619309213752949e-67,1.530861193335930088e-78,3.969691785212175209e-79,1.897456596121680314e-83,3.480835363430852762e-81,3.441200994282455141e-81,2.343665050831901287e-77,1.965446762452561193e-64,3.109882714198620093e-79,1.106886760509847785e-66,1.920073365929264668e-65,1.386329821416894704e-66,1.086241182856673160e-73,9.250402401906804487e-82,1.827253224911341612e-82,9.536256529893272603e-82,4.849105307355560725e-83,3.149327896415344141e-65,3.968608922692196622e-82,1.868685208812628725e-82,2.411995932968593405e-62,7.360946302806502795e-83,1.080570717014967194e-76,1.739593305471015856e-65,1.653939438633415952e-65,6.189559237929043653e-82,1.947884245325002937e-82,1.418788521475204141e-65,2.591147922263156455e-66,1.681503817592282836e-69,3.340741004250215604e-82,5.420448660104682975e-80,9.901744289825860226e-81,4.259138319813736406e-81,7.717491750650646518e-63,1.055611744098244522e-82,1.171170391919480482e-64,7.537071859799044629e-82,9.491345313330942616e-67,3.189463046743637469e-79,7.213873258648872362e-79,8.505372085896499410e-80,6.744313037683547008e-65,1.893560878833906169e-80,1.115150856704198215e-76,1.682289671570895864e-78,6.755994923376814672e-79,5.232922015718031345e-64,2.298338802134152101e-65,1.354753461254616855e-76,7.246883192344320069e-79,8.050566936752804653e-79,5.864542019080505160e-65,2.552542916294380442e-82,6.497948775271528533e-64,4.770101241181856676e-68,2.057318713585116419e-64,2.928927975721438579e-79,5.758004571952507444e-82,6.585420444931279312e-79,9.724054246390132314e-64,1.112936484853376330e-63,1.275885284980304096e-69,4.460134034595267960e-65,2.324791254927428282e-61,1.191454196013391535e-68,1.574930394437627865e-61,3.084984121321224763e-63,1.544717902997008645e-68,3.551370686631504508e-66,7.016906056126048699e-64,4.000456081096370989e-77,2.505041707723761889e-66,5.586183885979816034e-65,1.901035783463739980e-64,2.285969676733623169e-66,2.031962930448179593e-81,2.970741866001800991e-77,1.609554605958596938e-78,2.644724532774339388e-82,1.740282459232622736e-82,1.284666505832965583e-63,1.373018295412935791e-68,5.063747202355703945e-83,2.791208304532709178e-62,0.000000000000000000e+00,1.278672438565922121e-78,1.914493841182016266e-81,7.509605662073743138e-83,1.413148799031770426e-58,1.293533457529800782e-80,1.974611739086489144e-63,3.070031302746343003e-78,1.208624756064401810e-66,3.785342645390562866e-82,3.692590840436607003e-59,3.823645209369703164e-78,4.779062598869738137e-68,6.170859206119333744e-79,1.514832560827417392e-81,8.240643087286480639e-63,7.521337463887612490e-79,2.849254633112868154e-65,3.264601128095233133e-68,2.730529337638240863e-80,1.588306184402779292e-64,2.271244429048364100e-81,1.197884885732173806e-80,3.240966018422358176e-63,1.173869493217480023e-76,1.039807149801429003e-82,5.632183620288259005e-79,4.051717940590688981e-78,4.195223980484291229e-77,2.764341943400922076e-65,4.289126298045342310e-63,5.915412823655771563e-65,6.468694758170202928e-82,3.452096985544302220e-79,8.957931639023879616e-79,8.868568934433189876e-65,4.116742910753283644e-81,1.125467420707927286e-81,9.158447068730470203e-66,7.745248268656825241e-80,1.998030821840407817e-63,1.558708263147580706e-62,4.405882211719532235e-68,8.273266407832600936e-82,4.169563176873927288e-62,2.786422276581997251e-63,1.771825009348269742e-65,8.014342729828697381e-80,1.192578993174327235e-68,2.175682651959418818e-66,3.999999985196081576e-01,3.841686036006924653e-67,4.000000036964870831e-01,1.173333295619396329e-76,8.167336054559986654e-69,1.039615309894350541e-68,1.259103741392337227e-78,7.053736076736323582e-69,2.800312013862886313e-81,2.390159419036886588e-65,5.568246931225286421e-79,6.796151545112638899e-68,1.668324841617376763e-65,2.353806276443111869e-80,2.662738939163696218e-81,9.010163385256114036e-67,1.241920521123156053e-63,5.038823136004396429e-65,5.869317024696801056e-64,1.923831286748660378e-81,1.318396584648908598e-81,3.894393157588808393e-65,1.105364654036674272e-66,3.588407884967965806e-64,4.431568662794012348e-65,1.092681565519276926e-75,7.947027628965066322e-82,3.551024976823645644e-79,1.947751775443469098e-66,3.634406772571233109e-83,6.817098079504370398e-83,6.160884936288784914e-65,5.989349060398408748e-69,1.898902301719415207e-65,8.895700922746752716e-69,1.087694467812544094e-65,6.411915035260399728e-63,3.457510899925283692e-64,8.022843973126671902e-82,8.796405803806985229e-64,1.905716865449685580e-83,1.563460000472338823e-79,9.368340954407134011e-81,6.924160849586857751e-69,6.012839086196235017e-79,4.914079426288866264e-66,1.130896642014291384e-80,1.118967116483451773e-68,1.878630806169257257e-78,2.124151423820049346e-65,2.576062561540496934e-67,5.789246385631715940e-62,3.976717154488296427e-76,5.187991663823241813e-65,2.410571133149775525e-78,6.012955817860066434e-62,2.469032105846937015e-83,3.657639161053048652e-64,8.098484460503304907e-64,3.557579920425928188e-78,3.178717929112224864e-65,1.123470444203027059e-75,5.787148987541029859e-79,1.298268419885210924e-80,3.600373510673759128e-77,2.972409226270656174e-77,5.061541565708694022e-59
1.139795913864148946e-78,2.161351086371294545e-78,7.243919744461371935e-79,9.673371987810417622e-78,9.867860327899977951e-63,1.641898477973313151e-19,4.754784830265344780e-77,1.636296136715856207e-76,2.972954948603892408e-77,9.234305449386222971e-76,5.732675266262683193e-78,2.059765199767573767e-78,2.189990794742704983e-78,1.664291022744942520e-76,1.640336706164290663e-64,2.069532773675774826e-79,1.470372612540704671e-77,2.405309029603387867e-76,5.647085335746161481e-64,6.839059137069392325e-76,6.690578635027560677e-77,2.543069349453581328e-78,4.239842747744387796e-74,1.036307403270794363e-64,4.825976759700911756e-64,2.138391797003489731e-13,5.705308811725898133e-65,6.725221664717291909e-77,5.360568836917201246e-79,6.760011234468184202e-64,8.341978968874513645e-63,4.075608258888320605e-66,6.934496605269459082e-78,2.546138322592951085e-63,3.420326738040113303e-78,1.773348183472518047e-64,1.018823019407289320e-62,4.588032990390156296e-64,1.042941955251523158e-78,5.153443154988149477e-65,2.905252920255142506e-65,1.477229967060431300e-63,3.490895038724266975e-65,1.407395106565208937e-78,1.835443426562167139e-76,3.197145533601983048e-77,7.038868047153382280e-79,5.633721545073656785e-66,2.971855648692266396e-60,1.124916793842982246e-79,6.475638151677438385e-73,5.927077201119116079e-62,2.684735857959114443e-63,1.145658955430511206e-67,2.385063107583907373e-61,5.008231440633734035e-78,3.419997019251866367e-78,3.104130245134364052e-67,1.992038430281451537e-79,3.335150780083570337e-77,1.955018900372188160e-78,4.337581339241919971e-64,8.608124587653663355e-79,1.620628077043090291e-65,7.428646172959806892e-62,7.204748199644102356e-62,1.209062066267888092e-78,6.514871699133247844e-77,5.636967608178574342e-76,7.819169840909806044e-77,6.051218193885544861e-74,2.753161065845907969e-64,1.265053114644780252e-76,5.270582548316261780e-76,5.119461418532235364e-64,4.233284178638882980e-75,3.331862909712753873e-76,3.436034828531512636e-65,1.636200484244546433e-64,7.956133017863706942e-77,1.692980614697733947e-76,1.719247053167648442e-64,1.168293850966668268e-61,2.729458919769828305e-63,1.418447163909357993e-76,3.305527283922396726e-77,2.790781671593723358e-77,1.875544846296285502e-79,1.617591864533813029e-63,6.908489412190960939e-75,8.257524010528992503e-64,8.722927679350527919e-77,9.416938692553457021e-66,6.791833110137564749e-79,2.172249833351404964e-77,8.328949863008760781e-78,1.318320872719109182e-64,1.369661491015624092e-77,2.239522742351629391e-78,1.217161905376052795e-78,4.214228214024723601e-78,1.774911220482964973e-63,1.735243673569719038e-64,1.365692416414155123e-78,3.866899939023520597e-78,7.947505273319177063e-79,9.719432216929468242e-64,1.656008915664080144e-76,9.138892105697981244e-64,6.895053086465119135e-60,4.165010286280886884e-64,3.200977932517082124e-78,2.534361843909352746e-74,6.577615103400695957e-79,4.606371700881513132e-66,1.569437582426445873e-63,3.451208621966713009e-63,1.641298355440455435e-63,8.278873182818704114e-64,4.236159096335312165e-61,2.580431774624526330e-65,1.447595476038677384e-63,5.066845305835962984e-59,4.756840778925934604e-62,1.573999217793424506e-62,5.023129781503483953e-78,3.532545156994691072e-65,8.454381821585236570e-64,2.809620729573656348e-64,1.367941598253282567e-64,3.013808757230957419e-77,3.383136808817718916e-78,4.669185926767796054e-78,1.112171883876089514e-76,7.858773157968070036e-76,1.534375796482757707e-63,8.761269380429252257e-60,7.006792671839131771e-73,3.845658771902824041e-64,1.278672438565922121e-78,0.000000000000000000e+00,8.668672202755851450e-80,6.509589894536314636e-75,2.691365213664629259e-64,3.330828073694561914e-76,2.371008860910641079e-63,3.381876971988972893e-78,3.037944585922670300e-63,8.932963611672999222e-76,4.245451277435032435e-64,1.422012314268768917e-77,6.519512565868439483e-63,9.405449840245356439e-79,7.818872449066159397e-80,9.033200530529970677e-66,7.311928658113685815e-79,2.005800861757538714e-64,1.128317395765065881e-59,4.846629859010563113e-79,8.763833072573733937e-64,2.899913774786635738e-77,2.475846598223191137e-79,7.873904177333252640e-66,1.529404897131119792e-78,2.435945962136226390e-75,9.677881010177444659e-79,3.449389120731045095e-78,2.951585094103080688e-78,2.024744292568701698e-64,2.020195638282747104e-65,1.348065489176777402e-63,7.154455016863940916e-77,7.185291299176222574e-79,2.894717370702338775e-78,6.062906620700560706e-63,2.809256042616087861e-77,8.180853284374591184e-76,2.187080894521401781e-64,1.043690896213996604e-77,1.402080327815695809e-63,1.570349036995638016e-63,6.559591133056388367e-63,6.401959922716686954e-77,2.100257034911864670e-63,2.126011066032699392e-63,2.719042805061722970e-64,6.354716030815484129e-79,3.204521307514267189e-61,2.545287593804617245e-65,2.518290098147504253e-78,3.062154943886455308e-61,1.542737625335223737e-78,1.616035534461428664e-78,5.735989603438338264e-62,3.888474000797028406e-61,1.641889110442098848e-19,7.271087322703520100e-62,2.327456497901016742e-77,8.059165695336998229e-63,6.578859947896267836e-79,1.608851963562390242e-62,2.856363915580102840e-64,5.939281986590989858e-78,9.712221307276869913e-76,8.019936439071627874e-66,8.159343381135385006e-64,1.856317005078239344e-63,2.931322011364070554e-64,3.256256318612963499e-76,5.840517855678992211e-76,2.058315618628952449e-64,1.974103480161955132e-65,1.885242137232275501e-62,1.179631228690039243e-64,3.090989229759763289e-78,6.315824691385310378e-76,5.356755459267294948e-78,1.158637488978256482e-63,5.114518409049372997e-74,4.704683518810729547e-75,2.928210502682292530e-64,1.171265663770740382e-64,2.989573994911918852e-64,3.298747443973935447e-61,2.380382425935146050e-64,8.122323356872209714e-66,2.829328140091710660e-64,5.119054766384660384e-77,3.308680247435264106e-64,2.291748088984531571e-67,2.533309131224653734e-78,1.302023007594991230e-77,4.960520048890439784e-62,3.507170426390106684e-78,1.613033959704204952e-65,2.188057468141854624e-79,7.344661584545521828e-59,3.900172787624030456e-78,4.117231550327059754e-64,3.096770103657236039e-62,2.253720133879226734e-63,1.061257971819573874e-78,3.953789664597631141e-63,4.270147158254083420e-78,6.004197535299103367e-64,3.325716559478786154e-73,7.357424818591347399e-64,1.254844968153324933e-63,2.797111140438929614e-77,1.765094422155488109e-63,1.239953195144911846e-78,8.778374683594855587e-79,2.006008773791441608e-75,2.499944552023119717e-78,1.058420817117172978e-76,3.160524903943911471e-64
3.694558991288459939e-81,9.969167568420337146e-82,4.678232958113752643e-80,3.521826377326322152e-82,1.110048841921705691e-67,8.797819778765998672e-80,2.329551027376976361e-83,1.038910675142172568e-83,8.245501676128331168e-83,1.081803480638476714e-83,8.125756172647201292e-83,8.603938309103516475e-80,1.783854318972026613e-79,8.470339872650042143e-83,1.543473986687964919e-65,3.999999997899758575e-01,8.114842394806786513e-83,4.996973837706715486e-81,1.186235907023939546e-66,6.440533916753331999e-84,3.375442726044532650e-83,2.698725203367914755e-82,2.636398731930256001e-84,7.341890135604480422e-63,3.616659758189699912e-70,5.246842175046428472e-80,6.404569366122963587e-71,2.096495348856197769e-83,2.364346249906358903e-79,1.314695161811046151e-66,1.357807739884243146e-67,2.674915719626137587e-68,1.786077865351332568e-80,5.130690753105571231e-66,5.946750412771269507e-82,3.280140895232602147e-65,1.019955100991171193e-67,4.138233367149967925e-67,2.933790520568558474e-81,6.218174896983910457e-71,3.559084046956238215e-69,1.709815646323829586e-66,9.280955511488030218e-67,1.903761085784152347e-81,1.637349861742792654e-83,6.868884378783957657e-83,2.722839539441868427e-79,2.150485493272105017e-68,1.737158328591316561e-69,5.703428154358450441e-78,2.022311175416661668e-84,2.798557809836187409e-70,5.191766999835560702e-66,7.533405979532932817e-83,1.605766187587773393e-68,6.203353228057652732e-82,3.464793705776045496e-82,1.171251999477302364e-84,3.050748026921537935e-78,6.062846022379259740e-83,1.012659645037023960e-81,1.944212601770213947e-65,5.079238985619277042e-80,2.402375039657900532e-65,2.539851686217023729e-67,3.986409917762329718e-68,3.746786314415114278e-81,2.358672677266496663e-83,9.247012587374025658e-84,2.788746394857398305e-83,2.852993682996646673e-84,1.082437774258797146e-64,1.408705019235106205e-83,7.668865084889999649e-84,2.953912358984273202e-67,3.843421583968919088e-84,6.535092034172446677e-80,8.030318022666633823e-67,1.371446669522236328e-68,2.185769655297327082e-83,8.281815412935229540e-84,1.146316501216295024e-64,7.048728851214898326e-68,6.599270615654115654e-71,1.239964416632493329e-83,4.349334455370618178e-82,1.018187784963040069e-82,1.972145809333974720e-77,1.956833389686338570e-66,6.042071356622422624e-84,1.445919814723796828e-64,2.365580074508963424e-83,8.398636660869426507e-70,1.171096368530339112e-80,1.374455190288291407e-81,1.918846063322314507e-82,3.765546770711094038e-67,1.101097299169615639e-82,1.263067581229236642e-81,1.789454184260941453e-80,6.652497216527599729e-82,2.066989258549909572e-67,2.831884438571041047e-65,1.986723263291425604e-81,6.650214730464353078e-82,1.577730930083395230e-80,7.583632360355686651e-68,9.593279481339762388e-84,5.065805296904484258e-65,2.445548131253300932e-69,1.796880990780290439e-65,3.500015044178459682e-82,2.837927449583559021e-83,2.002010272258731643e-80,3.348495144428648473e-68,2.866320452338361399e-67,5.506970663032982001e-71,6.171336677573365243e-68,9.589104560440593464e-67,5.864766513140199191e-70,4.333051385150548824e-68,4.007203226082832349e-67,9.948281197801860786e-70,7.539225271700830470e-68,8.076877197113408626e-67,2.311684956348073066e-81,2.161483073123145246e-65,5.816680067415654182e-68,7.303423594028221148e-66,5.836418430805740391e-63,4.707818259413305269e-83,1.346116148108157673e-81,7.005209498951281997e-82,9.800270124343231732e-84,6.989898864995465348e-84,3.051711564012842011e-67,7.403700549894818130e-70,3.123327397065897784e-84,4.456090962362295637e-67,1.914493841182016266e-81,8.668672202755851450e-80,0.000000000000000000e+00,4.164853029363598654e-84,4.062661765879016265e-67,3.448697034476933929e-82,1.408723251474526159e-65,7.409253040604577767e-82,1.429784418919022919e-68,1.535849213228857686e-83,8.057966843830387824e-67,7.155564826150250208e-79,1.426557938816513927e-69,1.395873732378484828e-81,4.000000007609435526e-01,8.218968079234434960e-69,1.743767222225049125e-80,1.464835773029345711e-65,1.626212223618847975e-69,1.277555079974327619e-78,1.735762824162257914e-64,5.240586586548142531e-83,2.822815967753349137e-79,9.563977259444284291e-69,1.849845542499968914e-81,5.429836924572622037e-84,1.245215028353619864e-81,7.223075974155986162e-82,1.305029201635757096e-81,1.945799331010032215e-68,1.799012963397480745e-68,7.207376142727291728e-68,2.155458954465489223e-83,1.595640534797563387e-80,3.888365481809591730e-82,2.022690052979355647e-67,5.971003792727955055e-83,5.172484372101608895e-83,3.986120461579984277e-64,1.837295353745304011e-82,3.532146908710594826e-67,1.027552838282837291e-65,1.417633065617699460e-69,2.510587710732821083e-83,1.760400941466602653e-65,5.981054280436912761e-66,3.407136585333750209e-64,2.321265534541573154e-79,5.851278779074525520e-70,2.210347574786193659e-65,4.586019133698216825e-81,1.434158370919667747e-68,2.183970604512669924e-81,1.156491863675102776e-81,3.664616220976702774e-70,5.555242341263926415e-70,8.842422819595407737e-80,3.534897707428532976e-70,5.049210501552673377e-83,9.375207431666878175e-68,1.457191833061238103e-80,2.890119645990247306e-69,1.546615200217563418e-64,1.178883970825805096e-82,1.064304139517502397e-82,6.399250380212282288e-70,3.433078363907356710e-66,7.633281561338593795e-68,5.983408724546934782e-66,5.603060766954386984e-83,5.492960490606031518e-83,3.688141692704119551e-65,4.578650318225439355e-65,5.833638316757169015e-67,6.803592856106621275e-67,2.746821029500967369e-81,3.426766801024703711e-83,3.050122307995242754e-82,1.075554906695955056e-68,2.328696910645064004e-84,3.591706287835335583e-84,3.335800714847964086e-65,1.338880577988985626e-70,1.656549597620574146e-64,5.020855851173419172e-70,2.093295712715584236e-64,3.416183707380077421e-68,6.501293527449694053e-67,2.387262269351559340e-83,8.110309253975813922e-67,1.400744569840310543e-84,2.514038525018795795e-82,6.946071467976284557e-83,3.029795360787373491e-70,5.643491704910605456e-82,2.358613556052064663e-69,3.584528911604088863e-79,6.707404878229310077e-70,6.297024042489829331e-82,4.666409302126672580e-64,8.566346365264380109e-69,1.323956330951333671e-65,4.247865603244163763e-81,9.756537596551463507e-68,6.718183553302462826e-82,3.990947366754198831e-67,1.537866048189026932e-84,4.350039894867536131e-65,2.420033786167870434e-67,2.345971855611574377e-81,5.447117259302155584e-68,4.164845666842201893e-81,2.013324785302646936e-81,4.621340160171511178e-82,1.118475204016964648e-81,1.338508480866334306e-80,5.714754914266503302e-67
6.084960875926997693e-83,1.426608548130636502e-82,4.811666631752472311e-83,7.417305558086556236e-82,1.004014224476677275e-66,5.778303327922840738e-75,8.861277659498683268e-81,6.160917005482947893e-80,4.347010129343854629e-81,1.753593842297202351e-78,5.210515344950955606e-82,1.298647233747615616e-82,1.473660883220649539e-82,2.880382315060132603e-80,1.040844121848624538e-68,1.137605663004394187e-83,1.426634628887557731e-81,1.948296904167319601e-80,3.003686094767263267e-68,1.715154552391096700e-78,1.227939658619280331e-80,1.796680829907147767e-82,1.136340952395687462e-77,5.891570808670562268e-69,1.061970007358632362e-67,4.565351680081955207e-75,9.393323033635896569e-69,1.354720411878212882e-80,3.045772532305653949e-83,3.830656408999153258e-68,7.064966361808432452e-67,2.369958102230419387e-70,3.810609896733191513e-82,1.526227892610291922e-67,2.785443325077116940e-82,1.116610120499702857e-68,8.880802147396271203e-67,3.156802962143034821e-68,6.308594625641673799e-83,8.714606116791866587e-69,1.938685133141143594e-69,1.087199663862961363e-67,2.201843417308615879e-69,8.440804160269799271e-83,6.115582351649323449e-80,4.229515539860085572e-81,4.655845227411336529e-83,3.227351886513096982e-70,7.228247373917092755e-58,6.865312188337051702e-84,7.235854618244465387e-79,2.303581990576711783e-64,1.561564016549312576e-67,1.470608648004774561e-77,8.138255383804283600e-65,3.506841814181290321e-82,2.682196533722199966e-82,1.356335405768410579e-79,1.297180807997232767e-83,4.985830515576381487e-81,1.406076746928302866e-82,2.582163036086439550e-68,5.230877790201906599e-83,8.605793644940735323e-70,7.840203024851176329e-66,1.561806275018586251e-65,6.646439861429944386e-83,1.208555968445648652e-80,6.180186526665514258e-79,1.701411979971233745e-80,8.327026887317501939e-78,1.677093682708997433e-68,4.295038919840454628e-80,5.473575340141910179e-79,3.259099204851476339e-68,6.684908034277741629e-74,2.680941342772905963e-80,2.420354337770177083e-69,1.226635400891566410e-68,1.926891420464584170e-80,6.731001059835429038e-80,1.002747454571166700e-68,2.429407777454346391e-65,1.799390834369429536e-66,4.963329645009370803e-80,2.869540107166480336e-81,3.396047912994618077e-81,1.168092700694469395e-83,1.172738481538778473e-67,3.999999981952596650e-01,5.006603803152741057e-68,1.849167217852303895e-80,7.222363662723767217e-70,4.646559772976104175e-83,1.660954348619621839e-81,7.044555722698428087e-82,1.014386189122859310e-68,1.271973289849589360e-81,1.378974645660025727e-82,7.404228825781235557e-83,2.694931121107177394e-82,1.377334378377766822e-67,9.785683948558341693e-69,8.571974982111885484e-83,2.902703747424876506e-82,4.355009575539653392e-83,7.649979805473356993e-68,6.839823846487256070e-80,4.174007526703159232e-68,5.214756978697036726e-58,2.285091625115392433e-68,2.586071242722181209e-82,6.927138728214372193e-72,3.616475609835615569e-83,2.469528347806445848e-70,1.186828354258269606e-67,2.725724722521736388e-66,1.469219793762031240e-67,4.421054980207228524e-68,6.517483427902638794e-58,1.817501679522208324e-69,1.116262645730647150e-67,7.071863661128893617e-64,7.698043956096718189e-66,9.783069970732116992e-67,3.295899534655881180e-82,2.094105530862253084e-69,6.897999751080858572e-68,1.758808077861883777e-68,7.873460843739788982e-69,4.670991788902937122e-81,2.366401479712338010e-82,3.345427897047976684e-82,3.634821592702233302e-80,1.628941574085845277e-78,1.079217606567955407e-67,3.942634583711673823e-63,1.076072516044397666e-78,2.579761877250830631e-68,7.509605662073743138e-83,6.509589894536314636e-75,4.164853029363598654e-84,0.000000000000000000e+00,1.629067094402417702e-68,6.646551345455065579e-80,1.610371061119790473e-67,1.985232646741176200e-82,3.318912929868538847e-67,8.268620549306885231e-79,2.648599129444782286e-68,9.391529143778277251e-82,1.484694072974899858e-66,6.889943330063300148e-83,4.352031439076645832e-84,5.522436361228116490e-70,4.354299054588139260e-83,1.429879316226014222e-68,5.051873019987864759e-62,2.894891675831095666e-83,4.734989258030131917e-68,4.310305582432098485e-81,1.542006316326522367e-83,6.154234495410313527e-70,8.939674233332361432e-83,5.153489333047128041e-74,7.122320545022104418e-83,2.263868720109477617e-82,2.035778870005521575e-82,1.356607788329840711e-68,1.409868039839019977e-69,1.094742019817233302e-67,1.605141568834253222e-80,4.294483704620946076e-83,2.174316254625673378e-82,5.069335513273453706e-67,3.524783453751978593e-81,3.411896106715884629e-79,1.303067605975857135e-68,9.743407346870779549e-82,9.477003232072247166e-68,9.278285094857777815e-68,1.696525787927402502e-66,1.058099539523672748e-80,1.082263826020013127e-67,1.415382385437303358e-67,1.763247659994892091e-68,3.787868798143297249e-83,3.622952104211382585e-58,1.447348768775153582e-69,1.435679305110256534e-82,1.216558992650661910e-64,9.225293625876916471e-83,1.104201798508743374e-82,1.586138204606244977e-64,1.211605307171066174e-57,5.764793646011223287e-75,3.674560372450835405e-64,2.911306764899709818e-81,6.575790572760100687e-67,3.881276256039951280e-83,3.395945712799974715e-66,1.890473922814953212e-68,5.831842576406709029e-82,3.107287082949048778e-79,6.860359506769803118e-70,5.704603557015210567e-68,1.594723153130432432e-67,1.678417048853643598e-68,7.185063793680917314e-80,1.975655173138103786e-79,1.130424362778810770e-68,9.667934370117881960e-70,1.371613299106614949e-66,8.850479922469965299e-69,1.862918497812256535e-82,2.380024460778202934e-79,4.079857176877036096e-82,1.070152633182640246e-67,7.613378220140398305e-78,4.000000022914865228e-01,1.766222621309841723e-68,1.833841625753995465e-68,1.869758232841039600e-68,3.523264403392072507e-58,1.440344270452792130e-68,5.011752521888418266e-70,1.899575022526463298e-68,1.010972774713980124e-80,2.374499402528388485e-68,1.580483006256499298e-79,2.090344713698469313e-82,1.362971477406892746e-81,1.826388083510830190e-64,2.211793622698489695e-82,1.086061278945558416e-69,1.263757676761585139e-83,3.852591932018474235e-64,2.543244142096091106e-82,2.766254772830807588e-68,7.174421875633108030e-66,1.234120855253887458e-67,5.973490859646055203e-83,3.280925352954137698e-67,2.533323986282511319e-82,4.085561616936276742e-68,6.711245120921966412e-79,4.166790646895480024e-68,9.836909629170976774e-68,2.066420481236549989e-81,1.375761974020689949e-67,7.048615566327158551e-83,6.367359613033658914e-83,5.070803541715221456e-79,1.646638222656692885e-82,7.673631451776916533e-81,1.583047907266462610e-68
4.612099906173587363e-61,6.783519451487305166e-63,4.263401344171314041e-65,3.105968131042099283e-65,4.997076669473150386e-51,2.774501073642197059e-64,1.348769560290892999e-67,5.208437109303411407e-68,1.266400255362212611e-66,4.479273536767027073e-68,2.376681597165783987e-66,2.366096757289510884e-64,1.510949429615707121e-64,4.576379358736878101e-67,7.443611229610532520e-51,1.182186373394455631e-66,1.570577302061808773e-66,2.994049652002061140e-64,7.719436853476793659e-43,2.663701876901912861e-68,1.847557033840000701e-67,2.846575478237527759e-65,9.354506206494777189e-69,2.561598867516641786e-52,2.931052145109453478e-54,1.866348333838876438e-64,5.298239998053631500e-55,1.060079277067753453e-67,1.202198261543750784e-65,2.702441995677487572e-47,5.305665747089379122e-51,4.903937378236755885e-49,3.467035253716913491e-56,1.784002660173533274e-44,1.838989908631613120e-64,5.950673731981970754e-51,3.278024369359893255e-51,2.074098297290095621e-48,5.810344145570136436e-58,4.868881676094915480e-55,9.022396325842438955e-52,1.230676486027064237e-48,3.957783309018148227e-51,5.784769076019814372e-63,6.867476565963793533e-68,7.073147131379155779e-67,1.637242325593856688e-65,1.141227848690529011e-48,5.804242795462562749e-54,5.017675777902426117e-67,6.985689986477528199e-69,1.114042548872865706e-54,3.078108969394486941e-45,2.460403378837155947e-67,7.033793417874358728e-53,2.080183703482789371e-64,6.846636472545740639e-65,3.815446076786192704e-69,9.150844552250852082e-67,5.527319948581547330e-67,3.502881501103883609e-63,4.782980123524716261e-50,7.481531201113977290e-65,2.318438025859204159e-52,3.332191763748680687e-51,2.814311777111918077e-52,5.052253676420269904e-58,1.404451970963645266e-67,4.133680373617919533e-68,1.839381776466650942e-67,9.658484843043673543e-69,5.886296702508213514e-51,7.280622522892457086e-68,3.120630505135253370e-68,2.914970856263569587e-48,1.287865055259809358e-68,2.300552608489025598e-62,5.584889164370120504e-51,3.010353513468346839e-51,1.429654155412436087e-67,4.283286084008979237e-68,3.278446032403567869e-51,5.519192481589053804e-52,2.874738303245082198e-55,5.734548054373043101e-68,9.856838461679404008e-66,1.262247291091146258e-66,8.571163957686843077e-67,2.241317950181227381e-48,2.231861829224927077e-68,3.182166051266623923e-50,1.510388596128412780e-67,1.552124892094089699e-52,9.731577517346371588e-65,1.395438977603787104e-64,1.409717774619322927e-65,2.357898252709102850e-50,3.118406113891735731e-66,1.129091139493557384e-62,5.176495201608115635e-64,1.082353887782577287e-64,8.294652134264793503e-50,6.476769796407879694e-51,1.416924585094544311e-62,1.590180718998992230e-64,2.134395382882475247e-64,1.125613848198183936e-50,5.172583324793772614e-68,1.196642659256299250e-49,9.091074221199631136e-54,4.556421008274430088e-50,5.044907001182479525e-65,1.008754865873282775e-67,1.484977430701658881e-64,5.064156266554189894e-49,1.699607189438736633e-49,2.041801178490204605e-55,6.805334075996210125e-51,2.062181688870659494e-47,2.138828759889262589e-54,1.888170754039000662e-47,5.254514841288054594e-49,3.203694008416643646e-54,7.825819374424950163e-52,8.889201205544407443e-50,1.115631565696179264e-62,6.617798170987416525e-52,8.339231021353780483e-51,5.509483709290581962e-50,4.448870295360104063e-52,3.495683276159704987e-67,5.724741603355117619e-63,2.118780442989603766e-64,5.500222617234350947e-68,2.929884064724638825e-68,2.304530162673015610e-49,2.776966240669217873e-54,1.141877484046620672e-68,3.785555156401285986e-48,1.413148799031770426e-58,2.691365213664629259e-64,4.062661765879016265e-67,1.629067094402417702e-68,0.000000000000000000e+00,2.234906536645282327e-66,7.517608885713288610e-49,4.186845431459485108e-64,2.272694329584935146e-52,5.815301195535844852e-68,3.124978627996053349e-36,1.085139724606498730e-63,8.260302993994567122e-54,1.601006746664439507e-64,2.687935626012487355e-67,9.219547208366435554e-49,1.425616654542893022e-64,8.490748052114668356e-51,5.582169879023740441e-54,5.790021170886858533e-66,3.425334368251228067e-50,4.051629761666058458e-67,3.028412959037970238e-66,3.810673216139436518e-49,1.340949905806754165e-62,1.814406915394948329e-68,1.643190009844544181e-64,5.692309334176676591e-64,7.142160943251146137e-63,4.331295244145032291e-51,6.525547554971916098e-49,1.179511473567915046e-50,1.148421357975645596e-67,1.134006362369365113e-64,1.420818109537128381e-64,1.506874546011407328e-50,5.910473728948585530e-67,2.689286280001395022e-67,2.314205120969173637e-51,1.336258619605450706e-65,3.101160393667584838e-49,5.095299360734861252e-48,8.596976643168782950e-54,1.353724264214830141e-67,8.689650137305004055e-48,7.005872123104928018e-49,3.767415841441915018e-51,1.780864679753478969e-65,2.247865109452691446e-54,4.846811954233605059e-52,8.956718485330552179e-58,6.266630789885966729e-53,1.328754828932911961e-58,2.614089048593488390e-62,1.457469342606389017e-54,2.137487962762663869e-54,2.824315421419450057e-64,1.348372018967029408e-54,5.674070999667711045e-67,3.469478809010299383e-51,1.523036236506407002e-64,1.413582770094351516e-53,5.021887101452032556e-51,4.640502487400428291e-66,5.003076664361633641e-67,1.183210862989929792e-52,4.850103926553170927e-49,8.326114016280535689e-51,1.494847104653015147e-49,3.061756775576802147e-67,3.014429178845691642e-67,8.871924831978253077e-51,2.583990956661408003e-52,4.581554246713100013e-50,1.471391353256338914e-50,1.922908336083146315e-61,1.470727838061993599e-67,4.333436114573920301e-65,2.916147372826638617e-52,7.861192591389128138e-69,1.317852519826858676e-68,1.348736306717542819e-50,1.144981166041165221e-54,4.485463918451032099e-51,1.805050989377333464e-54,2.995354219341380437e-51,3.649498446609092586e-48,1.460471325236473106e-49,1.502641109938823099e-67,3.107974050638964567e-49,4.170021311369589257e-69,3.518796735289918932e-65,1.842121640074434923e-66,1.305089378439548581e-54,1.043177251728704553e-64,6.530448440653681008e-52,2.906676829678349076e-66,2.220657283623574474e-54,2.780921626230103619e-64,4.988669548305799690e-51,4.506513673741335362e-53,1.326994090903913966e-47,2.458560821793654483e-61,8.249473421837679966e-51,3.153650720693803588e-64,8.827581378900992933e-48,5.477771472032392916e-69,7.635471588138467104e-50,1.410118402941884225e-49,5.305750155180292692e-64,5.090018727812176967e-51,6.191198440002686722e-61,1.684265963235050662e-64,2.597248962986796000e-66,4.427174311656113212e-63,3.398431780531683490e-63,2.772189904950330949e-42
8.292270452882887716e-81,2.132762609357742197e-80,3.965734101142630523e-81,1.996633581033904058e-79,4.014775676871273226e-64,3.372880381481026893e-76,6.864173286275904967e-77,1.001940368927917890e-77,7.470479708114783980e-77,7.051984952802913074e-79,1.307555330936132088e-79,1.223675339454498628e-80,1.414644244343980043e-80,1.437106356261781171e-74,8.987737141544910416e-67,8.926414671122975580e-82,3.046432678861494902e-78,6.840412634932794740e-78,4.594900703640298438e-66,3.528946524333777881e-79,3.585884871594709579e-76,3.059027862903367856e-80,2.109361106199667214e-80,3.177073302483427565e-67,1.184453696642381113e-61,2.044032758414724290e-76,1.986635200737793484e-63,5.480506532010975671e-77,2.871997766079336385e-81,5.208065794692452343e-66,3.267450746021117197e-64,3.008135774553881880e-68,5.414243248904964633e-80,2.194328162195070979e-65,5.089698835467615947e-80,9.944073543990398914e-67,6.949684626971012814e-64,4.126669254008032755e-66,8.447139181199058336e-81,1.067600834220670377e-63,3.778637070155179035e-67,1.259529200009956185e-65,1.727066698476873968e-67,1.146743192098668629e-80,2.666248032720503702e-77,2.181945976003587617e-76,3.503051284751371982e-81,3.920678510253613760e-68,1.907266457475844406e-65,4.616585075785357708e-82,1.108988943701693068e-80,9.867206666604480887e-66,2.110502588103274211e-65,3.436396755182578335e-79,1.500075556118140344e-62,5.799456953306063124e-80,4.478330560614352528e-80,5.108026576062489455e-81,6.249638621725940056e-82,8.029261946733068447e-76,1.932581072803967560e-80,2.636734888112661782e-66,4.927488620718123436e-81,7.107145049722051529e-68,3.541027839701455297e-62,3.242778593956836798e-59,8.413175965252015412e-81,2.585135488511192179e-75,7.693207707630017340e-79,1.177608071086040056e-76,2.358754063784671053e-80,1.356063772283279274e-66,3.301482067509145085e-77,6.450970298221182719e-79,4.702319696485836294e-66,5.623216706517425392e-80,3.993182426859744947e-78,2.080388446504019651e-67,2.503433791260451608e-66,1.576157455034350980e-75,2.808350909555017004e-78,8.213873119163650607e-67,8.175120890182401283e-59,1.087661106364502226e-65,2.278281370232468859e-77,1.114692455925642248e-78,4.682873128571210876e-77,7.176800605283674844e-82,1.365867826329660428e-65,7.586408623138520038e-80,4.014301212967575980e-66,1.529366528641498536e-76,1.505993070496886375e-67,3.791639758646917872e-81,3.210141722520695039e-79,2.445803202434296560e-79,8.214468753335601608e-67,1.384674510910486571e-78,2.353190070204269914e-80,7.039977561729269430e-81,5.387291759155168422e-80,2.223807665399389519e-65,8.568615247533790128e-67,1.270135240895717352e-80,4.590193251271470547e-80,4.334314306317236731e-81,1.646226451696740202e-65,8.922579761686172579e-78,5.379279617815481619e-66,2.943226601820710413e-65,2.308406353965062836e-66,5.054441863279863928e-80,5.243535182769350575e-79,4.395867072418258237e-81,2.910752246568068379e-68,1.647586219687185597e-65,6.432368524343938395e-66,3.920428919619853913e-65,7.635990056961217506e-66,9.821804638394100157e-66,2.214948931798058871e-67,1.444053078794748426e-65,6.133553869713838782e-66,1.252738510584740230e-61,3.382840744424829309e-64,4.315018793542592681e-80,1.623799869190073819e-67,1.540388442311288295e-65,1.757987346879408914e-66,4.987294383730637363e-67,3.999999969029502944e-01,3.531458981496492753e-80,7.038194757300480471e-80,6.046773716113236614e-78,4.008144219872653251e-79,1.739908279456497732e-65,6.893019259627924571e-66,1.647157296115826021e-80,3.095710045397773640e-66,1.293533457529800782e-80,3.330828073694561914e-76,3.448697034476933929e-82,6.646551345455065579e-80,2.234906536645282327e-66,0.000000000000000000e+00,1.394074045178964808e-65,4.132384198044323863e-80,2.010383186882410203e-64,1.416453902873073321e-78,3.896286338732112754e-66,8.066316854447492787e-80,1.918563374333359590e-62,6.879652765927354238e-81,2.885255668571252102e-82,8.205850083760243526e-68,4.474627536990756307e-81,1.074776432981950673e-66,1.552909267755047230e-65,2.340213656145599053e-81,4.494676369200263572e-66,3.999999970766089374e-01,1.023615179327631645e-81,6.730095905722021159e-68,1.096841524187655559e-80,1.199225215195706864e-79,7.969749210106058344e-81,4.164819309711422432e-80,2.572891632447065932e-80,3.520655900562996708e-66,1.659885678055055750e-67,2.214599672450897812e-65,1.763372673375410664e-75,3.968452935834252234e-81,3.899024664477389805e-80,1.425754644578384556e-64,2.083260210919100599e-76,3.023506611018961553e-77,9.243309817840198340e-67,2.962430071694118030e-79,1.568786965848690103e-65,1.023073368640919507e-65,2.535505527414850204e-62,9.527424083703006336e-77,1.557001695194333230e-65,1.340913419074739391e-65,1.323276408363157156e-66,3.239034471050056490e-81,1.196180410944224725e-65,1.305432277744243606e-67,2.224440625036497471e-80,9.060329038934982278e-63,1.569377056684295860e-80,1.354368212601949552e-80,1.492669107980817427e-65,1.077561565834095191e-65,3.367259572854155264e-76,1.069256313557298494e-65,2.764441482921684805e-76,3.785419324412511924e-64,3.719463938644812120e-81,4.678161088669732946e-62,1.349833944672942052e-66,1.497617183955300082e-79,2.984413440917609120e-76,1.401444547477008771e-67,5.581233129229215664e-66,3.496800090913039516e-65,2.097194210166941109e-66,3.182342721013922161e-76,1.136710529443854380e-76,1.084946361472424686e-66,8.213899207749406307e-68,5.500732921841783058e-64,7.187349042507280411e-67,2.793752013802164676e-80,3.221678298682043010e-77,8.765664709631579852e-80,4.902885089783271511e-65,1.848717031596487497e-80,5.142543795318046942e-80,1.598022149332377512e-66,1.415595116665289922e-63,1.407573432228480807e-66,9.838314350592731078e-66,9.869529013773817420e-67,5.665673728645466328e-68,1.940594640986299023e-66,4.069007553694148693e-75,2.493235979998432169e-66,6.093815890197286477e-81,2.857645647917870864e-80,1.860871148802655959e-78,1.270139490691976850e-65,5.070503021067620406e-80,2.363968735971039749e-67,9.581119652827609654e-82,4.396455985937712026e-66,5.115745677522108287e-80,2.045486030129794501e-66,3.427937021023840653e-61,1.744042320197204284e-65,7.273301180971589376e-81,8.237541195643950426e-65,4.930072160873529478e-80,5.927150215975192841e-66,8.759998742082318321e-81,4.448412008361847863e-66,1.485688738115812359e-65,4.046948827115198526e-79,4.291632415300485167e-65,8.994043334677908666e-81,7.000374698773817398e-81,1.657734246154043653e-74,2.309466953849442161e-80,1.860291675535905945e-78,2.458151924049313051e-66
6.112995006575992488e-63,7.801404945646967757e-64,3.226061254688271855e-63,4.937437197191378980e-65,2.226596815051868423e-50,2.069728453695113934e-63,7.807102936602266109e-67,5.794340301253284941e-67,8.834476870296739931e-66,4.223634005592183920e-67,2.619956952158789903e-65,1.980670085156692449e-62,1.521070979908499812e-62,3.208283121310694166e-66,1.317913955017934705e-48,5.455152337435929307e-65,7.915244706957316655e-66,1.084734380623208891e-63,1.110638620388749348e-48,2.774633350400079743e-67,1.237356956838586945e-66,2.582757975305313918e-64,1.078077724733681089e-67,2.029154685733617997e-50,2.686226939462893535e-53,1.839793172973701080e-63,4.194779071922485801e-54,5.950672405646987097e-67,8.815166426659226675e-64,9.093507706782618093e-49,2.794505295889003128e-50,4.634794332686635219e-50,3.146870236113108108e-62,4.904247868621846030e-48,4.580371714404565522e-64,6.921051928753089927e-49,1.317486001925118978e-50,2.359614054879308112e-49,6.690180992634767347e-63,4.485361952633000353e-54,2.083550813042892224e-51,2.912947101375462879e-45,9.783892652412784879e-49,4.243733685473766626e-64,4.801188931319464111e-67,5.836482831305459850e-66,8.821145347654988033e-64,1.265257857303374840e-49,4.945317929327647001e-53,3.563971345307650491e-65,5.930392787024153958e-68,1.029495639574977627e-53,5.853346857945855948e-48,2.147230121001265344e-66,5.327065399159342928e-52,1.810036557727800220e-64,3.056700624146192344e-64,3.755378108931095597e-68,1.068344234487931377e-64,4.111020642580153379e-66,1.620401314863367630e-63,3.674823224195740454e-48,3.289498357691395933e-63,1.206649654997258357e-50,3.450376283760786181e-50,2.176949602537399736e-51,6.186597113587977374e-63,1.287656600933933946e-66,2.647096158645813413e-67,1.436091549185211112e-66,7.963027247832968778e-68,6.915285004639118829e-49,5.881977490606336659e-67,2.670197198845195276e-67,2.334570513186917428e-49,8.732726207805615197e-68,9.050138310979802843e-62,9.939888331912469939e-49,6.059613328107794995e-51,1.103131376465017280e-66,5.223646787457808587e-67,2.555759530418168934e-49,4.341800600261619800e-51,2.117097902471106124e-54,4.442836174412692865e-67,7.818709774973635512e-65,6.964761531408188525e-66,6.406474507473199410e-65,1.881196690540047262e-45,1.943326647652697762e-67,2.439520214199634008e-48,1.241624631943732885e-66,3.080304346930086365e-52,2.038877543298920348e-62,7.045342778291890370e-64,4.163557967662159110e-65,4.008956513147940661e-43,1.072631555875091242e-65,9.380886193119253684e-64,2.141285841143027404e-62,5.622543924205754693e-64,1.095561830817877132e-49,8.296252584391593115e-49,8.093404061940250102e-64,5.911965782276401952e-64,8.729650836142153038e-63,2.968579576569459398e-50,5.220412811115462792e-67,1.866200271806107309e-48,9.240333477571787737e-53,3.900906700955711907e-48,1.847510109746051162e-64,7.590693142743567137e-67,7.897215169748407350e-63,8.630189794445426986e-50,1.865837346389302203e-49,1.534278770903092063e-54,1.799186405132426315e-50,4.026253087361210317e-49,1.798083716832864452e-53,1.292748178004597536e-49,5.142130297199173408e-49,3.111551139148407577e-53,9.333986200910264072e-51,1.002055840627072924e-49,1.829591642143159256e-62,4.989775957736378781e-50,2.813797841692727784e-50,2.214330065867341930e-48,3.224626508938483002e-50,2.144480758679808457e-66,1.914089847126310469e-63,3.429975233957217915e-64,7.278614015517540217e-67,2.826907229138047421e-67,1.665342258448414201e-49,2.324698948037129673e-53,1.046367721407490694e-67,3.702247912826053997e-49,1.974611739086489144e-63,2.371008860910641079e-63,1.408723251474526159e-65,1.610371061119790473e-67,7.517608885713288610e-49,1.394074045178964808e-65,0.000000000000000000e+00,4.520127614843498822e-64,2.710513714365175112e-51,4.710382351995495570e-67,8.121122019243428044e-48,1.909251939119733074e-61,5.236099751028420126e-53,1.896529881529726888e-59,1.205054778049373048e-65,1.318311695733332461e-50,1.061471534511117067e-62,1.881225821791129138e-48,4.488938786751327003e-53,3.622521471896287931e-64,1.892891600352012140e-48,2.107591635134525091e-66,2.664874587486196853e-64,2.080399071102558673e-50,1.012998327034236098e-63,1.323307221532048690e-67,1.189079847312182899e-59,2.458227035964708949e-64,1.955680840295640910e-63,5.781726312582617467e-51,8.184355046761192528e-50,3.090930433198898363e-50,9.112314661434908774e-67,1.472931309219681844e-62,2.785178764724489458e-64,6.816550144068643542e-50,3.626380592541247313e-66,2.504490819568949333e-66,2.269535962895735898e-49,3.773467828097259402e-65,3.222519465489022664e-49,7.854854216912585848e-43,6.700407340873834860e-53,8.648255955294459442e-67,6.638274073588116024e-48,4.599210520188464662e-37,3.273002402123077182e-49,1.101660997770973884e-63,2.125560870239142652e-53,2.565318940770708672e-50,1.070084559670708191e-62,4.374754594052530878e-52,4.336030010968044562e-63,9.662337838096269861e-63,1.180934937183210413e-53,1.767207846173700553e-53,2.292683385355295692e-63,1.266186386006425698e-53,3.739954205320156973e-66,1.554320437259871701e-50,8.406045492985520497e-63,9.878990190715102832e-53,5.389580717630224168e-49,3.667428914975271283e-65,3.509187504548273885e-66,3.114372650803689423e-52,3.160007788895748680e-42,3.901198787509476590e-50,3.123828207191132382e-48,2.308851016867476233e-66,2.103905335006105897e-66,6.903327590447331995e-49,9.960758703903647947e-51,7.954768199088151562e-50,4.052848627387399895e-43,1.527777295755702099e-62,1.010368897797169466e-66,6.067554257053513823e-65,2.201742040821921112e-51,7.019528859765399626e-68,1.157556216649017547e-67,1.311439204424169093e-48,1.124928561948319654e-53,5.974415621496803824e-49,1.947125009114992456e-53,3.140744190477325195e-49,7.273794113702878904e-50,1.364307548098816542e-43,1.176337151455027771e-66,7.414796104296996228e-44,3.288239754953806248e-68,2.950996488436545874e-64,8.257390883446114252e-66,1.487156769283644797e-53,2.812756585354404688e-64,1.363976663284836565e-51,2.171086423618210886e-64,2.082769811645459856e-53,3.002267914345407909e-64,5.462652711479239126e-49,3.289480225615235019e-52,5.446951633743923581e-48,4.661818886435815279e-63,2.921535179485889349e-50,2.499222070092547462e-64,4.614428297448558965e-49,5.172935117408448913e-68,2.722718006235890677e-48,2.439609851564673500e-49,5.248171787838222596e-64,1.172226259580039045e-50,3.739821299792238182e-63,2.210058557008116487e-59,2.358615958489698299e-65,7.927003714078529201e-64,3.907683482192967847e-63,6.941486114715647499e-49
8.703970847532624902e-79,2.678264206613533141e-77,3.649740308420271171e-80,1.167025186756581858e-77,4.633859985841037194e-64,3.136951845433144713e-78,2.195968577754835668e-81,8.659152593186159752e-82,3.078777389869002300e-80,6.457934136098627276e-82,1.194011640183803607e-79,1.571096050252182718e-79,1.323708718978900251e-79,9.176307643234764190e-81,7.769035909926177195e-66,2.324478809332926980e-81,6.335012299349445490e-80,4.895625226467922959e-77,5.753317834288967357e-64,3.910876800594179577e-82,3.631861739373382436e-81,7.858207310457643976e-78,1.247694635476591326e-82,6.544568749917328689e-67,4.816604694506138567e-68,2.146708707054715577e-78,1.063720894150922591e-68,1.743740349696137285e-81,1.516718484413941518e-80,8.808905525214329343e-64,5.586341937607637217e-64,1.841573074386552059e-66,9.077291626834463873e-78,3.711373762276347838e-63,4.961183243287970499e-74,7.274125109912697733e-66,2.636645766275842851e-64,1.209119467047709911e-63,1.184723308679586030e-78,1.087558741061231538e-68,1.082550655457949481e-62,1.425029323644240606e-63,2.916360871139433296e-66,1.556004914209626915e-78,1.179821219308940114e-81,2.022248466527652214e-80,1.668794169284249155e-80,3.517668544218816502e-66,7.507385769262113034e-68,1.090084316555830528e-81,8.530983232313776206e-83,1.796468102047536840e-68,4.615429688758616627e-63,2.563992786166182976e-81,1.156636358593010876e-66,3.251359292265479019e-76,1.067354291742637663e-76,4.726419133879745127e-83,1.867586675687579068e-81,1.307523659689246699e-80,3.749643621200770311e-77,3.481743364143449372e-65,5.150445725094251896e-80,3.155282388821953874e-67,1.093802687346205436e-64,4.993698914620804983e-66,1.127430579994670151e-78,2.835551207443276595e-81,4.787957090177246578e-82,3.143703663401343913e-81,1.186048663069467181e-82,8.805927057583100416e-66,1.151007938956130501e-81,4.702234030971010328e-82,3.002981639347739766e-63,1.680952539791987540e-82,9.565762718257153779e-74,3.466329804169509567e-66,1.145483931247042719e-61,2.017957487943471578e-81,6.634856119636532159e-82,4.071348212468842641e-66,8.846467446898808283e-66,4.613554732293787395e-69,9.587910391413695613e-82,3.960993262605924576e-79,3.837192272856178150e-80,1.822269872839238372e-81,1.907716083568546527e-63,2.605091529908574536e-82,3.064311826034442067e-65,2.500138795157870411e-81,2.197154157556565270e-63,6.640899343175448459e-80,8.006311154265816188e-77,2.745696583245928167e-78,2.750943722071666569e-65,1.414375575966028573e-79,2.030745412048725555e-77,1.894585177388830419e-79,3.847375624005178105e-77,2.404927474848014957e-60,6.172155840058439985e-66,2.140469702982329766e-78,1.110263217981772724e-76,1.026977531014160129e-79,3.090347187517798499e-62,8.148535261834945651e-82,7.026438145585993451e-65,1.277567347751317814e-67,3.549209215884662863e-65,4.489947323447973971e-77,1.382216910153603302e-81,8.210781300085369814e-80,2.189598983792364172e-66,6.937932996310673842e-61,3.656550306057673413e-69,6.177828132453383379e-63,1.490430715772057973e-63,2.901678969531381523e-68,4.889059244222154281e-65,3.920725774681887602e-61,4.036987541297593472e-68,1.630704975084958924e-65,5.307499134362145399e-62,8.628084298782016627e-77,8.183862701407029869e-67,2.959745964502733846e-62,2.605325631763305863e-65,1.136053011282471431e-66,7.235770188603342473e-81,1.503164385541552864e-76,1.390151892092687171e-73,9.082320573401656632e-82,4.670987775482429491e-82,3.600104000339975070e-60,3.362367007980292310e-68,1.215574228448824802e-82,7.303784530039710221e-64,3.070031302746343003e-78,3.381876971988972893e-78,7.409253040604577767e-82,1.985232646741176200e-82,4.186845431459485108e-64,4.132384198044323863e-80,4.520127614843498822e-64,0.000000000000000000e+00,7.723995865844541058e-66,9.756274532585754162e-82,5.249199950765634056e-64,8.930592070589389228e-79,1.266203065736091665e-67,3.337205549101587764e-79,5.962427587058268507e-82,3.654642502009413989e-65,9.503796294619615878e-80,8.405850637348245612e-66,6.977779793610839706e-68,8.593734022762406745e-81,3.717452178223368053e-65,7.646933416334606131e-81,4.473832546009839662e-81,2.142120136395669027e-65,2.136782366571988901e-78,2.545807800480818136e-82,3.602019959832253412e-79,4.849531787333475323e-76,3.853561916882028459e-77,1.385461568139225399e-61,8.442496667509601776e-65,4.909962673709977187e-62,2.083744587326328786e-81,6.600155544296353753e-80,5.613303285589809413e-74,6.299674877214706574e-63,1.436539335733384001e-80,3.767996607730503820e-81,3.535379140040293627e-66,3.147822987197657312e-78,8.121497953932149237e-60,5.621190604741792265e-64,1.405397088515391979e-67,2.528156603174907424e-81,6.129745025275877065e-64,7.399466998199738467e-64,5.459245478957693823e-66,2.017923442540637872e-80,3.021445739654994105e-68,6.038122366041928306e-67,5.422650236580473463e-78,1.016708796776025713e-66,4.412641931814928292e-78,8.918136131536473836e-78,2.119923337765807018e-68,2.548804992276819460e-68,3.223732424649573753e-78,1.978406028616907634e-68,1.299440919703671589e-80,3.294395902809296988e-64,7.701007261361455580e-80,2.415854187196297967e-67,6.011309945311652781e-66,2.555215536694801675e-79,8.211941831836010171e-81,3.181720809852661308e-63,2.268979462937521104e-64,1.220314074607287563e-62,4.927467193304944976e-65,5.661115636516066930e-81,3.704827634303362182e-81,8.885179482352558967e-66,3.443298493134792705e-67,1.660793052750781069e-62,1.601481270677681341e-65,1.580298114772656275e-77,2.233828217928944532e-81,2.208047476566487180e-77,1.527656872098153686e-65,9.404959758509620757e-83,1.662408398029047831e-82,1.409913447551512648e-65,2.449289818447695453e-68,6.523505203986176715e-66,2.745754318603657256e-68,4.100648825606385415e-66,4.990560003024861898e-66,1.012805559881696616e-64,2.739617617723884974e-81,1.586865499332697894e-64,4.804042604105316166e-83,8.881205257865384685e-78,6.593449689793470166e-80,1.999538962747649705e-68,8.075268764933711132e-77,7.073250817070777839e-62,3.933660454149511927e-81,2.671491355174618989e-68,4.000000179476109197e-01,7.582028821602072940e-66,7.564581320562217644e-67,7.561224449041128576e-64,6.419530720822554728e-79,3.465947139825834615e-63,1.651405115611469675e-75,3.451632131042747507e-63,6.332249448496480815e-83,5.114637805965301039e-65,1.881862531215675224e-60,7.041648227449394170e-76,2.305032976826220182e-63,8.292278446149283585e-79,2.541073428648162941e-79,4.237031136197602673e-80,2.236476031743351978e-77,3.999999914087799535e-01,4.132527138643866633e-64
8.346368618893700660e-67,1.991233023621929629e-66,2.150994498591960081e-67,1.027361906398023104e-65,2.663175423243819958e-49,2.731186014495130587e-63,4.203342272253933133e-66,5.617061739564677001e-66,4.211890612419855065e-64,1.913037837517167578e-66,1.130898526434689374e-57,9.669384505643170704e-67,1.000343513253321234e-66,4.450998495160540928e-65,9.249839478778194650e-53,3.905646456366373964e-68,1.769889187267051488e-64,9.707636523047493200e-63,3.426476405244285504e-52,1.141401448406714587e-66,1.008875957253239244e-65,4.467221924194208982e-65,2.224500434489408885e-67,2.624385573464805367e-53,9.312685193242591625e-52,2.465576214693429062e-63,1.912043604425703449e-52,2.416359609381062019e-66,1.699936625398266997e-67,3.204509812651967043e-52,9.588967671021125070e-49,2.517451930594473584e-54,5.041625695790346644e-66,1.521914463938103721e-51,1.035918277968726513e-65,8.487567608535003730e-53,2.825690950858081014e-49,2.562481394263129769e-52,8.706084681272206295e-67,2.784879173544642026e-52,1.369881122424777399e-52,2.897620839570978480e-51,2.264406052183382657e-53,3.946730692310554869e-67,3.303584363011453336e-66,3.397234430637191592e-64,1.590350040028673998e-67,4.923792833101799956e-54,1.034940689097682062e-52,3.462351856861936991e-68,9.979874937657755474e-68,3.821125600357631873e-53,1.971730530825314964e-51,2.823675992104559661e-66,1.809875734054926893e-51,3.916541599687458035e-66,2.734946217739550972e-65,5.569176008848782386e-68,9.061444332110167845e-68,1.550775026144591192e-64,2.775935845144358620e-66,1.754591305363233964e-52,2.421092182661781064e-67,3.567869485807840146e-54,3.199062991864049902e-47,3.854032052605908777e-50,7.396193310031127793e-67,3.704845219114562678e-65,8.701224379767255605e-67,9.753196755712897177e-66,1.329508658094313463e-67,1.293429400204541141e-52,3.691928098982561673e-66,1.041839567146580330e-66,4.018498146998889768e-52,1.656196120147964890e-67,1.603026324182213921e-63,2.165310898616310698e-53,5.159503278275748285e-52,1.522882223661628888e-65,6.408238128468338721e-66,5.575687792493858183e-53,9.017654617645594646e-50,1.063026090923201898e-53,2.945979588745914762e-66,5.889320541992156248e-56,1.279784530327355082e-64,4.796010674201587291e-68,2.650562355232170454e-51,4.049201803556748815e-67,2.725627599858992036e-52,9.794135416604553542e-66,3.444378509244953101e-53,4.378005397309540132e-67,3.255309557848342425e-64,1.048294987267754907e-64,1.951117120801445765e-52,1.395306986273816099e-64,2.054820254281580112e-66,6.050107645772978642e-67,3.803924889729177098e-65,3.047044722923146642e-51,8.750210806249180257e-53,5.775223613799328094e-67,2.189960127732624413e-65,3.374676498358702688e-67,6.832033265260562613e-51,4.728430817093409077e-66,1.850320353540854730e-52,3.034864721004382564e-52,1.804717583490910535e-52,2.261656642402147516e-65,1.813021597348865603e-66,3.400890980148068361e-67,2.859546740157807286e-54,2.018922942461631757e-51,5.238736488627865989e-54,9.873820490361867885e-51,3.915082782658413214e-52,4.315219381933589685e-53,2.247660669302181983e-53,2.269797169586669873e-51,5.747588166507865128e-53,1.738436091904588887e-48,2.904082611167757708e-50,1.421524620526823256e-65,1.016494779421368674e-53,6.917316621595101943e-51,1.170988332251620606e-52,4.206768613212969834e-53,3.637162116068363314e-65,4.928656264028633116e-66,1.345588489667273438e-65,1.206266117441570662e-65,1.400587808305959667e-66,2.319783460772271130e-51,4.719347094898698656e-53,1.950981100431155660e-67,2.072441003727212155e-52,1.208624756064401810e-66,3.037944585922670300e-63,1.429784418919022919e-68,3.318912929868538847e-67,2.272694329584935146e-52,2.010383186882410203e-64,2.710513714365175112e-51,7.723995865844541058e-66,0.000000000000000000e+00,2.112922854016394011e-66,5.097307544790780748e-52,8.079015674827928391e-66,6.101208048000434691e-52,1.954093194977074962e-66,1.370579885349159066e-68,8.818825264308312512e-54,4.060025803620776972e-67,1.489169014930110540e-52,8.634969883705661631e-53,1.270588190507364396e-67,2.457909305487495572e-52,2.541479358743377456e-65,6.259013152353913112e-68,6.881249673254393635e-54,6.404009703222441779e-67,2.381109009277571731e-67,2.496396517861514166e-66,2.544209616030703859e-66,3.451289029732658334e-66,6.020970031890026450e-52,2.682161485726401724e-53,7.733282286876978114e-51,1.353079903969214678e-65,4.291366064302866247e-67,8.635280137828254157e-66,1.955670862287252209e-49,7.357114058493940203e-65,2.334471117948594173e-65,9.199155152038854408e-53,6.368934155154144291e-65,3.118826536943026239e-51,1.340958562725056977e-51,6.692263632363819868e-52,4.871706103022343398e-66,8.561138272788574723e-52,2.877271465648938793e-51,9.055331456277418931e-53,1.760446488720891285e-67,6.094461324298916559e-53,6.187536691882428326e-54,2.963182914230160079e-66,1.908649738632457562e-51,1.888975595656194290e-66,3.004541199902980084e-66,5.286749028951390626e-53,4.225206362943519868e-53,2.797675489884463171e-63,4.793138281695497600e-53,1.334639425546088007e-64,2.605272400691621581e-49,2.869841469666170364e-67,9.048146512034707545e-52,1.297395816936789883e-52,1.020552735675223950e-57,2.035632104581023528e-65,4.122328779891139880e-53,8.922279150740312171e-52,2.728785897545708860e-50,1.635010498449101303e-52,2.078744776553656077e-65,1.327484036598490429e-65,7.952936826800410978e-53,3.048242351106619180e-54,4.548772949392606548e-50,1.911062674890924624e-52,5.647061839295055723e-66,8.632342421566620528e-66,5.335688897248664968e-66,3.496576220199264231e-36,1.039879090864778051e-67,2.705454692350318762e-67,1.133400467925872800e-52,8.073365360749163751e-52,1.596072710382475177e-52,5.072389202998599216e-53,9.259393378592590036e-53,4.620476837537732125e-54,4.211816572132335102e-52,2.375116379517011169e-65,4.511064088928909090e-52,4.130918395245825570e-68,3.493862470618259189e-65,1.755125438759560592e-64,6.420653806315419928e-53,2.376165855330784189e-65,6.730693832150482743e-53,5.825098620197609825e-68,4.084317188429365256e-53,7.434648441747034662e-66,1.385365106175009515e-52,3.592939522667153811e-51,1.002016892113600722e-51,6.038244510583514855e-67,3.747619731844563093e-50,5.333598058085773366e-66,5.723454123944435177e-52,9.080633462610574528e-68,2.278790300033150785e-52,2.467814154857548442e-51,2.493221307995347955e-65,9.790553461271519549e-51,6.202263987313437658e-67,2.013602100158538743e-66,3.616184685337330227e-64,1.938509491007350655e-66,2.264844085119525143e-64,2.261362486903244541e-52
2.484003351630218062e-82,5.296486777174575372e-82,1.262607513470884585e-82,3.342225246590873653e-81,4.046011335884749622e-66,8.653835411219357356e-76,2.571975732456261026e-79,3.921726726263100284e-78,3.584732222172250008e-80,6.595200796262770372e-76,2.256609027310971480e-81,3.825026949026556997e-82,4.576588382177647963e-82,1.064888157344383386e-78,3.335864337624772365e-68,3.758364571563573031e-83,1.474487737349883014e-80,9.149154517321246643e-80,1.297550145504112603e-67,1.268545476806986969e-76,4.805054301183938079e-79,7.584557247074081496e-82,1.613883158304843104e-79,1.662848346296003173e-68,1.580092465531048891e-66,5.494507238830320137e-76,1.599165116993206943e-67,4.138740910498682726e-79,1.082935367620680058e-82,1.361739025999568060e-67,4.383190560129335359e-66,8.898461199449438201e-70,1.556997612799566314e-81,5.450194025357723248e-67,9.178995666468660398e-82,3.425790748482609170e-68,5.990152182691809318e-66,9.367111588144430844e-68,2.314937225733575365e-82,1.348846581850017432e-67,8.705130927996025626e-69,3.322257245002338174e-67,6.562071940587238063e-69,2.833720857544657518e-82,4.917603157143066913e-78,5.386575023721058097e-80,1.166324325202383769e-82,1.216937211304666783e-69,2.929623172837642793e-64,2.030041942989806482e-83,4.506885981217214673e-80,2.783044381144909181e-63,6.093645865341217941e-67,9.675320606260573273e-79,3.752108583009516339e-63,1.310439385852175436e-81,9.707123285627057795e-82,1.508592547884849644e-80,3.048499885372300756e-83,7.607246123947422155e-80,4.276362533784303085e-82,8.907449950922499045e-68,1.608049937498726133e-82,2.907689468032548265e-69,7.105305520591696447e-65,3.509555942099725169e-64,2.568389126741314786e-82,4.249003054920483750e-79,3.999999902002328578e-01,4.409346124348599699e-79,1.339979546937213973e-79,5.252746663746310082e-68,2.040767621322944299e-78,3.999999902256196060e-01,1.037941166194803939e-67,9.953701428676008718e-79,8.091842383682995699e-80,6.132188168556130286e-69,4.465677053668132175e-68,5.731646161260558916e-79,1.939762665057816228e-78,3.000136372293633868e-68,4.314585761473466927e-64,1.278870752131898762e-51,3.193063331208632319e-78,1.663794834701967262e-80,3.771271407687868357e-80,3.096440013461203246e-83,3.573497615459161233e-67,1.211490781849352461e-78,1.452729815843802583e-67,6.630120434499720250e-79,2.553737211946155090e-69,1.122310762103578360e-82,6.143772758532915778e-81,3.464019090872711170e-81,2.385822306590785594e-68,9.923472350520126757e-81,5.700224667043875869e-82,2.363866440350010569e-82,1.378408590883166400e-81,4.333356750563074938e-67,3.315730445538915876e-68,2.859924461630923115e-82,9.167271311184325574e-82,1.583117718994701345e-82,2.911492929681205214e-67,3.832590745609713451e-78,1.841900488030785348e-67,4.616949671264391907e-64,8.214687645568814817e-68,8.892665454071649936e-82,1.054141588214245324e-77,1.467438070925829723e-82,1.009114931879654005e-69,3.530899198983766362e-67,1.286120449307880787e-51,5.901918892690871941e-67,2.000070155211650479e-67,2.432322566414362108e-64,5.627952920478604862e-69,2.979474652142326617e-67,2.600605298714854587e-65,5.175174602813695272e-65,6.370694404020140885e-66,1.155330420875579925e-81,6.407385030409886715e-69,2.823124333608615074e-67,5.323415276102570348e-68,2.495251739472729634e-68,8.365648305439317486e-80,7.584259356089298122e-82,1.380689867823581748e-81,8.916522987413490888e-79,1.389884477386405941e-76,4.062108841443932456e-67,4.705840725031128463e-65,5.414132665959480152e-80,7.417955642684226070e-68,3.785342645390562866e-82,8.932963611672999222e-76,1.535849213228857686e-83,8.268620549306885231e-79,5.815301195535844852e-68,1.416453902873073321e-78,4.710382351995495570e-67,9.756274532585754162e-82,2.112922854016394011e-66,0.000000000000000000e+00,9.783680436943596513e-68,2.772178600992195992e-81,8.726164321372685363e-65,2.102489019585796158e-82,1.378229136273082222e-83,1.968551804898472699e-69,1.582234391011125108e-82,3.759298516703438024e-68,1.530692832860767011e-64,9.432090347826840169e-83,1.717400673222054323e-67,8.632081842352946678e-80,3.882497464654778091e-83,1.564789817384220228e-69,2.834479913120934566e-82,2.811345191451736315e-78,2.272856862529457055e-82,8.280495499324014252e-82,5.995863988515094569e-82,6.565544818105670304e-68,4.199661752726387536e-69,3.816643878488354094e-67,5.844404078232730321e-79,1.292805629506798369e-82,8.056775225753580926e-82,2.229159647027423290e-66,5.930370511182912495e-80,1.543009542362730724e-77,3.708537993585527165e-68,3.936727969834111620e-81,4.034341429096796685e-67,3.332781912584178897e-67,6.851289604801110964e-65,3.740081980286332588e-79,4.987628176115441975e-67,4.808938955506479607e-67,5.475950528297499075e-68,1.147114913434011228e-82,3.584642523257675143e-64,4.679319759689315856e-69,6.824009792039590062e-82,1.207924755335242442e-62,4.250751506555688237e-82,3.750446748946395536e-82,4.802770144712540977e-63,1.662487531485898723e-64,8.284327232508017230e-76,2.363900456331355675e-63,3.813412461391820206e-80,4.245387411504271420e-66,1.166285935155690896e-82,1.543515024913989341e-64,4.795565552611958252e-68,2.348720321773068147e-81,1.321793040656536837e-77,2.585209677651863085e-69,1.583994387970543535e-67,5.969690142608671715e-67,6.970952302158398186e-68,5.040291967564456857e-78,1.126534765171529179e-77,3.934159309208326106e-68,3.566855791082186617e-69,8.278519233483042149e-66,2.376157886959980460e-68,7.830105159266366854e-82,3.026032761771931646e-77,1.606344291852406701e-81,6.316036171861269863e-67,1.056010410640053686e-79,8.841912027539479736e-79,5.924336954299076162e-68,2.561799577709787017e-67,5.596696450782935639e-68,2.598196195366991281e-64,3.770687932081423434e-68,1.704557846916930114e-69,5.717417043629238267e-68,2.827175369855606383e-79,6.547499934882840819e-68,1.544383287060335298e-80,6.816029581473077451e-82,9.376794932764811939e-81,3.528633690982120570e-63,1.190416258139892064e-81,5.056136189242211367e-69,3.804029776111064679e-83,1.682878793024104729e-65,1.105450532312276633e-81,7.027598167097927254e-68,3.027378692467463767e-64,5.192480287998145270e-67,2.218800297852530357e-82,1.296192915220566718e-66,1.216185663309087155e-81,1.357552926783167102e-67,3.460699399153397872e-80,1.510561346409155550e-67,2.866013757645018973e-67,6.791995360108352434e-81,7.177079747352085142e-67,2.711700175645213698e-82,2.055532921227963590e-82,1.768922123925008434e-77,5.553386466987502296e-82,3.643574308742144441e-80,7.075921371725387593e-68
1.174984060494279096e-60,3.721130707672989584e-63,9.456182523542127166e-65,2.802282998803865527e-65,7.285166541602912734e-51,4.141999108064087761e-64,1.614681398601227547e-67,8.622514304264760244e-68,1.695340337977100580e-66,7.060537502356454179e-68,5.428008629148841028e-66,6.534649975679271507e-64,4.350885202635997132e-64,8.017437917403507786e-67,2.599075660608868421e-50,2.662957293880687190e-66,2.012325584712914653e-66,5.032623315801201592e-64,7.663797087589893441e-43,4.514267024737524185e-68,2.624736954003984209e-67,7.755363289027172831e-65,1.483500682136394435e-68,6.629763794779085337e-52,5.255227895313770653e-54,2.733425906555750575e-64,9.325403429714222613e-55,1.352776804809521966e-67,3.027281917696040579e-65,9.562755017714939886e-48,9.337429722827147294e-51,2.302261623891627822e-48,3.014195845037472914e-56,5.997614492595580225e-45,3.141007765626774218e-64,1.897195129319544114e-50,5.253602139588394255e-51,6.920008830549486805e-49,5.228948086876176143e-58,9.563509090588036808e-55,1.439467928664749789e-51,1.319864995973514638e-47,1.421398369537161668e-50,1.440026941371210903e-63,1.151960747650124049e-67,1.277815168668752382e-66,3.055760262570007056e-65,6.829876492855392562e-48,9.161835148438564900e-54,1.331327719663997860e-66,1.024086084583233446e-68,1.757420806374421160e-54,8.275170430834202921e-46,4.063545224951378298e-67,9.243792772455237400e-53,1.460381961513798124e-64,1.175164337890225405e-64,6.399253029591522671e-69,2.572647992235543373e-66,9.860405027032149756e-67,3.635038107868631237e-63,1.207656856332348231e-49,1.430044578069910384e-64,4.885855912047628817e-52,6.586645164676098101e-51,4.647125303174156980e-52,4.211193225833816811e-58,2.826207042947612068e-67,5.110267949835697252e-68,2.229255369522245202e-67,1.612803353262167847e-68,1.592768641754680399e-50,1.079913690751597502e-67,4.560738877455312982e-68,1.415827172956668851e-48,1.819820520554854700e-68,4.438286751060389575e-62,2.013943171247857900e-50,3.911621716351639477e-51,2.377974964358981335e-67,8.632185357726627158e-68,8.075383313797531479e-51,8.367551960098241899e-52,4.262806417441974709e-55,9.023657731719441423e-68,2.411474160358346060e-65,1.747762274468203269e-66,2.193730268026057954e-66,1.961834551426974194e-47,3.204318430223919485e-68,6.583737156409997849e-50,1.956883892981714280e-67,2.284026514758519152e-52,4.033347861203454572e-64,3.166058873598422308e-64,1.804540303500934786e-65,2.582156903950691232e-49,3.421174264321424783e-66,5.638091882549212710e-63,1.166224253559902662e-63,2.575566337169118146e-64,8.092531883689146508e-50,1.868158485280182242e-50,4.589093301157224025e-63,3.096032542326988320e-64,4.968372081746498724e-64,1.773363449855314333e-50,8.082654044660060378e-68,2.042324971222868591e-49,1.732108427942392452e-53,1.167326492148018359e-49,1.145223318440655989e-64,1.597615257532815938e-67,4.058510150528092744e-64,2.636394160858817218e-48,1.428170651754245731e-49,3.039515312079033883e-55,9.877477663669476828e-51,6.064564761175934656e-48,3.379995551925221958e-54,1.057356017315025922e-47,5.734172881971751521e-49,5.940115728395605052e-54,1.706721144686142931e-51,8.703035288193675437e-50,3.906526879745104206e-62,1.414571999673383373e-51,1.466853285891138233e-50,1.497724194284613619e-49,1.238926288200067692e-51,5.796573324117319365e-67,6.230052050515173796e-63,2.837421324677056771e-64,1.164939932583636837e-67,5.194908333002969694e-68,1.824380860083224519e-49,4.572229462219284081e-54,2.002827517441518390e-68,1.374589577834461155e-48,3.692590840436607003e-59,4.245451277435032435e-64,8.057966843830387824e-67,2.648599129444782286e-68,3.124978627996053349e-36,3.896286338732112754e-66,8.121122019243428044e-48,5.249199950765634056e-64,5.097307544790780748e-52,9.783680436943596513e-68,0.000000000000000000e+00,3.509379636861388378e-63,1.170353089698378149e-53,1.943857457051755497e-63,5.533371534058232001e-67,5.614175199799977220e-49,4.197750880387942002e-64,3.354322365246223028e-50,8.539971634371328963e-54,1.319287964737891480e-65,6.389183220655777403e-50,6.180208329055323770e-67,6.496373079328632806e-66,2.589779737281090815e-49,4.250143767489565294e-63,2.501258186256555198e-68,2.146452587616490855e-63,3.661384095589638767e-64,5.616718877145159678e-63,5.361038717575191790e-51,9.019657996279756795e-49,1.509347438990134565e-50,2.017709610845700722e-67,4.046588621192125301e-64,1.879974433997231447e-64,2.943903464761882178e-50,7.827657821506470982e-67,4.703621656882163125e-67,6.718316347651960665e-51,1.610678101964352156e-65,3.277683781655346877e-49,4.336292890247123711e-47,1.287223623383312502e-53,1.805899550512579090e-67,1.582499341318682990e-47,7.394107150192977622e-48,9.865183119563852023e-51,3.829475630481385764e-65,3.580997735989489647e-54,1.048303712794812991e-51,4.260921052582835247e-58,8.679135230881333288e-53,3.764687723338953636e-59,6.795692814227630318e-62,2.539615408119603187e-54,3.445357163359079118e-54,4.312017314080837731e-64,2.287411777782184098e-54,8.550774102959744077e-67,5.339943878128750601e-51,3.890327891805592566e-64,2.301496537579467424e-53,1.434449899084478762e-50,1.023514443943654343e-65,8.268736560044077680e-67,1.739713264671256108e-52,4.735264371758160055e-48,1.501961392094784000e-50,3.669264012277883639e-49,4.310555972276078658e-67,4.052885943398033215e-67,2.397294877065666830e-50,4.068951176232266915e-52,4.855986809295728075e-50,1.932021608194205831e-49,3.623127943584632460e-61,2.554506730872564139e-67,3.440262189029741893e-65,5.609634914763186009e-52,1.145174644594045413e-68,2.020167518251478061e-68,3.857194126752677388e-50,2.261019941952179868e-54,1.492692514675571361e-50,3.229193899903699567e-54,8.323722298075980396e-51,1.122204478719710979e-47,1.663608836900212419e-48,2.707528408792915127e-67,3.488940178146677921e-48,6.455275026230964513e-69,8.501357365224157850e-65,2.177432169561553675e-66,2.249402952150346599e-54,1.949579581591297594e-64,9.604104668724162341e-52,6.122429396242416007e-66,4.108317364126940209e-54,3.118688769182097954e-64,1.393365335420016324e-50,7.778925789461111407e-53,2.103225831963027468e-47,5.820572092465672122e-61,1.269618232159002756e-50,2.411221047083668585e-64,4.921970443561876659e-48,8.410589367161317306e-69,1.813452581799988414e-49,1.734066539469380196e-49,4.101933733056242125e-64,6.750806763694225369e-51,1.066560442263426249e-60,2.397878842714709743e-63,4.390895232078050712e-66,1.984239723479651667e-63,3.863786530394570010e-63,2.641576985257065137e-42
1.455668385262158606e-77,1.544706159085999544e-78,1.161225469607942397e-73,1.969119834490031243e-79,7.052393909170743220e-65,1.297167059612933642e-77,4.724201917361841488e-81,3.020763080174474384e-81,3.502045171701027714e-80,2.315415960865597247e-81,6.434211681514302071e-80,2.859246219439880228e-72,1.388831610225598041e-72,1.870850221921383885e-80,5.829872817626429964e-60,3.685970411875301989e-78,3.247720150713327981e-80,2.944789420514090446e-78,2.820093975419951526e-63,1.483159835640547862e-81,7.457008351443617178e-81,4.033561806199173725e-79,5.756670603433847154e-82,6.686554074140005490e-64,1.169959714733039005e-67,9.932131475653326085e-78,1.974284661918162098e-68,3.997473092133011344e-81,4.435067586058816543e-76,2.467122858979815879e-63,8.348076044350036804e-65,2.097559634002532614e-64,5.801287201330356265e-77,1.206450370195792807e-62,8.311542836124375147e-79,1.763058740157058497e-60,5.053311891484238873e-65,6.199989048851041594e-64,1.118864461598334226e-77,2.025332218197312669e-68,4.336887023468508960e-66,9.180663723115096091e-63,8.774936713018418831e-55,1.811936096470749953e-78,3.062812527421285618e-81,2.628652890198050781e-80,3.552290478228456560e-76,1.581668773360958190e-64,2.869833127361859972e-67,1.485544659950666414e-78,3.307291836461812420e-82,5.855562810145522445e-68,1.182760004092980357e-62,1.229225441670400915e-80,3.234677529969793468e-66,5.401218446706247445e-79,5.318872352426573911e-79,2.217651346082203346e-82,3.737570136301311905e-78,1.905237470661296783e-80,2.062432402870888724e-78,4.408422300327241658e-58,1.293773101508514869e-73,3.617318863863967422e-63,1.207251862091461578e-64,1.103751946884060933e-65,1.395007657475356928e-77,6.321040427851729043e-81,1.558378177601756288e-81,7.509305845207331296e-81,4.902562026958891373e-82,3.744276214688423957e-61,3.536115456562146981e-81,1.452422057896721214e-81,4.761986414627926094e-64,5.928148506892934287e-82,1.220230274557470378e-76,8.734078810548932853e-55,1.293575027758994381e-65,5.420252552979940150e-81,2.372549984903993950e-81,9.828036630470212334e-62,2.090880727577910997e-65,1.298958496427363447e-68,2.571277092525710485e-81,2.425082809405925065e-79,3.455405147993840028e-80,3.044149153335569830e-78,1.059120728033446640e-62,1.157551545887702970e-81,4.733465245122328632e-60,6.230567013274056703e-81,7.273604268752019151e-67,3.999999906188516641e-01,1.434166547865338794e-78,1.264844692905178467e-79,3.084354666941921849e-63,4.490591137416084057e-80,1.893740326218754278e-78,9.182161961991748437e-74,8.761799752034263012e-79,2.429339855955285756e-64,2.083162480488439428e-60,2.591737483672419884e-78,9.595490253977517480e-79,5.579836130705831800e-74,6.583028427581253597e-65,2.783527084753563049e-81,5.889404492414105186e-60,4.886253081969863752e-67,4.611140810012222853e-58,3.824778533184960388e-79,4.733900937894880480e-81,1.153072541960290012e-73,3.817604994197017944e-64,4.006434074416199799e-64,9.477107988273508226e-69,4.877084681849454170e-65,1.126700960925764909e-63,1.059838782922150491e-67,1.536117535294290832e-64,7.769363522563485980e-64,1.780984742726423340e-67,3.640774506703064789e-65,3.675550789925590025e-64,6.877905323609525790e-78,1.533133353104222652e-62,6.338849071540718402e-65,1.917084269172764648e-59,1.063440274607302916e-63,1.138662767445354450e-80,2.472552453240616280e-78,8.076242749014996444e-79,3.140541980356147258e-81,1.530968448933213548e-81,3.587746973633077472e-64,1.379429351475885935e-67,5.948291514301060995e-82,8.639502791024006224e-64,3.823645209369703164e-78,1.422012314268768917e-77,7.155564826150250208e-79,9.391529143778277251e-82,1.085139724606498730e-63,8.066316854447492787e-80,1.909251939119733074e-61,8.930592070589389228e-79,8.079015674827928391e-66,2.772178600992195992e-81,3.509379636861388378e-63,0.000000000000000000e+00,2.972465250025661965e-67,7.900720206643364732e-78,5.530391960429039460e-79,1.807124749242033884e-65,1.825717208863532156e-73,3.253870194594654502e-60,2.857242785496491844e-67,8.632967354677594210e-77,2.799110210368849830e-60,1.184883605705555203e-80,6.360890992225169422e-77,2.983814095535323883e-65,2.989676683667459174e-78,8.779552582845318632e-82,6.428235554655188151e-78,6.633197334004245740e-79,2.666073861251189464e-78,1.522039217536478688e-65,5.985604422976366177e-65,6.994145578335144773e-65,5.003548475486456200e-81,3.999999904481804092e-01,5.005957683670425189e-79,1.610644882108872497e-64,1.771566494424079945e-80,1.221768168892056114e-80,3.678980249827522363e-62,1.188739658486584654e-79,5.425185389449763356e-64,3.650523680665787874e-61,3.578328518218958513e-67,5.001296217328748856e-81,7.903680491513792587e-62,4.737342473912185898e-62,8.437153707250224858e-62,8.156733591715807823e-76,1.190606085743870343e-67,8.507115666144657137e-63,1.350607343969149838e-77,2.778379298676212448e-66,5.357643103244879132e-78,4.190462258224104234e-78,6.509513374849768271e-68,1.057873839310441134e-67,1.290685380058145569e-77,7.280871514858497069e-68,1.604785901076629561e-80,5.177702980356032255e-65,9.171454203156974081e-74,5.518170928762889113e-67,1.293923141568561241e-61,9.887689460001156554e-80,2.168501339456686568e-80,7.365895844923234512e-67,3.830026346242597533e-62,8.277643240627993733e-65,8.221002061593248881e-60,1.283902513650373927e-80,1.127482877120081420e-80,3.403291018889520885e-60,2.415812431446447066e-63,2.897483348460581163e-64,5.039747630398513377e-63,8.657314764190941769e-78,5.961323300195140589e-81,2.100571877902529207e-79,7.020040963298055667e-66,4.358433240940542453e-82,6.610181167182069303e-82,1.535019314592703164e-59,4.760991939988758163e-68,1.277902298912985051e-61,1.062326480893834146e-67,5.588123807662689447e-62,2.197175197777496422e-64,4.617989403217326115e-63,5.944312880768264745e-81,6.516106324980846170e-63,2.163997779014320598e-82,4.254495680866847524e-79,3.133936690591916680e-80,7.695100555758287244e-68,5.346703420528052424e-79,2.762695557162991847e-66,4.925995081610945152e-77,1.239199947216479990e-67,6.795533717912412256e-79,1.327797109412489153e-61,1.851665707176048455e-66,4.564484740049596544e-62,1.737131025230001003e-77,7.860790308959071388e-65,6.429839740396035388e-79,7.068093462033035948e-64,2.892541313744953064e-82,1.227920512513173045e-59,3.997611863831743310e-64,1.741496812977321396e-78,3.549596551452806203e-65,1.272470070787911736e-77,1.085916625853606594e-77,1.138437712009527114e-79,1.678433040837122412e-78,1.103987513114327696e-77,1.409427581420709222e-63
3.274963080806225226e-68,6.488605277326563357e-68,1.199472803188427500e-68,4.675556945293591119e-67,8.621715202458885732e-52,6.986281663328791533e-63,1.217375039789558991e-63,2.269364891820844366e-63,2.970302472958084924e-65,3.754721376795460099e-65,4.186347435295351032e-67,4.567790523614090429e-68,4.824410242197820275e-68,1.207390752846600256e-61,3.291922932083513134e-54,3.444866479133547319e-69,5.093432622874383068e-66,1.882493455093299523e-65,1.668072627849692201e-53,1.550091700321453368e-65,7.144900371104379180e-63,1.105361424205548803e-67,5.169200028856542538e-67,1.430051837417863981e-54,1.131789784293241526e-50,4.217133656462173746e-63,3.957528111697077890e-52,1.499159372556679596e-63,9.959892997405825865e-69,1.495914719258022177e-53,7.672595182915779387e-52,1.150665909832123154e-55,1.842663016443300452e-67,6.654347317672539277e-53,1.088600107688261407e-67,3.889727968152012106e-54,1.424578043335980530e-51,1.168714279695208841e-53,3.025626755034492045e-68,2.651805568127741006e-52,1.252725094463807886e-54,4.154481519581207477e-53,6.954371403967194682e-55,3.413260075721403158e-68,1.215400271539660897e-62,4.887502988757267674e-65,1.195167619995144249e-68,1.500320727300113858e-55,5.338680639530222934e-52,1.929565321604183598e-69,2.602329559541786252e-67,4.547982694344752608e-52,7.648688135693853641e-53,5.981148319560674978e-66,3.289930762184199385e-48,1.567059765065857499e-67,1.550003767550814876e-67,1.016803589075967162e-67,3.084528985343264115e-69,1.106814952264625044e-64,5.187181860269725397e-68,9.038176109486832373e-54,1.644018772312059223e-68,2.817819722678686266e-55,3.261393538569385136e-50,1.822586608930090595e-47,3.026713406212819305e-68,1.798985848680852651e-62,4.743513923640526642e-65,3.095736444940900538e-63,4.766597964853608224e-67,5.861662269310703247e-54,1.187761792690774111e-62,4.101860770764662737e-65,1.327068753450081589e-53,1.511882694829257191e-66,1.191731028794734344e-65,7.323696031445162463e-55,6.074418487966713912e-54,8.522326563805742236e-62,2.319395401593801629e-64,3.242035638375761894e-54,1.070095775572231351e-47,8.601347899590339153e-52,9.808941978123697281e-63,3.359762558493020913e-66,2.254109570835494744e-65,2.791575197438802826e-69,4.143086497983664531e-53,2.116451757217329735e-66,1.578551439740907336e-53,8.128697331853977956e-63,3.847335630359091405e-55,1.298998229157992579e-68,9.063302980491118339e-67,6.301209260874709167e-67,2.954857940481259801e-54,3.005799507787861133e-66,7.044029212360053084e-68,2.645999886495989922e-68,1.967254812112133640e-67,6.182496662492750211e-53,3.525225674112758278e-54,3.321734459149126874e-68,1.424432967834607396e-67,1.685434424687855481e-68,4.722292310931494947e-53,2.269294983619645893e-63,2.026797924188192435e-53,9.368597101657201007e-52,8.794035484744997031e-54,1.323772016188264414e-67,1.509607686213029218e-65,1.620072651992702679e-68,1.169137095170130699e-55,4.453388499537796303e-53,3.720640804820839278e-52,9.100792846288239226e-53,2.290531428285092991e-53,2.900201315865782023e-52,6.773126586246544360e-55,3.790181079394968667e-53,1.309399469596287808e-52,4.341139951695846089e-50,1.003642243529058371e-51,1.511716295864414349e-67,6.193864986711207459e-55,4.182991071194012429e-53,6.181266224272028725e-54,2.208240047436631103e-54,2.567271157352144795e-64,9.955484390788881875e-68,1.900922503704052666e-67,3.232733747061182717e-64,1.951308570280286914e-65,5.589636130422976529e-53,1.646208806905771667e-52,3.684540318942886855e-67,8.795090271525784660e-54,4.779062598869738137e-68,6.519512565868439483e-63,1.426557938816513927e-69,1.484694072974899858e-66,8.260302993994567122e-54,1.918563374333359590e-62,5.236099751028420126e-53,1.266203065736091665e-67,6.101208048000434691e-52,8.726164321372685363e-65,1.170353089698378149e-53,2.972465250025661965e-67,0.000000000000000000e+00,2.399515439446432856e-68,1.197937133600249035e-69,2.479731423621621842e-55,1.647020620691806479e-68,4.420994930508657889e-54,4.118141784554776692e-52,8.866714889180707942e-69,1.825495926185371668e-53,3.179940854585627340e-64,3.846879676382030842e-69,1.793600258746615358e-55,3.447751295115903211e-68,3.144857711510135201e-66,2.717927212330788491e-68,1.135612382908547934e-67,7.660695735400914151e-68,1.033840530019476424e-53,5.122014304676856632e-55,6.492283668494584404e-53,9.724187055213241074e-62,1.500449891893911914e-68,1.076281161153257512e-67,3.669535271644721980e-52,7.519272242931228224e-65,4.205409502125077424e-63,4.242386218795636840e-54,6.944252534937021109e-67,5.382281315054385758e-53,3.613896937280435712e-53,1.361912545283940004e-35,1.964371691136417760e-63,5.212218018458964615e-53,4.861675600468277558e-53,5.101207740701658914e-54,1.311620184134258734e-68,3.914023753618785015e-52,4.985446838919696552e-55,9.044947994137991629e-68,3.119189793075968608e-48,5.446867346356920042e-68,4.821288031374711451e-68,7.611571354788211401e-52,2.689726372726994318e-52,6.110890367084107295e-63,4.208066004631688532e-52,5.074370717599304710e-65,9.106737859328092523e-52,1.400243755014942751e-68,1.647216430094200137e-41,5.526617095140354012e-54,4.580362012449272049e-67,1.027574617245489727e-61,3.918785636139402969e-55,1.988457133196304256e-53,9.260645307192574065e-53,8.408986516003171550e-54,3.802440450925184870e-61,6.138712884165817352e-62,4.603772792181448267e-54,3.426516234199235717e-55,1.329160005395286178e-51,2.839284095957649501e-54,1.020243319118825188e-67,1.356574813543665547e-62,2.369716238158038717e-67,1.428051339190973543e-52,3.809426673673262513e-67,1.524978552829948852e-66,5.822838463065249656e-54,4.111341998212829339e-52,5.803500290175785436e-54,2.791409590444966611e-52,4.211979817153136692e-54,1.876225098060637185e-55,7.198144119694814400e-54,1.590825944822373307e-62,8.919061991872530717e-54,1.056965343117157587e-67,1.043029238443898807e-67,3.271498427073759723e-66,5.659260275158897079e-52,1.853703285943674482e-67,7.491243605440937206e-55,3.806334415623183134e-69,8.989845708335611430e-53,1.457746208780170112e-67,6.990427729671371058e-54,1.737172473785299072e-42,6.338223562283980289e-53,3.244947567783129664e-68,2.046715087239799741e-52,1.631314208287693732e-67,1.745795630184746461e-53,1.972126598931222385e-67,1.657566845491924382e-53,3.679686466435305812e-53,1.044631247480094019e-66,1.092708733495525337e-52,3.540047336642168461e-68,2.516852245356961057e-68,4.483796203879128328e-59,7.273055929749978949e-68,5.204402714975302850e-66,9.080081489347485850e-54
8.845684947586285413e-79,3.832276804590134552e-79,1.367434440255586887e-79,3.214744227167447029e-80,1.669878354977552333e-65,8.053342073554439345e-79,3.535015667991591264e-82,3.010021021645530514e-82,4.861241296796634291e-81,1.873400354380963261e-82,2.441833081521333904e-80,7.761596295522390919e-79,6.383208300826577891e-79,1.448279292180465411e-81,6.735818317571008446e-65,5.348878894616810957e-81,4.788575733436428993e-81,7.587607200802883163e-79,1.987648731630365238e-64,1.357008520294885438e-82,5.944315614302011584e-82,2.757045086988080722e-79,5.103970175042333049e-83,2.725614917657442939e-66,1.301660842283539746e-68,7.362338819842099328e-79,2.291890184559323122e-69,2.539566730121842368e-82,5.582986397914336187e-80,2.005378223609798047e-64,2.217821515436152452e-65,4.037075498789144753e-66,7.028676126196065250e-78,1.072829876838188928e-63,4.297033773832194161e-79,4.019739061118215888e-65,9.205248152408975517e-66,8.391157820055056619e-65,1.365639992758967364e-78,2.575447725071489732e-69,1.913628573175909695e-66,1.611505047400483406e-60,4.403064575933033559e-65,9.746282019110158982e-80,2.419805650670230580e-82,3.835323370456041667e-81,4.974802940800000227e-80,1.709017433273122513e-65,1.993733297041286455e-68,4.301876223130796678e-81,2.432101431153725739e-83,5.286988914997368941e-69,1.455719801679435296e-63,8.363809514347224720e-82,2.475667794041873425e-67,1.064589706303645596e-79,3.119799581604713547e-79,1.598608256700196512e-83,1.279471995056112754e-80,2.235086313879981710e-81,1.011424994487305006e-78,1.543949838054353678e-64,1.275675808501381099e-79,7.745826166042753484e-67,2.407383954735700495e-65,1.038272301862657368e-66,9.959676814647929773e-79,6.934363723298756835e-82,9.759066538228017489e-83,6.262697176198276422e-82,3.307622167958564041e-83,5.113765149945640185e-65,2.706559745813012667e-82,1.163266296907754476e-82,9.921792196519263417e-65,3.508249495024293526e-83,8.374521467316925759e-77,4.633829631420912815e-65,4.678789435670159964e-66,4.369361654421090996e-82,2.673848334031113916e-82,1.541326878952669990e-65,2.004026966228892720e-66,1.012771728066952018e-69,2.103762611258697926e-82,5.711532924080829425e-80,3.932089177629468819e-81,7.177252413736704113e-81,8.876981108981761754e-61,8.205569317310421600e-83,1.123298615101195172e-64,5.570630679481875948e-82,2.437936100110713334e-67,1.018601526234169683e-78,7.025421699209804391e-79,3.396121404565029842e-80,2.939579451390365126e-60,6.763124470311283742e-81,4.501520351721023345e-79,1.000322495388563854e-78,5.797065188512780977e-79,7.280476407459913546e-65,3.920899257250738455e-65,2.139451719896412077e-79,4.642291328688754401e-79,3.466442557664275270e-79,2.407063787965405543e-65,2.629169027752697646e-82,7.264896655129955887e-65,4.195510088069237177e-68,1.796985586692542394e-64,1.750339227524979166e-79,3.543041084044479111e-82,3.523945725659946532e-79,7.964242882365308481e-66,1.334063765929939908e-64,6.548224565888242397e-70,1.519398657356829881e-65,1.122338902741163005e-64,7.907082275819239125e-69,3.996866625723419746e-65,3.560411306067266178e-64,1.319550825854454573e-68,5.701014965826848721e-66,6.085621481079195741e-65,1.312580249282169839e-77,3.128347444393021556e-66,2.680722345953927955e-65,8.725331293033838032e-65,4.489840998608205130e-66,1.126922724445946836e-81,1.101011643601916681e-78,2.964422848942334479e-79,3.996879411563731566e-82,1.419993117213864091e-82,9.535427068093382306e-65,1.018050396015845211e-68,4.092491403924034102e-83,1.102344281384588054e-64,6.170859206119333744e-79,9.405449840245356439e-79,1.395873732378484828e-81,6.889943330063300148e-83,1.601006746664439507e-64,6.879652765927354238e-81,1.896529881529726888e-59,3.337205549101587764e-79,1.954093194977074962e-66,2.102489019585796158e-82,1.943857457051755497e-63,7.900720206643364732e-78,2.399515439446432856e-68,0.000000000000000000e+00,1.415443626541516294e-81,5.179686129585490676e-66,5.709244399246946286e-79,1.168933409781303139e-64,1.892395658301990500e-68,2.555882279534939892e-80,1.019748105086274619e-64,9.341599847457934835e-82,2.035876811003028826e-80,7.210963733095198817e-66,2.534681815630340303e-79,5.268430284435126818e-83,4.000000002240183816e-01,1.279593405983268626e-79,1.009989439076086339e-78,3.995569533788003327e-66,3.611836490149776784e-65,2.427384140084969241e-65,4.366738371459887680e-82,5.990625048286824210e-79,2.375634112231642546e-79,6.440297144916609813e-65,1.863100766935371740e-81,1.146794068112507893e-81,1.776167546960161170e-65,2.856872717603546461e-80,2.227320276885311555e-64,5.225646645770148765e-61,3.076525832339117253e-68,3.759982721226234059e-82,5.856070137322818011e-64,6.806805337298293226e-59,2.357195805051592399e-65,5.981512782214030138e-80,9.121529863614494702e-69,1.575201758518514775e-66,3.342721637627924567e-78,1.972273206088657110e-67,1.441361069418709731e-78,5.185103239579388824e-78,5.404819580975346723e-69,8.042432690342846722e-69,9.047946580139800769e-79,6.029330264583239582e-69,1.828000486216846780e-81,1.158072753494278606e-65,3.188296971084477567e-79,4.157771787879584185e-68,3.514858709185751747e-65,3.291817326168892329e-80,1.520685985882742469e-81,3.068014041725176686e-67,4.967241148760326492e-60,3.905462581027449694e-65,1.455773102344475016e-64,1.099817631733816144e-81,8.684099425672728993e-82,3.125925861951312959e-65,5.943174096025663746e-67,5.114558381452238230e-65,2.504495258721336047e-60,7.705250936849862782e-78,4.169341753005886640e-82,3.847498504343382700e-80,1.833016711979447322e-66,2.952670713517757840e-83,4.756515384620725601e-83,6.326800276783619416e-65,6.249005321114605996e-69,4.623156805800690021e-65,8.682727727725985503e-69,2.329101801505812735e-65,8.487388580838598464e-66,2.606592523806336677e-60,5.526446681510419154e-82,1.071559752470952142e-60,1.329232048630057583e-83,2.858364036393813664e-79,4.940692173537052749e-81,7.371829903597112670e-69,2.160326591524505588e-79,1.109291942395643093e-66,1.530674672965404708e-80,9.244145896037539235e-69,2.003844799780914064e-79,4.231255781712390952e-65,1.494218978205766368e-67,5.207553744883550791e-64,5.270790985718610412e-79,2.527933520693033352e-65,1.502957521686277494e-79,1.784159716463256217e-64,2.228835325430056441e-83,1.085997337842570654e-64,1.942222792763190246e-64,3.136152871149158862e-79,8.858554953079560370e-66,4.838905952037076031e-79,3.999999996562518256e-01,1.157414774187529404e-80,3.627285912303659573e-79,2.740653625602347653e-78,1.448493630192429480e-64
2.686712166454651574e-81,8.381251399940585820e-82,3.401405104222985391e-80,3.274348886145442637e-82,1.017427039955718249e-67,7.874395292863642865e-80,2.187812121315889262e-83,1.056272052743109293e-83,8.120391243116816463e-83,1.048132362398002554e-83,7.716637968624320755e-83,6.346475074339671690e-80,1.227014519740506364e-79,7.068802154657324243e-83,1.144918523244071794e-65,3.999999994322058772e-01,7.638211073126128566e-83,3.909678403103867969e-81,8.604988117147167922e-67,6.407255475412326145e-84,3.093951341319990349e-83,2.563811272804129684e-82,2.672177347784258990e-84,1.555556056759696725e-62,3.267003574943625065e-70,4.853583555002945216e-80,5.794114752927513669e-71,2.028861346295008003e-83,1.648251577785119741e-79,1.040060313307226726e-66,1.209432944166249564e-67,1.856117766154117972e-68,1.410875496722087796e-80,4.112728265387655385e-66,5.361712169037923353e-82,2.450404031378261462e-65,8.873403959279055758e-68,3.531152519302348258e-67,2.334213750036797402e-81,5.507627900191778806e-71,3.053338810776523551e-69,1.593835093634793006e-66,7.882695214286698761e-67,1.530678842774838247e-81,1.522648423436535906e-83,6.778955382803166694e-83,1.877390860427712881e-79,1.565896077395938110e-68,1.508485951542126134e-69,1.086157733198472335e-77,1.832313841478913559e-84,2.757356479433443377e-70,4.368505116831912022e-66,6.740531558425964253e-83,1.784196329237238139e-68,5.716341440233074043e-82,3.510445303279684596e-82,1.110967661045593314e-84,7.011341470252979878e-78,5.548092866004617552e-83,9.257504628133467650e-82,1.340170072653663898e-65,3.456776865439599886e-80,1.664553594556781053e-65,2.353014958533712434e-67,3.718512366186945077e-68,2.997092765457814707e-81,2.134333336333031909e-83,8.104528645228526361e-84,2.799268868416561419e-83,2.681402994525904421e-84,9.007889819673124632e-65,1.348679661347292777e-83,7.721106643943251669e-84,2.523302435155861777e-67,3.436744334402998330e-84,5.769536764146918815e-80,6.273197897343112604e-67,1.133158506511808798e-68,1.868957021050833844e-83,7.680647867943108809e-84,8.234210504988098202e-65,6.849804176523491718e-68,6.092561452972759351e-71,1.120714134480382812e-83,3.557737765702376874e-82,9.944530320891058750e-83,3.107924589764573133e-77,1.663310111685490899e-66,5.862974718557778328e-84,1.012072368001026676e-64,2.219515221029328833e-83,7.015288723126619868e-70,1.020424867189297547e-80,1.212279126092556049e-81,1.663238643126079948e-82,3.630559818767110162e-67,9.675845116247447952e-83,1.020389721372017044e-81,1.353504046381060959e-80,5.836273675781497301e-82,1.963808031684766545e-67,1.923911976117620698e-65,1.508101511833623612e-81,5.745712121143222799e-82,1.139640277158505776e-80,6.001861309358376354e-68,9.591978825478329663e-84,3.011363172412962297e-65,2.153078963702936046e-69,1.296000106662844015e-65,3.067246374539621510e-82,2.571856985301062044e-83,1.346820650930632490e-80,2.665999108733855042e-68,2.686224427566043476e-67,5.234259513786235336e-71,5.589267622853176882e-68,7.137094305563136723e-67,5.504310623452624667e-70,3.809860528638983180e-68,3.922589700304143292e-67,8.940352328412921369e-70,7.245973649214846181e-68,5.946152107784151356e-67,1.914764156194066919e-81,1.547951440068091238e-65,5.196194210828874851e-68,4.930599137325100396e-66,1.280723411172913269e-62,4.139788819080847903e-83,1.105952432308570288e-81,6.217472969948962708e-82,9.628454296911415937e-84,6.777689130019294757e-84,2.598186401295527513e-67,6.768699097529942247e-70,2.653616217779791604e-84,3.712097306154797461e-67,1.514832560827417392e-81,7.818872449066159397e-80,4.000000007609435526e-01,4.352031439076645832e-84,2.687935626012487355e-67,2.885255668571252102e-82,1.205054778049373048e-65,5.962427587058268507e-82,1.370579885349159066e-68,1.378229136273082222e-83,5.533371534058232001e-67,5.530391960429039460e-79,1.197937133600249035e-69,1.415443626541516294e-81,0.000000000000000000e+00,6.519252499361962908e-69,1.401144813320500147e-80,1.176350861373936167e-65,1.525431283084135222e-69,9.644915859198932217e-79,1.214516700921642789e-64,4.343418105361703851e-83,2.305832224834905000e-79,9.241342906396862328e-69,1.582588876309245926e-81,5.288621137266585532e-84,1.103648263470445029e-81,5.802343780184923085e-82,1.197736675014674057e-81,1.496340642790893270e-68,1.689587615484312680e-68,6.028932123562072230e-68,1.944368554922117944e-83,1.169102835800044737e-80,3.784276644375632989e-82,1.728990250071441118e-67,5.516435061291321793e-83,4.634578550173160729e-83,3.798035917739979712e-64,1.756645639374816217e-82,3.080095908887115495e-67,8.332886256164841554e-66,1.307188450067696902e-69,2.324714117693189126e-83,1.168349532857163482e-65,6.268947038482160593e-66,2.690815913539032137e-64,1.609590314970918225e-79,5.980339674545661578e-70,1.443899340989284916e-65,3.708899345515934369e-81,1.404539234132255752e-68,1.624792814300544861e-81,1.060421192766859155e-81,3.176267951837420726e-70,5.122611123082998336e-70,7.949831170681618075e-80,3.243867250149999370e-70,4.601213041341717586e-83,8.569759333050995387e-68,1.049319149211111488e-80,2.511024409053207711e-69,1.170160021534516118e-64,1.069159448784653132e-82,1.044066175337172281e-82,5.982890398396515688e-70,2.838756071813751461e-66,7.240101421258089427e-68,3.905050475866292591e-66,5.466042734006556516e-83,4.788332381260153076e-83,2.390947529152765222e-65,3.081720261803919060e-65,4.664048276752491776e-67,6.525456573350050447e-67,2.232020111485588757e-81,2.671759958763634860e-83,2.900307922402090887e-82,1.018641482769969328e-68,2.263723660849137010e-84,3.344076237244418180e-84,2.437041576402061721e-65,1.247449329969483766e-70,1.336986717076547962e-64,4.900691762965667621e-70,1.843959575261503746e-64,2.783770286620964598e-68,5.040331460257017891e-67,2.102257076316875157e-83,6.513617200254392400e-67,1.249693527607422827e-84,2.409216277872163121e-82,6.585133771312353368e-83,3.110048774921970377e-70,4.106855372240132408e-82,1.927443558549361100e-69,2.694374098468860663e-79,6.162783563805109354e-70,5.271595344375160122e-82,3.948510261804568085e-64,7.478618856996161914e-69,9.125600554843947281e-66,3.061430850011467164e-81,9.177040785650097654e-68,5.831763652067802722e-82,3.119005794003695880e-67,1.445027202479626414e-84,2.830225340187840752e-65,2.233838512367018490e-67,2.036304262074855887e-81,4.750066973715290127e-68,3.130331727355214472e-81,1.798138646990665133e-81,4.271479797630502677e-82,9.649094961063201708e-82,1.163186160951309584e-80,4.019816347370736212e-67
3.307156816128122037e-64,9.343878440942877737e-63,8.055987770779145418e-67,2.422169595162096522e-66,2.788572165659235206e-52,8.704565627959658208e-66,4.839873956795931310e-69,2.047543680585056626e-69,4.753679353339788166e-68,1.457224661004722585e-69,1.174832812806338385e-67,3.406621339835080665e-66,2.411129869452886693e-66,1.704781880953894829e-68,1.396146470085572658e-52,2.915625266827208256e-68,6.475371157728006119e-68,1.427076833163253496e-65,4.946406288405557216e-49,1.032681557402335113e-69,7.279625255479815937e-69,1.515499787902915504e-66,3.363276497651665681e-70,7.162262726892376356e-54,9.981176749808311212e-56,5.831314227309094866e-66,1.894737046422811598e-56,4.063309458456699749e-69,2.226705455691819585e-67,4.853780997344571448e-48,2.736232282614264584e-52,4.805110135285280577e-52,3.006248971025322220e-62,6.583745898511980503e-47,2.008114733819700465e-65,1.157284381824231741e-52,1.585976146752843236e-52,1.094498353601271744e-48,2.652267240857119062e-63,1.928683648713967284e-56,5.842626477908479757e-53,3.618858402361615203e-50,6.817824398697278192e-53,1.663893415758422851e-63,2.533252730080537170e-69,3.374148348856408531e-68,2.902032414602678612e-67,1.086010182386732525e-51,1.985200361902159217e-55,1.269638267469944607e-68,2.109536491861912932e-70,4.241765866266467939e-56,1.530081260882631037e-46,7.346723359065218903e-69,2.916773414510442306e-54,2.197526824938519271e-65,4.720588708319066766e-66,1.282071262886350080e-70,2.016756829388088310e-68,2.249465210206241933e-68,2.703312832525592129e-63,8.203343458785297382e-52,1.175395129013436683e-66,4.247574989109636721e-54,1.431843244605292543e-52,9.948351539867262680e-54,3.737859077087993073e-63,4.774895780047447845e-69,1.199968321817185028e-69,6.832126766143281803e-69,3.109448985536817470e-70,1.299703612701733091e-52,2.597898103134825343e-69,1.134918995885802391e-69,5.294227928938666562e-48,4.262993917560472314e-70,1.705506808402146544e-63,9.565989391001862820e-53,2.524386512974069858e-52,3.962580249407268751e-69,1.417943506513720368e-69,6.234866544277223180e-53,1.886607969471688848e-53,9.626516128327476281e-57,2.144174974376322785e-69,3.691342583638896395e-67,6.094473476852192352e-68,2.268536541809928027e-68,6.887842362217729058e-50,7.086524086620094240e-70,5.385639268812302373e-52,5.290124987291605327e-69,1.113672298575463615e-53,1.588536361483821614e-66,7.984977216336228899e-66,7.375387849704833258e-67,5.668214740268351781e-52,1.257002900595206763e-67,1.532301542106466598e-62,7.425249932405583722e-66,5.568580025129477797e-66,9.067067521782727821e-51,1.033838541669602398e-52,3.324332839855547931e-63,8.650972377847371979e-66,2.961294329623553990e-66,6.703617733574335056e-52,1.913500900538973689e-69,1.679074134289805812e-51,2.640709180680562489e-55,8.158990225993448601e-52,3.296762680218183120e-66,3.347105757606087681e-69,2.260441565112033094e-66,7.313550544559756723e-52,2.872119027824907284e-50,7.838418027329573240e-57,4.682986849163649936e-52,4.024626760913699230e-48,6.793780274577758415e-56,1.134390381185400519e-38,1.365741753848567735e-49,1.114039349679201950e-55,3.158751502405580271e-53,5.126432126404832673e-51,2.944188538905273916e-63,1.218989805525596753e-53,5.966390627380561359e-52,7.009956601810621140e-52,1.157253404761316588e-53,1.400767105218174741e-68,2.485479535610513645e-63,1.991768142402482521e-65,1.920531677700071325e-69,1.077920650743168421e-69,2.013458916651405116e-50,8.334980324024371771e-56,3.203354948771394731e-70,1.356457522155466688e-48,8.240643087286480639e-63,9.033200530529970677e-66,8.218968079234434960e-69,5.522436361228116490e-70,9.219547208366435554e-49,8.205850083760243526e-68,1.318311695733332461e-50,3.654642502009413989e-65,8.818825264308312512e-54,1.968551804898472699e-69,5.614175199799977220e-49,1.807124749242033884e-65,2.479731423621621842e-55,5.179686129585490676e-66,6.519252499361962908e-69,0.000000000000000000e+00,2.618316412068355610e-66,1.369940634660588122e-52,1.846751653402531105e-55,1.095621279112269857e-67,6.398021424470700099e-52,1.571453325887914048e-68,6.962442185980636372e-68,1.551270417411143065e-32,3.635510108558961637e-63,6.436680583019325237e-70,4.693999212590429467e-66,7.743085089941078353e-65,6.592266830532690291e-63,2.801253966128615550e-52,1.244832146691570609e-38,7.757113706839304037e-52,4.105371509457706550e-69,1.517484642213153273e-66,1.318697376520816676e-65,9.034973735609567310e-52,2.423773637858287911e-68,8.171944796085448664e-69,4.371162220889279700e-53,8.159991749479112369e-67,3.325180764118425674e-50,5.170529781587207665e-50,2.814944321305246062e-55,5.467985451969735213e-69,5.232008529126104540e-50,1.921268177078040232e-50,7.480636118758183058e-53,3.264393643698287096e-67,7.459698788603990775e-56,9.152543537082417505e-54,1.246793019644384981e-62,2.405259082918107473e-54,1.492108404633772608e-62,6.113630264214425525e-63,4.602855799114203115e-56,7.123019938551708458e-56,8.665434529041978636e-66,4.796555728823151716e-56,2.045762088073044629e-68,1.879646897718582953e-52,2.152406112234032104e-66,5.149435617205020168e-55,8.244544011276886017e-53,1.999515066740753453e-67,1.857560679066611498e-68,9.558289429084853028e-54,8.723778891973962959e-51,5.777119783783939333e-52,1.534265918949675884e-51,1.059063950449909031e-68,9.550865255722766811e-69,1.452572200161508570e-52,4.680788544786319517e-54,2.745425697298465566e-51,3.336402346911512347e-52,2.654646282677298827e-62,4.423404885715705343e-69,3.876742655303212102e-66,1.300178170263447092e-53,2.818355644883423834e-70,4.072506599101708563e-70,2.587873776562679475e-52,4.631676074474728801e-56,8.712076087770233817e-53,6.841164206564858964e-56,5.633815194707890489e-53,3.466929977330202943e-51,2.380746815068755076e-51,5.091436640684258580e-69,5.615102598923781398e-51,1.439063668310210809e-70,1.839749816562927644e-66,6.982088715107661487e-68,4.613340642976218986e-56,4.838304408136607675e-66,4.940761642866083964e-53,6.072746225831786798e-68,7.266513865435711461e-56,2.366162110919140396e-65,1.127009054105318627e-52,1.669342696177977462e-54,6.506934425846154332e-50,1.897007414778053759e-64,5.635408622452215298e-52,3.099542390335322427e-65,1.260910386345475168e-47,1.740258116259493876e-70,1.127292088169187214e-51,1.994961002315953650e-50,4.927038264806415743e-65,2.900529083674170048e-52,4.271013174032097627e-64,4.026691459726437939e-66,9.299121757170962042e-68,7.037971532132947550e-63,2.546470290280016989e-64,6.165791429321820643e-49
2.293831496858210437e-78,2.249374893385602512e-79,7.805126281578922569e-76,2.222092529623731066e-80,4.570713720453845170e-66,7.107720147830296420e-79,3.131041475648176084e-82,1.616407822411045493e-82,1.983085569111614952e-81,1.280906419493973421e-82,3.613387768380589338e-81,3.999999980076400230e-01,3.957849074439546154e-75,9.854081195930064376e-82,1.864165308590304095e-62,7.595515264326421444e-80,2.368093578892016892e-81,1.973188894342471237e-79,4.937327085825245598e-64,7.839775010155729491e-83,4.783023236477999351e-82,2.411247611260680973e-80,2.774546496582436156e-83,1.367951844692150325e-65,5.393850355962798405e-69,4.882564652274977439e-79,1.133017639470495382e-69,2.636755218750442010e-82,4.250056998126460233e-78,4.354838799430467429e-64,5.814729303644760411e-66,3.139506005853074513e-65,1.004969757495092785e-77,1.965348789176513520e-63,7.741758443564083428e-80,5.032676435252946128e-63,3.400066322722830919e-66,8.707011278821249021e-65,1.868349816078467615e-78,1.086587458305431018e-69,3.802810077379781348e-67,8.598907968021764811e-64,1.926209298199774751e-61,3.300297479338630113e-79,1.900255756295973522e-82,1.732507817119826096e-81,4.561861836585722812e-78,2.153074837420916243e-65,1.490882349429697314e-68,2.879205268288336984e-80,1.725596545121639804e-83,3.246525116082375041e-69,2.105971176469834990e-63,5.781595474391132217e-82,2.261059858837285350e-67,6.278774058561811853e-80,3.961570012726153758e-80,1.080786654598763942e-83,5.127279262377371514e-80,1.162521303689313784e-81,2.534393824473706159e-79,1.130171356080367708e-59,2.491457241049297118e-75,4.615327873861247995e-65,6.764993516575920518e-66,5.403713044880183028e-67,2.369562762386368781e-78,3.553657332466695489e-82,8.137319064034156031e-83,4.553884421331812144e-82,2.513410797812798975e-83,2.640261462102635050e-63,1.905967414163843352e-82,8.946733317899130218e-83,6.564885302357372171e-65,3.547190189835934960e-83,9.125356530041859636e-78,2.068433412156368749e-61,1.075530763970514518e-66,2.486373064629586270e-82,1.003061756235378000e-82,8.694977426104736475e-64,1.096975728985336653e-66,7.138235302639028039e-70,1.442985678647475938e-82,1.217037954840561978e-80,2.805555352899914858e-81,6.039715261571932772e-80,9.627751393412987826e-64,6.009268198462717502e-83,3.046521910536827010e-62,3.653022462072706253e-82,6.219241699280701278e-68,2.774148199646212348e-75,9.303453623150707447e-80,1.021173174741928210e-80,1.727650088973163498e-64,3.300107152259870365e-81,2.862965075818844208e-79,4.171017607459793035e-69,6.766806355004767621e-80,2.430544549981100991e-65,5.365446205294392735e-63,4.137596347467848768e-79,6.654265445841915543e-80,1.690470588847231690e-69,4.896617458178166849e-66,1.399167031993650934e-82,1.129487186711325521e-60,2.206692849129948220e-68,1.860791255891082282e-59,2.711130696047650311e-80,2.718717794175960610e-82,4.000000034029990714e-01,6.384997473031976504e-65,4.280638058088497033e-65,5.807235536682156651e-70,4.028389040634377270e-66,2.228719713993220261e-64,5.887767650079811788e-69,2.131903038944838705e-65,8.624870101957757808e-65,8.490001731939754455e-69,1.600595916496340983e-66,3.751490181981672136e-65,5.851969156568761758e-79,1.620150960314945331e-64,4.727306205333139854e-66,2.350464997975438031e-58,2.078075093378464016e-65,7.106294183070741129e-82,2.721512534571836850e-79,8.010848925680347707e-80,1.434088579410681965e-82,8.719355126516820923e-83,3.609316169238244467e-65,7.081581490363618377e-69,2.458155375842498351e-83,1.159532568988954149e-64,7.521337463887612490e-79,7.311928658113685815e-79,1.743767222225049125e-80,4.354299054588139260e-83,1.425616654542893022e-64,4.474627536990756307e-81,1.061471534511117067e-62,9.503796294619615878e-80,4.060025803620776972e-67,1.582234391011125108e-82,4.197750880387942002e-64,1.825717208863532156e-73,1.647020620691806479e-68,5.709244399246946286e-79,1.401144813320500147e-80,2.618316412068355610e-66,0.000000000000000000e+00,8.285130273155109759e-63,1.574352517779189759e-68,9.789946542615596055e-79,3.034593745006677510e-62,7.185076001841359991e-82,6.742239099476380275e-79,4.173556600092365716e-66,4.634365079139397713e-79,5.243141280614984611e-83,4.069164266265086951e-79,7.971723160537222534e-80,3.203138259216481996e-79,1.282644985010767661e-66,7.890039701081149220e-66,4.921357171284579965e-66,2.584650006678716392e-82,6.252002256199992726e-75,5.009903096901312477e-80,1.106120426709759168e-65,1.315150575288280753e-81,5.736125136259434050e-82,2.616483001178027621e-64,9.354094030086309253e-81,5.613701851587546184e-65,4.395552387738939839e-62,1.858649257956617771e-68,3.242773150599466893e-82,1.602845094430992175e-62,3.984588130834711683e-63,8.071917866744178597e-64,8.304199902450379025e-78,5.928910153395725770e-69,9.735015616262564648e-65,2.431754158128959313e-78,1.755476237505367116e-67,8.269834610499648996e-79,4.554115161200262618e-79,3.546061124410736133e-69,5.623393139215636697e-69,6.550765293770942441e-79,3.701811799898671802e-69,8.909272425220494701e-82,3.556509073359974304e-66,1.921869419068521432e-69,2.838570914106040066e-68,8.085162599425612293e-64,4.889166431712085433e-81,1.163897942148735304e-81,6.294062058845391353e-68,2.625374939747875999e-63,6.021995550161686935e-66,3.078173521935655755e-58,7.899751771956084904e-82,5.976271478416585445e-82,1.074213162228094609e-62,3.633331619304089867e-65,2.665529071713915892e-65,2.298169716798271351e-64,1.076616840678352522e-78,2.902615023996331892e-82,2.356620976198694569e-80,4.478771307854593553e-67,2.252906957460531803e-83,3.445481983418940920e-83,5.482400485562774284e-62,2.395941970552677304e-69,8.927085716172139686e-64,5.236816843169091215e-69,4.183523909406449368e-64,3.437803166528911809e-65,2.914937341924426605e-64,2.906149464445886212e-82,4.944765297404876062e-64,1.100986854165997919e-83,2.286288751449819187e-80,2.079270300817679830e-81,4.030826584428618245e-69,3.928707099022667814e-80,2.598558980835124762e-67,5.045378166184429213e-79,6.176312159435613588e-69,6.977974295788288582e-80,1.073606089889566364e-63,1.021492619042842953e-67,8.926607713354528429e-63,2.766977801417435666e-78,5.979092104069787986e-66,7.966833775343650085e-80,9.476112073535724389e-65,1.419922577978869737e-83,1.525618825604535597e-60,3.619560690881407322e-65,1.702439555595718983e-79,2.840472373083878017e-66,2.175258275315693490e-78,6.551017779489843728e-79,6.035698857923543561e-81,2.302498762488208490e-79,1.163823831322356447e-78,2.368750112415935639e-64
1.085346053628771003e-64,1.181260903902070161e-65,2.724067518146546786e-62,1.309496132769657654e-66,8.634859673246391683e-52,1.977810656772410065e-64,5.412384087424218233e-68,4.172558061912489174e-68,4.928825872188300051e-67,3.406891671546401592e-68,1.159730784889689955e-66,1.109559537057274544e-61,1.498892365661536467e-60,2.427112684142375338e-67,3.732871030548877268e-37,7.538703358436186800e-65,3.532594709296390771e-67,4.355717733758026909e-65,2.023675854971670293e-50,2.220004312784446486e-68,8.322456883276702585e-68,5.970182780214810170e-66,9.886355270699516719e-69,1.790050429084673232e-50,1.872169293333403643e-54,1.586782312462956296e-64,3.570601449960888173e-55,4.275589898598856786e-68,2.008390828221283578e-62,1.459808595644008420e-50,9.847642488134107300e-52,1.112447487981018161e-51,3.597254888348033671e-64,7.417154807023804552e-50,8.271115008090090690e-66,2.280120271465600414e-43,5.678789970277804639e-52,3.512506724250280161e-51,8.490722117581110232e-65,3.112577405074248149e-55,5.421132709356320467e-53,1.303786474434223851e-49,1.298872150458614268e-48,8.458374764634528813e-66,4.368032781276738547e-68,3.568980439047327393e-67,6.389421732381941857e-63,1.195989175882378849e-51,4.403791751848967431e-54,3.907471719184246343e-65,5.532152991247252774e-69,9.709868369006062236e-55,7.394643475019389348e-50,2.193851050007115860e-67,3.469727213466324065e-53,3.642265025062590903e-66,6.482214324485108162e-66,3.360360427793452289e-69,1.718761972479862385e-64,2.746415921637796013e-67,1.588712918553404041e-65,1.065509498622254931e-47,1.147618852723840098e-62,1.278071487753175380e-49,1.900383060609398003e-51,1.735205806674173824e-52,8.149061221349424851e-65,1.116066055417569618e-67,2.130419360064553511e-68,8.545604134544615500e-68,7.979218249123936905e-69,4.865062744129447981e-47,4.098102490944013290e-68,1.918860778323894291e-68,3.548398875729718888e-51,7.496211030763979129e-69,1.406774280305217667e-63,8.702345946399456797e-49,1.376816333559931729e-52,8.010727180681754385e-68,4.457620045814068849e-68,7.296629029991428136e-48,3.339161415836718109e-52,1.747507134621337566e-55,3.483769646906611976e-68,4.473271267444729310e-66,3.681812782950251010e-67,7.706269880862653585e-65,1.022789518314309932e-49,1.685737104024841578e-68,1.261707466997956043e-46,7.662381118615880029e-68,9.243021098248266778e-54,1.931750454182474907e-62,2.510748506995623604e-65,1.510436730381503201e-66,4.491565270425942580e-50,4.921108322234424079e-67,1.330300107547562521e-65,5.033122639449847123e-63,1.392149343059566891e-65,2.291705242616208399e-51,3.359144280715759504e-43,1.442977005054584262e-65,1.449456972645094795e-65,4.555157051180278249e-63,9.111682415529742043e-52,4.147241277074637936e-68,2.509930998465133693e-48,9.417658396399060637e-54,1.105929078148101232e-47,6.160998175051006441e-66,6.809999636012335709e-68,6.808353645950352149e-63,1.485663840286449329e-51,2.634610510723275490e-51,1.212159700045771457e-55,5.321432045251424702e-52,7.723478512134254912e-51,1.523705502570768283e-54,1.101544150309496739e-51,7.000928299753756393e-51,3.371240738328257182e-54,6.642491427135544506e-52,3.271320321524927480e-51,7.817451530367036138e-65,5.061529850078461241e-49,7.146344426416126491e-52,3.297492071765018894e-48,3.232915689264570096e-50,1.618133326086691477e-67,2.652814843524305305e-65,7.905890429947551875e-66,6.831132000325777245e-68,2.775038298805080152e-68,3.021489075617431506e-51,2.202579494417435725e-54,1.170918344057966668e-68,5.343077580312144165e-51,2.849254633112868154e-65,2.005800861757538714e-64,1.464835773029345711e-65,1.429879316226014222e-68,8.490748052114668356e-51,1.074776432981950673e-66,1.881225821791129138e-48,8.405850637348245612e-66,1.489169014930110540e-52,3.759298516703438024e-68,3.354322365246223028e-50,3.253870194594654502e-60,4.420994930508657889e-54,1.168933409781303139e-64,1.176350861373936167e-65,1.369940634660588122e-52,8.285130273155109759e-63,0.000000000000000000e+00,4.349370899430816733e-54,3.169122197399600976e-63,3.447872177397841277e-47,1.455120897073820088e-67,2.160299946004277478e-63,2.249367499438438549e-52,1.786164526038184451e-65,1.049267501174398494e-68,9.838247560685111297e-65,4.901690388966833777e-66,2.446353406773678725e-65,1.730413912214719249e-52,5.255351673071691945e-52,7.718023318424961428e-52,8.084822114840620311e-68,2.057521827405614022e-62,5.358812939543405278e-66,2.333518356208248773e-51,1.912790683732717627e-67,2.128101386518668180e-67,6.488952846738501702e-48,1.363730407375904996e-66,4.624611839322302077e-51,1.425583854391527129e-48,4.615430827365324261e-54,5.320502453668021120e-68,4.292806284038744800e-49,4.786520682008906242e-49,4.686241708565462118e-48,2.543755274375193509e-62,1.996028026404973667e-54,2.236332833903334342e-49,1.000538614251235158e-64,3.727327773426234468e-53,4.158994108123198073e-65,4.381508373262264309e-65,1.147474360441822201e-54,1.718907652417208938e-54,2.073152645655355501e-64,1.170040479151397136e-54,2.571777674421827297e-67,5.460918284343946859e-52,6.036714143762939552e-63,9.160763971754443805e-54,1.779066533982189075e-47,1.757091745423138675e-66,3.070114162212880188e-67,7.352155986725400835e-54,4.458120082406070719e-49,1.001162025544544419e-51,1.319911587378635362e-48,1.634447833472776898e-67,1.760874788283883186e-67,5.254410875965641074e-44,4.214187853402818618e-50,2.533027406804819599e-51,8.645416108117654842e-50,7.458037217036743569e-65,9.779485927542390135e-68,1.493758568240871928e-66,1.059527684856169859e-52,6.215778293006913574e-69,9.696566082718822445e-69,1.911908022464023270e-44,8.014649277551754075e-55,1.825582690647329158e-47,1.614876900385319783e-54,8.189474694358971165e-48,1.124034845989284895e-51,5.729672603213041901e-50,9.722788314675259456e-68,7.892005812064609789e-50,3.234378868268135970e-69,7.039457174014420051e-66,3.988276784426551958e-67,1.281794864121879798e-54,7.399790068494671615e-66,2.742580642793811863e-53,1.974710707278514233e-63,2.174545964513548743e-54,6.106783621915466047e-66,1.221288433248716659e-47,2.805344598443043758e-53,3.008237745064932224e-49,1.168495345326204275e-64,9.321396006715148849e-52,4.904557176838541061e-66,6.199743637453496150e-51,4.898287925922076286e-69,8.783098515920428221e-48,3.373597617512209522e-51,1.358140931794347983e-65,3.752125009335061703e-52,8.224667088379985861e-65,2.056529886935875145e-64,1.983355745274364775e-66,1.010856868750936598e-65,1.031317029640997868e-64,9.717915404578176839e-51
2.401157156513668736e-68,4.434513495859778759e-68,1.329728162410165416e-68,2.517490560937609205e-67,2.578809057153996066e-52,1.181146459970679343e-59,2.410000339342430394e-66,1.203935330437033374e-65,9.876843991558437650e-67,2.398420063817523464e-64,1.437044038286674878e-67,4.089944398676643580e-68,4.465028261468609607e-68,7.084325185850267965e-66,3.149940751025005999e-54,3.867447855270457272e-69,4.775674545602516840e-67,5.978084185000447685e-66,1.176705953707175503e-53,1.970628189738890199e-64,3.347459635406517581e-66,5.437773593585679766e-68,9.816856362834722316e-58,1.890658207510654592e-54,1.937967586753642917e-53,7.814094025240063708e-60,2.680317668981735411e-54,3.735719439169854624e-66,1.070754187446252293e-68,1.422587106697013427e-53,2.137739591561835983e-52,8.748852518816045245e-56,1.411922925807172594e-67,5.301222729827415608e-53,7.647532888063928450e-68,3.659279960867719460e-54,2.746874549142006705e-52,9.427057208870328708e-54,2.290954423679752518e-68,1.933947777529930237e-54,6.628510430304066653e-55,3.179251613527900871e-53,6.213888728424896332e-55,3.251726615733592327e-68,1.502676183929988020e-65,1.186498488853499359e-66,1.405910217348267495e-68,1.117016077904537610e-55,2.181673440040730382e-47,2.215081948000007461e-69,2.899821270766454940e-63,2.767598622153194362e-50,5.751764703858071447e-53,3.682629574432193379e-62,1.755282218558747175e-50,1.103618430056691697e-67,7.947206132696883965e-68,2.525044251297660936e-64,3.519630347345108521e-69,1.298995710019880453e-66,4.031028976541050812e-68,9.009696431566503743e-54,1.800887821207828794e-68,3.205442010454765433e-55,2.293996940301450811e-51,3.361579153537043323e-51,2.701782864051489565e-68,3.426720136284619092e-66,1.147360741417846337e-64,3.843363418287785385e-66,1.158623180326963700e-57,5.938473007322914195e-54,9.170511792016850071e-66,9.881775279039919511e-65,1.020961960465199810e-53,2.267378970657256206e-62,7.379006109613522722e-66,6.566635083537978244e-55,3.501061855208895456e-54,4.165670167701978163e-66,1.147966584791924393e-65,3.601614667063026525e-54,5.547654545325828202e-51,3.535585369659194369e-52,1.037731924539697248e-65,8.936907279273393617e-67,1.098366326260257150e-66,3.430158517174938891e-69,3.200329407732316603e-53,5.251449881346299001e-62,1.566862325615401019e-53,4.482977792730832546e-66,2.116220239864594397e-55,1.273944755280161265e-68,4.594657417345451666e-67,2.417314485806839186e-67,2.672182062853214227e-54,4.070771767824096949e-67,5.259445987589644558e-68,2.260986512759970223e-68,9.214325561975401237e-68,4.093710539318664420e-53,3.479222673678687024e-54,2.739052622109465784e-68,8.715886664195163836e-68,1.477571003691734448e-68,2.303937423084040085e-53,1.321535654191596587e-65,2.005800110335319685e-53,6.625853619013107955e-47,8.502485889709461448e-54,7.242117095882884625e-68,1.572156553524376506e-61,1.397160103272164585e-68,8.964371700820371595e-56,3.179550355335240515e-53,5.468859658964049838e-52,4.231302736430985330e-53,1.868675027827901282e-53,2.913039615374532855e-48,5.755694933961868325e-55,3.246882120829427505e-53,3.959247608266829458e-48,1.681278317875911419e-51,3.890322203467473301e-52,9.934450637855726208e-68,6.652798734517156397e-55,1.927569411959874282e-53,5.517690939356711234e-54,2.431738922438316348e-54,1.241597860930826656e-66,7.085460100835240880e-68,1.109307131746017629e-67,6.576272300734122634e-66,2.169927486735919955e-64,3.399972458707982905e-53,4.339435781443514873e-37,4.264007136734988748e-63,7.640926999193398611e-54,3.264601128095233133e-68,1.128317395765065881e-59,1.626212223618847975e-69,5.051873019987864759e-62,5.582169879023740441e-54,1.552909267755047230e-65,4.488938786751327003e-53,6.977779793610839706e-68,8.634969883705661631e-53,1.530692832860767011e-64,8.539971634371328963e-54,2.857242785496491844e-67,4.118141784554776692e-52,1.892395658301990500e-68,1.525431283084135222e-69,1.846751653402531105e-55,1.574352517779189759e-68,4.349370899430816733e-54,0.000000000000000000e+00,9.985982306858104305e-69,1.680440230176557579e-53,1.171999012082009343e-66,4.624287322485699184e-69,1.668267757897859279e-55,2.979396958706365229e-68,1.280999207739546366e-62,1.963183395301665867e-68,7.538549275011022453e-68,6.093198093696560235e-68,4.408769319748527111e-54,4.323778277151920481e-55,2.969209691462814583e-53,3.844131780522336164e-66,1.343061387495460652e-68,6.534065347531714066e-68,1.491671571370125771e-52,1.145582212123931134e-66,6.055646103454553174e-65,4.045795634269034390e-54,2.589197959802452651e-67,3.056813679615863675e-53,3.013513739292481087e-53,3.593191226974850544e-52,3.036615138038521017e-66,4.634299106626145913e-53,4.297851628491645024e-53,5.503341537853346294e-54,1.243306566811845137e-68,2.122551533610770561e-48,4.737422601327866917e-55,5.348224012318076467e-68,3.080072122791784548e-50,3.697976574168756280e-68,3.294242714350228270e-68,2.329607501558353836e-50,2.867426660112503250e-48,9.973353008880834202e-60,4.014577454482573086e-50,7.727867250080727903e-67,2.131424874726190147e-52,1.315783181619463274e-68,8.100663795918698272e-52,5.457889346117204048e-54,1.551553135646926410e-67,6.641853026210672423e-65,2.109599394608418519e-55,1.642778303804933338e-53,4.556850794960131845e-53,6.112781534056598069e-54,1.906527995962536560e-65,4.549221316623378117e-65,4.302347597196407860e-54,3.668688537217506819e-55,5.366064184673423530e-52,2.347803125722872208e-54,6.749118539554129918e-68,5.595476153235616887e-65,1.377067145776536166e-67,3.623729749472129569e-53,8.565082279597618400e-58,3.630949218068208406e-62,6.006832284425690182e-54,4.478786442467170558e-54,6.176435752844029188e-54,1.893396494653256743e-48,4.410614979579942319e-54,1.566982638933048927e-55,5.300233787674378131e-54,2.351778085502676052e-66,6.549965823896387254e-54,2.674362110924117900e-64,5.268110643273370272e-68,4.015816881626475391e-67,1.904037630237196706e-50,8.000002396988191486e-68,4.145580308203760714e-55,4.244145130737440183e-69,1.655758964212574779e-48,8.394864526964316794e-68,8.376590481901967439e-54,1.880479662466359468e-51,4.831653952789732929e-53,2.111377310936158420e-68,9.395760913345792507e-53,9.271272896213468879e-68,1.283093008317170214e-53,2.772525551974570532e-63,1.511621036606278655e-53,2.705732346753217579e-53,6.439706104046820679e-67,4.115702366394324215e-53,2.500082321224211758e-68,1.813039695566822220e-68,1.072162696521069637e-64,5.552259708871457841e-68,2.680824183341554997e-66,6.497888296205189575e-54
5.956820333751709357e-80,1.347376582839686253e-80,1.031688405199606835e-77,3.604145483388433622e-81,1.070888921627796352e-66,5.003663592864417582e-79,1.689400256902078069e-82,7.520842241541851717e-83,7.005170397156062538e-82,7.199128573568354975e-83,7.528251004664149446e-82,7.045095856809521956e-78,3.345176685097694293e-77,5.132613736870326093e-82,4.036004399284520994e-63,6.737081119045848167e-78,6.820349287889340618e-82,4.260250775239875418e-80,1.711860514718522109e-65,4.400710448083913056e-83,2.139094818244525190e-82,3.081971727630739651e-81,1.584088786866950691e-83,6.707011486847355360e-64,2.751746907018535162e-69,3.281482361806891495e-79,4.840995602038187067e-70,1.458811690456025512e-82,9.354207568834469578e-74,1.895673268715783071e-65,1.277959169611477763e-66,5.700443384280265528e-67,3.012307219345135805e-79,7.328730787122667802e-65,7.536009051672061897e-81,2.324940365607881017e-62,9.256993744154386574e-67,6.378046627916141002e-66,5.092014814023558817e-80,4.756501531982274017e-70,4.017525196105160966e-68,2.807702385347439595e-65,6.138972625626045117e-65,2.476226597835328322e-80,1.006344603879970669e-82,5.669644297112891841e-82,2.824170989302165814e-73,4.062181583190602676e-67,9.396963747701491533e-69,1.167501850180378324e-78,1.113679568359202709e-83,1.662129798537907501e-69,7.626347090732123372e-65,4.171185309497529742e-82,1.173651995511464022e-67,7.661718014383235539e-81,4.334759167039819873e-81,7.313569905591977097e-84,1.635837673203123704e-78,4.619312226017594389e-82,1.392014538555815427e-80,1.874372352433574581e-63,5.953385121598572820e-78,2.952380795529044261e-58,2.144625974181810702e-66,2.955591911748612210e-67,6.770463162907587691e-80,1.568576732069313566e-82,5.499416682128081061e-83,2.191626787953211719e-82,1.779809814856511938e-83,9.543973829793165313e-60,1.064482667734894949e-82,4.981804628551438610e-83,3.726649753262921627e-66,2.308030417897500744e-83,8.624172578516850202e-79,4.365092932023223804e-65,1.513687435283230685e-67,1.490070878610472502e-82,5.674083815350607017e-83,6.329266754683223677e-59,5.205946879152888874e-67,4.195895029532974456e-70,8.272895241732760207e-83,3.471248042777139646e-81,8.355855185830055243e-82,3.195818193644359975e-78,3.275695943757009338e-65,3.895844731964958179e-83,2.052218091108677126e-61,1.801082207679607468e-82,8.064547686376690662e-69,6.485475918394981306e-79,1.332896127724551154e-80,1.884871944039196344e-81,7.928747095934168514e-66,9.515523643078049319e-82,1.592757461734353643e-80,8.104745959241443341e-79,6.996996635801639710e-81,2.650484782950236222e-66,1.493969259882371361e-62,2.669296040187699718e-80,7.917625480043080349e-81,7.416240345214192919e-79,7.549997065616733506e-67,6.939595573110395878e-83,2.686012251467286479e-63,1.399543841412447072e-68,1.509617892505534803e-63,3.764232767926496376e-81,1.743892049086583514e-82,9.875400132356499538e-79,7.991081274491395278e-67,3.736694858735822103e-66,3.398359726792166813e-70,6.659209449121586921e-67,1.167114975220442386e-65,3.717186374235910693e-69,7.482705361021472367e-67,5.850062035544779346e-66,5.587201289418872438e-69,6.085005861881998407e-67,6.857368062097306035e-66,3.055833695532930770e-80,7.715135214605412021e-58,6.159428681192951972e-67,3.356186633412660165e-64,7.951285944328477956e-64,3.268027353238991294e-82,1.663406687659566253e-80,8.014328103920607573e-81,6.937628988954223693e-83,4.568057018384838118e-83,3.537406083669837593e-66,4.799183806005339946e-69,1.843237849766336886e-83,6.790604693034765580e-66,2.730529337638240863e-80,4.846629859010563113e-79,1.277555079974327619e-78,2.894891675831095666e-83,5.790021170886858533e-66,2.340213656145599053e-81,3.622521471896287931e-64,8.593734022762406745e-81,1.270588190507364396e-67,9.432090347826840169e-83,1.319287964737891480e-65,8.632967354677594210e-77,8.866714889180707942e-69,2.555882279534939892e-80,9.644915859198932217e-79,1.095621279112269857e-67,9.789946542615596055e-79,3.169122197399600976e-63,9.985982306858104305e-69,0.000000000000000000e+00,2.954713044694713658e-61,3.658252516828918099e-82,3.999999978270107337e-01,1.665655207996261958e-67,2.618839921902949524e-80,3.318751218590051966e-83,2.159127603471287184e-80,7.954212214903358612e-81,1.848780077328556157e-80,1.828371077357528807e-67,3.034019256158463823e-67,7.392656855335727709e-67,1.325384454136388037e-82,8.885777046682586483e-79,5.000789831510924047e-81,1.981908543421332542e-66,4.792774712965240070e-82,3.213421614156722345e-82,4.200568163098317061e-62,1.777833713307680029e-81,4.560158254536211089e-66,2.768364972479929301e-64,1.026474305000719036e-68,1.601717415625592635e-82,3.226225908625318236e-64,1.264950058450452597e-64,2.444861517084543548e-57,2.083564527110352741e-74,3.821154006553577663e-69,2.945088437696893066e-58,6.836707863197615148e-80,9.451975648376036238e-68,3.167457412115116763e-80,1.854378734620595451e-80,2.062873266368108155e-69,3.529824201606757423e-69,5.054775473502680498e-79,2.113797835439413305e-69,3.626259033229966560e-82,8.141166504417689790e-67,7.511382818566136395e-79,1.643721036504589675e-68,8.326072300125781468e-62,1.186839619978851102e-81,6.956507158737963697e-82,8.323343755343245259e-69,7.382000306109712230e-65,9.095885313417396020e-67,2.115545122175086771e-64,3.763541690915862236e-82,3.592088184890807881e-82,1.853633727042958835e-62,3.428831457500092280e-58,5.221828719856182075e-66,1.515525491624047902e-65,4.296539730078392561e-80,1.870385483133812959e-82,3.426417799511579106e-81,9.879235183886410953e-68,1.415937318649022788e-83,2.167107555083536250e-83,1.123341343493082945e-62,9.954151114466361269e-70,8.842738048900085472e-62,3.282563790197695679e-69,4.725591589985751814e-62,7.376167109133933222e-67,1.164414882684516257e-65,1.615994944526375116e-82,1.541300058509961732e-65,7.676396049529514458e-84,3.220272474415341482e-81,5.916054830511572117e-82,2.200649598817004381e-69,5.352827527264501004e-81,2.888587153091420947e-68,3.999999984853490620e-01,4.143688888902944330e-69,7.505725804715976392e-81,7.240220635698975367e-58,5.688314742550437874e-68,2.193673963761686962e-64,7.730426060270610912e-80,1.034791753333433092e-66,7.672746164750562120e-81,5.189122921809371636e-66,8.620340176032151516e-84,2.698452970313103342e-63,3.382406734790492571e-66,2.311013711370202663e-80,5.310532165767876468e-67,7.013706504168459883e-80,3.514404417253097390e-80,3.058836764828637821e-81,1.555096694233283759e-80,1.428572251574143834e-79,7.763777003066371398e-66
4.216068228691133399e-64,7.048043862062751239e-65,8.186978780087735216e-61,1.438662892402234421e-65,3.071436884254713180e-51,8.361757695250499598e-64,3.937683686366930593e-67,1.481287239512446328e-67,1.818136138228881167e-66,1.192857106818285508e-67,1.796395341325209573e-66,2.319337102484233642e-61,2.336976922378334775e-60,1.031278039051266710e-66,1.227514931405870101e-46,1.095821613613540338e-63,2.106954369748876603e-66,1.118811200507775599e-64,1.107632098043658177e-49,8.327538991733304782e-68,5.234405729318279761e-67,9.062368310967431601e-66,2.997175983651139996e-68,8.093732683730827270e-50,4.978159174837866988e-54,5.578628273315041680e-64,9.014140366556504720e-55,3.409097289973763844e-67,2.033281383837939721e-60,1.256573852362285428e-49,3.427496882784783536e-51,5.123683182288016112e-51,2.128459687415986120e-63,5.270694252290404723e-49,2.685592154040101512e-65,3.044769362524205908e-46,2.375601326323660709e-51,3.703646743712948496e-50,3.590485704904740802e-64,9.172806354306546905e-55,1.398778410318490201e-52,1.230189405663923804e-49,1.399236517994685976e-48,1.477189021309098042e-64,1.866159970260158242e-67,1.282022177293583309e-66,3.349608968232826817e-60,2.925088554029642186e-51,1.716164421775958463e-53,1.783935071614084860e-64,2.138783708391885415e-68,3.397042536411133007e-54,5.417800630288991173e-49,6.741214417610844583e-67,2.717777051086861656e-52,3.617481522224650412e-65,1.589017880455684215e-65,1.210436682945813729e-68,2.415017862940246941e-64,9.251750128419541048e-67,7.075233234865888598e-65,9.609288176682488626e-47,3.602537636506266972e-61,1.735295257911423382e-47,4.688165691159981837e-51,5.478238969295061892e-52,4.953392685261957477e-64,2.652151153336724262e-67,1.129265771556969682e-67,5.379169811411493439e-67,2.857049471519898347e-68,5.441401436028607985e-46,2.018810723829805934e-67,1.019596768534636076e-67,2.104192454402720784e-50,4.251892261328730594e-68,2.985023562059994250e-63,1.001607212135808118e-48,5.613953699370846577e-52,2.485923178017480248e-67,9.163189477923648222e-68,2.542507865375052031e-46,1.034752676861980124e-51,8.526487250556162057e-55,1.608455421781796654e-67,6.209949336047684545e-66,2.167867996467041806e-66,4.886615116484945176e-64,1.497055871443363608e-49,6.663762164036581875e-68,8.017951999235536240e-39,4.119586425365430922e-67,2.733005250085077557e-53,1.103950661231203188e-62,3.712740844726550679e-65,6.127506980736056280e-66,3.220062407985826987e-50,2.984222463083151022e-66,8.987458239173795784e-65,2.641184134982925558e-62,2.434291242976610877e-65,1.064436465413531254e-50,1.963290313426520258e-46,1.699292086947402540e-64,2.170575475134103856e-65,2.302177436644618352e-62,2.189606444671013641e-51,1.354522955709264485e-67,8.695865377615067096e-47,2.265327987393081068e-53,6.940060763467434475e-47,1.011060027767949043e-65,3.243814010783486081e-67,3.187532462066980010e-62,9.455729349704998468e-51,1.989243722138277653e-50,6.823295980642057819e-55,2.079719544532158309e-51,6.975393416958376692e-50,6.285969542624810354e-54,4.838252440108535718e-51,2.527707843363774181e-50,8.458732387849079681e-54,1.054846655427598814e-51,2.511561410977784814e-50,1.396912726002809635e-64,7.158899329552614469e-47,2.156853848653307797e-51,8.148771146697572756e-48,1.174590557472808007e-49,6.865415555336519614e-67,8.019781701722257201e-65,3.091356078022559423e-65,1.070962524613498564e-67,8.192350130267678995e-68,1.563000665964232959e-50,7.962230268768856473e-54,2.556568751502990408e-68,4.201161642884510899e-50,1.588306184402779292e-64,8.763833072573733937e-64,1.735762824162257914e-64,4.734989258030131917e-68,3.425334368251228067e-50,4.494676369200263572e-66,1.892891600352012140e-48,3.717452178223368053e-65,2.457909305487495572e-52,1.717400673222054323e-67,6.389183220655777403e-50,2.799110210368849830e-60,1.825495926185371668e-53,1.019748105086274619e-64,1.214516700921642789e-64,6.398021424470700099e-52,3.034593745006677510e-62,3.447872177397841277e-47,1.680440230176557579e-53,2.954713044694713658e-61,0.000000000000000000e+00,7.766439666895950352e-67,2.050330304259320624e-61,8.601980333235719284e-52,1.741796705293601801e-64,6.570045595624438151e-68,7.064873403420532746e-65,4.203366757104897595e-65,9.333545327963010051e-65,7.211811635232140802e-52,1.484379815828764055e-51,2.694255430644888891e-51,2.469620533234688792e-67,1.663476687664649234e-62,2.006484818076485985e-65,5.510447040195938804e-51,1.214798346384298284e-66,5.507118496181549263e-67,4.799722281195178241e-48,5.849813365727811543e-66,2.176673620795109355e-50,2.639289309715524432e-48,2.127209161190778521e-53,4.093201211536102063e-67,2.836690724918712455e-48,6.491205346508704243e-49,1.891344244447511573e-46,8.413761445440691415e-60,6.172960151482593076e-54,5.021966169213749630e-47,4.756802097357790286e-64,1.977642911810300588e-52,1.761631131326561812e-64,9.251202688451130607e-65,3.593319017416214981e-54,6.138095886780258045e-54,9.156999787949711196e-64,3.625705663707616704e-54,8.668163403320275624e-67,2.660809777146883855e-51,2.150212398969391805e-62,3.235952902993462985e-53,1.953205455058122338e-47,2.610223705418484453e-66,1.326913349102263511e-66,2.787994609521903346e-53,4.147127757828672186e-49,2.731598433440299824e-51,5.106411209849799806e-48,8.386899335315946762e-67,7.239992879637612570e-67,7.017275519394255426e-46,1.905195835213819336e-47,1.898724408652232967e-50,5.331645865385547825e-50,2.182554075111139908e-64,3.013141095159693770e-67,1.571892743981387080e-65,2.215853902883269165e-52,2.754601281473277852e-68,3.782994000701083074e-68,1.093649429722721427e-45,1.867952184434276607e-54,1.769652063625301686e-47,5.557759861073666342e-54,7.843100069108052229e-48,5.534147651139246563e-51,5.201533628427794918e-50,2.850515556530201798e-67,7.254158938518623702e-50,1.328500838422136190e-68,8.994062501128804373e-66,1.780645989116918991e-66,3.722248013379431941e-54,1.601080155620741769e-65,1.023826249928535737e-52,1.496699347733158395e-61,6.004574883278165688e-54,2.984387904768746520e-65,1.671412402038129584e-46,1.018798412459280419e-52,1.613745806069691484e-48,6.498452971807352019e-64,3.033268628424640238e-51,3.745203368251404919e-65,2.675181173591507478e-50,1.588681308080582599e-68,7.747174479527009628e-47,1.468744835578617644e-50,1.111262694449524193e-64,1.690073832095264939e-51,5.346056606160803045e-64,1.124444530860818219e-64,5.946610066745974786e-66,8.779045338834492572e-65,5.460856602512402422e-64,5.517249235458470587e-50
1.494755096732268771e-81,4.264147984868177408e-81,6.494436908768799044e-82,4.171350200780121843e-80,7.580687434437522846e-65,3.056800557670377468e-77,4.413463318038478793e-78,3.502192536078659140e-79,3.139077964448474920e-77,3.957452091865668121e-80,1.803137379847068504e-80,2.057124010223183896e-81,2.185855535301226488e-81,8.381079648951217072e-77,1.328228507635987807e-67,1.497389338979042684e-82,7.921330363067376485e-79,1.295866267517274473e-78,8.701958245396220289e-67,2.074954085460355363e-80,1.705627012188050673e-77,4.336254819068088219e-81,1.542171506046326827e-81,4.369227683895932532e-68,1.255220798145058248e-63,1.764657484048502560e-77,1.724626651216467986e-64,3.353449528746699880e-78,4.085319523545855961e-82,9.285471504722545763e-67,6.362317400011180896e-65,5.011389989779537579e-69,9.778169592843917723e-81,3.739311338627727071e-66,8.038430849899767291e-81,1.435312545785369045e-67,1.436330424829509787e-64,7.595523137910889170e-67,1.439414477412739865e-81,9.025485120425541320e-65,6.332414305134585334e-68,1.789418046025461895e-66,2.708618735866931465e-68,2.408937298538957824e-81,8.839495422417861718e-79,7.906687237511406564e-77,5.336517764156843062e-82,6.347059624444732256e-69,1.441311045795565539e-66,6.157606999274802980e-83,9.158005129951115664e-82,6.234442764886681300e-67,3.779243575115798454e-66,2.687781820139495848e-80,7.797415553399530012e-64,1.161538100225057711e-80,7.326865953896520383e-81,4.164149736038813327e-82,8.052681873356815435e-83,1.994358214775747805e-76,3.017410652342740043e-81,4.189131903078212274e-67,8.182404757617805934e-82,1.076056351303885706e-68,7.387294503207691063e-63,1.096837480534242733e-61,1.465872501329341512e-81,1.088137351815038315e-77,5.180241725894771251e-80,6.513549740491299911e-78,1.825202559368779390e-81,1.967529738523826046e-67,1.159103213674652659e-78,4.140280432182015565e-80,8.269566153043462743e-67,4.535762993531831118e-81,6.144232845279070013e-79,3.008111590740695798e-68,4.740159083094564101e-67,8.802275175627153566e-78,1.056032632717555171e-79,1.247475337397377500e-67,3.977223338559559876e-61,6.294470722155619761e-67,8.069283760917049287e-79,1.522005144713172118e-79,2.131542351434441629e-77,9.583888964014084313e-83,1.904179409036084459e-66,5.488077401287376348e-81,6.445982031866532562e-67,6.362349078862602266e-78,2.660289152680950533e-68,5.395300281824458065e-82,4.998203557529999310e-80,4.855389006545575456e-80,1.106611614489012113e-67,3.486959272476351323e-79,4.261306281069569358e-81,1.258873399266084400e-81,8.285400355447601898e-81,4.355027571844877689e-66,1.270936746690562310e-67,2.392513473309100970e-81,7.759047852146549477e-81,8.000234886826688080e-82,3.002675597688298201e-66,3.235867347887032701e-79,9.970572438965411810e-67,1.828086116172053083e-66,3.639932805797078090e-67,7.954668902530124770e-81,3.473544407432155567e-80,7.034490861859290939e-82,5.005460721328486688e-69,2.820843726238768556e-66,4.483567325556263467e-67,6.695040595161314093e-66,1.579763302012450658e-66,7.122868044215213435e-67,3.375332449501083452e-68,2.421293652255891826e-66,4.749031254925724227e-67,1.410231018198893234e-62,7.694657005507341382e-65,6.855639086444886986e-81,2.499689713295121093e-68,2.575448873499716846e-66,2.967400615779725481e-67,6.676296312100981661e-68,4.000000060035654448e-01,6.181276441101850697e-81,1.236934014435404003e-80,2.050009270628196614e-79,2.418821381746160927e-80,3.461213364729416250e-66,4.887690912131168213e-67,1.194008940383967325e-81,5.304347842374152934e-67,2.271244429048364100e-81,2.899913774786635738e-77,5.240586586548142531e-83,4.310305582432098485e-81,4.051629761666058458e-67,3.999999970766089374e-01,2.107591635134525091e-66,7.646933416334606131e-81,2.541479358743377456e-65,8.632081842352946678e-80,6.180208329055323770e-67,1.184883605705555203e-80,3.179940854585627340e-64,9.341599847457934835e-82,4.343418105361703851e-83,1.571453325887914048e-68,7.185076001841359991e-82,1.455120897073820088e-67,1.171999012082009343e-66,3.658252516828918099e-82,7.766439666895950352e-67,0.000000000000000000e+00,1.550817670166339281e-82,1.077995775996451492e-68,2.096660982332711473e-81,9.051549143952606965e-81,1.066408873641390954e-81,8.304269058991331797e-81,4.475277800855018557e-81,7.480445051059698633e-67,2.805159525857599591e-68,4.168282325212912480e-66,1.022043163175046050e-77,5.818943868283869721e-82,7.083884160321390553e-81,2.251929610342274391e-65,7.305198948141547560e-77,1.044180896362781523e-78,1.288924785105649371e-67,5.807609723951923917e-80,2.782493188123800661e-66,1.594422173908926057e-66,4.286281172403526475e-64,5.824134629393800853e-78,2.690560990114030054e-66,1.967199572994833928e-66,2.032732741614012609e-67,5.500758676301471968e-82,8.173772969241333413e-67,1.953599453435008013e-68,3.742434076159972912e-81,4.425540518238848006e-64,2.655510857439797277e-81,2.444961102550944870e-81,8.878607643018693803e-67,6.669741320038240613e-67,2.966894612538812036e-77,6.805456111348367025e-67,9.024899851199018082e-77,7.292603850100174950e-65,6.075159562913781593e-82,6.950309522140336642e-64,1.868478235399281569e-67,2.228626610081296905e-80,1.062889794069826097e-77,2.366384583398489611e-68,8.112430426323658153e-67,5.759591421349085283e-66,3.731549208252548795e-67,9.404320938052605773e-78,4.028381425790362928e-78,1.785210516527095925e-67,1.484761786256824100e-68,1.172554397283225703e-64,9.453540476095425680e-68,4.841354744174549544e-81,1.054510359696107707e-78,1.824561404120160405e-80,7.670088079342144183e-66,1.464992433718166130e-81,3.624236285798673522e-81,2.645658805973156714e-67,1.331541825780549584e-64,1.902118907006176278e-67,6.847171512212246829e-67,1.368349247165665592e-67,9.758630669506482922e-69,2.775413532793655462e-67,1.945594411084833113e-77,3.773376747107106203e-67,5.245972319212168088e-82,4.498713113050705262e-81,4.398210623269251731e-79,7.369442575203898995e-67,8.515838877788910417e-81,4.107098876019917648e-68,1.501207596319434841e-82,3.361196291494549532e-67,9.850854129389627644e-81,2.770898285970021588e-67,3.815939395710396119e-63,3.234110029428316889e-66,1.403244641457262807e-81,1.476005504233408054e-65,9.871601756282054593e-81,1.027025824062399821e-66,6.527008402688691720e-82,7.733403058427293143e-67,2.449047550082513625e-66,8.022222552753953382e-80,7.973662955747336265e-66,1.777890994658968872e-81,9.221810323728118694e-82,1.276151572473927336e-76,4.381654137909407548e-81,3.448040621103127242e-79,4.919673268809370240e-67
2.939503015692376633e-80,7.962705114521456155e-81,8.196304094455116747e-78,2.072431409319857609e-81,7.213929039295977413e-67,2.202153148220546312e-79,8.571447676358213728e-83,4.451113961441981944e-83,4.357161164133845669e-82,3.205255218650324124e-83,5.024626871364969078e-82,4.584589460635399783e-78,1.979309322634389026e-77,2.149994819336579257e-82,2.688965358798087635e-63,1.828336662544345542e-78,3.743791246996138085e-82,2.120177960710013551e-80,7.895529512171310380e-66,2.548784043535548008e-83,1.157740086905248576e-82,1.761183728354979761e-81,1.041829925706287865e-83,2.296207118337904276e-64,1.361464969602861833e-69,1.684555934659948915e-79,2.397531431946841038e-70,7.239515832395053022e-83,4.438009126874191100e-74,1.253973930753955930e-65,6.678269759994040061e-67,3.124134241198830295e-67,1.898106884912955135e-79,4.490414078820813228e-65,4.848449604213213717e-81,1.383148467333749960e-62,4.434848204124564072e-67,4.424267939758067666e-66,3.184315535526532312e-80,2.170346235955484179e-70,2.271838509817403101e-68,1.843347478868557238e-65,5.522500497670403085e-65,1.380749079818222329e-80,4.553366960937695670e-83,3.123950734176801088e-82,1.003099303591125167e-73,2.192341930329413672e-67,4.766538374888331573e-69,3.988774086526107836e-79,5.486529260919458342e-84,1.004990953841297380e-69,5.181380212356451563e-65,2.232682192717222747e-82,7.176812133508242569e-68,5.015665969689286358e-81,2.817246585876836193e-81,3.657558506408972196e-84,7.201837119307107885e-79,2.211527613359209563e-82,1.065180970269832047e-80,1.371216348528695389e-63,3.722783976221498403e-78,3.160550534600298386e-59,1.196847056665374296e-66,1.372776899273631992e-67,4.442452598043320151e-80,6.551400186881223194e-83,2.590790725585365845e-83,1.299697621096194139e-82,8.110535247186101829e-84,6.921225904304114668e-60,5.766662069019901002e-83,2.521137190299979673e-83,2.424661116597823318e-66,1.053259896569191736e-83,5.730468549660589928e-79,3.751949267080985430e-65,9.292723218046497149e-68,6.201274982876202053e-83,2.755051683289772535e-83,3.604888904355940091e-59,2.971097764860395315e-67,1.984590238793446582e-70,4.120652048151342118e-83,1.421635393019213075e-81,4.500188367716978516e-82,1.141450057222843605e-78,2.280301152836608959e-65,2.085802017548680509e-83,1.492169489343222350e-61,1.051142238563366626e-82,4.410365500163577177e-69,4.988650035098067665e-79,7.728592479477621578e-81,1.124779039608631867e-81,7.129917795391155022e-66,5.086081880707823288e-82,9.702184862738485741e-81,6.503723294836910302e-79,3.812362859392644958e-81,1.755030793710453350e-66,8.790936311941640419e-63,1.563842331610877699e-80,4.114848098963679289e-81,4.787068448862881680e-79,3.869885310298605010e-67,4.124259041192878989e-83,1.149293410944330691e-63,5.957070538488432234e-69,1.178262052296873570e-63,1.835031165806417125e-81,8.153468392653442241e-83,5.935323547111683767e-79,5.621947496417732999e-67,3.123301191260644326e-66,1.587354892394058115e-70,3.697114291055093616e-67,5.974150929628899472e-66,1.651313518129982510e-69,5.864398383987499977e-67,4.507073956367249292e-66,2.739497977186988212e-69,3.784294276317081279e-67,2.674412564437063496e-66,2.105268477350155561e-80,1.574699851578555789e-58,3.683085406150113816e-67,1.787863107555762251e-64,2.756287233091128710e-64,1.655890299134212759e-82,1.064459755375918693e-80,4.650376315377764250e-81,3.750956573289414019e-83,2.205145739535282555e-83,2.092198014829278857e-66,2.176220972497740578e-69,7.969860591712641774e-84,5.072510022521978998e-66,1.197884885732173806e-80,2.475846598223191137e-79,2.822815967753349137e-79,1.542006316326522367e-83,3.028412959037970238e-66,1.023615179327631645e-81,2.664874587486196853e-64,4.473832546009839662e-81,6.259013152353913112e-68,3.882497464654778091e-83,6.496373079328632806e-66,6.360890992225169422e-77,3.846879676382030842e-69,2.035876811003028826e-80,2.305832224834905000e-79,6.962442185980636372e-68,6.742239099476380275e-79,2.160299946004277478e-63,4.624287322485699184e-69,3.999999978270107337e-01,2.050330304259320624e-61,1.550817670166339281e-82,0.000000000000000000e+00,1.126294765164535372e-67,1.802980924486176897e-80,1.742178278917419635e-83,1.388942082481911334e-80,4.944495259434918088e-81,1.376588911956201547e-80,8.236122342655927058e-68,2.064108652290257578e-67,4.833527588994322965e-67,6.173479008815606236e-83,5.595365999122648643e-79,3.165826308264433653e-81,1.152972597823121973e-66,2.478800832646099053e-82,1.681949568561979853e-82,1.751901392303285519e-62,1.160754043268376111e-81,2.662831469889357746e-66,1.961590449681556076e-64,4.970360694496857727e-69,8.858837931301071758e-83,1.344023631715355236e-64,1.073263262296774327e-64,1.315305974828259352e-57,1.078726761940654359e-74,1.733667274415288983e-69,3.001263194708170783e-59,3.903887832121997470e-80,4.974500986760359631e-68,1.551426812724282199e-80,1.272929670158093554e-80,8.807947754571734881e-70,1.879637254489416217e-69,2.330509218058109947e-79,1.087992469514764444e-69,1.936049301925695351e-82,4.598145217987433502e-67,4.983685299221730098e-79,7.801013968579476468e-69,4.125858241074465108e-62,6.143625138112910488e-82,3.427362849012360460e-82,4.663193736368503918e-69,6.135341371929900224e-65,5.731678903174068474e-67,1.003170142810734127e-64,1.903949448508740893e-82,1.818191776277241419e-82,1.009364187385442249e-62,3.958142833949141159e-59,2.677168328439302317e-66,1.227769132668711754e-65,2.574465608510708898e-80,6.493674283288536794e-83,2.159210126291343161e-81,5.300536009204294054e-68,8.272271797435989118e-84,1.057964240764853890e-83,7.817027781277979469e-63,5.294061735173008764e-70,4.195421919042184583e-62,1.766580489325448532e-69,2.316504167766555660e-62,4.555914066966027225e-67,7.649156287131794053e-66,6.634443218739372217e-83,9.895097992974635039e-66,3.811625591200054261e-84,1.960065537334583768e-81,3.655064205284079368e-82,1.177500358529502535e-69,2.206521678207550047e-81,1.443258639360215672e-68,4.000000036707652140e-01,1.777192359344070878e-69,3.794402024094112968e-81,4.647666959370240304e-58,2.354505945154842970e-68,8.006607330408205721e-65,3.837147674247251234e-80,6.445434905626061843e-67,4.355800424856485832e-81,3.054399642066340338e-66,4.775443988669285457e-84,1.286418508566084101e-63,2.694632051964787903e-66,1.502126301699690581e-80,2.785792500077626964e-67,3.607351208196949895e-80,1.992447926340025288e-80,1.566743204680784678e-81,1.133882428112635730e-80,6.297681864764675070e-80,4.075087921319839555e-66
1.943122509729863859e-64,8.461177646010731677e-63,1.496740356522892688e-66,1.967105898327879757e-66,2.138260890021473306e-52,6.819830905932671426e-66,4.201669950168358359e-69,1.919860032075292416e-69,4.372286952877763242e-68,1.464754550781825829e-69,8.822874692287576453e-68,5.331010014905313335e-66,3.741136381043093926e-66,1.280201076666306448e-68,2.172398339424059602e-52,3.261887660296985045e-68,4.706761754403984476e-68,9.163913728565390823e-66,2.206688545622845049e-49,9.096554332092956190e-70,5.492631470148588451e-69,1.140428522772154233e-66,3.189656719115670203e-70,1.028409740263047288e-53,8.150514193607578632e-56,5.395605665894534259e-66,1.577319812250617394e-56,3.738737484897517091e-69,3.356602585506031780e-67,6.757364826190609929e-48,1.833323263319306052e-52,3.832252348921245375e-52,1.330613884567526028e-62,4.289016132664888210e-47,1.714464345056369805e-65,1.607499898970805762e-52,1.054645235618277066e-52,2.134170508917057978e-48,1.423234947306105878e-63,1.588705776469803342e-56,4.037337430472937063e-53,4.824055511516142202e-50,1.058360392067668359e-52,3.339490824612091961e-63,2.250653480078660302e-69,2.579423735003292304e-68,5.254145854064411990e-67,7.715696295346990684e-52,1.686923169605778443e-55,1.743034931289198172e-68,1.801479724645700795e-70,3.527734405039077689e-56,1.215639794692014501e-46,6.942077761683005956e-69,3.060794475298010427e-54,1.967123780120070883e-65,3.594089594051273116e-66,1.149477048183407823e-70,3.154741715008166345e-68,1.744333810579125261e-68,3.279862183931452757e-63,1.089848689252491740e-51,2.100435967202341697e-66,6.562977279276517159e-54,9.753870133703214755e-53,7.623251553189532037e-54,2.234653505343663586e-63,3.784612319233542335e-69,9.294045518816419458e-70,6.542069315766877875e-69,2.999928906908415449e-70,2.111460836743817360e-52,2.581064200215367311e-69,9.804628254769936046e-70,5.462471090536700520e-48,3.675162242343624912e-70,1.386322655701302329e-63,1.518130938765903052e-52,1.548660003480864088e-52,3.397812015691422854e-69,1.140556325281465299e-69,1.004268129711853827e-52,1.755166183368703532e-53,7.329447293866832994e-57,1.836122256100016775e-69,2.623498447112242436e-67,5.658546502524847943e-68,3.456514623618356558e-68,8.313042638384167341e-50,6.920992129476663734e-70,8.906246760147405926e-52,4.474456172167866353e-69,7.571305700715846025e-54,3.243676489018194048e-66,5.519267699918803587e-66,4.977238941139427726e-67,1.003824825725054244e-51,8.343400321444324851e-68,1.377938497070412801e-62,1.032437499779322035e-65,3.483546464089585731e-66,7.524294847355293315e-51,1.487367836817523524e-52,5.242923951403842105e-63,6.885226073755072952e-66,4.171110010898962533e-66,4.190771862809511209e-52,1.668578280902475261e-69,2.002490548247754411e-51,2.232937244502209162e-55,1.141716482113319459e-51,2.166905982250330592e-66,2.863620142491136717e-69,2.445642195625397831e-66,5.906392868442033932e-52,2.861825318841605734e-50,6.160902969445597512e-57,3.581547524082933914e-52,4.443022272901872857e-48,5.879106324800744704e-56,1.134781926411823667e-38,1.580290269550863946e-49,9.332067233292938535e-56,3.055763934518719864e-53,2.613777259991914996e-51,2.255122567942419933e-63,1.792211595827439471e-53,4.069880444017122211e-52,9.194716281244344860e-52,1.374862531340304385e-53,1.100477820088780093e-68,2.173380087635875378e-63,1.430755717629672749e-65,1.841190385874271932e-69,8.964022796012861137e-70,1.531837658874712205e-50,7.463054540584280528e-56,2.928138341393145164e-70,2.721950229200076983e-48,3.240966018422358176e-63,7.873904177333252640e-66,9.563977259444284291e-69,6.154234495410313527e-70,3.810673216139436518e-49,6.730095905722021159e-68,2.080399071102558673e-50,2.142120136395669027e-65,6.881249673254393635e-54,1.564789817384220228e-69,2.589779737281090815e-49,2.983814095535323883e-65,1.793600258746615358e-55,7.210963733095198817e-66,9.241342906396862328e-69,1.551270417411143065e-32,4.173556600092365716e-66,2.249367499438438549e-52,1.668267757897859279e-55,1.665655207996261958e-67,8.601980333235719284e-52,1.077995775996451492e-68,1.126294765164535372e-67,0.000000000000000000e+00,6.897145261513313334e-63,6.504489578142348002e-70,6.082675767049191138e-66,5.362617777812138424e-65,7.629113724105223687e-63,1.331374363682160805e-52,1.246120399362371671e-38,4.984429414992810697e-52,3.235461557930647231e-69,2.386442341595283417e-66,9.169073641681178483e-66,5.868640339311505405e-52,1.985403168620086180e-68,6.957628737769400041e-69,5.952824523857047426e-53,6.391474960621380401e-67,2.474590194892068116e-50,6.479309982402729672e-50,2.440685556151985303e-55,4.170861490928790922e-69,4.627985460572222860e-50,3.261999170838533570e-50,1.191031737111323760e-52,5.154964003613724641e-67,7.458186119037042358e-56,1.194611519022463622e-53,4.787209002736103027e-63,2.159482413290264001e-54,6.478083649059021293e-63,4.583228260332415879e-63,3.394299110986180274e-56,7.019375510862522563e-56,6.761764739319590496e-66,3.810339701012660871e-56,1.507379213526410187e-68,1.213841681674206078e-52,3.435309364229977377e-66,3.771449401666333519e-55,1.194106515313266737e-52,1.456847506018259897e-67,1.721567883846188690e-68,7.505011075481464821e-54,1.270874383833963619e-50,4.169699880174265082e-52,1.533570681020873966e-51,8.284739632732791719e-69,7.538247092257245291e-69,1.856059865664964727e-52,5.743061467584244884e-54,1.576812480522069621e-51,5.208350119389396610e-52,1.682803766926214082e-62,3.026589604665327981e-69,3.235704245154284698e-66,1.021829654784910648e-53,2.874802965114016402e-70,3.803281830961917712e-70,3.741069174177099870e-52,3.263440759737404896e-56,1.337842960122865907e-52,6.389016997249777408e-56,8.548258545171553476e-53,3.250060375031199151e-51,3.017507538834464835e-51,3.879825153768017753e-69,6.821892220026000378e-51,1.278761465792395658e-70,1.405718232453467432e-66,5.453745944374852632e-68,4.520816569605631031e-56,2.656247765109052169e-66,3.201033822373606568e-53,7.864424856373134884e-68,6.856692265266819601e-56,1.644937523688063053e-65,1.823850797292969863e-52,1.225244342151155202e-54,5.383174098543749933e-50,1.294743951815940787e-64,4.610964826874922735e-52,2.299937669981030288e-65,1.243767496697561540e-47,1.511845320118702804e-70,1.453684883568382217e-51,1.708177564733713873e-50,3.650380152164136185e-65,1.958411455992322246e-52,2.543264513065585902e-64,5.325415294631617803e-66,7.945019338918941502e-68,7.547397305241688499e-63,1.675372877367169016e-64,2.096951751137201987e-49
1.647107009047335011e-77,2.876622910369963152e-76,2.296409895977460712e-79,4.034105774625512499e-79,2.825354708592451953e-65,1.404511977906813139e-78,9.023305449384803750e-82,2.704080102091129556e-82,6.519607381622601389e-81,2.174976196384476471e-82,7.157728471230231828e-81,6.993658827096778644e-79,4.921850364708465178e-79,2.255826281018073611e-81,2.094396919869456863e-65,6.134792847601145394e-81,8.588793509706484460e-81,1.041527135774004812e-78,1.937908575108620632e-62,1.410306674388083301e-82,1.110556191049585704e-81,6.558339968986114843e-80,5.312568687424434552e-83,1.332847849187587620e-66,1.028771119945982669e-68,9.381649489782475162e-79,2.288042418674779917e-69,8.239223394600849534e-82,4.809948212721334891e-80,2.095133636717823789e-58,1.997723117787788633e-65,3.685150814516525777e-65,5.154994700123414633e-76,1.598055081701325416e-60,1.055545267789774153e-78,1.846690267447415681e-65,1.691649622604836516e-65,1.744121624890530739e-57,6.212767225954409607e-77,2.062031769578568505e-69,3.503234318414396862e-66,1.548489347426317856e-63,1.064147262073196459e-65,3.999999999595489353e-01,3.878529615708812330e-82,3.597773622151273028e-81,9.233242825239688212e-80,3.851776317004130881e-65,3.028313777775163110e-68,2.120816807416647273e-81,3.544810087618528470e-83,6.256635466246829410e-69,4.377083949777131476e-60,1.153912339751235190e-81,5.881711363833149287e-67,3.686142527532244924e-78,2.515507888892361888e-79,1.968936305768176303e-83,3.093489361123135496e-81,2.691832236003274034e-81,5.501672737955670600e-77,1.640520813383325052e-64,3.845063964378981199e-79,1.150997937042380050e-66,1.191223955641077075e-65,1.248378488678467912e-66,1.256002162781208719e-76,5.096054521581703800e-82,1.945398229242908902e-82,1.285946801591344455e-81,5.108044708914138406e-83,2.428104621330485310e-65,4.396523528930448730e-82,1.779116169169096037e-82,2.393547852726539635e-61,7.442692887278725491e-83,7.117107284750678301e-77,1.428828644713863672e-65,1.625844801093278947e-65,4.938066827047768444e-82,1.562414997467581785e-82,1.423440554887590742e-65,2.775501898554909014e-66,1.372114482062411525e-69,3.268324853336225512e-82,2.228343274487854095e-80,9.331414445958207023e-81,4.698039729567330377e-81,2.615909663582117826e-63,1.187549713770624429e-82,1.425995019153448545e-64,8.547088205287232840e-82,7.216272603129821204e-67,2.616179008283466278e-79,3.796508096749966039e-79,6.618725488971703316e-80,3.821817378305672758e-65,1.667961184326962232e-80,5.645627484598191092e-76,1.416174067791146861e-78,2.408204914557367083e-79,8.960339365908803381e-64,1.745202352097891012e-65,3.999999992827522610e-01,4.299667303863599148e-79,6.756603917597537501e-79,3.782744269916986646e-65,2.557905686420883455e-82,5.586077665437013263e-64,3.412314496332284204e-68,1.662892733542999869e-64,1.557700052201614939e-79,5.307624111265103228e-82,3.354032161007691382e-79,5.365349964280041274e-65,2.820141392271165535e-63,1.321955775477217633e-69,3.895670657844996559e-65,2.609211205871004583e-58,9.664318361151663716e-69,1.062400929426308462e-62,6.082945771737802636e-63,1.532819905936163406e-68,2.994835962602884188e-66,5.567907933535701144e-64,1.394829223938334730e-77,2.884584947422009432e-66,3.462740194545675173e-65,1.358854037007354103e-64,1.816281105974573282e-66,1.987030300898860681e-81,4.103204663089319872e-77,1.313937429081506513e-78,2.099087491030670531e-82,1.369403943191255537e-82,1.761524181859344806e-63,1.246431286279055023e-68,4.335706350176739513e-83,1.840666003193667433e-57,1.173869493217480023e-76,1.529404897131119792e-78,1.849845542499968914e-81,8.939674233332361432e-83,1.340949905806754165e-62,1.096841524187655559e-80,1.012998327034236098e-63,2.136782366571988901e-78,6.404009703222441779e-67,2.834479913120934566e-82,4.250143767489565294e-63,2.989676683667459174e-78,3.447751295115903211e-68,2.534681815630340303e-79,1.582588876309245926e-81,3.635510108558961637e-63,4.634365079139397713e-79,1.786164526038184451e-65,2.979396958706365229e-68,2.618839921902949524e-80,1.741796705293601801e-64,2.096660982332711473e-81,1.802980924486176897e-80,6.897145261513313334e-63,0.000000000000000000e+00,1.344008030656077381e-82,1.964405367053493230e-79,1.043688687435980941e-77,1.555936642131912926e-76,1.834074387006907724e-65,1.812655899792081690e-63,5.755942688621430357e-65,5.320963224282092292e-82,2.496021656538913744e-79,7.893091739397563036e-79,5.416042180326501742e-65,3.534210956333923861e-81,1.050491389453237078e-81,7.191774058227353179e-66,9.076970496517033378e-80,2.151100929441553636e-63,3.607175982521571224e-63,4.147767827977957770e-68,9.708534285371005490e-82,8.063679611585866703e-63,1.295906098287580025e-63,1.593618643966731763e-65,8.824593616969593809e-80,1.171547915481290559e-68,2.197813348725992013e-66,1.220918809057357633e-76,4.156859282465354027e-67,1.094011611926321423e-76,2.434414399209745200e-77,5.913700792496118178e-69,1.120373591371797346e-68,1.441931796263993742e-78,6.180366316964422599e-69,2.853022611169178146e-81,1.797473579056154164e-65,4.821539370783634340e-79,7.539019198118766294e-68,1.330773487433707317e-65,1.136264769704503341e-80,3.125552663299453051e-81,6.489933711147823544e-67,6.249558079787142753e-64,3.327207889943845013e-65,2.251729516901818532e-64,1.718644874298102941e-81,1.305902160601010405e-81,2.856603876703859498e-65,1.564981427443433409e-66,3.275065859581512401e-64,1.949000005967716302e-65,6.993253398309477582e-77,5.195188517387331550e-82,6.712645362998149961e-79,9.930899859953702662e-67,5.024179846320097718e-83,6.425242328850510436e-83,5.423956061491567487e-65,4.395085556080441124e-69,1.269609627192696131e-65,1.051902056117992919e-68,9.720389659169139294e-66,2.415870847776789518e-64,1.329367415074617502e-64,6.121901018627051090e-82,2.941437543346434436e-64,2.309800968193065689e-83,8.107477049625996181e-80,9.899293229492114898e-81,6.259187716437008439e-69,2.271642503087781933e-79,2.721602838261773239e-66,1.389895428695181610e-80,9.519044366654732514e-69,1.851337449250255265e-78,2.336724305493582395e-65,1.981794606547297585e-67,9.049140636383055256e-63,1.638838371929711629e-77,5.035100729246192526e-65,3.727116322641745042e-78,2.155299470720659765e-61,2.556615680929571673e-83,2.611362707281599215e-64,1.181154818441449893e-63,7.631585160342830081e-78,2.805638621523864770e-65,3.369938174287705505e-77,1.802394368039498992e-79,1.178166710170120671e-80,4.560506817806461840e-76,2.224613386131328793e-77,1.297057206467743608e-62
7.130456814218680898e-83,1.771004195412525353e-82,5.665442133293758806e-83,1.380057904659668387e-81,1.152006433530321927e-66,2.428562286451584351e-75,2.812832950141298670e-80,1.104428962683229504e-79,5.648928310540122246e-81,4.018821090308675482e-78,3.945456173109265095e-82,1.413121222573264844e-82,1.457332750622906146e-82,5.167740048053100325e-80,9.848330894063454956e-69,1.367685650694143022e-83,2.535254247805086889e-81,2.107545614676554249e-80,4.110246178935498571e-68,3.428166943560344598e-78,3.510139652181197909e-80,1.405468916014747489e-82,1.794123057570867731e-78,5.562471933175568850e-69,1.103380767944248527e-67,1.478284189300599523e-75,1.294111487144301591e-68,4.920356566988549923e-80,3.606020457227268922e-83,5.757449050329587702e-68,8.043649000031634431e-67,2.820592467460722153e-70,5.189700384284419400e-82,2.161253732817553123e-67,2.979085523659946445e-82,1.079768550786233338e-68,1.221846174898587335e-66,4.385189765030606970e-68,7.882869823415354064e-83,9.909051866420313755e-69,2.185932831242713600e-69,9.151666061224972414e-68,2.059711741014683259e-69,1.586525312908895287e-82,1.746408352735651160e-79,6.174494822613688507e-81,5.891077589423357942e-83,3.270155422517195537e-70,7.405957292122625130e-60,6.487981389626948505e-84,1.788276122830336079e-79,4.231585361906646090e-64,2.204878581472102229e-67,3.568571047034725980e-78,2.984817505977163557e-64,5.615039749470016461e-82,2.363666647420559743e-82,4.123921508498959547e-80,9.155811804906389040e-84,6.852359163420697148e-81,1.596248053614120930e-82,3.170733207552326286e-68,7.159362867273838838e-83,1.107768581641592054e-69,7.954204571661622695e-66,2.211244063271965139e-65,9.389903083952265692e-83,1.633850055606939866e-80,2.176655791372140328e-78,4.184924515512950396e-80,1.540677946329162854e-78,1.727420431803560579e-68,1.080516259124589941e-79,1.927662793150300301e-78,4.256926319192117262e-68,4.000000114179473321e-01,2.357609219175242934e-80,2.180960028837221386e-69,1.380002594227025331e-68,2.642952464664726033e-80,6.291907290467156950e-80,1.150714825093124831e-68,3.678453141020591470e-65,6.406532126753467585e-66,1.308131897301504429e-79,2.177692387843347618e-81,7.036975724047977710e-81,1.176106849130084418e-83,9.833743246928800810e-68,1.865294008683104293e-73,5.823836136464023474e-68,4.549519538306414480e-80,7.846933232620848263e-70,4.025954469725948822e-83,1.388491714216508332e-81,9.382458250964357843e-82,7.507454291016399988e-69,2.088843499521747079e-81,1.961775827750441899e-82,8.615847468950894673e-83,2.492481237072836516e-82,1.697847390541810357e-67,9.547834047879823821e-69,1.321832307647555279e-82,2.475179617769664217e-82,5.557643496045979076e-83,7.747465754457598507e-68,1.133239148055031375e-79,7.515763475138914251e-68,1.996565454471087351e-60,2.995030667969487468e-68,2.094550274690930549e-82,3.999999941783526913e-01,4.445660060982221424e-83,3.313993462513420601e-70,1.443491823161400215e-67,1.148011908076728997e-65,1.628510398252704044e-67,7.651065114133538810e-68,3.869688323458781935e-59,2.166669351221744761e-69,1.243245916161601240e-67,1.226693643918230812e-64,6.128508558396749678e-66,1.706255373801048583e-66,3.058237818884032556e-82,2.358700292185064636e-69,7.103112878863847133e-68,1.805891227755843146e-68,7.108003150420601398e-69,9.203379645945170679e-81,2.465117676870230349e-82,4.160546673879042585e-82,3.192797996277678780e-80,3.059526196531124914e-78,1.327028203303900023e-67,7.208496838899789166e-64,1.816928575765062242e-79,3.496621048846758894e-68,1.039807149801429003e-82,2.435945962136226390e-75,5.429836924572622037e-84,5.153489333047128041e-74,1.814406915394948329e-68,1.199225215195706864e-79,1.323307221532048690e-67,2.545807800480818136e-82,2.381109009277571731e-67,2.811345191451736315e-78,2.501258186256555198e-68,8.779552582845318632e-82,3.144857711510135201e-66,5.268430284435126818e-83,5.288621137266585532e-84,6.436680583019325237e-70,5.243141280614984611e-83,1.049267501174398494e-68,1.280999207739546366e-62,3.318751218590051966e-83,6.570045595624438151e-68,9.051549143952606965e-81,1.742178278917419635e-83,6.504489578142348002e-70,1.344008030656077381e-82,0.000000000000000000e+00,5.115521338548003147e-83,3.458058291876513779e-82,2.390314770158484379e-82,1.622519945665450271e-68,1.535257831143350689e-69,1.172805099633568866e-67,2.737804177952909217e-80,4.160514742424622805e-83,2.409506896737311039e-82,5.419132689814235484e-67,7.886236676162403361e-81,4.588587101662715942e-79,1.063286861163356316e-68,1.257939663390059941e-81,1.092580874615697060e-67,1.011398738891780629e-67,3.379827218473560901e-66,3.357058352950261196e-80,1.544084852698891130e-67,1.322129665464396770e-67,1.828785860937374328e-68,4.487347564702040875e-83,1.087464979739244614e-59,1.807046428749633825e-69,1.758702051621928407e-82,4.486934075918579035e-64,1.163040944998944946e-82,1.049664486683551378e-82,2.965221793600810242e-64,3.205448668373743237e-59,2.120307151160841236e-75,5.312671753824468138e-64,4.297190151966004917e-81,8.963302572012426438e-67,4.575067936146815170e-83,7.022215437154500851e-66,1.490755511327580338e-68,4.137645989588546398e-82,7.625901058232376447e-79,7.424465730550857428e-70,5.015475035162850531e-68,1.558286571935847429e-67,1.859920845280534917e-68,1.929541982320431254e-79,4.595883638487944933e-79,1.307911717821825040e-68,1.556180375227329449e-69,2.452255050024766161e-66,6.314667298523114467e-69,2.070479596780869255e-82,4.681990637230975410e-79,6.953849150360808583e-82,1.058623954904289041e-67,1.532517535667902478e-78,7.059614531971854563e-74,2.024092047992706923e-68,2.047644881247947745e-68,1.584050068533939056e-68,1.208755699810913460e-59,1.189892927703530744e-68,5.972864342595496135e-70,1.506142592447175209e-68,1.421339786589536607e-80,1.902917564142175694e-68,5.053419764078760332e-80,1.423359159621968316e-82,2.102067110131092722e-81,2.680699620952602067e-64,2.103693306883060973e-82,1.321292652249753448e-69,1.527442632546401482e-83,6.522744257048040533e-65,3.280155642171497472e-82,2.665899297566609013e-68,1.395609110963685391e-65,1.512642103644682515e-67,7.115483381341423785e-83,3.771967422011129222e-67,4.007406887961804081e-82,5.019800478959810050e-68,1.356846247764214416e-79,5.221861324851729851e-68,1.096770781262588803e-67,3.165707430362116458e-81,1.842807062393883102e-67,9.070758848148300194e-83,4.402754405226670484e-83,7.489388758262055491e-79,2.359188570252809123e-82,1.023971898073563895e-80,2.142750422628646971e-68
7.880667157274323174e-79,3.426003498241920572e-79,9.995981476189194133e-80,3.042908537696404720e-80,1.806000550294182222e-65,8.748438299084231401e-79,3.431735719117561252e-82,3.082917912694217178e-82,4.935103061081196981e-81,1.967174988719916888e-82,2.931893058993687254e-80,6.058275565225444091e-79,5.220061700460803813e-79,1.664448928975419413e-81,5.377977993603832294e-65,4.272630402009251701e-81,4.848938408370593753e-81,9.915285413535659936e-79,1.816280597963931245e-64,1.380202386982145332e-82,5.992618611571393316e-82,3.439829058604265329e-79,4.775794482443230670e-83,2.211941278855103074e-66,1.511381519277462365e-68,7.548721086659994452e-79,2.571895953913114554e-69,2.364918864735249844e-82,4.654577216331672403e-80,1.642152729150793520e-64,2.641223485912657134e-65,3.690981683403441104e-66,5.936569554128586603e-78,8.838580562057168856e-64,4.603085057971450356e-79,3.184087420128285613e-65,1.072298135246264738e-65,6.633924355134755009e-65,1.179765297044084039e-78,3.014618918300593693e-69,2.313354572787396318e-66,1.555974750974108360e-60,3.178449775709525386e-65,7.879494595310465442e-80,2.503903337560715014e-82,4.022306257942390373e-81,3.761147578432582983e-80,1.576502569128175987e-65,2.059876008837025276e-68,3.739538290975256544e-81,2.448472797795860098e-83,4.998221093431503919e-69,1.193285525549100662e-63,9.023868616214780025e-82,2.285253345114532408e-67,9.631150570365150337e-80,3.500895469471903262e-79,1.649504855670269116e-83,1.058621251619836455e-80,2.452573182462388227e-81,9.394594167586857320e-79,1.147264537094115329e-64,1.008050977013691851e-79,6.261532645091019110e-67,2.660188631618983397e-65,1.178916720532945663e-66,8.409198922050448760e-79,8.050235707732666210e-82,1.054556409030076168e-82,6.134440289465980812e-82,3.504211972298210217e-83,3.744324612390514305e-65,2.791390888181659182e-82,1.159536367559380759e-82,8.738083096749531990e-65,3.788951133875320496e-83,1.001930160146900458e-76,3.619070304793332960e-65,5.113842525597567167e-66,5.291232296386356966e-82,3.149286718730088223e-82,1.276762903824556049e-65,2.229849621019242571e-66,1.091710813639926310e-69,2.201964669519906419e-82,8.162203959300386334e-80,3.974338026341651479e-81,5.693384321607407591e-81,8.883233633255185085e-61,8.379988681430560009e-83,8.328772173015989328e-65,5.715610616329101013e-82,2.859330090687812216e-67,7.799561451771613371e-79,8.838405240209144388e-79,3.690743999916076569e-80,1.997903917529048495e-60,6.881462684079577118e-81,4.146013802727014103e-79,7.315620431100315563e-79,7.104771088395872567e-79,7.081804493290602327e-65,3.388945181999872838e-65,1.809850875116767289e-79,5.713158302963221290e-79,2.657635368154080726e-79,2.934716406149847266e-65,2.616770051053604336e-82,6.218861828125189962e-65,4.872358239729430897e-68,1.244190689164369870e-64,2.194717315738742083e-79,3.692039532825980411e-82,2.876793706054950915e-79,5.981175826556308455e-66,1.261221342762192064e-64,6.549005318352443724e-70,1.755343063610946785e-65,9.782863925179324601e-65,8.180505024255800047e-69,3.297053071625801352e-65,3.421675345874381096e-64,1.390303746593222962e-68,6.525751213506609987e-66,6.996863511917909921e-65,1.423939439902927795e-77,2.317021478572365835e-66,3.176539561892366565e-65,7.442952658631938916e-65,3.742718913537615538e-66,1.158209576117288850e-81,1.101662424823769550e-78,3.208108501858800419e-79,4.482254436567893516e-82,1.493234062089259157e-82,9.609144955787217815e-65,1.119700881759362295e-68,4.794673533662126542e-83,8.938235824224490771e-65,5.632183620288259005e-79,9.677881010177444659e-79,1.245215028353619864e-81,7.122320545022104418e-83,1.643190009844544181e-64,7.969749210106058344e-81,1.189079847312182899e-59,3.602019959832253412e-79,2.496396517861514166e-66,2.272856862529457055e-82,2.146452587616490855e-63,6.428235554655188151e-78,2.717927212330788491e-68,4.000000002240183816e-01,1.103648263470445029e-81,4.693999212590429467e-66,4.069164266265086951e-79,9.838247560685111297e-65,1.963183395301665867e-68,2.159127603471287184e-80,7.064873403420532746e-65,1.066408873641390954e-81,1.388942082481911334e-80,6.082675767049191138e-66,1.964405367053493230e-79,5.115521338548003147e-83,0.000000000000000000e+00,1.165108995842560561e-79,9.260406189901238241e-79,4.756316368047701258e-66,3.339077397787970812e-65,2.788743181060114164e-65,4.928874187446645160e-82,5.136765445702574590e-79,2.505247265308769842e-79,7.811971214956862737e-65,1.853612732591188619e-81,1.328350986096702213e-81,1.530057197087374909e-65,3.031899619345469048e-80,2.225894972679347563e-64,3.588538053816625434e-61,3.310845918038646509e-68,3.585119249731991602e-82,5.023958010599111602e-64,4.799776257527073026e-59,1.884783816988564160e-65,4.440377616431992755e-80,9.199691055139643573e-69,1.282379923440229181e-66,2.978758223630472266e-78,1.932716575492440553e-67,1.424458344788488368e-78,4.925662338092225037e-78,6.165580565863827724e-69,8.633451263795410107e-69,8.960085002945721729e-79,6.145052510473097649e-69,1.961705596240509268e-81,1.280845121336791821e-65,2.539078505353196193e-79,4.474837625235919956e-68,3.134348945229536619e-65,4.195269607983237370e-80,1.572992181501962928e-81,3.276401316493628074e-67,3.413717346220625514e-60,4.809792111462070623e-65,1.243403384242287785e-64,1.138381534684304845e-81,9.263982176364717687e-82,2.534458895782122355e-65,4.527859863152249416e-67,5.424867152703784266e-65,1.660398667513825002e-60,7.720661944499251654e-78,5.136309350243797095e-82,3.513075134116838724e-80,2.181470208260143430e-66,2.910667537469664411e-83,5.003904714544016098e-83,4.602214728727067671e-65,7.137603161950750725e-69,4.176998796645861685e-65,8.840811439390996254e-69,1.942095684077332368e-65,6.984633889992023461e-66,2.134233666913606801e-60,6.276355225455308624e-82,9.054976065630525851e-61,1.400646530489446287e-83,3.479873432454466499e-79,5.180596478285518465e-81,7.710245221594206446e-69,2.871013830729010589e-79,1.331326266428053910e-66,1.137206094825969691e-80,1.044819872943639116e-68,2.209666289617009794e-79,3.182841466503726825e-65,1.675680493789104211e-67,4.899153678978075285e-64,4.605957828034091133e-79,2.764533418084126950e-65,1.457048399363448607e-79,1.793788069846998916e-64,2.271389042926224353e-83,8.668603239933252371e-65,1.918224094489383653e-64,2.914799428175719568e-79,1.026105858092439862e-65,4.288834807011840942e-79,4.000000001028548025e-01,1.203898874248178847e-80,3.205386102553454694e-79,2.903234225071977313e-78,1.301781436923193021e-64
8.450544640863105575e-79,8.362303562539893470e-77,4.747170689453098600e-80,5.882036436925952623e-77,2.807120291054039486e-64,3.452693419178291885e-78,2.831997571415550696e-81,7.353409480549169658e-82,2.557857536657384067e-80,5.709354674014581609e-82,3.724024846330690192e-80,1.344045481060669418e-79,1.127043469499175675e-79,7.455424041662666193e-81,5.400960042104136595e-66,2.421698035636623076e-81,4.910926153868579540e-80,1.319839617979314537e-77,7.655586068794404829e-64,3.867921003132837976e-82,3.870920968452998055e-81,4.333329425028663941e-79,1.190080136236334039e-82,5.152398492938730413e-67,3.627080985702244096e-68,2.125938421585175085e-78,7.711664237733693631e-69,2.589767985798301229e-81,1.320126207143117077e-80,3.029600133528216553e-63,1.867585924329383224e-64,2.027760147704678618e-66,1.307118268337823399e-77,8.518535151264287989e-63,1.115226305386688930e-76,5.394646569381976919e-66,1.383848478453696033e-64,6.984760852514170925e-63,1.610913262488173875e-78,6.983771516452906553e-69,1.091862773986638026e-64,6.283761722963226464e-64,2.089835242402334938e-66,1.085359930415730520e-77,1.135249627865385275e-81,1.535438269415605801e-80,2.282150637872214458e-80,2.512124249392552175e-66,7.791701432976088277e-68,8.640917859880019881e-82,8.328046015448590823e-83,1.669946743701675578e-68,1.095750757887273059e-62,2.822938620979967400e-81,1.665145585621757000e-66,4.000000007115062650e-01,4.239630014825050601e-78,4.658896010921359041e-83,1.150988653782874878e-81,9.875710512017250432e-81,8.167080717531880502e-77,3.706885976826118753e-65,6.847330291176293632e-80,2.962954535736180649e-67,4.998444640303052088e-65,4.196319600773422210e-66,2.039454854714738265e-78,1.571603202207238007e-81,5.701941804934647837e-82,3.657005376669539044e-81,1.291538510525125086e-82,6.518318494594263252e-66,1.239077839138832706e-81,4.991624680486661991e-82,1.126486287851336804e-62,1.951966855348226185e-82,1.541768435815316160e-75,2.943235455935952962e-66,1.624004136084916536e-63,1.592964607687898411e-81,4.391275497028745481e-82,3.743403397336257714e-66,8.494541887458816157e-66,4.122114807939606341e-69,9.992445375730704660e-82,1.102985070212648443e-79,4.366738490921631318e-80,1.663200521065625228e-81,9.616479377168436251e-64,2.843190386653067773e-82,3.086619548856735046e-65,2.575091312384702488e-81,3.599078765747207385e-65,4.726659749144757979e-80,4.329754920892465248e-78,1.263838387354834838e-78,1.282161117504283462e-65,1.210343713073247428e-79,6.995917534660052341e-77,2.152418548314589624e-79,1.957076291149608200e-78,7.663828023046707503e-59,4.451498553763097795e-66,9.673061682691832212e-78,4.837095611740481169e-78,1.010155259114910684e-79,1.028338061669901369e-63,6.899595570928178819e-82,9.882623729383604251e-65,8.981969672405185727e-68,3.361253015617228088e-65,2.138205765384704197e-78,1.433504774923877288e-81,7.096349960586849991e-80,2.347604672579520534e-66,1.903283497384562705e-59,3.725722596406615080e-69,1.469903200750674036e-63,5.211327281450766999e-63,2.654095640646405665e-68,9.977477335211474376e-65,9.336996863483758616e-61,3.692922384295525365e-68,9.772311176166496999e-66,4.140775010937036712e-62,2.770881664151643145e-77,7.992882379775267646e-67,9.817392821769730845e-64,2.534004549675208920e-65,7.848991538800345866e-67,7.503426575334832411e-81,1.867951112709272160e-76,1.859797658079878917e-76,5.714879428810815518e-82,3.850519555601103037e-82,1.842809001057309010e-59,3.196209809576044279e-68,1.094828150103995788e-82,3.188752032755483619e-63,4.051717940590688981e-78,3.449389120731045095e-78,7.223075974155986162e-82,2.263868720109477617e-82,5.692309334176676591e-64,4.164819309711422432e-80,2.458227035964708949e-64,4.849531787333475323e-76,2.544209616030703859e-66,8.280495499324014252e-82,3.661384095589638767e-64,6.633197334004245740e-79,1.135612382908547934e-67,1.279593405983268626e-79,5.802343780184923085e-82,7.743085089941078353e-65,7.971723160537222534e-80,4.901690388966833777e-66,7.538549275011022453e-68,7.954212214903358612e-81,4.203366757104897595e-65,8.304269058991331797e-81,4.944495259434918088e-81,5.362617777812138424e-65,1.043688687435980941e-77,3.458058291876513779e-82,1.165108995842560561e-79,0.000000000000000000e+00,9.958191238287239489e-77,1.602127797306490928e-63,1.207352724584847525e-64,2.399027353046810528e-63,1.636528094134931291e-81,4.644768652101920702e-80,1.216045903753650680e-76,8.765731858474003427e-64,1.402033638147477373e-80,2.920453395163042749e-81,2.385745799883294941e-66,1.805351122687243688e-78,2.475681791733929251e-60,3.903203777843232544e-64,1.286247974778369159e-67,3.134041731434639710e-81,6.901811978594980286e-64,3.840128816356217176e-64,4.939726290749449624e-66,2.176767887068956346e-80,2.954731623091629953e-68,6.179611009991854231e-67,5.135553105285464180e-78,1.194789541541025075e-66,5.149399271963234262e-78,6.403377320506083308e-78,1.728580733258039671e-68,3.063451106015809321e-68,3.620250826035802316e-78,1.652838091978065397e-68,1.035226464364291945e-80,1.707676307164126699e-64,7.339968419243441465e-80,2.221299683867473473e-67,4.184053003819860911e-66,6.594126279759094617e-80,9.097336522467697035e-81,4.529347609920936817e-65,1.443228989387606215e-64,7.466441964908006039e-64,3.793874370991981831e-65,4.959680791581802814e-81,4.400467053329138547e-81,7.193768441138906781e-66,4.428507436078190854e-67,1.648374938552529534e-62,6.628443344942132458e-66,1.144813506076913016e-77,1.683748503240865658e-81,1.901972683288498154e-76,5.455780386310314683e-66,1.200178628552243132e-82,1.682729683952673965e-82,1.259377562728509104e-65,1.625006497691747459e-68,4.111666271029423923e-66,2.491055065379200839e-68,3.007563332186084554e-66,7.042158009823443601e-66,4.513808908818368398e-65,1.938864941999730221e-81,8.070765911826024423e-65,5.517413201019600930e-83,5.772274593120208845e-79,5.587783874401295274e-80,1.644609779124957009e-68,3.280469995105335449e-78,1.924203876608454272e-64,4.167899435825613233e-81,2.396617182870306357e-68,1.439426602699279637e-75,7.357482774336097510e-66,6.996855573653613872e-67,8.017427378663860619e-64,7.816163873604392081e-79,9.987498926859720284e-64,3.999999999237489057e-01,9.581873268098506850e-63,6.180164072816418204e-83,5.045437682683091790e-65,1.468534696059518238e-60,3.814032083558023197e-74,7.903505954915989328e-64,1.290522584269268195e-78,8.250420890143168972e-80,3.609859025890305569e-80,1.217561387037524132e-76,7.951684926194134153e-75,5.400369904223185514e-64
5.871889373874103449e-78,2.448850493842753802e-74,1.358247178706675398e-79,1.931122743533332487e-78,1.570673535784711424e-64,2.652764672030323043e-78,1.772329170918763885e-81,7.149744549125436596e-82,2.270854737949389743e-80,5.287129149674355097e-82,5.004131515922955044e-80,4.926819085034752859e-79,3.358927004853777839e-79,4.666671308222372867e-81,2.077300300932856385e-65,4.160989913487267228e-81,2.795920596811287168e-80,7.458085473159501946e-78,5.016090840699265351e-63,3.576000745780588789e-82,2.357461262438375313e-81,8.045280418552159979e-79,1.275510528411608018e-82,1.387494989870009488e-66,3.572390274539743267e-68,2.071696235126681784e-78,6.731926309972150688e-69,1.347851437161075990e-81,3.431801817948319853e-80,5.884848313369636916e-62,1.210155378823641255e-64,1.281492156680198868e-65,1.607669662325485724e-76,1.338070326888391838e-61,2.654974470586332356e-77,1.576334757341237524e-65,6.908456462957926961e-65,1.252147550427493948e-61,2.000764267592947664e-77,6.240558292557096536e-69,5.240461498844406745e-65,6.155495936563546223e-63,1.036263003132797861e-65,8.268577992715843035e-77,8.241061001183018105e-82,1.151612247529863059e-80,5.761635686447521347e-80,2.423803892987345189e-65,6.350349893305007644e-68,2.143892901297938080e-81,7.224573268702789732e-83,1.416683947696533172e-68,2.502704888219415729e-61,2.591760305434387996e-81,1.095483080696571293e-66,3.538174298610678533e-77,3.853835736048872041e-78,4.206943564350225916e-83,4.291996724282645724e-81,7.537984906510150095e-81,4.000000003460272846e-01,1.021587660138391045e-64,1.932201759979629426e-79,7.157818888030797763e-67,5.083228015707578798e-65,3.283525989639067371e-66,2.770040379049511647e-77,1.516932708728851144e-81,3.885963187825664785e-82,2.731795052186740166e-81,1.052329468299889719e-82,2.109066720991432400e-65,9.682665900937345974e-82,3.949707604185676597e-82,3.921712590631346848e-60,1.353564855380996778e-82,1.623392678639743983e-75,1.310996764799640191e-65,2.433737474891822480e-64,1.341682712336501548e-81,4.816609799787945797e-82,1.063925602206589013e-65,7.931774048581531168e-66,2.935102948605766287e-69,7.296412285795809084e-82,1.293133949074221674e-79,2.425859612003501428e-80,4.490728213212471634e-81,1.041241151922563650e-62,2.660114661526518155e-82,8.758762422090683563e-65,2.050820783155102795e-81,9.465516490505605480e-66,2.618496699274755434e-79,5.006312555170396807e-78,4.597548353709579518e-79,1.165456124627050601e-64,5.462044314735566698e-80,2.083431942027199329e-74,8.695292809654918482e-79,2.806243884990310751e-78,1.733985084719161227e-62,1.549916990399424579e-65,1.070839805959042919e-76,6.101734926190778375e-78,3.471824996238952282e-79,4.742593459494396283e-64,7.007193846967820915e-82,1.742467738981512126e-64,8.779733967821691978e-68,1.108682340776680732e-64,1.848069191646946273e-78,1.069291955460667746e-81,2.171601947514277919e-79,1.844280295619310105e-65,8.536874637205498471e-62,2.455746259553881135e-69,3.555781743411504497e-64,6.476792924017201596e-62,2.164997875650572080e-68,6.037666832252771630e-63,1.018803047997765588e-60,3.378476835304982257e-68,1.264660298936643860e-65,2.854463570653383025e-63,1.134524404801655733e-75,2.163653595376013936e-66,4.287376955404007944e-64,7.890503648163000790e-65,2.005933085259423157e-66,4.829620790829597671e-81,3.999999987556818182e-01,2.237009595569200171e-77,7.372543209090894892e-82,3.374086793508238430e-82,3.592049302713097055e-62,2.705387025377793459e-68,1.047833177153543174e-82,8.351537289731100235e-62,4.195223980484291229e-77,2.951585094103080688e-78,1.305029201635757096e-81,2.035778870005521575e-82,7.142160943251146137e-63,2.572891632447065932e-80,1.955680840295640910e-63,3.853561916882028459e-77,3.451289029732658334e-66,5.995863988515094569e-82,5.616718877145159678e-63,2.666073861251189464e-78,7.660695735400914151e-68,1.009989439076086339e-78,1.197736675014674057e-81,6.592266830532690291e-63,3.203138259216481996e-79,2.446353406773678725e-65,6.093198093696560235e-68,1.848780077328556157e-80,9.333545327963010051e-65,4.475277800855018557e-81,1.376588911956201547e-80,7.629113724105223687e-63,1.555936642131912926e-76,2.390314770158484379e-82,9.260406189901238241e-79,9.958191238287239489e-77,0.000000000000000000e+00,1.815444453901430386e-64,2.055320561149752588e-62,6.820636437784975029e-64,1.336754771918259585e-81,2.214439909260404196e-79,1.698002593967000198e-77,5.485758379243874677e-64,8.455911846606183883e-81,3.033837183340031720e-81,6.942426296864615788e-66,5.725047710567945203e-79,6.242674545550765800e-62,3.480093791315465595e-63,9.705206033873332265e-68,1.792452251959129119e-81,2.294774384842043796e-63,3.397849058432956839e-63,1.307272625772742857e-65,5.216684153608763719e-80,2.509188703928215455e-68,1.342265017127840190e-66,6.981501036505867431e-77,7.920084542306690993e-67,8.760379787130202162e-77,3.428005548544014075e-76,1.400869535422734005e-68,2.534983180892931600e-68,2.663813435685746857e-78,1.520121385535666266e-68,7.667905114636985083e-81,8.690877626371555899e-65,2.917293308950137733e-79,1.618689195730040234e-67,1.361491276374440430e-65,8.010676473065116366e-80,6.229563705711751183e-81,9.709131562316024197e-66,1.201776340865518712e-63,4.396521922931704480e-64,1.180366704691356444e-64,3.846984651884028897e-81,3.085901790567010594e-81,1.901913795623781467e-65,7.518542688302797626e-67,1.619672930437932982e-63,5.785000396391661839e-65,5.140969432007485323e-76,1.150556114288682129e-81,3.800706763115750019e-78,5.733749791657832756e-66,9.718060308931436658e-83,1.455848971623437430e-82,3.698932889451089985e-65,1.510782960607314839e-68,1.471149816772029609e-65,2.382909776010675519e-68,9.952888918588068530e-66,7.033362828395417049e-65,3.672994942612768342e-64,1.571011174493771433e-81,6.622343767564866660e-64,4.353626321627308180e-83,1.065292511070215694e-78,3.506904643277583263e-80,1.711034823291898833e-68,2.527859841094562884e-78,4.475085101584007513e-65,1.037597149710088537e-80,2.238408481637881363e-68,3.100528309078199155e-77,2.076140134405751132e-65,4.660032074960817980e-67,2.609636768854506378e-63,4.396799962745858247e-78,4.173268497977855978e-64,4.578330672052967570e-77,4.432931802607545270e-60,5.845176903635536565e-83,1.207959225456782001e-64,5.682532375316731148e-62,5.681548902946091737e-77,1.975641046336410884e-64,7.536702978408695923e-78,6.419329435177799907e-79,3.106482476534852266e-80,2.838841750341546512e-74,2.454928657149260699e-76,4.118730773238947657e-63
1.020382362364100297e-65,1.779344654834074599e-64,6.276332803123308955e-67,1.175632687374125778e-63,7.978008340569193280e-50,2.042742136461949622e-64,1.641532031550053821e-67,5.447716185482997319e-68,2.640498895225012760e-66,4.257866837127111867e-68,9.340236650192086380e-66,3.095904397151947951e-66,2.665196611207972483e-66,7.669238941391005122e-67,1.410942699171753554e-52,6.067768742799744692e-68,5.679708925305365829e-66,1.119685067072496851e-62,6.895579881401111945e-51,2.396856584956234420e-68,2.640007166201676181e-67,5.757479703861195935e-64,7.642399431704119899e-69,1.427223902276791623e-53,3.831432868553678939e-54,1.245517037578569171e-64,8.318294748535188691e-55,1.403380142661659496e-67,2.920871804705242010e-67,6.843577995519483081e-51,7.791274480266281100e-50,2.243163060058637703e-53,7.281859774002163338e-65,3.229324457755029995e-50,3.336759596398773905e-61,1.462291888158477255e-52,3.646020354255575822e-50,8.655393203397312097e-51,1.036874098355273304e-65,8.083063142872902821e-55,1.157659532097700553e-42,1.667382391887928294e-50,4.325192268742422024e-53,1.513129739354977201e-65,8.393042001592058863e-68,1.583392969392185365e-66,3.316496639296040807e-67,3.787604007752893420e-53,4.993894001988607456e-54,2.446774098936887468e-68,5.569931438090931530e-69,1.114396795470235360e-54,3.400063285199336851e-50,1.616057783899335275e-67,7.545204978033986846e-53,1.753765613799976854e-63,1.836043780942442884e-62,2.800828415629352963e-69,3.926432790499614370e-68,1.040952671450443145e-66,1.453619909309600350e-64,5.641884899241173548e-52,9.242612392769610691e-67,6.952599734239730407e-54,8.380169778513147566e-51,4.470063861406742244e-52,9.056433958950724641e-66,1.945754007622712412e-67,3.551892101113468129e-68,2.173720013707533173e-67,7.940309866967968740e-69,1.670578490283510634e-52,7.466302283565468511e-68,2.957010726207557925e-68,2.197438989944166830e-50,1.082415908907872738e-68,6.417401646692695580e-59,5.372149625047035168e-53,9.410652463150253907e-35,1.634530825072592636e-67,4.589484550890833700e-68,8.571415220764309080e-53,6.541242492923554290e-52,3.127385527936622064e-55,6.768547476845235481e-68,3.822779353123456983e-65,3.247754130133986953e-66,3.908073712267845874e-68,1.816874560094701866e-50,1.546313014162336522e-68,5.969227614588459407e-52,1.740224473733331406e-67,2.950886290094670424e-42,1.035069332918941664e-66,1.656185804422948626e-62,6.390992036520966935e-64,3.269897521673315902e-52,1.661775567628408145e-65,1.314209264502981135e-64,2.689832259707056660e-66,3.091763213125448424e-63,5.417345315723484777e-48,1.232678432102679670e-52,2.023443127394074421e-65,1.298748848404973845e-62,1.620715255144314622e-66,6.628041342291419417e-47,5.402692620092805817e-68,1.349256502796301926e-51,8.472058336433162430e-54,5.269397882331108952e-52,8.775778040674621290e-63,9.053115619223134100e-68,1.291311109365926969e-66,2.056448037443090617e-53,6.705145413030062809e-49,2.563347737952352966e-55,1.908503693457022181e-48,1.453799727739216774e-50,1.824549077531502716e-54,3.084310446455210716e-52,4.347443293237746984e-49,2.625597692850394062e-54,1.182180226847398630e-51,9.008975436804990055e-48,6.145851668493371679e-64,1.631683086622447605e-53,4.804761534354830452e-47,5.687105064259737679e-52,2.667308507100707303e-53,5.759203546223588005e-67,8.211085028257123719e-64,1.065629444346513124e-60,6.010691154953101432e-68,3.288267751242339436e-68,3.867796548092541915e-48,2.032315843297727402e-54,8.060671547000399541e-69,5.184895190034232290e-51,2.764341943400922076e-65,2.024744292568701698e-64,1.945799331010032215e-68,1.356607788329840711e-68,4.331295244145032291e-51,3.520655900562996708e-66,5.781726312582617467e-51,1.385461568139225399e-61,6.020970031890026450e-52,6.565544818105670304e-68,5.361038717575191790e-51,1.522039217536478688e-65,1.033840530019476424e-53,3.995569533788003327e-66,1.496340642790893270e-68,2.801253966128615550e-52,1.282644985010767661e-66,1.730413912214719249e-52,4.408769319748527111e-54,1.828371077357528807e-67,7.211811635232140802e-52,7.480445051059698633e-67,8.236122342655927058e-68,1.331374363682160805e-52,1.834074387006907724e-65,1.622519945665450271e-68,4.756316368047701258e-66,1.602127797306490928e-63,1.815444453901430386e-64,0.000000000000000000e+00,4.661564472791280054e-52,1.617057480259946802e-46,1.680890061635852996e-67,1.119109508432322765e-66,4.066882637542581041e-61,1.943968059601880345e-48,1.020156628973133351e-66,2.573078383858461521e-67,9.172472920698829384e-53,8.121399361855302854e-64,5.315198904937055727e-48,5.724509571301539587e-51,1.031194342647824556e-53,1.876598057332862333e-67,9.301536496253543217e-51,7.292957480994781168e-51,1.130843106654335023e-52,4.715444845787603077e-67,2.138044762006031167e-54,1.380128181427655707e-53,4.142445016848522451e-65,7.322034017203182485e-53,3.600550908410642516e-65,6.523437228548048774e-65,1.482771869133356912e-54,1.685925753051845953e-54,2.111099706919964819e-64,1.287263456177460644e-54,1.184884870620408435e-66,4.592361000129048085e-50,1.147332143938995968e-66,2.111100693604935136e-53,1.386442584629493235e-52,2.503709852146848298e-65,6.377278003729953134e-67,4.900537621009732507e-42,2.820970767422281175e-51,1.895841704738841504e-47,9.431872442031456066e-52,3.887718894449840867e-67,3.096896987933991090e-67,1.930466226030554075e-52,8.097288232650607636e-54,3.872705215677181917e-48,2.008133828283999221e-52,1.074693405748704369e-64,1.931250814107736352e-67,1.097138025863148856e-63,1.418360697744320446e-51,6.052560205015173120e-69,1.104929259330755858e-68,2.741115604226198780e-52,1.886769362961726045e-54,1.290252251655632018e-52,1.690866706469578506e-54,9.368874093999858310e-53,4.808514769648943101e-53,1.278345101497329989e-51,2.237934578023508819e-67,2.034632438520026817e-51,3.233020018656743073e-69,7.617954997621836372e-64,6.749234411801353036e-66,1.161728544696162539e-54,1.258552644349589804e-62,3.552759781832222309e-42,8.444815974794060755e-68,1.774740934667635217e-54,1.105514202044945709e-61,1.610231695300735553e-52,6.311847049217319568e-53,1.361681591120369191e-50,8.394067939820924104e-66,8.455954634823502211e-49,5.728241703704143790e-63,2.505956309882248687e-50,3.895399469815893411e-69,1.145480942127519417e-51,1.948348923553971691e-48,1.612725097712791636e-62,6.373562006599567335e-49,1.023979434102195323e-65,3.788295631316113879e-66,3.272882356803262457e-66,1.184934051229392005e-64,2.257254127544037258e-59,4.722289415646231156e-51
3.206290067068952454e-64,1.066173800847518304e-62,2.396560773855761958e-66,4.891220032514481830e-66,7.094268562851754578e-52,1.873565337168756519e-65,1.062793512759683912e-68,5.584750675556578284e-69,1.264069678526745301e-67,3.839761886117798152e-69,3.662198820262714858e-67,9.891638705378528763e-66,6.570657903416439618e-66,3.134960659922019199e-68,4.727014296616358493e-52,6.148674199617268327e-68,1.457948253741080884e-67,3.454576489295185680e-65,2.918916349949183205e-49,2.518186579391214179e-69,1.487861824509291382e-68,5.608328018619046803e-66,8.466209366893521001e-70,2.208221775790196482e-53,2.393994734708622825e-55,1.460781046545800080e-65,4.930486893824927829e-56,8.297693249707347150e-69,6.128597592093526929e-67,2.170914035369307880e-48,6.913102072209309676e-52,6.639594674327132741e-52,1.909421349049209139e-62,2.278291481831981709e-47,7.042110661535955522e-65,3.084863896605512403e-52,3.428371300467134965e-52,7.226197031484768688e-49,2.050973550696474588e-63,4.837772165579935421e-56,1.767651566903846032e-52,2.313361237694901150e-49,2.504057836156337350e-52,7.083131900228682382e-64,5.481957391611717254e-69,7.905473050997277262e-68,8.293986051160464907e-67,1.801538530854697132e-51,4.333828964049289875e-55,3.598076228739535093e-68,4.854753983159411652e-70,9.548365235971000899e-56,6.969433136846490037e-47,1.761742677306856810e-68,7.042516912493457371e-54,4.703384834628721139e-65,1.711921860037213972e-65,3.121323447648817248e-70,7.392096398922652511e-68,4.916620817237831876e-68,1.152530354066764062e-62,2.049356919403505187e-51,3.061579642804889367e-66,1.069741801739579154e-53,3.735788044444832197e-52,2.138521293661265149e-53,2.539082444551476888e-63,1.179595401459305308e-68,2.541587333294976575e-69,1.725299187630269738e-68,7.006056826251992252e-70,4.245254394552546010e-52,6.474695809508405373e-69,2.728842683677911015e-69,4.833590213028651988e-48,9.704694040324566247e-70,7.037488087770891254e-63,3.208581495324717734e-52,5.907774624614329696e-52,9.403275127484639540e-69,3.665367240878385908e-69,1.828969757777544359e-52,5.138768119223072127e-53,1.979968281480163083e-56,4.865975006172250985e-69,9.717232862668480705e-67,1.498252393376723263e-67,6.681344271708385376e-68,3.995456117918460042e-49,1.861842785846448020e-69,1.504910312914874307e-51,1.313787390080773473e-68,2.682877002285517984e-53,6.610791789112777470e-66,2.449263729264807474e-65,1.852031184179869269e-66,4.341667688443121655e-51,2.545639577636015898e-67,1.449893777889131743e-62,1.971407566450539107e-65,1.665599235096663921e-65,2.433983287462860160e-50,3.166696034265533570e-52,1.348453573199570305e-63,3.141598427310544074e-65,7.290756567437772891e-66,1.806989860071340156e-51,4.876882027159329193e-69,2.860354729485754318e-51,6.214712338356960602e-55,2.226945537158616122e-51,8.667908102497948809e-66,7.090422157618921503e-69,4.852221195906782374e-66,1.045075450259607372e-51,8.765332430588963350e-50,1.577990923698424072e-56,1.175181943516390222e-51,1.374168843190444087e-48,1.594966671378368070e-55,1.548426022562138061e-32,6.763395546584350927e-49,2.505329899786916829e-55,9.920644988151103826e-53,7.565779997726711544e-51,1.511010729771987639e-61,3.348274176103407392e-53,1.650129561207063527e-51,1.554497736001497661e-51,3.126348326254656219e-53,2.827983658192945973e-68,1.051173340890481016e-62,5.219457966761311911e-65,5.513506070379564917e-69,2.462665375664708916e-69,5.106990302360219577e-50,2.057229412495064974e-55,7.883320885933188300e-70,9.359531322400498820e-49,4.289126298045342310e-63,2.020195638282747104e-65,1.799012963397480745e-68,1.409868039839019977e-69,6.525547554971916098e-49,1.659885678055055750e-67,8.184355046761192528e-50,8.442496667509601776e-65,2.682161485726401724e-53,4.199661752726387536e-69,9.019657996279756795e-49,5.985604422976366177e-65,5.122014304676856632e-55,3.611836490149776784e-65,1.689587615484312680e-68,1.244832146691570609e-38,7.890039701081149220e-66,5.255351673071691945e-52,4.323778277151920481e-55,3.034019256158463823e-67,1.484379815828764055e-51,2.805159525857599591e-68,2.064108652290257578e-67,1.246120399362371671e-38,1.812655899792081690e-63,1.535257831143350689e-69,3.339077397787970812e-65,1.207352724584847525e-64,2.055320561149752588e-62,4.661564472791280054e-52,0.000000000000000000e+00,1.979647371700910284e-51,8.697449316327739316e-69,5.168673184685776209e-66,3.947837974601604948e-65,2.469937846600961047e-51,5.747467475311589180e-68,1.986523093779410757e-68,1.242418656473153115e-52,1.889576498903501160e-66,1.031219071871604981e-49,1.968256675181558196e-49,6.482706555862540960e-55,1.034474555111174457e-68,6.200765587233486390e-50,1.363674328042036116e-49,2.356354164922526599e-52,8.279256971472174053e-67,1.888943023222038527e-55,2.123673286241139295e-53,9.163865390905452574e-63,5.141502095696709430e-54,1.248569111568381660e-62,1.394675496825100351e-61,1.002806301178572414e-55,1.736988115679273342e-55,1.767162158086737837e-65,1.084511681706893439e-55,4.456984192855490013e-68,3.996450842117025894e-52,6.200382022880293303e-66,9.903956916609619821e-55,2.508384083241846776e-52,5.920369288645123443e-67,3.962353585110994821e-68,2.860337872737730379e-53,4.781850303096354766e-50,1.847612866661590714e-51,2.789075915138616182e-51,2.391233540796459860e-68,2.065730459225711729e-68,3.636094194818221504e-52,9.686829927374818513e-54,4.651450584850128348e-51,2.475123521378060592e-51,3.535464696954483040e-61,8.376306546373650433e-69,7.680002668980177551e-66,3.925141248342001682e-53,6.835141440812385167e-70,1.024785847700062823e-69,6.764208367268279398e-52,1.079600876840667493e-55,3.021383349732784894e-52,1.628661264964711169e-55,1.730458329177871816e-52,4.321702913414456851e-51,1.425523228946702199e-50,1.102045014127643942e-68,2.940412308115345905e-50,2.951523939779311087e-70,7.058811579683514230e-66,1.643139587290506172e-67,1.304366556099546097e-55,1.153649178200148223e-65,1.405564311008097926e-52,1.593670659787025633e-67,1.763414054195979315e-55,5.748140279958454270e-65,3.456602493168547710e-52,3.311891128027657423e-54,7.353922438979944924e-50,1.831561147043318726e-64,1.530958458781012274e-51,6.554520515038963125e-65,1.440506791021782454e-47,4.101855408924749869e-70,2.231322067648758309e-51,7.470706463842313561e-50,8.743576443319422153e-65,5.972302905171770588e-52,3.278739007526573057e-64,2.566115660316192020e-65,2.251515335577950097e-67,8.650190704625405387e-63,5.027611088286166527e-64,3.113894347754312507e-49
2.350435717849568175e-65,4.086552733267981582e-64,3.026788034392431641e-66,4.871931179697636365e-63,1.985854435724013954e-48,1.282631960148110059e-63,1.203580222758021434e-66,5.144649559039054688e-67,2.930620172281476196e-65,3.175690244462643751e-67,1.494442357047678001e-64,1.069117338227184098e-65,9.431414446707464808e-66,4.114465624352377328e-66,6.185363321486875482e-52,2.263383688008523577e-67,5.724269972326942209e-65,3.152945450689836516e-61,1.389965823919465480e-50,2.188843022253330002e-67,1.791779642907653193e-66,6.866587159250491066e-63,6.589821188795680878e-68,8.036049565777006407e-53,3.311559016717205991e-53,1.011280494730632930e-63,6.251934237215422462e-54,8.468721976494700393e-67,1.168083644996908426e-66,2.076823119574279112e-50,1.464705818094682214e-48,6.256213744149586683e-53,2.154788943050028054e-64,8.641955429153930292e-50,2.137528926866382447e-61,5.575138191779174499e-52,4.946665101620394680e-49,3.258575520965790375e-50,3.196191634959592523e-65,6.536734186081861935e-54,1.000190167475940837e-46,7.261836170476125523e-50,2.307788344545947882e-52,4.243718239587881181e-65,5.154648592252550777e-67,1.394808431543117163e-65,1.706395685262040980e-66,1.095487032602329779e-52,3.448278408045599531e-53,1.205966889990407596e-67,3.715748147896194151e-68,8.271373709722616843e-54,1.107998078982985770e-49,1.218494237253332863e-66,6.280460764921016625e-52,3.723797322570877656e-63,3.313397884186285474e-61,2.041581148800829300e-68,2.508875740031672948e-67,7.550890065069090401e-66,6.033054504376078092e-64,2.266924524750745604e-51,3.716358390477468932e-66,2.508792595096772081e-53,9.705012074329088812e-50,2.979016168444991443e-51,3.145213155544937224e-65,1.309335739315123761e-66,2.583369257853504136e-67,2.081751967334309352e-66,5.011467329366187707e-68,7.201725500393607049e-52,6.393143413606065030e-67,2.292500790178795866e-67,6.132196305605694113e-50,7.051231945245342182e-68,1.814819117253065268e-58,2.770581265823474049e-52,1.629954960840577033e-46,1.109791988139461891e-66,3.865897989804038082e-67,3.660242197715196313e-52,6.366599836659968297e-51,1.955390956442421351e-54,5.096154002812866770e-67,3.662386185491936764e-64,2.931374731522295607e-65,2.085344027962356660e-67,8.787294999272335426e-50,1.342180870135258705e-67,2.716700048174199189e-51,1.541610747144078120e-66,2.416538489223965143e-47,4.613998905029789705e-66,2.938666241454447445e-61,1.866536969255864905e-62,2.298836938655411906e-51,1.762412938423522311e-64,3.391549935663616376e-64,1.151515151988958859e-65,2.381047244956235971e-62,8.290121258583342204e-48,5.183443128802307700e-52,5.323143362777002994e-65,1.258402767636237074e-61,5.560225611500726842e-66,8.544985827159864943e-43,5.043415138644771683e-67,3.297386352135570951e-51,5.314877076737798652e-53,2.170224559740405135e-51,9.404993141384636473e-62,5.625586955848027345e-67,4.201936735930861394e-66,7.586239660926635631e-53,1.931176049924014330e-48,1.496183799056719096e-54,4.050907786326009149e-47,3.140813272134585552e-50,1.188630907736632176e-53,1.352150736954740886e-51,1.391892669182097965e-48,1.795274730691849858e-53,1.507290666342164112e-50,2.910179098439014344e-47,2.749936241850710271e-63,7.408358942362387031e-53,9.281251380467719730e-43,1.540400317152534611e-51,1.237077635136827212e-52,4.121273720856382079e-66,1.965781998850289829e-63,3.772245803789663192e-61,5.556175043025671350e-67,2.121198757932527029e-67,4.647441608712887736e-48,1.431651749363488180e-53,5.642213313987678983e-68,2.075772164696476419e-50,5.915412823655771563e-65,1.348065489176777402e-63,7.207376142727291728e-68,1.094742019817233302e-67,1.179511473567915046e-50,2.214599672450897812e-65,3.090930433198898363e-50,4.909962673709977187e-62,7.733282286876978114e-51,3.816643878488354094e-67,1.509347438990134565e-50,6.994145578335144773e-65,6.492283668494584404e-53,2.427384140084969241e-65,6.028932123562072230e-68,7.757113706839304037e-52,4.921357171284579965e-66,7.718023318424961428e-52,2.969209691462814583e-53,7.392656855335727709e-67,2.694255430644888891e-51,4.168282325212912480e-66,4.833527588994322965e-67,4.984429414992810697e-52,5.755942688621430357e-65,1.172805099633568866e-67,2.788743181060114164e-65,2.399027353046810528e-63,6.820636437784975029e-64,1.617057480259946802e-46,1.979647371700910284e-51,0.000000000000000000e+00,1.052891978523009312e-66,4.414280257854507943e-66,2.119312238283160801e-61,1.121882154072928546e-46,8.864468762396037201e-66,2.134868050689743291e-66,3.566195533646901522e-52,2.124098269743425045e-62,5.982067949348791521e-48,2.456637755831285384e-50,7.792840108150068662e-53,1.270763312173721175e-66,1.768050642832638702e-50,4.215052295682890855e-50,5.032244922682798409e-52,1.571401583956780392e-66,1.429647937280144273e-53,5.175909488042641055e-53,1.123671811329003386e-64,4.876539248829048847e-52,9.652641460138909051e-65,2.406099745362470519e-64,9.026659719458037832e-54,1.352824739477175354e-53,1.336131968198509073e-63,9.271518140390530299e-54,8.736572410899297041e-66,7.556357471107203882e-49,4.546094492288471710e-66,1.166461328242846205e-52,6.231119365232826833e-52,3.260519962849687273e-64,4.098158294165230356e-66,1.701213066855742098e-47,1.440351133829923737e-50,1.085592731642513536e-36,2.138148228168155589e-51,2.793599624717958861e-66,2.278773981977636536e-66,6.381594823402837330e-52,3.135066501845687209e-53,2.292737570761844107e-47,1.356761766738787358e-51,3.653248154766412168e-64,9.543432732443540603e-67,3.559062136389842030e-63,2.011679467602832177e-50,4.678790704576047600e-68,7.897369046999958561e-68,9.904224819932366137e-52,1.692901913998053305e-53,6.246817284652878454e-52,1.268341126076950182e-53,4.269580502687583869e-52,1.560209390550664007e-52,6.307495304004790233e-51,1.371882641882263979e-66,8.540668202364452826e-51,2.070035273348324384e-68,9.505936273013316521e-63,8.433291339062015472e-65,1.043076636009004754e-53,8.933976063986575028e-62,8.739014139395320955e-48,4.172737433077245495e-67,1.123461795402616233e-53,4.753013709443928157e-62,8.214704409563988646e-52,3.749131023716568974e-52,2.156408876490337658e-50,1.954274685808295196e-65,2.905553160009805047e-47,7.213878899790396780e-63,7.563380519329384811e-50,2.933708621639293887e-68,2.804674040077567505e-51,4.839980184985346790e-48,3.549175942370380057e-62,1.209174282789960280e-47,2.409789366327711384e-65,1.680471134706354219e-65,2.562421549378142619e-65,4.476988386859225485e-64,5.020756665022293139e-60,1.004112626134373409e-50
4.845150920731995064e-82,9.968897144269359814e-82,1.968792818537396386e-82,6.494128236524488938e-81,1.610119962133359205e-65,6.669378294944909766e-77,4.663918358740883874e-78,1.063203840964943433e-77,7.346966589024214631e-79,2.822810129328176606e-79,9.172379506415760259e-81,7.346397653055273967e-82,7.813588998988140914e-82,1.724751175825124743e-72,5.763117340327707104e-68,5.490889065144252748e-83,8.250255884302613182e-80,3.249760257550878165e-79,2.427018548924998876e-67,1.323701953712074701e-79,4.042896949584795605e-77,2.066461065998380308e-81,6.230252487893181275e-81,2.369151613920690715e-68,1.528283163282519492e-63,4.429265752543080814e-77,1.688112883322206319e-65,4.797569328408434151e-78,1.644792409647488666e-82,2.425652567564109314e-67,1.519041464018709016e-65,1.602639180176822045e-69,2.723495059196519861e-81,1.048917977974284000e-66,2.149304081276573948e-81,6.261649796217309279e-68,2.515458545813333641e-65,1.625673804076933931e-67,4.507374770839335585e-82,1.119324165802742335e-65,2.007821026227604629e-68,7.914368730915139202e-67,1.182390854942862806e-68,4.347832233883886828e-82,2.077021372220241994e-77,1.500890250277070258e-78,1.829304194326367516e-82,2.339896125954236169e-69,5.378714526473296086e-66,3.073820682343953245e-83,2.699680432964282983e-81,3.974769918759142978e-66,1.077003631104494616e-66,7.505678865456988814e-80,4.225448506620831294e-63,2.188826842571960317e-81,2.540312788391427826e-81,1.156637919424357357e-81,5.400329866549975145e-83,4.110367675589391958e-78,9.223299078394903921e-82,1.366141327845724410e-67,2.524980365890804727e-82,4.444135866930304117e-69,9.439782428608559495e-64,8.228335259094158234e-59,4.524242916764504300e-82,1.477449901271294329e-73,2.580060708753922526e-79,1.125683397012626587e-77,5.281646625208446722e-81,8.856036590585215943e-68,1.644103236110689154e-77,2.452590582002322371e-79,2.280341050414955393e-67,1.219481224278587368e-80,2.019837884628877613e-79,1.261338448997662770e-68,1.135323226406841492e-67,4.000000141327659242e-01,2.658866851195890569e-78,5.198813716902145469e-68,5.040174777778748749e-60,4.733515670224119334e-66,1.415517164349987314e-77,7.554428356900100547e-80,4.053421213688938265e-79,4.570672612337641838e-83,7.523387035396466540e-67,1.981404279172315492e-80,2.353511440390163806e-67,2.756443416054039430e-77,7.336854978208412338e-69,2.390189359825742350e-82,2.012105098398642728e-80,9.784536554506952630e-81,5.330941142101176760e-68,4.086385217380982583e-80,1.129981619793331299e-81,4.086378095200607438e-82,3.450536068244362984e-81,9.697933366945746281e-67,5.658528378020602827e-68,5.227543851533217949e-82,2.617928374773368587e-81,2.676785044101255706e-82,8.020123166103171229e-67,9.223029329979530092e-78,2.590467270570819430e-67,1.032490614852188306e-65,1.359132822372332449e-67,2.732027322667300035e-81,1.288320115030545500e-79,2.483284258689323453e-82,1.706306491792586197e-69,6.834182487590917833e-67,2.309420334083051492e-66,1.544641877553757545e-66,3.438427570437858877e-67,2.641281734596453263e-66,1.068887773690271742e-68,6.785641406048825139e-67,1.545323835446390270e-66,1.941588981556344351e-63,1.272895043194585121e-65,2.689956258262416448e-81,9.639347331547014386e-69,7.695893979878062907e-67,1.052719073282813231e-67,3.810251714467780864e-68,9.928746213667910344e-78,1.779497726811390548e-81,3.248336423712311642e-81,4.939603746426528745e-78,1.688378670317863994e-79,8.208695472416408013e-67,1.554533923355200994e-66,4.097184995268421200e-81,1.347625465735410930e-67,6.468694758170202928e-82,7.154455016863940916e-77,2.155458954465489223e-83,1.605141568834253222e-80,1.148421357975645596e-67,1.763372673375410664e-75,9.112314661434908774e-67,2.083744587326328786e-81,1.353079903969214678e-65,5.844404078232730321e-79,2.017709610845700722e-67,5.003548475486456200e-81,9.724187055213241074e-62,4.366738371459887680e-82,1.944368554922117944e-83,4.105371509457706550e-69,2.584650006678716392e-82,8.084822114840620311e-68,3.844131780522336164e-66,1.325384454136388037e-82,2.469620533234688792e-67,1.022043163175046050e-77,6.173479008815606236e-83,3.235461557930647231e-69,5.320963224282092292e-82,2.737804177952909217e-80,4.928874187446645160e-82,1.636528094134931291e-81,1.336754771918259585e-81,1.680890061635852996e-67,8.697449316327739316e-69,1.052891978523009312e-66,0.000000000000000000e+00,2.567304096812222995e-82,1.846964261870541265e-81,6.806106909385339782e-66,1.350120035400740978e-78,3.086259753859238001e-77,7.131494368999276693e-68,1.199091413495629681e-80,7.793261820389562181e-67,6.236746205874801537e-67,8.541348846663434735e-62,8.071512373520459700e-78,8.402717987266160411e-67,8.819839708694587784e-67,7.740608666037860865e-68,1.898770582653526570e-82,3.848144992634580167e-66,7.094312816593761238e-69,1.215184106754722509e-81,4.359681446661746238e-63,7.663808524315078046e-82,8.368274622342916762e-82,5.781832170084476899e-66,2.611120847468009924e-66,6.784263510159898681e-77,4.205892539948745032e-66,1.712419362677279336e-78,1.572180175903743724e-65,2.096134499014883349e-82,4.105721302581069429e-61,9.052264799271771670e-68,8.883767836516228962e-81,1.707858558959388722e-76,5.949271260671926447e-69,3.396428958235977584e-67,1.688752743399019581e-66,1.281727711971052242e-67,2.789713107755054705e-76,8.598956734218310446e-77,7.064537918260344501e-68,4.801826273052460150e-69,1.977471996123405761e-65,4.825050789667056947e-68,1.572083563142521086e-81,4.588430415305657226e-77,3.137359590769650866e-81,2.681443578371540272e-66,4.030549937697053449e-81,1.387185533026176845e-80,1.003504721843396611e-67,1.864194264409065281e-65,9.542734700115879635e-68,2.948911241228427547e-66,7.301436439422950690e-68,2.979947454792506262e-69,1.270356586729628441e-67,1.314495922215473274e-73,1.527227160053639749e-67,1.187622364787142816e-81,1.851996506340195199e-81,5.616662842596377912e-80,5.170675317332726442e-66,2.867123482590042536e-81,1.085038889430501459e-68,6.158794192058508747e-83,1.047387945147971551e-66,2.246433337018977220e-81,1.283800869363329725e-67,8.260813861020880031e-60,9.086487281506418886e-67,3.976545976879814590e-82,3.652219191477195052e-66,2.241477420518977937e-81,2.872634047309398325e-67,2.245367476639515957e-81,2.562040843266913207e-67,6.463511861298028770e-67,1.601542196521239860e-80,1.802755185263184452e-66,4.830575651653342867e-82,4.609960265565485332e-82,3.999999930205519472e-01,1.005119316033334672e-81,7.760027915648513874e-80,1.380467456209314523e-67
1.617393415884144522e-78,1.212876146764747178e-79,2.371590863040880692e-76,1.016771884787864417e-80,3.918293633000111199e-66,6.624907529831174214e-79,2.262022763915381656e-82,1.309007691778651055e-82,1.767725632731612363e-81,1.124268494314372147e-82,3.610587927740691167e-81,3.449357391099308276e-74,2.664996229922981410e-75,9.143571211998991877e-82,2.554663835661359369e-62,6.553858523859927084e-80,1.616461189496831891e-81,2.038590656820415631e-79,3.139222164684866138e-64,6.830693071540346864e-83,3.301192279517107413e-82,2.471909819517064496e-80,2.830901386983290196e-83,1.332812516953749835e-65,5.843573466032031150e-69,4.877935034458490243e-79,1.058324658756740728e-69,1.768419819426581273e-82,3.675636748043378990e-78,2.185992782083226669e-64,4.251917634945071954e-66,2.145601809520430271e-65,5.028743519791483213e-78,1.067085356805501981e-63,4.981639734650566613e-80,6.381406431708955343e-63,2.971330891145384764e-66,4.167790116237538898e-65,1.127987150270649726e-78,1.016076514739105624e-69,3.052039428296887010e-67,9.043613176673828376e-64,2.560822100715634212e-56,1.209004168423425150e-79,1.555892907618036541e-82,1.249274404892547302e-81,3.166527629109690575e-78,1.771894636439183865e-65,1.475606448184215598e-68,2.747985825050652963e-80,1.742624150168843154e-83,2.963846274675681446e-69,9.726848406650740343e-64,6.335365320209312835e-82,1.375242737694440651e-67,3.273935907206640612e-80,3.134536063548843280e-80,9.999370505693540078e-84,7.566218855028982875e-80,9.456313187836518560e-82,1.385487167430949513e-79,1.305837310840594590e-60,4.789382954091253880e-76,4.278895407428554049e-65,5.968130551443965843e-66,5.642920243241134875e-67,1.309780145176888373e-78,3.349558540881967019e-82,7.711924128176709680e-83,3.402178879287263753e-82,2.419152484399991246e-83,2.743899757116857841e-63,1.538035208615909445e-82,6.840181357966276770e-83,4.018184368923845206e-65,2.771317824772754812e-83,7.984431624163710031e-78,2.632433827473124839e-56,8.479044955131484393e-67,2.865283707578283636e-82,1.206431841593250268e-82,9.508369953403969208e-64,1.140455235808113995e-66,5.672176913141374776e-70,1.206920714344803997e-82,1.447614187987283874e-80,1.602100353574903666e-81,5.597475204589227784e-80,9.225670828859912646e-64,5.447896913315527038e-83,2.471568755099023702e-62,2.941127656639661386e-82,5.312000869661403822e-68,4.000000189160924369e-01,1.031211360286663623e-79,6.976722112972929288e-81,2.269244060766751601e-64,2.319454761858013677e-81,1.422395568969201117e-79,6.077178366039825108e-75,6.454292013338493981e-80,1.615351938868107984e-65,8.319429576972788700e-63,2.008733017609741471e-79,7.005881143623329820e-80,3.676142319514477020e-75,4.579008704670317080e-66,1.201688087983822552e-82,2.271318297661908000e-61,2.573568282694525806e-68,1.990455519543799689e-60,2.850413253948756527e-80,2.215971415845339310e-82,3.651296601920237313e-75,3.452899583408690667e-65,2.282915267761267958e-65,4.702182793222583757e-70,2.888838422682500673e-66,1.006440643160952369e-64,4.854384659578149183e-69,1.246189147738179038e-65,5.257200654126057317e-65,9.012990544164017024e-69,1.833471144295431494e-66,2.373951033845255438e-65,5.938324996557072603e-79,1.458953090856412878e-64,3.812296077522591948e-66,1.096572503328024504e-60,2.176698167423553138e-65,5.955153468132911270e-82,2.147286610114494534e-79,5.197767759367600124e-80,1.767587128988874547e-82,7.552985810084738162e-83,2.460426513047779523e-65,6.453216083928252622e-69,3.110375271161867894e-83,6.682553901613453235e-65,3.452096985544302220e-79,7.185291299176222574e-79,1.595640534797563387e-80,4.294483704620946076e-83,1.134006362369365113e-64,3.968452935834252234e-81,1.472931309219681844e-62,6.600155544296353753e-80,4.291366064302866247e-67,1.292805629506798369e-82,4.046588621192125301e-64,3.999999904481804092e-01,1.500449891893911914e-68,5.990625048286824210e-79,1.169102835800044737e-80,1.517484642213153273e-66,6.252002256199992726e-75,2.057521827405614022e-62,1.343061387495460652e-68,8.885777046682586483e-79,1.663476687664649234e-62,5.818943868283869721e-82,5.595365999122648643e-79,2.386442341595283417e-66,2.496021656538913744e-79,4.160514742424622805e-83,5.136765445702574590e-79,4.644768652101920702e-80,2.214439909260404196e-79,1.119109508432322765e-66,5.168673184685776209e-66,4.414280257854507943e-66,2.567304096812222995e-82,0.000000000000000000e+00,3.350431692790351826e-80,9.981802378205217377e-66,8.249331204913867944e-82,6.482566860007671497e-82,5.068405143539423245e-64,7.487257122982584689e-81,3.754735487090418671e-65,3.843622574948722653e-62,1.661425693806625654e-68,2.336118263282060143e-82,9.019710799369999917e-63,3.464724050821248203e-63,7.852931720716913807e-64,6.734404058647315756e-78,5.826875677700377140e-69,8.400842937326306896e-65,1.244225288799948321e-78,1.282296038967921553e-67,4.668782123454364933e-79,3.810546001133318681e-79,3.456600773442134636e-69,5.170079845929378623e-69,6.680929604083512992e-79,3.506644264836338074e-69,9.660041536270124342e-82,2.867713067297443444e-66,5.093154989360040895e-75,3.177632902127671830e-68,1.441816521906589899e-63,5.177375774295950466e-81,1.097970220606128891e-81,3.894837462483645287e-68,3.398887403851080212e-63,4.842808489239147470e-66,6.931698623059328129e-61,6.182604767417246722e-82,5.420580022297298591e-82,1.265403541648857556e-62,2.730960740303605076e-65,1.650460380624041796e-65,3.292425653083236744e-64,7.601327162688762245e-79,3.046466362851326207e-82,1.155447357922667016e-80,3.707670258771036231e-67,1.970873598070194385e-83,3.091681530039755102e-83,4.446269884941455258e-62,2.461535788119919003e-69,1.384815529165125303e-63,5.051590597043139942e-69,7.128345241740082650e-64,2.036637721466075419e-65,4.677678525821763670e-64,3.075802184382300222e-82,6.869596534861164112e-64,1.046150507899451073e-83,2.752105409630713409e-80,1.853486964237227529e-81,3.720464163690016549e-69,4.040370635969212961e-80,1.719246022733718986e-67,4.896068397706950524e-79,5.891473795981304617e-69,4.795588426689404445e-80,1.245401550483062457e-63,8.934347274726112045e-68,5.544782091042246502e-63,1.982488548651131559e-78,4.901248171574974700e-66,4.487961937145065959e-80,7.039411774683042148e-65,1.441739872275445496e-83,4.494495795733958970e-61,2.350174733687440404e-65,1.078959450660554634e-79,2.277193353628218009e-66,1.406739423737436441e-78,9.721077994361327527e-79,5.700160983427429970e-81,1.126426255952686934e-79,7.272623020859714897e-79,1.418898178492139386e-64
2.547555107762966705e-79,9.073488711459706685e-78,2.260616004358645524e-80,1.295165248996791118e-77,8.302048277807294933e-64,2.846097908887323918e-78,2.184798292650448238e-81,9.383522592948733388e-82,3.806363114660258146e-80,6.434768504212415225e-82,1.673608322214127944e-79,8.213180791150540575e-80,6.674605199301228519e-80,6.619038338010188746e-81,4.594258539235255586e-66,1.306242753364907422e-81,6.732835823038699862e-80,7.408522700856219616e-77,1.676785020650215258e-64,4.292180185403376286e-82,3.315377836318210201e-81,9.967274517982309241e-78,1.252144131293385008e-82,4.730918942371343342e-67,5.095500617914749715e-68,2.082713105747417710e-78,1.033693160874216646e-68,1.589146564227063722e-81,8.402091650233579759e-81,3.146681546817232865e-64,7.708195397162606633e-64,6.925498347437159174e-67,2.997535447401488974e-78,1.163300338876498658e-63,4.000000017071698721e-01,3.912817897962739175e-66,2.996875723453016365e-64,5.263609611678728644e-64,4.309091295385502029e-79,1.031067125900634937e-68,4.952642072986605553e-62,7.983053266124654701e-64,1.806221566872796645e-66,6.212630769156564551e-79,1.021749679907129290e-81,2.287042306630552222e-80,1.121997615189483153e-80,1.163046816643934727e-66,6.566306068062278228e-68,7.354212229323040722e-82,7.655735247721285020e-83,1.678326161935154822e-68,1.656826878787131767e-63,2.518053344414269016e-81,1.410755785323855260e-66,1.168184269867041577e-76,2.650508978172833090e-76,4.258621786791809406e-83,1.394739543603121070e-81,1.329791639576662445e-80,1.755414938215652510e-77,1.847261167867142094e-65,2.837361920530473257e-80,1.595262934467951804e-67,1.169859433208099801e-64,4.732147574008161595e-66,4.329960685777601542e-79,2.404534954528575365e-81,4.584830408082501985e-82,3.317591312341243547e-81,1.129077605184766834e-82,5.357286627269420961e-66,1.140227114795024659e-81,4.709398931166650102e-82,1.069889491952369901e-63,1.524392780854901441e-82,4.234820673018080250e-73,2.097361122316115691e-66,5.746099874554298431e-61,1.822187606331328955e-81,6.324508633271729448e-82,2.438828048888371968e-66,9.541725635535070762e-66,3.941595024976873114e-69,8.873137543041853329e-82,3.960058701712650992e-79,4.465380148561875517e-80,1.289132980887503346e-81,1.036946578096542222e-63,2.687355817511955045e-82,1.707714497719262571e-65,2.663350699569770791e-81,1.048659467854316021e-62,3.956789190937168839e-80,1.481502461565945382e-76,5.014357559815693806e-78,2.010947967358997180e-65,1.593192859260338569e-79,7.156686276471709222e-78,1.044971558460117318e-79,4.394812519054023962e-77,5.814249365139535063e-61,3.634835361379739571e-66,7.525414820803075229e-79,1.828991969043364914e-76,4.574410034377732671e-80,1.104534776923723598e-61,8.728909853816751471e-82,2.574812983764899887e-65,1.040177951294242312e-67,1.915835478882850509e-65,7.261402909382865453e-77,1.270513810439774285e-81,3.706590891541764755e-80,8.215039172312705628e-67,1.678056587148123695e-61,2.979016739149213349e-69,1.310482298499051405e-62,4.692295302786032756e-64,2.659817013024830573e-68,2.253492626180749908e-65,1.284473907707844869e-61,3.628636621260853353e-68,1.996979204831040225e-65,4.473260386991070382e-62,4.534642910679593210e-77,5.024312876807089760e-67,1.041713391758053878e-61,1.180595877821182420e-65,7.282587803357126975e-67,7.104852644996929752e-81,6.087777468412872401e-77,3.999999996201609176e-01,9.621436015779031901e-82,4.438154340750864586e-82,5.198889694442505112e-61,3.108423611039783112e-68,1.062648896682369717e-82,3.132302136361053876e-64,8.957931639023879616e-79,2.894717370702338775e-78,3.888365481809591730e-82,2.174316254625673378e-82,1.420818109537128381e-64,3.899024664477389805e-80,2.785178764724489458e-64,5.613303285589809413e-74,8.635280137828254157e-66,8.056775225753580926e-82,1.879974433997231447e-64,5.005957683670425189e-79,1.076281161153257512e-67,2.375634112231642546e-79,3.784276644375632989e-82,1.318697376520816676e-65,5.009903096901312477e-80,5.358812939543405278e-66,6.534065347531714066e-68,5.000789831510924047e-81,2.006484818076485985e-65,7.083884160321390553e-81,3.165826308264433653e-81,9.169073641681178483e-66,7.893091739397563036e-79,2.409506896737311039e-82,2.505247265308769842e-79,1.216045903753650680e-76,1.698002593967000198e-77,4.066882637542581041e-61,3.947837974601604948e-65,2.119312238283160801e-61,1.846964261870541265e-81,3.350431692790351826e-80,0.000000000000000000e+00,1.368240669921378910e-62,1.431603677548562901e-80,3.632820310951372487e-81,1.976843839401782803e-66,6.029085092614114732e-78,1.258549637381650661e-60,2.523977292551130552e-64,1.328729789278216382e-67,2.325228282742400555e-81,1.786719464490996647e-64,4.987362582516543341e-64,3.451612726276891703e-66,1.100870417783231785e-80,2.861840839723400958e-68,3.171979720686402078e-67,1.680161238261088325e-78,9.865437953883434139e-67,1.437295398053110921e-78,3.786196172830110090e-78,1.809750953018863391e-68,2.804902412299054400e-68,2.858413941977900961e-78,1.775634606267294494e-68,1.235876000056260141e-80,4.221082357641983944e-64,3.752216260294724783e-80,1.907566822275248331e-67,3.537287610846342279e-66,3.273988268840731570e-79,7.383585103116835180e-81,2.044869722991797801e-62,1.401215259131250396e-64,5.082514064354893874e-62,1.753809534347863255e-65,5.167559134246848409e-81,4.002362291480563791e-81,4.042118168554614066e-66,1.793551110911919711e-67,1.920227613033852758e-62,1.194667188451232602e-65,5.523358656699081395e-78,1.651358574743961046e-81,1.983430697814130537e-77,1.951327675874838321e-65,9.164621625163358632e-83,1.548042464774865586e-82,7.991175279863975538e-66,2.513665065339996766e-68,4.171886076260395378e-66,2.603890614080961662e-68,2.563544748254552687e-66,1.856426071866243349e-66,5.281222078431265091e-65,2.261440420893800376e-81,7.831923934143438585e-65,4.480794290506981787e-83,1.337747503324282789e-77,8.573578024817053421e-80,2.089668406417744755e-68,9.832733069213311036e-77,8.345335791038014873e-61,2.514144890744641913e-81,2.550857037231041537e-68,3.379330375394270311e-74,5.371067752100899003e-66,6.936045684775924878e-67,2.198150050322099044e-64,1.971408767023539405e-79,6.826754993375208931e-63,4.027086735917975765e-76,1.287445973190908425e-63,6.226248581656954805e-83,2.047296263657326736e-65,5.951074765032433071e-61,4.008389354039900512e-76,3.681983900762012240e-63,2.630365197104821008e-79,1.512527806786090297e-79,4.245281432888427212e-80,1.011037404534187210e-77,6.102476056835849970e-71,1.170746349665150673e-64
3.768217324526498476e-65,2.997003338268510253e-64,5.720993994397662910e-66,5.240548774999269620e-63,1.053490357508175222e-46,5.971060678787484757e-63,5.130999750646932565e-66,3.209920721977755370e-66,2.098989674485730276e-64,1.745686461859236801e-66,3.393263039046775687e-63,2.428057186619432985e-65,2.116647128517744830e-65,2.574176925802726689e-65,1.763357272462677317e-51,5.994911413881789330e-67,4.697935897591187325e-64,1.525636565852224550e-56,2.012807852261221769e-50,1.229915974227344777e-66,9.976731971092839968e-66,1.900598191463901676e-62,3.094847014152529797e-67,2.489141954134454229e-52,2.477731466467060687e-52,4.498685942880669552e-63,5.039273570356442422e-53,3.873111926195330186e-66,3.372806889435343185e-66,2.373233623598933055e-50,1.017702863155380062e-46,1.032953042207134874e-52,3.280757371779117062e-64,1.133801354560765715e-49,1.684735388693250946e-62,1.549050524993534007e-51,1.796520002142075697e-47,2.687398879111466352e-50,4.754942285734368043e-65,5.711189000822399797e-53,4.863683224797677854e-49,1.602463638300512693e-49,4.606876401864152882e-52,3.786465415647581518e-65,3.328787546990229089e-66,1.155035433864987787e-64,3.701774040321678254e-66,2.039089297401056020e-52,1.687644136330037705e-52,3.940280992930146591e-67,1.659907519806892248e-67,4.461086155371672193e-53,1.349762770822645376e-49,6.136297806771342276e-66,2.661138101681459335e-51,1.443348596335088649e-63,6.491685102557444918e-62,1.026919870575627013e-67,8.087887177599468567e-67,5.409857295987460945e-65,5.064939356710375249e-64,4.988833733748332534e-51,6.949624223564903233e-66,6.580571311541154025e-53,1.549546396789986121e-48,1.740704556570203271e-50,4.258392793900201176e-65,1.113137742308015154e-65,1.156993962802042202e-66,9.203474625085785342e-66,2.526722140663660763e-67,2.029772446995398780e-51,3.511687454341423855e-66,1.142144522507973659e-66,5.405748001832340006e-50,3.263205230661706172e-67,3.311219104575461212e-60,5.629998794006908713e-52,2.219912493956587805e-48,6.894834720988646156e-66,2.672682896426095996e-66,9.916284635418084335e-52,3.852712900760576483e-50,1.076314766968997113e-53,2.824163341858498551e-66,9.913975183561494239e-63,1.897724328300524874e-64,6.579686829596929483e-67,1.562324971402730878e-49,6.940940962451682850e-67,5.522848866360247061e-51,7.518852264307172263e-66,1.996957024185414312e-49,1.046072692933249673e-65,4.154653459447558008e-61,2.306374470216190216e-58,5.110187389906353572e-51,1.394644567465328750e-63,2.938982584645373044e-64,1.847930924765909046e-65,3.400488486497995643e-62,2.133104505387150346e-48,1.383198996535144711e-51,5.545098867678613530e-65,4.034705291906134369e-62,9.948841667798061142e-66,5.219432575913493942e-47,2.683468819586922021e-66,6.168523239821624493e-51,3.096652714817195854e-52,4.891893646639723976e-51,4.887413581776852677e-62,3.073913336744304335e-66,9.958868317821169062e-66,1.124973008225819622e-52,6.998817289692873575e-49,7.129381734196141229e-54,3.511254592304272713e-43,3.750974618012106602e-50,6.314448315598980291e-53,1.748063017146101691e-51,6.806732865663345456e-49,9.605233499848062574e-53,1.733038097015849417e-49,3.961804177557546418e-47,2.547834943271124547e-63,1.761695386239980078e-52,6.037457493721788930e-47,3.196769993876294756e-51,4.234299104041707786e-52,2.657151964677390257e-65,1.276352135783248799e-63,2.221066175519157664e-62,4.413869332478147853e-66,1.284761627352054903e-66,1.106208002101781208e-48,7.521595176947286557e-53,3.035241230198920248e-67,1.931844981035064125e-50,8.868568934433189876e-65,6.062906620700560706e-63,2.022690052979355647e-67,5.069335513273453706e-67,1.506874546011407328e-50,1.425754644578384556e-64,6.816550144068643542e-50,6.299674877214706574e-63,1.955670862287252209e-49,2.229159647027423290e-66,2.943903464761882178e-50,1.610644882108872497e-64,3.669535271644721980e-52,6.440297144916609813e-65,1.728990250071441118e-67,9.034973735609567310e-52,1.106120426709759168e-65,2.333518356208248773e-51,1.491671571370125771e-52,1.981908543421332542e-66,5.510447040195938804e-51,2.251929610342274391e-65,1.152972597823121973e-66,5.868640339311505405e-52,5.416042180326501742e-65,5.419132689814235484e-67,7.811971214956862737e-65,8.765731858474003427e-64,5.485758379243874677e-64,1.943968059601880345e-48,2.469937846600961047e-51,1.121882154072928546e-46,6.806106909385339782e-66,9.981802378205217377e-66,1.368240669921378910e-62,0.000000000000000000e+00,5.554467244122615917e-65,1.278113322647932649e-65,1.070934303365226708e-51,2.470668483108042858e-58,1.424296324628064166e-48,4.602997263232295453e-50,4.580362448363099914e-52,5.855738037019644258e-66,3.706041823336936092e-50,9.751831457274399204e-50,1.406637325237639590e-51,3.449950646969943643e-66,7.141567071892872443e-53,1.302889339779095195e-52,1.714996608614239425e-64,2.388534553585195327e-51,1.462621062070618927e-64,2.827302617897473908e-64,5.543456298348180441e-53,7.030346665196157082e-53,5.948309716052690732e-63,5.302055279678676023e-53,5.614636447897787662e-65,2.874354923639232821e-47,8.745244203650155649e-66,6.512625782673864493e-52,1.775775917231473709e-51,6.333746815267858481e-63,2.120484916196757852e-65,2.134473191728786983e-49,3.096644207017490112e-50,4.817137538472459130e-46,4.324352013657584455e-51,1.399625198860264686e-65,1.146787359350064318e-65,1.608168358104010853e-51,6.143189004901161523e-53,7.566961678882617757e-47,4.130460925542935096e-51,4.952285667124328281e-64,5.967308543248507949e-66,2.164211135055143889e-63,5.219538172570978667e-49,2.073893149423970715e-67,3.930958897698943367e-67,2.398388001601484152e-51,1.411748542696807386e-52,2.120597983587214993e-51,6.470991622929952221e-53,1.194347041247309445e-51,2.275435471623005821e-52,1.432594546252376852e-50,9.294855169012655937e-66,1.772359326209789796e-50,9.226957663259114883e-68,1.883395717151197988e-62,7.065436482994322866e-64,5.631562059753094231e-53,3.739202396647156640e-62,1.600814638547072809e-49,1.086670045669769518e-66,6.260709492012048423e-53,6.792319833206673118e-63,2.206903834265137735e-51,2.427747736380941431e-51,3.941849022340875266e-50,2.530798843620201792e-65,9.524229968951439836e-37,2.201642224704220077e-63,7.240674278928695742e-50,1.468268167037004549e-67,6.077991094209962618e-51,1.445541630232403115e-48,1.436918639928590763e-62,3.872004985590705924e-43,3.117181317015986312e-65,5.160555844283708819e-65,1.597703876471849547e-64,2.940506835101199646e-64,3.361616050159115693e-61,1.393944770188798818e-50
2.188706704400512866e-81,7.022234699628737805e-81,9.630564292583872703e-82,1.041165565264465781e-79,2.261700981388332379e-64,2.786255096845962028e-77,1.982836444862084073e-78,2.044020227667918389e-79,3.999999999412374163e-01,3.380506033525116930e-80,5.141412095054423476e-80,2.494225450551491589e-81,2.717192442161389376e-81,9.159268672258756588e-78,1.956096369791122276e-67,1.573725733093318544e-82,5.859610425526525899e-78,3.078311937477818953e-78,1.201821076255298042e-66,1.807524969770490031e-80,4.558418940617196991e-78,1.033254510312448176e-80,1.501230664477231036e-81,6.863604733818272970e-68,1.394523280676863621e-64,1.804934220905480812e-77,9.082825821403372340e-65,1.287140592895866338e-78,5.706512764852415108e-82,1.567433880809391478e-66,1.961845094221366631e-64,7.621673441346607374e-69,1.781610004144398275e-80,6.025340960958049503e-66,1.525579692240460757e-80,2.019056870044557984e-67,4.767700325405165668e-64,1.428864584091084169e-66,2.279582509378271804e-81,5.890947010898723839e-65,1.391247094023822587e-67,2.971916077499077454e-66,4.477359903076670313e-68,4.264324904209294604e-81,3.115781446184546907e-79,2.130939462351927504e-75,7.963059585952393499e-82,9.520406072699453913e-69,1.254155355352013025e-66,9.075449315923843657e-83,8.547883663250285249e-82,5.627638561383595438e-67,8.033821407580082100e-66,2.203125084131467257e-80,4.305945545454063612e-64,2.535497918590418037e-80,1.856751599870207045e-80,4.178760365899402543e-82,1.324138658470885152e-82,6.352293006337610639e-76,6.786956657099054529e-81,6.617461242760029485e-67,1.163336820321426901e-81,1.430724239879676390e-68,6.564830093021286616e-62,8.356564540174832423e-63,2.654974276152185737e-81,1.967437848123681523e-78,3.524640580943911091e-80,3.207947913177450689e-78,1.401799284783220093e-81,3.295980980556100980e-67,5.042564352448707202e-79,3.842770126855364478e-80,1.360871652647789309e-66,4.108054084511950502e-81,1.303855974680478391e-78,4.630005595260484533e-68,8.836082332574552341e-67,1.269741540198609307e-78,5.832506054110158196e-80,1.726141980909805588e-67,3.064203485205038808e-62,4.166475717147146920e-67,3.154876149656653110e-79,2.990302956797015810e-79,4.000000004430233624e-01,1.450965461746808146e-82,3.311386132564606945e-66,5.535325988620147448e-81,9.735129368246760217e-67,2.437927276510234900e-78,4.341581457866193109e-68,8.274869314857024363e-82,8.893947596999274289e-80,1.412467654251151565e-79,2.148919168738942916e-67,1.965469816686904056e-78,7.944733554903026257e-81,2.027807434994729585e-81,1.632840140302220445e-80,8.882277704322849620e-66,1.760440183406148222e-67,3.360910058406292734e-81,1.380588472290514702e-80,1.162285127995625876e-81,5.257140532248340403e-66,1.699859001184851512e-79,1.329031912312577378e-66,1.501745374850364779e-66,6.801034205798544113e-67,1.145513346643904329e-80,3.039737825570294807e-80,1.020187797127266749e-81,9.127197261207443189e-69,6.926754448315660492e-66,2.782078658715080619e-67,1.570528781462855755e-65,2.209010263654653980e-66,6.008434808728953237e-67,6.418913438230439031e-68,5.457866650758117906e-66,3.811664521845904860e-67,3.095120384948209682e-62,1.424266812171558049e-64,1.294824811478585766e-80,3.673282502816624581e-68,5.537235570233052470e-66,2.965789319879322931e-67,8.885688839374166349e-68,8.400901512053471194e-77,9.513863828950547388e-81,2.414959652306562670e-80,1.126340409412559267e-79,1.831447417240345566e-80,6.430908187010221728e-66,4.500429797606470760e-67,1.026307098670547265e-81,9.485044266038111290e-67,4.116742910753283644e-81,2.809256042616087861e-77,5.971003792727955055e-83,3.524783453751978593e-81,5.910473728948585530e-67,2.083260210919100599e-76,3.626380592541247313e-66,1.436539335733384001e-80,7.357114058493940203e-65,5.930370511182912495e-80,7.827657821506470982e-67,1.771566494424079945e-80,7.519272242931228224e-65,1.863100766935371740e-81,5.516435061291321793e-83,2.423773637858287911e-68,1.315150575288280753e-81,1.912790683732717627e-67,1.145582212123931134e-66,4.792774712965240070e-82,1.214798346384298284e-66,7.305198948141547560e-77,2.478800832646099053e-82,1.985403168620086180e-68,3.534210956333923861e-81,7.886236676162403361e-81,1.853612732591188619e-81,1.402033638147477373e-80,8.455911846606183883e-81,1.020156628973133351e-66,5.747467475311589180e-68,8.864468762396037201e-66,1.350120035400740978e-78,8.249331204913867944e-82,1.431603677548562901e-80,5.554467244122615917e-65,0.000000000000000000e+00,4.823144958075988499e-79,1.538333855309775047e-67,1.394624543730532689e-79,6.250833876281600674e-66,2.701285839196660686e-66,1.002661766393709441e-64,2.229605778665714670e-78,3.241649676901465128e-66,4.335556290408526430e-66,2.923198621438404940e-67,7.026672246364321534e-82,6.943002701710543173e-67,2.566430429110747939e-68,7.120615567057663967e-81,2.320613054825922343e-64,4.869387977314065259e-81,4.259110342548059681e-81,6.607159030656925663e-67,5.943223747112286732e-67,2.470521605318114539e-77,5.333541073602791643e-67,6.921069448634222878e-76,2.845498266587363125e-64,9.768097443262388799e-82,1.120358856966659732e-64,2.354821423026286966e-67,4.916654031784920329e-80,2.884293863029089750e-78,6.005045698468830896e-68,1.254337749212661684e-66,1.474306616069819587e-65,4.518978543074280047e-67,3.455592010936299705e-78,1.369356069934512746e-78,2.265881662419172560e-67,1.919775597881076091e-68,2.663671151389378660e-64,1.819482788837243769e-67,8.902760086806604833e-81,2.972260314018479644e-79,4.624653142298676871e-80,2.481128741263595517e-65,1.352452571973350386e-81,3.178729569910625366e-81,3.459616731657805580e-67,1.030272936531802714e-64,2.743800964726231338e-67,5.593443270008857797e-67,1.815136506442140961e-67,1.523985894431165720e-68,4.340185187930121254e-67,2.310311953442729063e-78,5.423242262822215739e-67,4.108735248197951625e-82,8.942928949820193344e-81,2.879289670597816718e-78,7.019177240472699041e-67,1.460950604757932278e-80,9.867698043608649748e-68,2.095707638846062427e-82,2.677720439703143655e-67,1.818763083696933553e-80,3.700825832094372170e-67,5.432685204931593389e-64,3.496212084642403417e-66,1.959199321109434586e-81,4.170303836720053531e-65,2.304941259538630278e-80,1.543194667573269727e-66,6.356913614350339050e-82,8.633407266962378908e-67,5.131547863080366988e-66,1.440798961264456977e-79,1.690040803798038675e-65,2.328817209933208584e-81,1.377220137340332494e-81,2.475897898801862540e-77,9.564166101111204080e-81,6.289990612103112165e-79,7.354779706958882137e-67
9.762253627319599909e-82,1.921081513922858228e-81,5.070770442329605537e-82,1.012033021632152457e-80,2.745362296587444871e-65,7.343961858004298418e-76,2.449621279328618993e-78,3.619938918067415025e-75,4.491971250939311055e-79,9.936868566783274011e-78,1.850474529678761345e-80,1.659767676228762883e-81,1.803215635713074232e-81,3.405751281418898721e-77,1.462723105904905133e-67,1.214727339329106711e-82,7.707699882211429559e-80,5.674533831408000593e-79,4.302829281050924670e-67,5.205799298192593816e-78,7.539313751434389207e-78,4.291443922820685109e-81,1.208235440518424364e-79,7.133150284196449785e-68,6.778479301378696561e-65,5.824595341079635846e-76,3.400072050436229730e-66,3.020489945538143102e-78,3.933835706711310181e-82,4.896997744667162009e-67,2.262632407415456733e-65,3.438795686323980033e-69,5.603503584779821031e-81,1.995050564267219862e-66,4.458524147606394137e-81,1.436417729049391192e-67,3.277817579348247091e-65,3.603232180125770433e-67,9.375721485436547163e-82,3.069438908708066967e-66,4.122834004782273577e-68,1.771338944374564224e-66,3.093020916958032837e-68,8.037104438570896798e-82,1.201354871615072459e-76,5.854850055241155990e-79,4.772683650570945533e-82,5.144221982765921364e-69,1.038412011444609710e-64,8.097465721407309034e-83,3.515484754321492520e-80,1.197398832365108906e-64,2.209231411405575833e-66,9.938981574218293989e-79,2.118776286054530226e-62,4.394848081299773475e-81,5.345035241841858443e-81,1.429526946602349870e-80,1.738439764976671332e-82,1.008510052042086750e-78,2.053303907577139029e-81,3.192870952796695550e-67,5.882140727355936315e-82,1.057155148437333268e-68,7.854638401978903524e-64,1.429247699856577409e-62,1.008369258675837109e-81,2.722115445656156490e-77,7.167285492522423097e-78,7.001035569852410178e-78,7.450562699213673875e-80,2.187337696291551579e-67,5.947784610383716563e-77,7.208562527770493502e-78,4.477580163358029367e-67,2.119930935254360169e-79,4.836594543497986035e-79,3.273519059107985338e-68,2.099142996548219356e-67,3.776333422303376339e-77,3.999999984479278847e-01,1.268706579699987888e-67,1.863115676987668181e-62,1.189893142582798335e-64,7.437726499994003836e-77,1.229206728036138483e-79,2.216678387540322183e-79,1.349108243810785287e-82,1.870562508667904426e-66,4.471999645465536245e-79,5.901604576520527741e-67,1.471145282658732129e-77,1.337938444436563304e-68,6.081629825790754753e-82,3.996026145031562157e-80,1.664451522379578775e-80,1.549338119186004645e-67,4.939975709684354035e-80,2.021882674636680957e-81,9.851344488063705656e-82,6.611687359468929758e-81,1.964586381286392653e-66,1.437895355452356200e-67,1.026910678403356087e-81,5.721452584333999307e-81,5.746356700661591177e-82,1.606431222912932486e-66,3.339474191089693522e-75,5.002149599712049241e-67,2.133565069449075584e-64,3.030496873007294275e-67,5.170702729363514008e-81,2.579048358373406361e-78,5.264021978196084456e-82,3.752085417001264899e-69,1.586091346889284980e-66,4.690270061878924441e-65,2.728658868861903872e-66,5.915845860190348243e-67,5.880906442065639091e-65,2.674741582830563525e-68,1.463583478552532241e-66,2.351927902448625863e-65,1.368486573983874486e-63,1.900605166778459183e-65,6.615422646644407458e-81,2.505080132610599598e-68,1.372436263163870108e-66,2.246894019920383787e-67,1.014082138064162187e-67,1.288023952878305711e-78,3.569633206828400899e-81,6.271533677156600066e-81,3.999999982321895131e-01,5.551464574714605073e-78,1.698899359350058590e-66,2.635960484545145052e-65,5.807010554342134868e-80,3.288623533501827107e-67,1.125467420707927286e-81,8.180853284374591184e-76,5.172484372101608895e-83,3.411896106715884629e-79,2.689286280001395022e-67,3.023506611018961553e-77,2.504490819568949333e-66,3.767996607730503820e-81,2.334471117948594173e-65,1.543009542362730724e-77,4.703621656882163125e-67,1.221768168892056114e-80,4.205409502125077424e-63,1.146794068112507893e-81,4.634578550173160729e-83,8.171944796085448664e-69,5.736125136259434050e-82,2.128101386518668180e-67,6.055646103454553174e-65,3.213421614156722345e-82,5.507118496181549263e-67,1.044180896362781523e-78,1.681949568561979853e-82,6.957628737769400041e-69,1.050491389453237078e-81,4.588587101662715942e-79,1.328350986096702213e-81,2.920453395163042749e-81,3.033837183340031720e-81,2.573078383858461521e-67,1.986523093779410757e-68,2.134868050689743291e-66,3.086259753859238001e-77,6.482566860007671497e-82,3.632820310951372487e-81,1.278113322647932649e-65,4.823144958075988499e-79,0.000000000000000000e+00,1.744172733753131323e-67,2.053753134769958017e-80,1.604207899558509211e-66,1.403957109139919332e-66,3.603199588161706215e-63,3.671923043348855049e-78,1.443149290450549159e-66,2.093950830802185171e-66,1.985676764323357101e-67,4.414147315787450920e-82,8.355631631573335994e-65,1.694257436782694332e-68,2.514361517649737573e-81,4.680684913092490839e-62,1.508614802499722999e-81,1.735027042357818948e-81,1.853395118178648657e-64,5.550412817696559727e-65,7.536891677828860103e-76,1.297728175684729960e-64,5.120666828163003363e-79,2.206925971855545929e-65,5.005179891383818429e-82,8.100032162393793236e-63,2.508880444286731590e-67,1.770571767329410315e-80,3.736081388582872902e-76,1.143934360605677913e-68,9.447435505171651969e-67,3.315013874719515246e-66,2.368927987168247880e-67,1.512481281484596645e-76,4.411567382091223725e-76,1.512372735112963588e-67,1.067910939546316396e-68,2.722281791702029525e-65,1.467287511976677492e-67,3.362130178983575816e-81,6.700170367335583197e-75,5.246739460954966298e-81,4.479190367809036604e-66,6.335476146564557841e-80,2.892508443942319702e-79,2.087797786337657208e-67,5.971462826294648711e-66,2.774691693765733117e-67,7.751970374059316749e-65,2.026227254166331668e-67,6.570500024195905606e-69,3.440384831586408791e-67,1.326347939758862454e-77,3.748684358912533409e-67,1.367396364923665794e-80,4.395246854807311533e-81,6.945808915992257293e-80,2.009740475499818356e-64,5.698723026601547939e-81,2.093228387938749112e-68,1.564933939452841907e-82,1.451662982472434097e-65,4.107823643949530709e-81,3.175172090442899991e-67,1.262200006153563277e-62,1.632728853085724009e-66,8.443804473398974927e-82,6.867443189822562531e-66,3.965764700681675862e-81,6.192938355742357776e-67,3.204417838933594138e-80,4.796883358098791102e-67,1.425808478227979989e-66,2.660945884041192650e-80,3.222529349657715404e-66,9.454938746428087088e-82,1.132612233560552943e-81,1.788368293506412127e-75,2.105635541371255561e-81,1.219549948962383883e-79,2.447071706676510624e-67
2.706637970173724745e-65,4.420519655288180375e-66,8.842005917902372162e-64,7.921336939173906148e-67,4.634630751092910542e-52,2.037996782322753739e-64,4.728443033611996576e-68,3.456956203698316125e-68,3.102925074230398994e-67,3.133223125112130768e-68,5.512919020449163887e-67,2.635477135478874063e-63,7.837445199918821296e-63,2.502577930103773818e-67,1.782460687529742804e-48,1.727057126158319350e-63,2.391292370492794711e-67,2.408787644117712845e-65,6.643360517567271252e-51,1.881324195938840224e-68,7.506563457144268517e-68,2.350298151429607580e-66,8.614453965105155609e-69,6.475462822016184162e-49,1.426443836075475376e-54,1.472869132331392006e-64,2.441981673612576607e-55,4.230782196751140783e-68,2.831939423217683381e-62,4.991391884727456303e-51,5.456858238504007942e-52,2.118772170233943386e-52,9.652274608919453295e-65,2.493810237473537096e-50,2.903698593598503211e-66,8.370898631506715895e-48,3.788017846437353035e-52,1.429182590666578348e-51,1.940924209981148546e-65,2.422693639614895540e-55,2.094954738231420458e-53,2.092666715720993363e-50,2.986616355457695072e-50,4.220703352905789079e-66,4.146815890426468775e-68,2.481672052787419048e-67,1.020739542779446489e-62,2.109082083700574121e-52,4.389569076540260561e-54,1.006318932074537339e-63,5.589946419878269502e-69,8.935797492108578006e-55,2.319622678612166340e-50,2.040650087124129206e-67,3.102544326229512116e-53,1.780660544788540608e-66,2.390874239276420251e-66,3.224964964444091513e-69,3.115530736755585145e-63,2.109018638997848153e-67,4.835522185200108160e-66,3.458696618291909719e-49,5.920602973849020863e-64,9.390797483814553549e-49,1.224751219153183339e-51,1.467843824285159678e-52,1.965924125669462165e-65,9.345588462365693659e-68,2.098320804370236858e-68,7.229389969499935411e-68,7.678498146962061792e-69,7.299270216688692344e-47,3.572104525432281521e-68,1.830398204607768596e-68,1.372267109530885259e-51,7.414139115695672171e-69,4.458712514127703035e-64,2.095244663016614771e-50,6.058855317823520429e-53,7.572079871812300501e-68,3.681235596107058942e-68,2.792838917817400408e-47,2.498851420273533048e-52,1.605320316984731431e-55,3.213358473759069581e-68,2.768981413204228961e-66,2.608433560548620220e-67,1.861821548740335359e-63,1.822774098009912747e-50,1.483511832478419206e-68,8.587687410375587866e-48,6.446934521232801550e-68,3.944215636932679871e-54,4.379839205605673340e-64,1.003237801067466079e-65,7.179734728951802472e-67,5.950632097934913841e-51,3.212906444170623891e-67,4.895657858675590757e-66,1.975989821724694753e-64,5.233841143418060336e-66,9.507544960809293035e-52,7.005895183441991608e-48,6.084116482558065496e-66,5.080809723273664201e-66,2.155811627721802838e-64,3.885442479766374300e-52,3.408617244037963828e-68,3.110615553303037124e-49,9.009936190126788922e-54,3.268170010393114439e-49,2.553308364234113272e-66,6.335782871525249718e-68,2.668674564490367185e-64,2.381986646088322101e-52,1.082751345384003781e-51,1.267998287066079786e-55,2.561073399795096131e-52,2.973583503056868417e-51,1.438085364500809747e-54,2.432010558831306624e-52,2.130298865197736417e-51,3.126666628231836005e-54,4.193896103766674872e-52,2.130472768808449736e-51,1.853744547440756173e-65,1.755902988545783377e-48,3.296763936739015366e-52,1.447644852953787225e-49,9.178096809801408438e-49,1.226155806148311819e-67,8.007365626314025460e-66,3.131728221008353390e-66,5.121577364945447379e-68,2.517460716539162007e-68,1.236605686334676679e-51,2.091393530994651829e-54,1.135864162574327585e-68,1.811934483134145384e-51,9.158447068730470203e-66,2.187080894521401781e-64,3.986120461579984277e-64,1.303067605975857135e-68,2.314205120969173637e-51,9.243309817840198340e-67,2.269535962895735898e-49,3.535379140040293627e-66,9.199155152038854408e-53,3.708537993585527165e-68,6.718316347651960665e-51,3.678980249827522363e-62,4.242386218795636840e-54,1.776167546960161170e-65,3.798035917739979712e-64,4.371162220889279700e-53,2.616483001178027621e-64,6.488952846738501702e-48,4.045795634269034390e-54,4.200568163098317061e-62,4.799722281195178241e-48,1.288924785105649371e-67,1.751901392303285519e-62,5.952824523857047426e-53,7.191774058227353179e-66,1.063286861163356316e-68,1.530057197087374909e-65,2.385745799883294941e-66,6.942426296864615788e-66,9.172472920698829384e-53,1.242418656473153115e-52,3.566195533646901522e-52,7.131494368999276693e-68,5.068405143539423245e-64,1.976843839401782803e-66,1.070934303365226708e-51,1.538333855309775047e-67,1.744172733753131323e-67,0.000000000000000000e+00,6.967169748932537890e-67,1.751952534394046701e-51,1.271498516634131042e-49,4.265706108180192924e-54,5.271940551161347858e-68,1.035426464308876121e-49,6.688712212891976496e-50,4.527784245145538751e-47,1.625818089731223879e-62,1.897282022509115773e-54,9.563739066855060205e-49,2.630010899232548033e-65,3.396372551219183339e-53,1.193138735493865661e-65,1.026238389127854269e-65,1.126516988667775862e-54,1.488773241553950871e-54,2.124271917183620865e-64,1.095113015208694879e-54,1.915780595299960929e-67,3.477845592253091606e-52,2.308821972037399984e-64,8.751184552871626267e-54,1.204806494978184258e-44,8.602480338449701899e-67,2.964011884709578780e-67,3.034843449820036413e-54,4.921558742709594389e-50,4.254800961540148349e-52,8.000471404716049197e-50,1.502352416415298683e-67,1.495749369565747020e-67,3.865720378512073156e-48,4.352959216821902699e-49,1.530908703149699752e-51,1.294497688924866252e-50,1.867040437423354934e-65,1.052576456244101290e-67,8.341338898168802077e-67,5.796327425102916559e-53,5.789058640527538324e-69,9.429782881249762593e-69,1.918995714122317670e-48,5.943674751866632999e-55,1.114065609771033239e-44,1.481690896843926816e-54,1.544844225101057193e-38,2.318977823664353826e-52,8.728353725521944431e-51,9.078526095703547581e-68,1.178733558439002465e-50,3.442974505997637895e-69,2.595393285748366558e-66,2.490262994648337493e-67,1.064816024217443330e-54,3.261442810829406806e-66,1.111768398127305063e-53,2.000948771359285610e-62,2.060805675118630861e-54,2.833992971333079807e-66,1.954353427666664815e-46,2.572364286474560093e-53,8.808150355170552491e-50,3.088851719820812311e-65,4.417883897954384291e-52,2.422191254220687318e-66,1.953963183957826759e-51,4.551968218003304211e-69,6.662416550079624938e-49,1.144863487727651223e-51,7.386527372225691627e-66,1.972244274018734710e-52,2.429954908932842940e-65,3.314891418621787754e-65,1.654826291251714435e-66,3.964128619602183070e-66,5.442764607071502102e-65,3.093530358096293901e-51
3.105068368933255830e-80,4.078692996171474579e-79,6.545748948772685690e-81,4.055503850727081220e-77,1.668729777216959943e-61,1.028643877601750310e-77,1.641264688546623131e-80,5.023706826740826043e-81,4.860304144623404996e-79,3.113719675342601111e-81,7.971188186102205302e-79,2.005118342548262472e-80,1.797293319018956340e-80,4.535202765390341635e-80,1.104902730905882346e-66,5.627479903533850110e-82,1.596072793351575432e-78,3.999999926267721051e-01,2.063551279620217975e-65,1.951290599997730704e-81,2.311487839456116335e-80,1.206685806024957755e-78,5.056661533863592440e-82,2.017744858070499194e-67,3.309159757366269147e-67,7.181839658492159666e-78,7.723315261211270593e-68,1.149674591932339644e-80,2.608082337548179771e-81,3.341533378468047028e-65,8.252001455180277558e-62,8.984172031160991893e-68,2.655361641980052323e-79,1.261912616857003473e-64,4.996728219958527040e-78,1.012215579631318730e-66,3.720690721157661157e-62,4.512529547790716903e-65,4.458218956473247139e-80,7.345943794578362421e-68,6.375465795446294500e-65,7.517231259267431339e-65,3.663554116553164333e-67,8.738803226749338018e-80,6.634766781823152019e-81,2.015426694546540165e-79,4.096846949272136541e-81,1.311968954431863846e-67,2.852591285656793448e-67,2.813380360338147914e-82,2.708764143846631793e-82,8.125164999827937150e-68,1.510020738504374374e-64,9.350676104393390243e-81,8.767559944591774747e-66,4.406373919912623368e-78,6.108761887377440642e-78,1.462245499148194854e-82,4.951472899562561570e-82,1.036943251937510990e-79,3.909893545310533036e-79,4.185050248407117225e-66,8.498990204016393869e-81,6.580102915306007115e-68,1.079436682326041502e-63,3.605401521379964918e-65,4.613542780112545177e-80,1.298920980319356748e-80,2.484811682493192600e-81,2.529391293960064535e-80,4.401215721262382249e-82,1.587096972712163198e-66,7.310291561036247018e-81,2.303892071818705848e-81,6.807781414501604815e-65,6.810014150872103401e-82,3.383761186453415005e-76,4.221066235875836447e-67,7.625376865000488440e-64,1.105205003404709509e-80,3.060142403789177029e-81,8.344155816695326390e-67,7.623046098202965108e-65,2.045611882805162008e-68,5.878557476603018403e-81,2.167954688445566718e-78,6.441138517394616319e-79,5.295786780933111590e-82,8.937337784783757979e-65,1.194979680548943577e-81,5.249101437301315511e-66,1.806374266582397550e-80,4.720294950644382483e-65,8.188693025743597751e-81,3.163152251003308705e-77,4.000000130081178829e-01,2.895109579920879711e-66,5.179623088608960982e-78,3.636358368204268410e-79,1.884344237853295955e-80,2.517961445309233850e-78,2.735670285630429151e-63,9.626819849957845405e-67,8.733898355309173750e-80,3.536838975397432949e-78,9.912338965147396181e-81,5.242486096164613803e-63,4.686459794546531002e-81,7.515426089850839827e-66,3.784759823557965040e-67,3.969783931211414319e-66,4.409768323930175863e-78,5.592419708694186107e-81,7.292933453986237352e-81,1.036533816303682256e-67,9.844299806424716423e-64,1.717496626744378775e-68,5.844880551546157341e-59,5.318033309920359322e-65,1.104878826252239267e-67,1.712900728262757101e-66,5.776595036593157740e-64,1.336552126644560760e-67,1.454205766071568908e-64,2.163008318271930436e-61,9.035650475935291909e-79,1.676307160599524719e-67,5.228205768485549113e-63,3.131109911129819850e-66,2.810045195178930939e-67,6.087434863265398359e-80,9.564831447867361369e-79,1.007394549808978531e-77,4.806343305139923750e-81,1.883086240500815538e-81,1.314933866056944293e-63,1.137515999977485062e-67,3.808215984998347265e-82,3.095015148351358679e-65,7.745248268656825241e-80,1.043690896213996604e-77,1.837295353745304011e-82,9.743407346870779549e-82,1.336258619605450706e-65,2.962430071694118030e-79,3.773467828097259402e-65,3.147822987197657312e-78,6.368934155154144291e-65,3.936727969834111620e-81,1.610678101964352156e-65,1.188739658486584654e-79,6.944252534937021109e-67,2.856872717603546461e-80,1.756645639374816217e-82,8.159991749479112369e-67,9.354094030086309253e-81,1.363730407375904996e-66,2.589197959802452651e-67,1.777833713307680029e-81,5.849813365727811543e-66,5.807609723951923917e-80,1.160754043268376111e-81,6.391474960621380401e-67,9.076970496517033378e-80,1.257939663390059941e-81,3.031899619345469048e-80,1.805351122687243688e-78,5.725047710567945203e-79,8.121399361855302854e-64,1.889576498903501160e-66,2.124098269743425045e-62,1.199091413495629681e-80,7.487257122982584689e-81,6.029085092614114732e-78,2.470668483108042858e-58,1.394624543730532689e-79,2.053753134769958017e-80,6.967169748932537890e-67,0.000000000000000000e+00,9.140321677351441380e-64,3.280070315604081545e-65,8.472866987593565361e-67,1.727258227328732865e-80,3.306411017416767903e-65,5.598057388150704260e-65,1.138468431918703438e-66,3.784502909515323961e-81,1.266589397125421346e-67,1.142059368276720869e-67,1.373071426440070485e-79,6.157200587262101663e-66,9.937104753030180093e-80,1.657111061785425245e-79,7.979362720864908083e-68,1.234022720059334166e-67,9.590610787797761556e-78,7.815066759984915145e-68,1.181963865546684856e-79,4.956746862128611334e-62,8.585269538981305063e-81,1.291972236143948938e-66,1.128590481793422621e-66,1.417329803287523302e-78,5.233057064489278133e-80,5.203482774128769020e-65,1.897131583110278408e-65,6.266315327223695629e-62,3.314067306027984422e-66,3.373231272593294421e-80,2.350537238520209725e-80,1.197352532120269507e-66,7.386360719128175785e-68,5.174574853327001838e-61,1.638893057126059759e-66,2.730857956524055669e-79,8.922265852993074660e-81,1.316846527842683706e-77,2.047546760219627966e-64,3.896736002987320462e-82,6.845139648786051448e-82,2.074780816923395017e-66,1.828042563582825380e-67,1.221585898498144606e-66,1.142926206222883611e-67,8.596191088747588146e-67,2.435007057478302977e-67,6.826650162279866719e-66,1.393189916498291367e-80,9.748466148290459067e-66,1.704209247010451902e-82,1.418828090776562135e-78,2.326221816296190616e-78,9.436368996358014258e-68,3.425934130254929753e-78,3.484561092689384902e-65,9.233378928302769755e-82,8.743345478814185464e-68,5.153047527752029518e-78,1.865938926322309123e-66,4.439961438034452383e-66,3.946467277018833201e-65,2.781951289798091967e-80,6.155924988134096481e-58,4.029796676252531278e-78,8.261544347111217528e-65,2.184805124250327698e-82,6.014669631448497683e-66,9.629998143160241964e-64,5.351503826196232146e-77,1.103122498149114802e-58,3.762774690671408710e-80,2.013452899669761022e-80,2.582836470579626048e-79,4.787864867086572185e-79,3.027413296214506142e-76,1.207407320758095505e-65
5.227774065402094186e-64,2.901994541414970036e-62,2.282868898014109965e-65,4.579243360781973522e-63,1.761485959025738248e-49,1.264084859050961941e-63,1.005405859267976557e-66,4.034183772381832943e-67,1.437698156365865401e-65,3.092656855129122766e-67,4.589723592621739743e-65,8.470758660087464041e-65,7.204973451736485613e-65,3.328855241062711547e-66,4.544665350075199262e-51,1.100006418991757044e-66,2.525607992826932123e-65,1.286728581121245628e-62,3.269704749010977187e-49,1.805421775535468728e-67,1.430438239290463772e-66,2.079090257257871619e-63,5.865236798383491872e-68,3.685131861058565962e-52,1.965484848634638659e-53,9.795254126381917551e-64,4.152270711789463545e-54,7.381288284287621616e-67,8.055859018896019094e-66,7.546343344517335434e-49,1.774732898590064537e-49,1.191583055991865778e-51,6.393121662351315211e-63,2.810439682681816355e-48,1.377056664920603819e-60,3.572647597972519873e-51,7.838870761078488142e-50,1.352766414780117959e-48,8.574561211598406937e-64,4.354419824947536165e-54,7.606376889062854649e-49,9.769642197697234573e-49,1.964424066887208563e-51,1.410117363704319264e-63,4.437389539590887247e-67,7.930267283097340175e-66,1.063707999260167593e-65,2.127667316321033456e-51,3.035004914176254924e-53,5.919060589696111133e-67,3.677583228729431137e-68,7.051624863278989120e-54,4.216967538622154996e-48,1.053612935864244231e-66,5.479847912359627104e-52,1.118067092968122851e-60,2.318442751176763786e-62,2.021532292678980621e-68,1.061060733303013781e-66,5.202331025561842321e-66,6.755448403692012038e-62,2.020979677343143998e-50,3.358701573116113856e-65,1.592905969842301542e-52,4.078137008124051208e-50,1.943152390773885054e-51,9.271569233002065735e-64,1.053296418919283912e-66,2.188304077092638715e-67,1.545224755134242672e-66,4.923293613863548244e-68,4.876206708063853501e-51,5.199400696871134307e-67,2.319191612125018612e-67,3.263213829382336983e-48,7.074885150467444633e-68,1.334023301183664027e-59,2.323917144909851894e-51,5.855000746661544726e-48,8.127226558364752103e-67,2.847153310743271061e-67,2.106018918765139475e-51,3.955580617778423892e-51,1.869239410021008763e-54,4.207645358784734276e-67,1.292204720757262470e-64,1.716893359715347115e-65,1.010073748267659957e-66,1.361395255867971667e-48,1.203525891034899806e-67,1.924486700352052789e-50,1.200211280246423868e-66,1.257831904838319018e-49,3.989802634119621219e-65,1.491178507073648745e-62,8.338546574853322948e-64,1.950362935950174776e-50,5.857983952890326594e-65,2.233051373735904737e-62,1.336172288645980898e-64,8.482504408554832931e-63,2.425700734581844512e-43,3.589501352213570915e-51,1.774818779476187734e-63,2.267376496109558368e-62,6.017107948525106284e-65,3.535094352514527454e-48,3.837217235723093814e-67,3.385926892777778353e-50,5.137632275034024203e-53,2.054855163528102459e-50,7.400036363062859150e-63,5.813969285027021164e-67,4.159482753822430376e-65,1.533363961567800321e-51,6.184231238796911678e-37,1.343163854453587781e-54,1.449513321782490854e-48,1.064393198743391553e-48,1.161694420281258604e-53,5.369674771956778919e-50,2.165911413328315878e-43,1.590151189394780933e-53,7.126847622716511108e-51,1.227333741036374041e-47,8.543268157534193069e-62,4.691276345907563182e-52,3.605061004726747544e-48,1.303380761859326084e-50,5.696784500307271975e-52,2.715525866295485370e-66,2.036532262215092014e-61,1.873759393736488004e-60,3.966046741519850164e-67,1.914966024114260403e-67,4.579804532228564826e-43,1.417220485994214428e-53,4.916643021289154374e-68,8.090740709385109408e-49,1.998030821840407817e-63,1.402080327815695809e-63,3.532146908710594826e-67,9.477003232072247166e-68,3.101160393667584838e-49,1.568786965848690103e-65,3.222519465489022664e-49,8.121497953932149237e-60,3.118826536943026239e-51,4.034341429096796685e-67,3.277683781655346877e-49,5.425185389449763356e-64,5.382281315054385758e-53,2.227320276885311555e-64,3.080095908887115495e-67,3.325180764118425674e-50,5.613701851587546184e-65,4.624611839322302077e-51,3.056813679615863675e-53,4.560158254536211089e-66,2.176673620795109355e-50,2.782493188123800661e-66,2.662831469889357746e-66,2.474590194892068116e-50,2.151100929441553636e-63,1.092580874615697060e-67,2.225894972679347563e-64,2.475681791733929251e-60,6.242674545550765800e-62,5.315198904937055727e-48,1.031219071871604981e-49,5.982067949348791521e-48,7.793261820389562181e-67,3.754735487090418671e-65,1.258549637381650661e-60,1.424296324628064166e-48,6.250833876281600674e-66,1.604207899558509211e-66,1.751952534394046701e-51,9.140321677351441380e-64,0.000000000000000000e+00,3.848074995148599009e-49,6.066984259203160861e-53,1.054289489668577987e-66,2.928326001226317324e-49,5.452885235404481208e-49,3.195859518698369107e-51,1.117379652487083673e-65,1.406869007353573627e-53,3.136435141874578993e-52,3.645560829055840109e-63,4.089173307955063091e-52,3.344757684053299352e-63,9.248372672676824739e-63,8.205724114012046838e-54,1.158324650638847700e-53,1.360912087264691253e-63,7.878731196138766996e-54,5.050898083916654773e-66,1.144142992768674452e-49,4.370681643244497149e-65,8.774639451147787024e-53,3.218357975289954724e-51,9.357112536803683360e-65,3.010931331426542814e-66,2.086735228912894184e-49,1.585400034119513110e-49,2.123207159418919514e-48,2.471986230230508330e-50,2.664286612499064613e-66,1.640188711615486556e-66,4.150278476324363676e-51,1.876409446104201674e-52,4.129989328396871449e-48,1.107156132024352088e-50,1.299567784429371014e-62,7.638022251914879015e-67,1.123315178369131855e-62,5.773026840352508492e-51,4.291477709338646847e-68,7.366602248105795539e-68,7.286759730937393995e-51,8.914066842154635968e-54,3.514993675661424856e-51,1.210107377871328586e-53,2.217797096312845443e-51,3.734433801638930433e-51,6.424353770389887510e-50,1.038755930810443889e-66,9.829607148064260598e-50,1.963933915450022773e-68,2.702668791198655851e-63,2.792400850865605720e-65,9.123127168908074216e-54,1.361528614323232689e-62,1.845527643023735710e-48,2.217077004949654733e-66,1.117661418951569878e-53,1.138551163712925914e-59,4.303508509965933916e-51,2.886699102573308078e-52,3.555422492355724186e-49,4.076706364411696037e-64,9.341633124207820712e-49,6.392096538018157154e-60,3.733770284778859731e-48,2.764978491650282098e-68,2.398891615676513202e-50,3.613920719007489748e-43,5.980514379186195016e-61,5.722091233534427837e-49,5.246302318292152444e-64,1.418642711404993682e-64,1.819509535604036146e-65,3.268624253733110626e-62,4.484670190408677967e-59,2.414315276755454981e-49
7.365724823218669182e-62,1.900835806552842608e-63,6.281253623075937534e-63,5.623434895071439015e-65,1.530116029562243185e-50,1.400345542711510648e-63,6.116613585570562633e-67,3.515726903437284748e-67,5.207632287055568624e-66,2.599596887265696109e-67,1.383309512165016863e-65,5.670606695721296584e-62,2.774608350359807417e-62,2.206044566418891741e-66,1.481459365684224477e-48,4.108434966439009167e-65,6.173291289200147792e-66,7.305077985061317512e-64,1.267405251037159282e-47,1.727213826774911608e-67,9.870712455753417875e-67,1.398117611597305762e-64,6.417505826978572925e-68,1.128866487671857284e-50,1.365053425537428146e-53,1.062410032645283300e-63,2.572605657706644023e-54,4.584451196595848641e-67,7.844435031725187293e-64,4.489010117257674557e-48,1.846386577359525720e-50,6.406155443675037884e-49,2.842974566572415255e-61,3.646060340620210746e-47,4.267437449883942785e-64,6.564852454125780173e-49,1.033722960349811147e-50,6.224492106066365501e-49,6.620574779564712593e-62,2.778771884293808496e-54,1.935775975700846408e-51,1.971464148126078255e-45,2.022808653961603182e-48,1.540144831951443812e-63,3.797354211578514638e-67,4.168989837518313896e-66,8.320755577908457973e-64,1.170507040134504815e-48,3.168056591052087266e-53,2.045981674505463049e-65,3.761783939289467763e-68,7.055068485013794266e-54,3.527595229652236507e-47,1.246541018199540206e-66,4.076964993718077033e-52,2.425145855202337145e-64,2.138710060539546861e-64,2.357987474155142686e-68,4.357074522187195986e-65,2.792343831440958117e-66,2.678185928900356308e-63,1.061545862973881910e-47,9.530211719047532800e-63,1.092818963838499658e-50,1.979977992597065746e-50,1.384160924547085725e-51,6.213506503162005968e-62,8.309552361707466836e-67,1.671358990188735018e-67,9.389671155000053614e-67,5.100549984569613827e-68,5.657763454203305311e-49,3.977732496968784107e-67,1.776044454328839119e-67,6.514542509181559705e-49,6.630877849410223275e-68,6.209183619005504485e-62,2.405802067222867217e-48,5.046652874216706003e-51,5.887814655534605816e-67,2.785336577550944879e-67,1.985855831071266434e-49,2.646412815534695098e-51,1.459438282609728489e-54,3.281211277244165943e-67,4.186196186432237714e-65,5.788411392266055036e-66,3.779348100911094983e-65,1.719228066228134959e-45,1.199572376041291736e-67,2.771984215337075436e-48,8.372511149824310152e-67,2.738750575593754574e-52,4.088265558317861178e-62,4.444393627352082163e-64,3.215345055545318290e-65,4.976436326650023530e-46,8.641655527773360233e-66,2.702697034568686919e-63,9.337699078926443590e-62,3.794255390572540911e-64,1.106230550983544694e-49,7.135670990606095516e-49,3.207231724026974282e-63,3.813679294991271746e-64,3.936090051411360962e-62,2.215015460797706842e-50,3.103335474004542369e-67,8.478830844168102965e-48,5.438315317284947702e-53,1.244421933746718731e-47,1.403583437596995345e-64,5.414380127441990153e-67,3.337323735245933582e-62,1.240494117645574557e-48,2.289816902810310084e-49,1.160190728245995615e-54,1.446416145603250773e-50,2.057958592308235258e-48,1.149865966845602762e-53,5.593602904447777503e-49,6.227337885070114968e-49,1.892791961519985542e-53,4.772695347307860539e-51,1.097576649443070639e-49,2.006060742529808723e-62,3.763250073566340115e-50,2.236158122492543787e-50,8.148374542094663347e-48,1.806709141110534709e-50,1.619833224959801551e-66,2.907109101603190511e-63,3.921845566642378467e-64,3.725468751757024027e-67,1.782418941038608852e-67,1.912751027384746518e-49,1.412436213006372558e-53,5.686396895660143258e-68,1.112966195095255992e-48,1.558708263147580706e-62,1.570349036995638016e-63,1.027552838282837291e-65,9.278285094857777815e-68,5.095299360734861252e-48,1.023073368640919507e-65,7.854854216912585848e-43,5.621190604741792265e-64,1.340958562725056977e-51,3.332781912584178897e-67,4.336292890247123711e-47,3.650523680665787874e-61,3.613896937280435712e-53,5.225646645770148765e-61,8.332886256164841554e-66,5.170529781587207665e-50,4.395552387738939839e-62,1.425583854391527129e-48,3.013513739292481087e-53,2.768364972479929301e-64,2.639289309715524432e-48,1.594422173908926057e-66,1.961590449681556076e-64,6.479309982402729672e-50,3.607175982521571224e-63,1.011398738891780629e-67,3.588538053816625434e-61,3.903203777843232544e-64,3.480093791315465595e-63,5.724509571301539587e-51,1.968256675181558196e-49,2.456637755831285384e-50,6.236746205874801537e-67,3.843622574948722653e-62,2.523977292551130552e-64,4.602997263232295453e-50,2.701285839196660686e-66,1.403957109139919332e-66,1.271498516634131042e-49,3.280070315604081545e-65,3.848074995148599009e-49,0.000000000000000000e+00,4.132698805817506464e-53,6.735587446066684566e-67,5.440147518383212443e-47,1.064506724425046415e-43,2.269869343393886452e-49,1.155491358436213657e-63,1.253013127125209536e-53,2.324107944393495638e-50,8.033757404785434502e-62,3.300942422728775152e-52,2.487935974857100557e-62,1.851346827740135075e-62,7.779804224107474683e-54,1.124581360658439171e-53,1.389666131442183430e-63,8.478294103431336928e-54,2.442251249745305739e-66,1.175494389183191857e-50,3.317768669883069144e-62,6.605498310959796644e-53,2.977042209605776363e-49,1.829027578808915267e-65,2.504056570229321770e-66,2.632095514012947349e-52,9.638673378758986817e-37,2.673793186606298873e-50,1.491794960431590251e-47,1.698845630308286743e-66,1.254693692173450127e-66,8.525120763395638655e-49,9.482375815833512266e-51,8.041730327612433158e-50,5.065108239813345269e-46,4.576525096502082935e-62,6.400253268000041078e-67,7.086382133095315789e-65,1.328780441916639374e-51,4.439398682725773868e-68,7.324842452987146982e-68,2.023222254799376886e-48,6.564246833279160932e-54,3.429055835615728439e-49,1.208190221770576870e-53,1.688017305533153762e-49,9.807137678907245725e-49,5.895896373921097566e-43,7.242211024033848808e-67,5.817867246999587246e-43,2.120914560723651268e-68,1.476248938467560599e-64,5.882735345764152917e-66,9.194463170930006006e-54,2.020961731742912229e-64,1.269782632619383446e-51,1.609686129473862667e-64,1.236085410529148826e-53,3.390526155820561911e-64,3.631227629646312335e-49,2.175734648924750329e-52,4.457730534149135157e-47,6.217215024883059016e-62,2.238136032706513056e-50,3.364362851475515406e-64,1.387044650101808486e-48,3.077358955340796913e-68,9.176150356877328941e-48,2.523741243711445743e-49,6.439088535196403351e-64,1.015952941533440143e-50,5.267597829243018702e-62,6.882294649515049495e-61,1.355857847347832403e-65,1.711965712410419920e-63,4.346099903000456003e-63,6.795066256093111301e-48
3.167799431368051153e-68,7.400689754628641872e-68,1.681584130412089379e-68,6.107754880107313195e-67,1.165274889588486263e-51,6.133623275804963325e-63,2.325354778485778028e-63,2.248742784056912498e-63,4.126261396296978798e-65,3.150434197252903207e-65,4.962813278895413686e-67,4.841234457237620421e-68,5.530259359311507261e-68,1.152380240565684808e-61,3.952972140360152751e-54,3.821732759334822774e-69,5.903091882193097611e-66,2.075529189703892589e-65,1.628597846797964591e-53,1.648378097310935158e-65,1.237819170240382000e-62,1.257728958057492759e-67,5.615443697335176061e-67,1.765420647268295647e-54,1.489043835089614732e-50,4.353754989437107552e-63,4.671474546897701029e-52,2.841304383432789102e-63,1.182812686459761354e-68,1.726211718455013694e-53,9.547813515624852676e-52,1.150773372398209039e-55,2.064192462005151001e-67,7.777393116313307212e-53,1.571731895452246990e-67,4.348864165739783546e-54,1.712956505981264024e-51,1.563491384372834198e-53,3.106523029230205351e-68,3.324308833723531742e-52,1.346778550562164872e-54,4.772852284922789514e-53,8.520619605548842738e-55,3.868037258653362090e-68,1.341616254706215160e-62,6.552673954229992031e-65,1.518889585223734805e-68,1.568253294569480073e-55,5.194991982897995971e-52,2.296978968351430251e-69,2.451530987587879256e-67,3.845345115790973979e-52,8.041451500483056849e-53,6.641773083316817440e-66,5.149511670854882802e-48,2.074796702622347395e-67,1.866651998992196421e-67,1.070396791237188435e-67,3.875246242032421069e-69,1.385280571813864852e-64,7.251736013394141057e-68,1.093246372042861137e-53,1.911116390845576927e-68,2.957030357238286555e-55,3.962631536155096163e-50,1.961970292573724235e-47,3.335246687990436336e-68,1.504951631922502749e-62,3.979659088833041925e-65,6.485542567037383812e-63,4.951604475111625251e-67,6.322866600008744313e-54,1.720065581663218420e-62,3.556324937821029140e-65,1.655999352136451014e-53,1.407633515756101302e-66,1.554445817511828430e-65,9.324556372291989387e-55,8.041764848669217657e-54,7.684756092652801361e-62,1.937642017057123862e-64,3.521051284356129010e-54,1.331281321269709979e-47,7.075215941146712912e-52,1.194735995966399085e-62,3.504278958900849901e-66,2.975497963580924203e-65,3.550042789462979232e-69,5.274678626830802235e-53,2.202125232149322276e-66,1.920932146449718018e-53,1.462059722769197118e-62,4.497112662739980473e-55,1.611028722799669756e-68,1.075891727699862994e-66,7.338791900849073957e-67,3.904472502674447235e-54,3.312553855890727454e-66,7.800386921019585620e-68,3.139481907286063891e-68,1.935495174474001055e-67,7.785540794920547227e-53,3.798781175095596764e-54,4.181830353590012456e-68,1.607461627551369377e-67,1.953195981419427437e-68,5.109118921490916293e-53,2.119819957066711713e-63,1.861990596181734793e-53,7.680813356452190783e-52,1.011823894889709624e-53,1.467790291535031396e-67,1.352151671548839929e-65,1.679185852806514049e-68,1.311508118319141307e-55,6.763789681121773642e-53,3.213645135616843658e-52,1.106777370727350641e-52,2.362508181631975639e-53,2.733950656097628334e-52,8.343154989401371401e-55,5.322349249317435321e-53,1.281069881460836159e-52,6.304590394606141296e-50,9.678772277367619458e-52,1.802190184913348869e-67,7.438102356554602308e-55,5.011408800887743329e-53,6.054103581753387861e-54,2.573466049898954796e-54,3.590419392107306861e-64,1.187877451112934302e-67,2.113840479095700449e-67,2.938211671766813532e-64,1.611747764029028519e-65,6.190926940619096776e-53,1.595559331678121909e-52,3.388588850119410111e-67,1.168509628208318423e-53,4.405882211719532235e-68,6.559591133056388367e-63,1.417633065617699460e-69,1.696525787927402502e-66,8.596976643168782950e-54,2.535505527414850204e-62,6.700407340873834860e-53,1.405397088515391979e-67,6.692263632363819868e-52,6.851289604801110964e-65,1.287223623383312502e-53,3.578328518218958513e-67,1.361912545283940004e-35,3.076525832339117253e-68,1.307188450067696902e-69,2.814944321305246062e-55,1.858649257956617771e-68,4.615430827365324261e-54,3.593191226974850544e-52,1.026474305000719036e-68,2.127209161190778521e-53,4.286281172403526475e-64,4.970360694496857727e-69,2.440685556151985303e-55,4.147767827977957770e-68,3.379827218473560901e-66,3.310845918038646509e-68,1.286247974778369159e-67,9.705206033873332265e-68,1.031194342647824556e-53,6.482706555862540960e-55,7.792840108150068662e-53,8.541348846663434735e-62,1.661425693806625654e-68,1.328729789278216382e-67,4.580362448363099914e-52,1.002661766393709441e-64,3.603199588161706215e-63,4.265706108180192924e-54,8.472866987593565361e-67,6.066984259203160861e-53,4.132698805817506464e-53,0.000000000000000000e+00,3.599518298299505479e-63,4.823931892763295090e-53,6.272882266940650855e-53,6.064756583388774553e-54,1.384500393074186732e-68,3.570049333438147951e-52,5.574762775374554373e-55,8.524720011436292290e-68,3.507224707998823994e-48,5.315353797185110290e-68,5.704368119601293273e-68,5.360571205800674467e-52,2.838000170481370420e-52,6.156859129445438545e-63,3.705197846336019599e-52,6.246737081340578904e-65,1.111764240969869129e-51,1.589832535243643248e-68,1.628386979985823358e-41,6.217808479984049790e-54,5.528919078133701270e-67,1.329394649536098270e-61,4.761177402727430742e-55,2.340036206471326861e-53,1.224164655657948342e-52,8.060381742768703323e-54,4.511348485936533549e-61,7.243465025366594245e-62,4.605341890506594325e-54,3.667589764952708731e-55,1.428897529518689503e-51,3.713455052968849996e-54,1.123410661632062802e-67,9.833784042519085949e-63,2.880992961818333114e-67,1.591645051784635265e-52,4.287551702770088511e-67,1.445767085964944595e-66,6.505176094028713722e-54,5.009943259081539309e-52,6.421749305488742392e-54,3.006030893623522691e-52,4.645587942938216814e-54,2.204061272620644275e-55,8.438073204866504795e-54,1.466033411645887383e-62,9.896355717709346767e-54,1.092387980738687299e-67,1.207814492037140191e-67,3.877490506106454052e-66,5.465530682085337583e-52,1.608297173921556867e-67,8.112112433413602255e-55,4.436088612713221867e-69,8.764713388760383833e-53,1.725466438244754796e-67,8.424760711418677406e-54,1.622729030723769829e-42,5.613737421644746155e-53,2.916401643386508382e-68,2.690653038151159284e-52,1.744722606384769406e-67,1.903878815294568108e-53,1.924881622586378091e-67,1.570710270464643434e-53,5.457396668095707472e-53,1.255674119102800079e-66,1.259919769391095211e-52,3.351744947853618756e-68,2.796588996839623540e-68,4.019798099021480108e-59,8.849040924411941535e-68,5.406955298206878818e-66,9.087012570877951666e-54
5.478491252575875148e-82,1.514426466995591992e-81,3.032432747137073966e-82,1.615825585154530457e-80,1.868955088233567335e-65,5.982956462984489343e-77,3.999999996778022537e-01,2.263682050360078951e-78,6.070803832560678077e-79,1.531980862647241985e-79,4.967502752120081399e-81,7.725471881778102671e-82,8.606502325432038605e-82,3.239949416375027411e-77,5.465411218765346351e-68,6.923616823416512842e-83,1.293404631461824390e-79,2.788713027973879989e-79,3.002714272237373746e-67,7.456629279355319924e-80,7.107594181957641773e-73,1.400868561169886978e-81,3.829932041460540030e-81,2.572284684591215953e-68,2.067370362422220363e-65,3.617045067684463972e-77,2.373485162459440245e-66,3.999999996402392455e-01,1.791339065339168383e-82,4.148236349698066439e-67,1.412495384560213145e-65,1.934025046260463218e-69,3.901637638233896191e-81,1.523379142100386092e-66,2.443054609476489345e-81,6.081764020175081621e-68,2.871907072447516293e-65,3.400449708065990922e-67,5.736858783225042565e-82,1.505693128954887372e-66,1.968931951736417891e-68,6.026868487585147462e-67,1.301577317204711878e-68,1.110710771781503698e-81,1.188021115799068289e-77,8.592012953730656405e-79,2.684637901682745883e-82,2.452471095326288356e-69,3.744361661461840978e-66,3.078572951348345133e-83,2.052534404582300928e-81,2.321456036363835958e-66,1.771610418658053633e-66,4.828608830832294187e-80,4.919092175924927478e-62,4.818837992000061699e-81,2.504121410685425975e-81,8.524386996443291178e-82,4.107481614612695914e-83,1.415571267164702312e-78,1.231741797524719554e-81,1.906539358194132818e-67,3.846583878225330438e-82,5.422022681401734134e-69,3.402818103113656050e-64,1.145841792637087325e-62,6.651070359064363304e-82,2.772125263451128050e-78,2.512481599551650445e-79,1.801261586590930848e-72,3.636306423919323907e-81,9.666583896972992039e-68,3.177817456662691199e-77,2.342637468640390589e-79,3.224177343772890107e-67,1.333211400205797494e-80,1.897578972974451332e-79,1.353213065636351618e-68,1.421807424169933294e-67,6.255230020947703075e-78,2.229334466808038642e-79,5.563927478116068283e-68,1.882164599270132635e-62,3.511867250371873844e-66,1.479288556181060835e-77,3.021608192546071025e-80,8.009444573927560669e-79,5.340298476976799031e-83,7.235168887737407085e-67,1.548922216704079346e-80,3.148443477053544119e-67,4.813251216194990578e-73,7.321330612446998942e-69,2.277828044170694809e-82,1.278602900278822759e-80,1.340710639744455029e-80,4.775700149413560920e-68,7.116456419973103972e-80,1.702584349452574232e-81,5.472284273428738643e-82,2.578613018038586678e-81,1.552233622513630327e-66,5.157527664367934128e-68,9.314895276035695378e-82,2.077579957306844407e-81,3.406683717697503776e-82,7.456450435360813124e-67,2.209341273883615003e-78,4.319047832518249428e-67,3.782469758619306977e-66,1.808081173394619878e-67,1.960225965581511661e-81,1.026188475710496158e-79,2.927056412086929750e-82,2.406868593665220840e-69,1.301497577938894386e-66,2.520626812218574843e-66,1.951071750675758600e-66,5.665804276004976799e-67,1.842714216111583585e-66,1.488850381094439220e-68,9.550899066586433869e-67,8.416314484290371903e-67,2.747723093110989620e-64,2.212156976170188721e-65,2.490799820930191335e-81,1.269963585544034696e-68,7.582653830668610323e-67,1.019193053994221522e-67,3.402361547314517501e-68,3.988180029988884542e-78,2.066103505266970617e-81,3.779076726693911857e-81,3.089075276070122136e-79,7.289942792080300704e-80,1.192179942048206004e-66,1.045825930172366915e-66,1.978990130593330842e-81,2.425407220126337680e-67,8.273266407832600936e-82,6.401959922716686954e-77,2.510587710732821083e-83,1.058099539523672748e-80,1.353724264214830141e-67,9.527424083703006336e-77,8.648255955294459442e-67,2.528156603174907424e-81,4.871706103022343398e-66,3.740081980286332588e-79,1.805899550512579090e-67,5.001296217328748856e-81,1.964371691136417760e-63,3.759982721226234059e-82,2.324714117693189126e-83,5.467985451969735213e-69,3.242773150599466893e-82,5.320502453668021120e-68,3.036615138038521017e-66,1.601717415625592635e-82,4.093201211536102063e-67,5.824134629393800853e-78,8.858837931301071758e-83,4.170861490928790922e-69,9.708534285371005490e-82,3.357058352950261196e-80,3.585119249731991602e-82,3.134041731434639710e-81,1.792452251959129119e-81,1.876598057332862333e-67,1.034474555111174457e-68,1.270763312173721175e-66,8.071512373520459700e-78,2.336118263282060143e-82,2.325228282742400555e-81,5.855738037019644258e-66,2.229605778665714670e-78,3.671923043348855049e-78,5.271940551161347858e-68,1.727258227328732865e-80,1.054289489668577987e-66,6.735587446066684566e-67,3.599518298299505479e-63,0.000000000000000000e+00,9.663007481035826243e-67,9.168790547478948887e-67,8.894204010637069280e-68,2.611221999555432090e-82,2.171134071689233442e-66,9.366847801312473041e-69,1.538132700954390431e-81,1.138680603004181499e-62,9.167730471501432627e-82,8.680624187553840028e-82,2.638521351177517995e-66,1.812390983150944660e-66,5.701251840339242472e-77,1.899630242943702358e-66,7.389630186779361391e-79,1.945015023502156169e-65,2.682255629876063361e-82,2.629573239375329827e-63,7.508925999459887532e-68,4.802040770024808806e-81,1.804799025072080005e-76,7.275766868219005745e-69,3.039917142989042318e-67,1.728654243263579632e-66,1.295247766273520318e-67,4.690961411461750088e-76,5.945449881379087074e-77,7.241169663127940538e-68,8.207836882162876887e-69,3.715892506727468651e-65,3.799116389820363164e-68,1.757517585031565670e-81,4.687909038193244916e-78,7.978633083145910738e-81,1.740682529621286256e-66,3.746060090795803212e-81,9.908260872363923624e-81,1.120442808469581221e-67,2.422576431016473266e-66,7.682243215806075499e-68,1.797969359270961713e-66,6.146929356126499063e-68,4.015243385302469156e-69,9.997133389653006689e-68,4.061210370076452405e-78,1.231789217873044196e-67,9.778550706366263859e-82,1.295345898116280889e-81,8.198712608888582554e-80,2.438926166759759305e-66,2.224065537412968718e-81,1.269943395028550268e-68,7.654716711267716895e-83,5.476164993327309451e-67,3.018133727590397673e-81,1.305449564694213100e-67,7.426338182531929505e-63,1.006306248433812154e-66,5.429867293982222351e-82,4.458447953162354297e-66,3.869931890371345678e-81,3.674517068195857947e-67,1.451306868477221760e-81,2.867868801536676853e-67,9.269107651827238824e-67,3.080557522674857396e-80,2.295452584301886210e-66,6.657902208241856547e-82,2.974947608414823315e-82,1.902772757733541613e-76,1.966049417160121138e-81,1.020262371185192899e-79,1.779552615238928509e-67
3.258189288852742557e-61,2.821267799498041136e-63,3.735581181410716550e-63,8.402574276882194810e-65,1.339207487588322048e-50,2.241621600612377404e-63,8.517754352015995706e-67,3.077068312208156030e-67,4.656282986569785361e-66,3.180105366937847487e-67,7.474567188059270072e-66,2.996913855528096620e-62,1.641771506949269282e-62,3.658646539528456025e-66,5.333149611886866455e-49,5.715469596419744505e-65,6.616031189327334228e-66,7.610882410471627989e-64,7.992328633375543883e-47,1.716340629269804288e-67,1.330520964113383465e-66,6.134762300514692837e-65,6.131070252798334307e-68,7.554496610843288215e-51,1.377637181950222013e-53,1.208021270969066677e-63,3.125027830118103005e-54,8.107817755741733507e-67,9.076722232578872468e-64,9.700247090751526873e-48,1.595812200891493847e-50,2.123995604047700172e-48,3.463814520185740810e-61,8.114977681867945709e-47,2.627347471261005580e-64,4.696597001901367822e-49,1.233159168880524832e-50,8.284997225494667124e-49,8.753219526906844596e-62,2.796464221225810992e-54,1.578802820976563969e-51,2.873272001706785108e-48,2.183078971470797692e-49,5.106251310994188394e-63,6.184340955724523200e-67,4.065450985472876331e-66,8.925578690256466092e-64,1.103500058951659356e-48,4.405036419197526754e-53,1.648582946137724390e-65,4.957160340891213489e-68,8.754630443566430397e-54,4.995428071242012805e-47,1.645077115730060144e-66,4.777886330387359745e-52,3.234322938042857584e-64,9.577338945796562779e-65,2.756149303691922493e-68,2.081218181892601280e-65,3.535930461219342961e-66,1.324849864162478930e-63,4.723656582079896340e-48,9.645762110696704711e-63,1.888280198080072896e-50,1.456200135120672756e-50,1.690228276840987875e-51,8.384938488960539428e-62,1.025814227629454502e-66,2.393257015163950068e-67,9.455023576971426087e-67,7.754824982512854569e-68,3.821145934176819535e-49,4.610826502470636698e-67,2.297921122459236620e-67,9.733679169717890935e-49,1.015013241557167758e-67,2.540355153591520660e-62,3.128314853594754124e-49,4.589680736268590758e-51,7.684884117552576123e-67,2.482650142974561704e-67,2.049515965069968256e-49,2.874728669285882436e-51,2.026173322564518476e-54,4.086667293984948408e-67,4.132563317803831809e-65,7.683891650308867776e-66,3.144404624399393847e-65,3.191561618622266826e-48,1.424006515293837244e-67,2.267175355593122236e-48,7.766281170855285043e-67,3.056482290410371535e-52,5.974937150414614228e-63,3.056492601213728196e-64,3.289744186951502292e-65,1.106028995467255065e-49,1.060147217954265031e-65,3.913062584282284173e-63,2.965976882217207003e-62,2.490099898220816819e-64,1.094888540087940333e-49,4.184074937963171559e-49,8.609895787230479871e-63,2.420397729451713847e-64,2.488750554724954371e-62,2.018092947395802135e-50,2.768181917150218426e-67,3.178188217695534429e-47,6.639804306923717819e-53,4.821357620534260119e-48,1.269263835705215392e-64,8.212491491896595710e-67,1.792151725421383242e-62,1.122389613479970250e-48,1.518142571056171342e-49,1.776734563877102822e-54,1.525104245715413893e-50,7.906337265174030569e-48,1.559183854710565584e-53,2.654349363374021529e-49,3.242084641982577824e-49,2.510740973663770620e-53,3.490066356170568500e-51,2.628783369947893601e-49,2.865781174771616649e-63,3.534876662839210316e-50,1.643837293853535704e-50,9.719350135009429822e-48,1.369793104549123812e-50,2.509991266746832690e-66,2.408622560548417908e-63,3.609010346568043783e-64,3.352311381765939157e-67,2.306166913337180449e-67,2.265427507558247678e-49,1.845418205938139702e-53,7.851978107486280723e-68,1.363384001425693299e-48,4.169563176873927288e-62,2.100257034911864670e-63,1.760400941466602653e-65,1.082263826020013127e-67,8.689650137305004055e-48,1.557001695194333230e-65,6.638274073588116024e-48,6.129745025275877065e-64,8.561138272788574723e-52,4.987628176115441975e-67,1.582499341318682990e-47,7.903680491513792587e-62,5.212218018458964615e-53,5.856070137322818011e-64,1.168349532857163482e-65,5.232008529126104540e-50,1.602845094430992175e-62,4.292806284038744800e-49,4.634299106626145913e-53,3.226225908625318236e-64,2.836690724918712455e-48,2.690560990114030054e-66,1.344023631715355236e-64,4.627985460572222860e-50,8.063679611585866703e-63,1.544084852698891130e-67,5.023958010599111602e-64,6.901811978594980286e-64,2.294774384842043796e-63,9.301536496253543217e-51,6.200765587233486390e-50,1.768050642832638702e-50,8.402717987266160411e-67,9.019710799369999917e-63,1.786719464490996647e-64,3.706041823336936092e-50,3.241649676901465128e-66,1.443149290450549159e-66,1.035426464308876121e-49,3.306411017416767903e-65,2.928326001226317324e-49,5.440147518383212443e-47,4.823931892763295090e-53,9.663007481035826243e-67,0.000000000000000000e+00,3.665391864065447244e-48,2.028397415084782560e-49,1.544437726880308309e-63,1.670798371309416898e-53,3.214624471465781777e-50,8.353490025323430590e-62,4.899585360015438174e-52,2.779829762644620539e-62,3.952245934746774077e-63,1.121671507424034897e-53,1.405084315737306875e-53,2.128612514810949176e-63,9.831580933288950538e-54,3.090438068076084705e-66,1.219207854404453625e-50,1.601933021196509807e-62,1.075406524869159934e-52,1.968701078147647417e-49,1.245811409584617412e-65,3.793294957448172704e-66,1.960389349724798080e-52,3.017114840939214417e-48,1.521836140612019458e-50,1.981693860524853690e-47,2.028625456412639255e-66,1.587998424464678490e-66,9.257663018686154087e-49,1.610990304739611581e-50,1.298068705068217901e-49,1.036846641094437178e-49,1.415122672233696348e-62,1.137393534285062773e-66,9.751906044758976987e-65,1.036451204537030889e-51,5.587617594715562816e-68,8.899140724829076036e-68,1.600689217112660024e-48,6.237132309279979015e-54,1.966483740717715111e-49,1.298048808060850983e-53,1.191951778214333904e-49,1.673488826502300156e-48,5.271878940462867026e-49,9.477820439582912639e-67,1.307774065260122108e-48,3.322465172757787189e-68,5.764460453028500303e-65,5.806902504453384097e-66,8.243333170805101522e-54,2.203836142259549199e-64,1.013886513986401438e-51,1.403495749338664155e-64,1.692084430452870562e-53,4.201945133692023873e-64,2.489310716537323365e-49,3.291471166554574159e-52,1.734511165270855932e-39,4.761225537516872589e-61,1.973103484970853355e-50,4.672855516201819584e-64,1.702689577360673830e-48,3.736081500271982012e-68,2.180167776086075304e-47,1.217872850149683987e-49,1.004623065189327221e-63,1.298019198340569635e-50,3.501724362381549027e-61,9.145237733453566881e-64,1.543539919622325346e-65,1.645906851045644334e-63,7.583343081199710642e-63,2.143831921095438591e-47
4.436865956827386662e-63,1.262996584064056177e-63,9.511578801700558318e-64,8.626022679979224569e-65,2.951233259076276719e-50,1.830630502651005395e-63,8.037724148535022795e-67,6.704469942531686552e-67,9.394453673426081700e-66,4.221620276506753832e-67,3.620237622975513870e-65,4.726641873361989423e-63,3.717093536922276303e-63,2.964145292603533212e-66,3.559715540895676389e-49,2.365540681759910615e-65,1.037578601591018466e-65,1.249609286451608675e-63,9.976331386552232490e-49,2.726250943578543197e-67,1.409649554395765594e-66,4.133684152685216777e-64,1.024033747718126272e-67,1.089302033116990564e-50,2.282633086185965975e-53,1.571940458961939065e-63,4.465214562808135844e-54,6.124604283869336044e-67,3.176439346257338951e-64,1.133108275666024500e-48,3.915175893891625327e-50,2.562002907586237904e-50,3.648381668393082044e-62,5.617230095189736842e-48,8.795362665521653166e-64,1.969729450839446079e-49,1.681990049013931002e-50,3.494026852633801283e-49,7.021496464650779578e-63,4.570875954299653277e-54,3.431962338460445364e-51,5.150242361943546911e-45,2.682078887202853508e-49,5.839083084485949334e-64,4.989720452542659070e-67,7.551327127605985232e-66,3.104394486799876140e-64,8.476058117943544029e-50,4.344787718505777750e-53,1.780885490107498608e-65,5.159145070723428548e-68,1.117614730760450098e-53,8.007671251988125372e-48,1.762930638175962001e-66,6.468754483817807626e-52,3.224160705641755574e-64,5.316356171566711737e-64,3.611632035778880664e-68,4.493811950712009636e-65,4.423605326304482853e-66,3.327054690802730822e-63,1.035647275244359647e-48,9.942722608726015478e-64,4.315967685105583726e-51,4.146036738280155184e-50,1.949066501012003097e-51,6.096336768195369134e-63,1.296867320360444428e-66,2.255142542350275082e-67,1.476293458972335723e-66,6.924904072330826327e-68,2.528946315319324751e-49,5.940239823747453997e-67,2.753589858689774088e-67,3.623859418954084494e-49,8.289457724226581999e-68,1.506636075005059618e-61,2.725211640188588934e-49,8.865984236038936299e-51,8.640417182589233913e-67,4.477523565476711430e-67,8.161045567386253471e-50,4.254863757955181425e-51,2.211399040906765309e-54,4.470459884624559667e-67,8.349974418453757423e-65,9.819698813471505676e-66,3.073179688896981829e-65,3.317886000889320404e-45,1.807087890713333175e-67,7.058203768279453208e-49,1.263283203493815221e-66,4.476371913790114927e-52,5.672122005206367861e-63,9.834508308383083640e-64,6.249122401735517939e-65,1.832105009285666490e-42,1.330826459668688229e-65,1.674694127727429893e-63,7.349258159086415562e-63,8.739056141399003313e-64,1.813930790007091709e-49,1.990351539378634677e-49,1.008695150615837906e-63,7.678356958653144221e-64,2.548902883764472913e-63,3.802623878960924204e-50,5.142502855991849263e-67,5.705339667766739236e-49,7.829783565161814866e-53,1.218062409393709138e-48,2.498325910658766175e-64,7.414604176804112210e-67,2.391387922190220916e-63,5.383879981580416345e-50,3.805432222094723392e-49,1.539524412838580398e-54,2.900827579622257237e-50,5.363825080508080431e-49,1.661471201207379787e-53,1.815306085336523071e-49,1.053708844342315062e-48,2.645368002245658052e-53,9.563704225323487490e-51,1.328713587361864933e-49,3.171303157571470190e-62,1.695601601817084326e-50,4.667118703553951263e-50,5.229602102687362206e-49,1.588325782724601757e-50,2.265716684423654765e-66,3.053879371171067471e-63,6.107346345289979352e-64,6.808884181906961806e-67,2.751860949675938592e-67,2.547517563894708780e-49,2.099419587694173845e-53,7.909476769578308333e-68,4.891151743023164418e-49,2.786422276581997251e-63,2.126011066032699392e-63,5.981054280436912761e-66,1.415382385437303358e-67,7.005872123104928018e-49,1.340913419074739391e-65,4.599210520188464662e-37,7.399466998199738467e-64,2.877271465648938793e-51,4.808938955506479607e-67,7.394107150192977622e-48,4.737342473912185898e-62,4.861675600468277558e-53,6.806805337298293226e-59,6.268947038482160593e-66,1.921268177078040232e-50,3.984588130834711683e-63,4.786520682008906242e-49,4.297851628491645024e-53,1.264950058450452597e-64,6.491205346508704243e-49,1.967199572994833928e-66,1.073263262296774327e-64,3.261999170838533570e-50,1.295906098287580025e-63,1.322129665464396770e-67,4.799776257527073026e-59,3.840128816356217176e-64,3.397849058432956839e-63,7.292957480994781168e-51,1.363674328042036116e-49,4.215052295682890855e-50,8.819839708694587784e-67,3.464724050821248203e-63,4.987362582516543341e-64,9.751831457274399204e-50,4.335556290408526430e-66,2.093950830802185171e-66,6.688712212891976496e-50,5.598057388150704260e-65,5.452885235404481208e-49,1.064506724425046415e-43,6.272882266940650855e-53,9.168790547478948887e-67,3.665391864065447244e-48,0.000000000000000000e+00,1.185928817880575268e-49,3.456134560491963679e-64,1.930403257348523873e-53,8.434789419596734585e-51,1.421146722645310999e-62,4.732376500039244524e-52,5.851543974720157450e-63,1.545442500826112917e-62,1.057003114184365015e-53,1.712089220047684821e-53,1.848996299407386936e-63,1.186318973309904597e-53,3.587255654923368144e-66,2.202929598255641740e-50,2.348201083781192159e-63,8.681812161344014264e-53,1.451565285646803718e-49,4.131942294436515926e-65,3.247676051051700155e-66,5.704401845677171572e-52,1.643032451496326904e-42,6.508400754506337742e-50,8.940050618572886896e-49,2.472287411457753819e-66,1.865690504600819722e-66,1.706319307523973286e-49,3.440491497950089067e-51,1.166837378268421347e-49,1.827741377508177915e-42,2.374583428031139460e-62,7.977420945426898874e-67,1.083497515802108518e-64,2.992261824170771320e-51,6.580750744621992562e-68,1.038568655410231659e-67,3.891049731459092256e-49,1.125792060587215206e-53,1.896222695857286868e-49,1.733835270652024021e-53,9.634551670100752441e-50,5.669163786462103535e-50,6.432852161660327115e-44,9.770306799640307435e-67,2.890070075989529783e-44,2.822468675790691957e-68,3.855007187573144178e-64,9.661477937956109857e-66,1.525869586372260740e-53,3.410491373532869252e-64,2.256266981541175777e-51,7.513805204170457120e-65,1.839965389734413574e-53,4.800062938787404017e-64,1.974463310742937723e-49,2.939418281646517867e-52,2.978667767677890980e-48,2.889828593155555496e-63,4.464297208346860651e-50,4.376805186355265018e-64,6.673715367192937710e-49,4.570914351412625055e-68,7.188295330091231772e-49,4.644403052684781886e-49,8.275178452690010158e-64,1.677412031371716919e-50,2.822121336152760306e-63,6.795034801497381725e-59,2.168089870353853177e-65,1.406506936593136449e-63,6.036117617797294268e-63,6.954043510547244997e-49
3.877569118033439249e-65,8.679268914374744085e-66,7.639024323508611506e-63,2.077506822027383031e-66,6.919820338637264103e-52,2.657289591605119313e-64,9.101284010797899582e-68,4.787425040489956120e-68,4.510077573402690539e-67,4.271566015791916522e-68,5.750735541435786768e-67,6.149585597397000218e-63,2.931242385861871437e-62,2.923274417365868883e-67,4.708982320311108337e-48,2.067047719491161434e-63,4.119934380788921800e-67,2.839498729304924639e-65,1.077487699320122853e-50,2.638946511590071344e-68,1.222929913149118098e-67,2.416941959823922423e-66,1.008584684390809876e-68,2.554986579363731062e-49,1.717144070232942473e-54,1.936455440442939039e-64,3.170046150543695859e-55,7.836788597180934007e-68,8.675328548154043260e-59,1.231995459990440301e-50,8.524409087955031627e-52,4.111608695623951477e-52,2.072237001939057314e-64,4.628448693010396697e-50,5.304651039153602014e-66,2.676631653598918438e-47,5.524930838572960652e-52,3.786356187962518868e-51,3.579843844590950849e-65,2.966167532951458799e-55,2.907862218969388336e-53,2.511854159807447352e-50,6.303220579630171393e-50,1.373963427682601390e-65,5.756584514706500754e-68,3.693150548833013628e-67,7.264461736704936667e-59,3.001762558530319703e-52,5.271601217707277209e-54,4.941581483913897648e-64,6.446595799282141344e-69,1.053450179096992626e-54,5.270961782882060929e-50,2.464399126593152136e-67,6.684436222548993513e-53,4.778381189484217990e-66,3.166789183717755235e-66,4.150938956884156153e-69,9.282084931052714878e-64,2.944819043776285276e-67,9.873846669256730157e-66,1.453841199828699668e-48,3.817292380130475239e-63,1.172021464976720308e-44,1.442640202497724955e-51,1.752888995209741346e-52,4.391238378378555028e-65,9.906471316001222010e-68,3.015097360348155137e-68,1.262446805091083497e-67,1.010383629278142290e-68,5.572383930709440314e-44,6.045094787205269548e-68,2.968897005170376526e-68,2.361147861359915099e-51,1.244551136868666258e-68,6.305168546889420498e-64,4.036363892059813435e-50,9.752074564526824904e-53,8.944739521338671160e-68,3.736331717855498616e-68,1.548273238992081394e-43,3.223287041477516982e-52,2.450242488925348506e-55,4.997903608939023183e-68,2.315927272237023671e-66,5.225756089863322099e-67,1.256543106206613903e-63,2.614259341037539765e-50,2.144245248007185731e-68,1.636224107640368480e-46,1.047951383561290005e-67,5.290262908119571991e-54,6.367911829251329926e-64,9.873167207578309465e-66,1.264845798212747388e-66,7.152565377874481795e-51,5.640818555045804063e-67,9.953058446566739343e-66,6.307142390725970667e-64,5.451407224044046324e-66,1.737881517765772436e-51,1.722422195230026813e-47,1.567553571075446887e-65,5.596630019089050077e-66,5.768151446516168575e-64,4.907979395872759758e-52,4.215709332861487262e-68,1.437322592696246662e-48,8.532411349138945676e-54,1.246809218735733556e-48,2.528906514311876646e-66,9.704728203398207459e-68,7.216882364826086829e-64,5.631014663264660275e-52,2.530813091875631893e-51,1.929788981519638452e-55,4.661585708755314716e-52,6.681581725660020717e-51,2.045623703689314631e-54,5.324164593783496632e-52,4.292191759836689929e-51,3.316188219749423646e-54,4.236526041753714964e-52,3.802633807195640771e-51,2.350476545672674341e-65,5.838308936179240249e-44,4.519315201064156144e-52,2.698022508880818686e-49,3.321903931519243970e-49,1.870846821882768958e-67,1.151131688404866054e-65,5.305530355133742156e-66,4.995855263024750094e-68,2.802666006489181177e-68,2.441495705942571017e-51,2.787611518034808879e-54,1.049998858876021541e-68,4.342519816047114872e-51,1.771825009348269742e-65,2.719042805061722970e-64,3.407136585333750209e-64,1.763247659994892091e-68,3.767415841441915018e-51,1.323276408363157156e-66,3.273002402123077182e-49,5.459245478957693823e-66,9.055331456277418931e-53,5.475950528297499075e-68,9.865183119563852023e-51,8.437153707250224858e-62,5.101207740701658914e-54,2.357195805051592399e-65,2.690815913539032137e-64,7.480636118758183058e-53,8.071917866744178597e-64,4.686241708565462118e-48,5.503341537853346294e-54,2.444861517084543548e-57,1.891344244447511573e-46,2.032732741614012609e-67,1.315305974828259352e-57,1.191031737111323760e-52,1.593618643966731763e-65,1.828785860937374328e-68,1.884783816988564160e-65,4.939726290749449624e-66,1.307272625772742857e-65,1.130843106654335023e-52,2.356354164922526599e-52,5.032244922682798409e-52,7.740608666037860865e-68,7.852931720716913807e-64,3.451612726276891703e-66,1.406637325237639590e-51,2.923198621438404940e-67,1.985676764323357101e-67,4.527784245145538751e-47,1.138468431918703438e-66,3.195859518698369107e-51,2.269869343393886452e-49,6.064756583388774553e-54,8.894204010637069280e-68,2.028397415084782560e-49,1.185928817880575268e-49,0.000000000000000000e+00,1.526959629339742681e-59,2.288353101229810236e-54,1.234792964473790148e-44,4.754542273876331788e-65,5.205314457879432663e-53,2.129008958182726015e-65,1.444337614350362468e-65,1.250513692558286053e-54,2.107646113070128948e-54,2.717338782383786289e-64,1.221068097640706424e-54,2.234372945353506608e-67,5.298431396201093434e-52,6.017502539249381392e-64,9.752927052339968602e-54,1.018881101656096668e-46,8.165211305688542316e-67,3.949412471618509734e-67,5.760983006667509229e-54,6.470029377600100462e-50,6.588631047619249727e-52,1.546199737319451284e-49,2.330656333557115214e-67,2.030974775717454187e-67,1.737789022813439505e-47,1.076021163724881718e-44,2.961057356137443984e-51,1.509334222175826169e-50,2.994728370530641766e-65,1.033556671435089646e-67,2.124957135946210992e-66,6.800648564206965933e-53,8.243047329796965002e-69,1.245509048976634357e-68,1.065853726069821114e-47,6.526762407178126391e-55,1.105390890887037955e-46,1.945206934837420036e-54,5.386558878339936643e-47,5.214139208676637221e-52,9.974352155415504244e-51,9.483266986999124169e-68,1.332135165549815419e-50,4.173334896344121308e-69,2.501113967763835796e-66,3.700147102229908210e-67,1.441284505366543163e-54,3.696288426615187474e-66,1.864789685563473938e-53,1.151517757225022263e-57,2.431725427118780111e-54,4.847267908118459095e-66,2.389343057345931478e-37,3.193365463056410173e-53,1.390322253549835371e-49,5.004609144094388967e-65,7.064005162877998200e-52,4.812092258664191455e-66,3.457014723813100784e-51,5.091868545299964192e-69,1.859444064481031292e-48,2.288237278138724309e-51,1.362109884970888457e-65,3.327728090720233461e-52,4.471309334055685627e-65,3.075213517119363449e-65,1.927773442501438721e-66,9.868562137673250862e-66,8.830227968563092626e-65,4.786822878860374193e-51
2.272163511914180862e-79,3.928529635560847236e-80,1.486121932770612499e-76,7.495049061439507170e-81,1.860768011693880889e-66,6.153075974843263586e-79,2.351784600970247860e-82,9.642073416414035549e-83,1.225453507062254013e-81,9.156151804993347601e-83,1.215832030259644823e-81,7.656635006221577465e-77,4.815141109393497548e-76,7.363070481774643195e-82,4.817175251424933673e-62,1.414844700444749620e-78,1.148809591774539570e-81,7.972391842047319155e-80,6.134897286809677238e-65,5.302037416329773029e-83,3.216786236072124788e-82,5.893246174643608817e-81,2.192114334539432680e-83,1.117571318536303865e-64,3.587887365365713860e-69,4.050509886648439047e-79,6.777218715149758375e-70,2.283270534644069723e-82,4.000000012895955637e-01,6.503752740508494995e-65,1.951258536927081052e-66,2.362793859245595728e-66,9.138285852577470660e-79,2.487752033710924643e-64,1.458784113041488851e-80,2.084621946333530357e-61,1.545265763788094641e-66,1.686469979734259730e-65,1.781005276998994240e-79,6.256645831169985940e-70,8.759285288013311262e-68,8.167581314121769540e-65,4.654421594607341604e-64,7.759280703940070576e-80,1.376879291457394007e-82,8.353076989466226878e-82,3.999999998250530209e-01,1.457958271567639318e-66,1.230721995580864568e-68,2.395833586155737193e-79,1.541972875104345491e-83,2.457727225907127727e-69,2.523614705938470621e-64,5.191584943917971081e-82,1.797035467789349114e-67,1.723380422715803232e-80,9.030459845002028526e-81,8.321548770499267227e-84,3.949992506512632871e-79,6.899547224537482924e-82,3.408362686263268090e-80,1.858748919547284039e-62,6.964912207836834628e-77,2.163073376920578329e-60,2.883843174349374048e-66,4.277475056882777330e-67,2.299367046217988652e-79,2.109595992544801381e-82,7.122220809662608473e-83,3.228746667025286224e-82,2.210324584875253055e-83,5.898998914336783571e-59,1.360022496812733906e-82,6.621524623004745597e-83,1.156023490407231525e-65,2.927944543769589585e-83,1.696321078120033627e-78,3.236965529646245410e-64,3.047994296833533133e-67,2.021415729230556167e-82,6.668624929880810848e-83,7.646043829868608176e-59,7.501858989877581352e-67,5.366550706130366783e-70,1.131967119441498801e-82,5.153483866557509675e-81,1.408058282473754309e-81,6.688743715812986661e-79,8.181704727806047357e-65,4.535616165350201918e-83,7.079886017172832890e-60,2.507273471367930005e-82,1.892659616217893555e-68,4.964855626169180434e-78,2.766319798551623047e-80,3.295815642921923515e-81,1.974883143442104019e-65,1.602710481699651215e-81,4.381560707309100202e-80,6.309815277899539800e-78,1.536071095323383665e-80,6.601014140357062084e-66,1.276805231564620448e-61,8.131302521694444987e-80,1.679342362600409270e-80,6.684681349901819648e-78,1.478824564909064346e-66,9.328382006485775361e-83,2.433762920660992593e-62,1.742073573014413076e-68,1.445805522012228393e-62,8.039239577811753533e-81,2.256351799576285410e-82,7.459692923708235676e-78,3.262924056223755310e-66,8.722417344135344825e-66,4.901113592371492086e-70,1.358319917633927078e-66,3.447118015699450933e-65,4.392947817412329250e-69,2.150467589352463420e-66,1.383924555164807153e-65,6.921449480852046114e-69,8.125658272340135494e-67,1.467279764465648401e-65,7.435240450436226596e-80,2.693220002120155332e-59,1.323796055149006065e-66,3.247991788411396317e-63,1.578088648872023744e-64,4.938490317791301914e-82,4.707513311824639014e-80,1.867404942160463236e-80,9.370148304978640274e-83,6.229764738407160278e-83,9.000384655840611116e-66,5.688828653668447167e-69,2.082283491827104132e-83,1.988781662404187246e-65,8.014342729828697381e-80,6.354716030815484129e-79,2.321265534541573154e-79,3.787868798143297249e-83,1.780864679753478969e-65,3.239034471050056490e-81,1.101660997770973884e-63,2.017923442540637872e-80,1.760446488720891285e-67,1.147114913434011228e-82,3.829475630481385764e-65,8.156733591715807823e-76,1.311620184134258734e-68,5.981512782214030138e-80,1.609590314970918225e-79,3.264393643698287096e-67,8.304199902450379025e-78,2.543755274375193509e-62,1.243306566811845137e-68,2.083564527110352741e-74,8.413761445440691415e-60,5.500758676301471968e-82,1.078726761940654359e-74,5.154964003613724641e-67,8.824593616969593809e-80,4.487347564702040875e-83,4.440377616431992755e-80,2.176767887068956346e-80,5.216684153608763719e-80,4.715444845787603077e-67,8.279256971472174053e-67,1.571401583956780392e-66,1.898770582653526570e-82,6.734404058647315756e-78,1.100870417783231785e-80,3.449950646969943643e-66,7.026672246364321534e-82,4.414147315787450920e-82,1.625818089731223879e-62,3.784502909515323961e-81,1.117379652487083673e-65,1.155491358436213657e-63,1.384500393074186732e-68,2.611221999555432090e-82,1.544437726880308309e-63,3.456134560491963679e-64,1.526959629339742681e-59,0.000000000000000000e+00,4.855367588497642132e-69,1.014960210537495773e-59,2.127800406363449202e-79,1.401648045417765041e-67,8.371074055461765245e-80,5.184132936474434223e-80,2.776707444878804601e-69,4.592782626610486459e-69,6.090172439561082896e-79,2.564511151937050362e-69,5.977349647114127237e-82,1.446345739817116096e-66,6.698753932240526423e-78,2.572867574569581049e-68,5.517321323603447508e-62,1.769459366319500871e-81,1.015263706340007193e-81,1.546652638004510929e-68,2.419484237997390598e-64,1.697040489193718911e-66,1.668315120560009903e-63,5.627594836403044308e-82,4.809314087391632584e-82,2.839109432577320123e-61,1.403167668847583977e-60,1.062044504015296702e-65,3.265044485868466263e-65,1.046599154239812493e-79,2.353420093679616697e-82,8.361809696457713351e-81,1.634526303288518472e-67,1.980963672995474396e-83,2.976295684145809792e-83,2.374820816157495173e-61,1.373936907234844165e-69,5.161631684716043135e-62,4.326440843456517616e-69,2.350813667143478553e-62,2.888510581869576843e-66,3.182407556240915287e-65,2.224235637119253501e-82,4.870065116248835068e-65,9.994193336134400769e-84,6.177858295616530279e-81,1.123625982021610915e-81,2.775864119302471320e-69,1.126583549525475772e-80,5.332889882303952248e-68,7.619211137598867761e-75,4.909127114263832716e-69,1.768583496678932991e-80,1.272532594200420568e-59,7.439054832691703525e-68,1.150738790491645641e-63,3.341134748220767756e-79,1.948643408710838107e-66,2.029583103544219620e-80,1.507282980183868529e-65,1.124705115055576264e-83,2.715099640753488635e-62,6.731986454832285295e-66,6.076333338171138555e-80,1.042244200722428288e-66,2.738832429908382249e-79,8.348617858366971989e-80,4.304642268892453991e-81,4.068231578770088050e-80,3.544146963888684300e-79,2.584620989300343228e-65
9.815650426036606525e-69,1.913225593402299543e-68,5.430122951321194776e-69,9.532516067683169348e-68,1.335406575963946977e-52,3.046354336896637031e-61,1.684785663833120063e-66,1.641182543324105912e-65,6.927087351397029056e-67,7.627515847201335381e-64,8.208819084797931533e-68,1.708642534553747159e-68,1.907023668873848894e-68,6.731064435798909431e-66,1.365540281404464311e-54,1.531663735905087509e-69,2.506761994142938108e-67,3.023159240725076142e-66,4.683160978432217005e-54,6.614886768766330521e-64,2.515393947980517597e-66,2.844881176831049815e-68,3.955623456838133012e-64,7.739338890185931637e-55,1.864796581788889660e-53,2.152593284326778071e-61,2.099365871179306503e-54,2.535395004848023533e-66,3.992976239081680412e-69,4.958754556277725628e-54,1.126746565823510653e-52,3.337421629048419384e-56,5.431590505075961098e-68,2.056552146503200792e-53,3.383191566615112974e-68,1.477546114137698498e-54,1.401572582973050078e-52,3.675489141815966035e-54,9.124214206012362298e-69,1.713349178013055043e-54,2.898338380559096055e-55,1.441844002074703304e-53,2.752092336688884155e-55,1.038416004552799171e-68,1.557797128997030978e-65,8.009030777561092425e-67,5.066616676955133600e-69,4.660918298146185127e-56,9.329585619273594129e-45,8.829583834615014386e-70,2.982826985511828414e-65,8.671716542088975966e-50,2.191327800840421033e-53,5.512078884265336428e-64,1.473481645813118634e-50,4.111447427400634978e-68,4.047374407070347187e-68,6.511657322489744239e-66,1.660743232246397639e-69,1.001444546461544326e-66,1.728628011034653457e-68,3.266382821833052052e-54,6.501115267340313848e-69,1.119076876099901274e-55,1.574593133505497361e-51,3.202752426758618782e-51,9.188505325798756461e-69,3.243116711332877050e-66,2.179086706893641422e-64,3.103622064963094223e-66,2.608859492210346042e-64,2.437461058335455314e-54,8.456997570257069032e-66,2.112554897761746470e-64,4.216345904301482947e-54,1.110747157088930884e-59,3.278301886721758314e-66,2.706721958140270030e-55,1.622305055941488576e-54,4.181806675263978566e-66,1.763976855092186166e-65,1.376529255012505761e-54,4.760171732520284392e-51,7.258101665676206846e-52,1.106050049663229463e-65,5.357543447336635097e-67,5.800556048555484314e-67,1.375183135273176901e-69,1.404677298329990784e-53,1.129005659161954459e-57,6.173677717828782397e-54,3.767302844683802459e-66,9.702694536370951130e-56,5.924703101927074186e-69,2.341433375339497936e-67,1.057470250328796011e-67,1.237878566322609393e-54,2.086652829077499613e-67,1.884739950478365822e-68,9.456043108771738223e-69,4.403192579344922887e-68,1.769689277095735060e-53,1.398584212840818008e-54,1.017086990755766474e-68,4.483979792999033933e-68,6.242957761487733209e-69,1.105837829434839079e-53,1.743517194512964011e-65,6.214015576035692273e-54,4.483051093708591893e-45,3.145014674075520608e-54,3.720147876075079539e-68,2.728854348497769888e-57,5.062074563317157709e-69,3.564270805532496195e-56,1.235726199925131531e-53,9.911151894308314735e-52,1.915267398351187297e-53,6.471084471275079652e-54,3.652713516929635353e-42,2.073027871780742597e-55,1.321071951832770348e-53,2.678177690873262433e-50,1.284875852940047901e-51,1.553828342776830747e-52,4.581672380522229802e-68,2.589081289979371127e-55,9.386114661739448059e-54,2.448219799631952467e-54,1.031772052810200362e-54,8.783276358830678835e-67,3.078764068545494498e-68,4.471698267871469527e-68,8.589519994059227514e-66,7.616260030196903359e-64,1.475516162804585800e-53,1.345322004354449810e-49,4.536200595136161463e-65,2.932722477092884429e-54,1.192578993174327235e-68,3.204521307514267189e-61,5.851278779074525520e-70,3.622952104211382585e-58,2.247865109452691446e-54,1.196180410944224725e-65,2.125560870239142652e-53,3.021445739654994105e-68,6.094461324298916559e-53,3.584642523257675143e-64,3.580997735989489647e-54,1.190606085743870343e-67,3.914023753618785015e-52,9.121529863614494702e-69,5.980339674545661578e-70,7.459698788603990775e-56,5.928910153395725770e-69,1.996028026404973667e-54,2.122551533610770561e-48,3.821154006553577663e-69,6.172960151482593076e-54,8.173772969241333413e-67,1.733667274415288983e-69,7.458186119037042358e-56,1.171547915481290559e-68,1.087464979739244614e-59,9.199691055139643573e-69,2.954731623091629953e-68,2.509188703928215455e-68,2.138044762006031167e-54,1.888943023222038527e-55,1.429647937280144273e-53,3.848144992634580167e-66,5.826875677700377140e-69,2.861840839723400958e-68,7.141567071892872443e-53,6.943002701710543173e-67,8.355631631573335994e-65,1.897282022509115773e-54,1.266589397125421346e-67,1.406869007353573627e-53,1.253013127125209536e-53,3.570049333438147951e-52,2.171134071689233442e-66,1.670798371309416898e-53,1.930403257348523873e-53,2.288353101229810236e-54,4.855367588497642132e-69,0.000000000000000000e+00,1.777042860380453305e-55,2.153790873655832642e-68,3.114076777847197724e-50,1.407498999222806600e-68,1.717061237378914575e-68,6.834457348650374745e-50,2.910235938294900958e-42,2.894605405209588524e-61,1.265249869259367332e-49,5.936212442388871835e-67,1.070434988354861974e-52,5.120479981379406785e-69,8.829486293819401939e-52,2.416290033472418866e-54,9.132721462809241746e-68,6.559568207464359006e-65,9.334616638463550848e-56,7.085793084370493697e-54,2.076445602495045578e-53,2.605345396811571591e-54,1.838372247701703469e-65,4.740153514768980588e-65,1.706661975490025759e-54,1.313101121376280264e-55,1.988721859022647500e-52,1.083596830310662157e-54,2.737206222446578499e-68,8.289916058232098571e-65,5.161973678340759099e-68,1.802485463596549896e-53,2.254390781099868932e-64,3.851199022892334235e-58,2.348335453750392442e-54,3.689294772688680488e-54,2.519735005528016365e-54,4.331953008165962179e-36,1.865941084101360938e-54,6.625169214525724057e-56,2.462143048627199268e-54,2.408513681635918146e-66,3.045328655447534966e-54,6.730185400731543771e-66,3.086260077766047937e-68,2.092537409068570742e-67,6.803481019749795109e-50,3.981820191747036750e-68,1.652536935336062355e-55,1.611885129138428427e-69,1.493857493114589180e-50,3.685135708098628750e-68,3.500682322538903594e-54,1.697002431798611981e-51,1.888742426208778643e-53,8.800006847567448787e-69,4.652726919116216298e-53,3.792818007957207931e-68,5.179179766888435576e-54,2.671586024930867127e-65,5.955883418656934548e-54,1.138885843112246492e-53,2.570706273908121684e-67,1.962465272931279011e-53,1.048000225979560228e-68,9.150653550868516958e-69,1.231130595977000402e-64,1.932791210756111101e-68,1.092212173293401450e-66,2.582608816451471338e-54
5.096304564182270839e-66,9.704949246923588141e-67,1.252273808183276886e-63,2.449154502835296047e-67,6.601790065495777848e-53,2.572601437680784162e-65,8.554901019001447078e-69,3.773443336168540007e-69,3.926903967716762109e-68,3.340630195979320623e-69,4.203210322090042526e-68,7.586192420997288689e-64,3.573237606083743087e-63,2.952523279595999040e-68,3.693887815557899069e-49,1.309607725275845335e-64,3.998827079947763985e-68,2.695758110941472730e-66,1.492414255913364601e-51,2.227102711432671242e-69,1.247442570486161853e-68,1.861959227661960417e-67,8.205469775504953590e-70,9.486292072197341002e-51,1.430365832156497123e-55,1.628077223938576480e-65,2.435723541688455591e-56,8.449187522199772142e-69,1.934679267932747758e-59,1.552246393339419358e-51,7.332705063706573274e-53,5.449849250154696563e-53,2.568520896902863845e-65,7.032565532618214499e-51,4.973013685847464407e-67,2.104999830832377534e-48,5.982577266726404010e-53,4.740306276449911096e-52,4.292565693096727608e-66,2.553545862019370747e-56,2.765302380126632964e-54,2.032406872897808268e-51,5.803027131521713896e-51,1.936875748265873147e-66,5.827650675479502056e-69,3.065936446902186878e-68,7.700099249940767812e-59,3.617926304591292622e-53,5.153206408975503317e-55,2.075265724207658186e-65,6.018398050424274308e-70,9.302576728398518170e-56,6.582084350034456845e-51,2.266168820886143586e-68,6.424589898188748051e-54,5.460861257992372476e-67,2.629439065680796315e-67,3.712162824115201529e-70,2.789236844543574377e-65,2.404201090805327170e-68,1.060714815011617849e-66,2.180910330034481211e-49,7.000141309945151753e-64,1.851332851403835149e-41,1.109150021260453329e-52,1.532376952742171593e-53,5.638847656152891140e-66,8.420890603213217143e-69,2.930954182671020212e-69,1.174562844627046316e-68,8.728053607047737741e-70,5.887512981568583512e-46,5.520059280958462039e-69,2.457570233006159114e-69,3.209903468164962479e-52,1.181224086390287390e-69,5.759181352570484318e-65,4.514735516920769477e-51,9.795055126495905000e-54,7.464186004536413933e-69,2.822634178481829733e-69,2.797476847902807322e-45,2.858918307820146758e-53,2.170262635105658004e-56,4.570544522388429861e-69,1.857511156213394522e-67,4.681184641098768436e-68,5.971047825578706246e-65,2.345256588932235926e-51,1.978270913125416302e-69,3.255080109841826589e-47,8.972745595547906922e-69,5.921339800182426638e-55,6.063217582275036404e-65,8.906988647747162530e-67,1.131249467467403513e-67,4.965561051484475806e-52,5.836266745837471994e-68,1.224932433561282905e-66,8.037226959118001183e-65,4.694555759733059631e-67,1.812284527892331377e-52,1.202633346690217433e-48,2.322757425334245039e-66,4.701726274423216994e-67,7.842114302475417445e-65,4.955049750747058751e-53,3.480917834112304122e-69,3.218218203778495442e-49,7.060241438528107389e-55,1.691735843078523704e-49,2.436631275185277577e-67,9.238872209276891000e-69,1.104088458226203197e-64,7.447425429663796796e-53,2.813801850205885256e-52,1.741625449552613707e-56,4.114806559435114734e-53,9.301738078728066057e-52,1.803689355155158438e-55,6.046014130910965265e-53,3.762536926647264135e-52,2.922199445961479043e-55,3.195091091650298892e-53,4.897426561117861898e-52,2.137185974152720594e-66,1.686848051160156707e-35,4.367207072192784907e-53,3.559720519937967295e-50,1.356480591919135551e-50,1.781586732003053088e-68,1.241300773560332126e-66,5.693062207307014230e-67,3.358279947408467890e-69,2.211085250144961029e-69,2.524989886775091892e-52,2.371374114837080177e-55,9.294763309360559686e-70,5.412489493496695117e-52,2.175682651959418818e-66,2.545287593804617245e-65,2.210347574786193659e-65,1.447348768775153582e-69,4.846811954233605059e-52,1.305432277744243606e-67,2.565318940770708672e-50,6.038122366041928306e-67,6.187536691882428326e-54,4.679319759689315856e-69,1.048303712794812991e-51,8.507115666144657137e-63,4.985446838919696552e-55,1.575201758518514775e-66,1.443899340989284916e-65,9.152543537082417505e-54,9.735015616262564648e-65,2.236332833903334342e-49,4.737422601327866917e-55,2.945088437696893066e-58,5.021966169213749630e-47,1.953599453435008013e-68,3.001263194708170783e-59,1.194611519022463622e-53,2.197813348725992013e-66,1.807046428749633825e-69,1.282379923440229181e-66,6.179611009991854231e-67,1.342265017127840190e-66,1.380128181427655707e-53,2.123673286241139295e-53,5.175909488042641055e-53,7.094312816593761238e-69,8.400842937326306896e-65,3.171979720686402078e-67,1.302889339779095195e-52,2.566430429110747939e-68,1.694257436782694332e-68,9.563739066855060205e-49,1.142059368276720869e-67,3.136435141874578993e-52,2.324107944393495638e-50,5.574762775374554373e-55,9.366847801312473041e-69,3.214624471465781777e-50,8.434789419596734585e-51,1.234792964473790148e-44,1.014960210537495773e-59,1.777042860380453305e-55,0.000000000000000000e+00,5.600334343416113895e-66,4.973602081756607968e-54,2.397603241102100209e-66,1.291183284317215665e-66,1.123107790890868195e-55,1.869023516525120379e-55,2.559839255039393342e-65,1.057705687545177451e-55,2.104079238510192064e-68,5.510507110729302109e-53,8.218424791920779591e-65,9.255915726516028963e-55,2.524848344125981935e-48,6.581942227774694349e-68,4.004823311568810438e-68,5.134654855384304616e-55,5.676345221141211411e-51,5.331640682400818146e-53,2.232917243351761568e-50,2.008332578691626135e-68,1.787768511590521662e-68,2.091946651476061574e-48,1.801654523435603685e-41,3.560711568815557670e-52,9.445106161703443371e-52,2.934923610935197653e-66,9.955391886083135282e-69,2.334024584728475654e-67,5.386271023081354080e-54,7.551767250194554304e-70,1.130485315093711348e-69,1.321607691583119769e-48,5.347445766828342994e-56,2.486899062516778855e-48,1.627399793567260456e-55,1.253489548090753986e-48,6.133992960628709969e-53,8.486016015480693691e-52,8.696835746708138129e-69,1.171044632652123268e-51,4.093514487508681705e-70,1.871856451677543196e-67,3.701646853524143781e-68,1.016669128283841664e-55,3.384800970682889188e-67,1.857558273103415455e-54,3.069929332560325162e-59,1.940955594059515918e-55,5.296357079685057683e-67,3.377129944793742891e-45,2.857664833598576540e-54,2.118249934587688896e-50,6.698760621805635245e-66,6.297978490615302812e-53,5.415004872975252924e-67,3.945062353905433882e-52,4.581631872482346953e-70,3.232648541589661034e-49,2.323987148086420770e-52,1.927908892794780811e-66,3.517461030209367287e-53,6.178171427430334223e-66,2.205843805341202793e-66,1.585089057298621756e-67,1.128165867827485656e-66,1.019059013278761971e-65,6.670794028794221463e-52
2.518989188383166859e-75,7.148328843423547168e-77,4.807138955721811667e-79,3.324167738490524880e-79,4.779231595065343086e-65,2.557234252969960332e-78,1.406593158293362571e-81,6.066673879337752562e-82,1.255669844473666564e-80,4.696149149320948547e-82,3.253359242736318515e-80,2.590794493143357401e-78,1.775764548835687005e-78,4.837899961835801661e-81,1.007836586576101628e-64,1.546921248474286655e-80,1.985082522491543068e-80,2.705143086916964711e-78,1.019731939084877630e-58,2.875858141081426668e-82,2.181651157576634098e-81,4.315269878148532630e-79,9.852030395143117173e-83,3.838664119268472632e-66,2.600550335059827266e-68,1.689177449624320215e-78,5.497738148180765060e-69,1.043592041084762281e-81,1.577196489255601578e-79,2.979505871049767160e-61,6.325428742940806907e-65,2.919885933812366526e-63,2.075809199101306255e-71,2.673615602192576506e-58,2.269660728533273791e-78,8.371592278329779795e-65,3.550079283970705769e-65,1.932006478990248184e-62,9.673007938309332398e-73,5.639257209445158351e-69,1.090883122658004683e-65,1.943432789794643909e-62,5.672314650865544429e-65,5.090060751837119493e-77,7.658348489958990861e-82,9.382358753427955721e-81,1.597951960660529687e-79,7.996987768283446056e-63,5.453838840948509112e-68,7.287571464550405364e-81,6.663780164608784498e-83,1.382567243594814088e-68,5.214890322587766412e-59,1.956555935333809932e-81,8.246430391294018440e-67,2.088037009337283901e-78,8.807862385906117901e-79,3.720108083488560048e-83,1.184187164091512054e-80,6.063236306507457127e-81,4.430958076307200299e-77,6.027740904306763368e-64,7.835768878379974023e-79,2.750470896335676040e-66,4.417064282051505535e-65,2.777248582502261975e-66,9.099405930264332397e-73,1.676690768166588411e-81,3.420483930776395425e-82,1.933936020983655605e-81,8.450395493188277927e-83,9.646994593162321688e-65,7.314372214789598843e-82,3.513055978458544965e-82,2.870987741353867984e-62,1.251092224424406001e-82,2.637018523107631836e-76,7.370219346037906053e-65,2.863679047116897308e-65,1.106295310833019637e-81,4.467972208856234628e-82,3.738280749556750702e-65,5.072272534978501060e-66,3.328963711386236638e-69,6.317016228359275160e-82,1.007860234177255701e-79,1.558393529366826932e-80,1.221921494934824347e-80,3.381168851370140426e-62,2.039724952614617216e-82,3.517772299199683093e-64,1.597614276448193378e-81,1.507535207835527895e-66,1.217367029356415814e-78,1.516185815158331178e-78,1.434982815164829958e-79,3.903191478286869502e-64,3.349049749838046521e-80,1.295020621377045697e-76,6.344426220792872993e-78,1.589751466285492149e-78,7.990709828886632917e-64,7.339283788218061952e-65,1.336672173052925996e-76,1.459366402256685090e-78,2.457387147303714023e-78,1.019176096080641789e-64,5.458406867091173885e-82,1.306606362194471079e-63,9.670830547744193767e-68,6.684692539066208997e-64,5.592598630169660077e-79,1.112788714224066277e-81,2.119695741059066541e-78,4.754234085378832570e-63,2.022669178904786856e-63,2.309715696040727059e-69,7.090059902891877950e-65,2.213191211069542774e-61,2.195330499272811996e-68,2.902386449095689173e-61,5.679710489324958034e-63,2.949452555785528281e-68,7.567504323539249940e-66,8.612802689011775851e-64,1.422040016689511894e-76,7.690529189547678571e-66,1.040811139230878287e-64,5.161680816059388510e-64,6.743606475171448006e-66,3.615555451170371702e-81,5.137475653081073579e-77,2.633318207956586100e-78,5.831646795760710303e-82,3.319662001087243160e-82,1.946773100060436735e-63,2.641162652287699477e-68,9.008064929748097843e-83,3.446883139318293647e-62,3.999999985196081576e-01,2.518290098147504253e-78,4.586019133698216825e-81,1.435679305110256534e-82,8.956718485330552179e-58,2.224440625036497471e-80,1.070084559670708191e-62,5.422650236580473463e-78,2.963182914230160079e-66,6.824009792039590062e-82,4.260921052582835247e-58,1.350607343969149838e-77,9.044947994137991629e-68,3.342721637627924567e-78,3.708899345515934369e-81,1.246793019644384981e-62,2.431754158128959313e-78,1.000538614251235158e-64,5.348224012318076467e-68,6.836707863197615148e-80,4.756802097357790286e-64,3.742434076159972912e-81,3.903887832121997470e-80,4.787209002736103027e-63,1.220918809057357633e-76,1.758702051621928407e-82,2.978758223630472266e-78,5.135553105285464180e-78,6.981501036505867431e-77,4.142445016848522451e-65,9.163865390905452574e-63,1.123671811329003386e-64,1.215184106754722509e-81,1.244225288799948321e-78,1.680161238261088325e-78,1.714996608614239425e-64,7.120615567057663967e-81,2.514361517649737573e-81,2.630010899232548033e-65,1.373071426440070485e-79,3.645560829055840109e-63,8.033757404785434502e-62,8.524720011436292290e-68,1.538132700954390431e-81,8.353490025323430590e-62,1.421146722645310999e-62,4.754542273876331788e-65,2.127800406363449202e-79,2.153790873655832642e-68,5.600334343416113895e-66,0.000000000000000000e+00,6.773415705448394386e-67,3.999999977670297135e-01,3.758747100134273178e-76,1.596034253391860599e-68,1.993785896982122552e-68,2.521657310347492819e-78,1.417519788261866796e-68,5.549803700115168451e-81,4.329011370444427415e-65,1.692084051707358428e-78,1.246826897316597235e-67,5.259277774653121394e-65,4.879377223574643803e-80,4.728633091122111661e-81,1.437295173389466767e-66,6.547285234923986713e-63,1.036091523142887655e-64,1.637725952296745541e-63,3.753215966577041782e-81,2.486803812452165140e-81,1.017225246106625398e-64,2.862054660946022304e-66,4.766992295344546189e-64,2.746688052960103378e-64,3.107031828801161577e-75,1.380575779817459119e-81,4.964332367328786802e-79,3.584350102765752894e-66,7.311191005169717645e-83,1.296174822559108710e-82,1.799355229313373610e-64,1.266429886763962841e-68,5.871032349054774763e-65,1.871727857254677350e-68,3.381570383372684906e-65,2.331832620841956691e-62,1.766709512389168930e-63,1.486546231942109184e-81,4.049711920000726147e-63,3.716255768240013173e-83,4.098011103388992067e-79,1.796532451112483064e-80,1.504795973099234969e-68,1.109079316617152787e-78,8.171291614006057765e-66,3.439473641303176002e-80,2.098119305301146027e-68,2.666603895037989162e-78,6.440516083707164665e-65,4.367771330234397554e-67,1.080939734134757296e-61,1.222736468046308900e-75,8.968809444228649101e-65,3.611820526631042671e-78,8.170482676550142700e-62,5.216712604957070036e-83,8.512392616655972188e-64,1.633189963007090204e-63,4.778873330672805642e-78,5.376218750108156118e-65,3.200244954056894177e-75,2.885955667621779201e-78,2.623180745000326092e-80,4.541251678475328293e-77,3.738504668361010278e-77,4.543444785133747449e-58
2.604198295062663153e-67,6.569769865704574978e-67,1.562240540781768721e-67,5.668866984819352861e-66,6.310547825899666583e-51,3.233415132478117245e-61,8.304949386190870375e-63,4.245891465685748974e-62,9.217287674591712722e-65,4.490848595800742351e-63,2.137906357124689306e-66,4.451897099004618953e-67,4.682353409723628845e-67,6.837549623949995083e-63,3.033190538387255271e-53,3.799726161361892927e-68,2.381607094139444943e-65,1.084895195856861344e-64,1.444579291205929590e-52,1.875107090454282626e-63,1.266048765166410236e-62,6.315844033124961778e-67,3.153948913979691587e-65,1.643375936449023955e-53,4.597153179463324856e-51,1.914461907610266396e-61,4.459136658152860751e-52,1.880385141644899439e-62,1.031102053037179519e-67,1.858724420028629285e-52,4.508231579471028963e-51,9.281256981306319994e-55,1.787372032544997271e-66,6.972725071772467469e-52,1.091790631455796544e-66,3.505401061832089774e-53,7.927471136075860078e-51,1.483662357056602014e-52,2.880051564268639144e-67,2.814802452430768703e-52,9.011004928196721331e-54,3.377146800810995362e-52,6.389437728896445582e-54,5.158190859706286237e-67,1.192710672367190537e-59,1.217148936019758493e-64,1.545696124396178621e-67,1.140997188381308116e-54,4.085714424310716579e-50,1.939778179199636288e-68,1.275126487350423690e-65,4.980417774849344070e-50,8.001767020928502323e-52,2.886667154665423583e-64,1.367735943276634062e-38,1.889723099644414258e-66,1.085333992637419613e-66,4.806847166706523100e-66,2.795272496151066456e-68,1.865660522788331048e-64,5.483994867151298891e-67,9.530101048854377822e-53,1.969025988628980297e-67,3.057728299324185383e-54,8.563485863737454754e-50,2.184670652164210376e-48,3.043289162407372200e-67,1.377488113725849336e-63,8.444903128442240504e-63,1.732937783764537647e-62,3.071132350125913050e-65,6.160017340940671389e-53,1.463380432880606301e-59,7.355802128808492258e-63,1.380309504325927473e-52,1.620135499847032654e-64,9.089393518664299013e-65,6.889119820732655964e-54,5.489201367415061616e-53,3.709085853624125127e-63,1.805819628409530529e-63,3.518264825014766666e-53,3.063092142350591069e-48,1.061792872479013531e-49,1.281556026411986743e-59,1.305227525748584499e-65,1.145447327740268686e-64,3.305525056439435949e-68,3.506829508593010153e-52,1.880825836698262905e-64,1.704413509454874898e-52,2.868764965718739756e-62,3.028536185241452941e-54,1.323948227332926108e-67,5.829568498707986950e-66,4.782409015292954118e-66,2.774420229776096126e-53,1.591760858992985946e-65,7.065936844967243672e-67,2.618105202299309843e-67,1.119756211003338444e-66,6.757566601200886625e-52,3.040540181660605792e-53,3.933338897896147557e-67,1.053207349912995452e-66,1.668683956957599134e-67,3.332130338529238997e-52,4.894813129600627300e-62,2.185807997970502452e-52,4.069572201209786691e-50,9.187537466758043615e-53,9.339392941424935314e-67,1.328507218421480979e-63,1.464148496393174427e-67,1.078456357082281774e-54,4.984104449982479468e-52,7.635839781163554194e-50,7.726258245374010333e-52,2.522460785108719927e-52,2.494161585617618433e-50,6.819583427357390787e-54,4.475358057015272544e-52,6.409590204737633899e-51,8.447490453835125926e-50,7.422895593662345450e-51,1.105497948011352827e-66,6.785287168040661817e-54,2.984079806285166077e-52,5.647974421326956711e-53,2.077616228069305728e-53,3.685738725457619904e-64,9.347686109908466429e-67,1.664081586843493794e-66,1.372486022697220609e-63,1.837076071689225319e-63,4.834446455964352965e-52,9.529382849239951122e-51,1.423928139850298219e-65,1.084439384579551486e-52,3.841686036006924653e-67,3.062154943886455308e-61,1.434158370919667747e-68,1.216558992650661910e-64,6.266630789885966729e-53,9.060329038934982278e-63,4.374754594052530878e-52,1.016708796776025713e-66,1.908649738632457562e-51,1.207924755335242442e-62,8.679135230881333288e-53,2.778379298676212448e-66,3.119189793075968608e-48,1.972273206088657110e-67,1.404539234132255752e-68,2.405259082918107473e-54,1.755476237505367116e-67,3.727327773426234468e-53,3.080072122791784548e-50,9.451975648376036238e-68,1.977642911810300588e-52,4.425540518238848006e-64,4.974500986760359631e-68,2.159482413290264001e-54,4.156859282465354027e-67,4.486934075918579035e-64,1.932716575492440553e-67,1.194789541541025075e-66,7.920084542306690993e-67,7.322034017203182485e-53,5.141502095696709430e-54,4.876539248829048847e-52,4.359681446661746238e-63,1.282296038967921553e-67,9.865437953883434139e-67,2.388534553585195327e-51,2.320613054825922343e-64,4.680684913092490839e-62,3.396372551219183339e-53,6.157200587262101663e-66,4.089173307955063091e-52,3.300942422728775152e-52,3.507224707998823994e-48,1.138680603004181499e-62,4.899585360015438174e-52,4.732376500039244524e-52,5.205314457879432663e-53,1.401648045417765041e-67,3.114076777847197724e-50,4.973602081756607968e-54,6.773415705448394386e-67,0.000000000000000000e+00,4.370370228952253295e-67,3.962631543109733382e-67,6.289212832988603029e-50,2.401265583452988759e-50,2.675716041994951217e-61,4.022203698913256105e-50,9.187597166080901438e-65,5.324176929327371324e-51,1.428937702042208199e-67,4.305822614410218105e-48,4.594427437608491334e-53,2.298108491639084943e-66,7.560124503586500566e-59,3.293652272766503926e-54,1.696187375732160482e-52,7.043528482859779699e-52,6.425554713464682454e-53,9.162254175582048904e-60,3.556809410424307074e-59,4.171500970478534940e-53,3.938939052566396566e-54,1.155270759048798079e-50,2.211647165123792024e-53,7.682731798643406047e-67,2.776599971060356106e-61,2.975071894901559281e-66,7.000355859186060304e-52,3.041309103769694001e-65,1.152604394979669640e-64,6.278994180623452107e-53,4.987379071206937942e-52,4.961454244230046924e-53,2.395402356604601256e-50,3.665495860977237906e-53,1.930926477510419861e-54,4.843317983754990029e-53,1.235282517366152246e-63,6.557014030664630014e-53,5.454683912352343286e-66,6.237527347996970894e-67,1.757088823063473548e-65,5.330680104670108317e-50,9.225758491379825002e-67,5.571348778288874746e-54,4.152788878656728099e-68,4.059942944212026658e-51,1.252471517100075316e-66,7.829129324850929297e-53,4.968572059102186147e-48,5.488704982445278611e-52,2.553002709102140804e-67,1.743508578223045423e-51,1.563651061830825888e-66,1.622603166544327622e-52,9.448871823668914102e-66,1.594905932475473495e-52,3.845124502128719706e-52,1.215382671603437236e-65,7.897624001722713183e-52,2.995881206753495798e-67,1.736078935978628660e-67,2.028697497409760940e-61,8.000791408886669540e-67,4.132195552585260185e-65,7.923923124176473425e-53
5.625999975613622293e-76,8.465203993199096817e-77,1.914147271345984326e-79,2.953533181276145899e-79,3.733797172392672789e-65,1.625503466988959777e-78,8.422192914949172493e-82,3.639257475952408975e-82,7.912527060586680037e-81,3.054638412307633196e-82,2.108844460567464387e-80,9.914491146593781315e-79,7.288450571499040912e-79,3.150340216111195606e-81,4.143123540569686000e-65,6.600905005862387188e-81,1.257870609002916103e-80,2.384039381615427912e-78,7.772589908131085315e-60,1.721555726907016361e-82,1.308090063444727403e-81,3.078700480305258373e-79,5.342037111672405985e-83,1.751580132420080358e-66,1.766717761894748887e-68,1.045435223232946278e-78,3.885209780945084082e-69,6.978669520508809117e-82,6.702181767127457699e-80,2.454629393806007689e-61,4.912375817102938190e-65,6.287234434560151119e-64,2.330367049397784345e-72,1.321334374996625679e-58,2.220643125716762465e-78,3.455306842412224660e-65,2.647488497015032823e-65,2.067864004933893037e-62,7.622700223539799493e-74,3.841339684182475684e-69,9.076271300594121560e-66,1.035076916995866480e-62,1.841128124313652687e-65,5.063654213456552740e-77,4.859258230407781409e-82,5.943327009063157649e-81,7.579523778195198330e-80,1.764149517165353625e-63,3.355655494548704496e-68,3.324211512184187065e-81,3.946634635505076929e-83,7.300917584116510708e-69,3.652768304707070411e-59,1.253406182211994376e-81,4.815744768727244420e-67,1.856204961905219141e-78,7.144983698456333371e-79,2.382995277706477276e-83,5.181087068638283509e-81,4.305716468134303209e-81,5.284062775335694641e-77,2.452439516441561223e-64,3.275665793788465511e-79,1.181574276027961401e-66,2.691127654346646534e-65,1.717542687819710764e-66,7.725785375567789131e-74,1.089219902458881456e-81,2.291296017024296286e-82,1.213651529947254839e-81,5.769250103005718139e-83,3.637751018821454933e-65,4.862928575895671948e-82,2.120441942634330473e-82,3.496641052671493375e-62,8.259517568073812124e-83,2.282187333009325723e-76,2.613020609047030905e-65,2.655857030093342887e-65,7.880638486356299706e-82,2.749843264827820742e-82,1.712124788762942597e-65,3.229175691599145378e-66,1.938110973994559651e-69,3.938716829807459931e-82,7.899190668311122437e-80,1.144300878141690867e-80,5.320344878263035318e-81,1.896383550231163424e-62,1.275012495022179676e-82,1.423661457531235424e-64,9.417069674039456700e-82,1.359745730334473210e-66,4.564903592563765845e-79,1.195600298401450422e-78,1.214676906235830046e-79,1.560780203668695273e-64,2.241291552502114139e-80,1.632236235694323135e-76,2.084292128998260095e-78,1.108459297141018275e-78,7.964512846084971318e-64,3.151583759904877548e-65,1.157957990269468878e-76,1.361648755426134509e-78,8.623844952745527350e-79,9.658452241068977393e-65,3.337425594519172665e-82,5.374299736382083028e-64,5.872834755100773636e-68,2.459590502791181309e-64,4.665819417251562342e-79,6.578701342459926310e-82,7.651051471539280293e-79,8.347605403809062635e-64,1.844723588081496906e-63,1.356199074334652208e-69,6.526087098483812531e-65,1.928062351165021803e-61,1.323482787589815311e-68,2.370183385845992781e-61,6.352219981267872467e-63,1.894735783521945361e-68,5.596460532890501282e-66,7.483821410764053854e-64,1.603538169115108841e-76,3.251488099407927871e-66,8.767532428902057253e-65,1.954290104999459781e-64,2.918223920737927843e-66,2.300210433653837707e-81,6.482313774680855672e-77,2.379804319927136292e-78,3.641779623738552878e-82,2.100567523189675781e-82,1.909028978864601068e-63,1.721962184646368176e-68,6.471658174664372898e-83,3.356750472616014371e-62,4.000000036964870831e-01,1.542737625335223737e-78,2.183970604512669924e-81,9.225293625876916471e-83,1.328754828932911961e-58,1.569377056684295860e-80,4.336030010968044562e-63,4.412641931814928292e-78,1.888975595656194290e-66,4.250751506555688237e-82,3.764687723338953636e-59,5.357643103244879132e-78,5.446867346356920042e-68,1.441361069418709731e-78,1.624792814300544861e-81,1.492108404633772608e-62,8.269834610499648996e-79,4.158994108123198073e-65,3.697976574168756280e-68,3.167457412115116763e-80,1.761631131326561812e-64,2.655510857439797277e-81,1.551426812724282199e-80,6.478083649059021293e-63,1.094011611926321423e-76,1.163040944998944946e-82,1.424458344788488368e-78,5.149399271963234262e-78,8.760379787130202162e-77,3.600550908410642516e-65,1.248569111568381660e-62,9.652641460138909051e-65,7.663808524315078046e-82,4.668782123454364933e-79,1.437295398053110921e-78,1.462621062070618927e-64,4.869387977314065259e-81,1.508614802499722999e-81,1.193138735493865661e-65,9.937104753030180093e-80,3.344757684053299352e-63,2.487935974857100557e-62,5.315353797185110290e-68,9.167730471501432627e-82,2.779829762644620539e-62,5.851543974720157450e-63,2.129008958182726015e-65,8.371074055461765245e-80,1.407498999222806600e-68,2.397603241102100209e-66,3.999999977670297135e-01,4.370370228952253295e-67,0.000000000000000000e+00,3.797247317265405089e-76,9.575026170620216138e-69,1.318257045689471339e-68,1.507886801277507837e-78,8.599761137897387976e-69,3.433525672252581622e-81,3.145040840311142853e-65,6.582376283536271537e-79,8.048430129994046636e-68,2.296915716455205297e-65,3.926306939192584918e-80,3.060792725010741987e-81,1.422543158015834278e-66,2.651636431016820528e-63,8.229609184210612238e-65,5.883970621908453736e-64,2.169399389720275259e-81,1.696604866865248774e-81,4.350148718960427894e-65,1.181890805196656637e-66,4.143691560032590986e-64,1.039761135656931011e-64,2.686239892141880430e-75,9.021687546664529253e-82,4.097597672835113491e-79,2.767340359829512654e-66,4.530417549396224882e-83,7.898733650333124116e-83,7.043445096491899832e-65,8.027803410566663562e-69,2.607217385398296234e-65,1.138323867951958131e-68,1.450454969125098515e-65,4.937135126126136955e-63,8.082644343612164605e-64,9.728827017269825147e-82,1.816792873968029962e-63,2.261063698296183516e-83,3.078662390379293498e-79,1.188536185316541607e-80,8.570671041484601272e-69,9.508776083150816425e-79,7.712138662683883162e-66,1.473210297736051466e-80,1.359382062502460018e-68,2.768431080065483368e-78,2.794589279949079591e-65,2.983859823413988190e-67,3.753886840615436232e-62,2.515731085665156819e-76,7.828118560171898367e-65,3.059047180972803146e-78,1.041009641791116770e-61,3.092691597874118797e-83,3.461554184487213809e-64,1.579303828941729874e-63,4.407299531192861115e-78,4.050387304626619690e-65,6.696747792810980301e-76,1.301975972871965025e-78,1.630268507692167754e-80,5.654315599090200840e-77,3.521449525845821576e-77,3.725275716792500855e-59
2.310596659108885123e-77,1.315396945475693313e-76,1.240649699982113938e-79,2.944594947224380781e-79,6.715517350236390976e-65,1.493845187120715628e-78,7.971975277436835000e-82,4.674965642454180793e-82,1.058294948613929163e-80,2.925023519450995918e-82,4.483346353878210099e-80,6.717562448408033700e-79,4.814009291505383274e-79,3.057918257204306601e-81,3.141246084179250690e-65,4.607859366113981985e-81,1.349143774942734095e-80,3.639738414800953166e-78,1.418373188325647586e-62,2.003690104205881664e-82,1.197500969467794679e-81,9.002017954110285629e-79,8.011642519134836768e-83,1.507403173025607216e-66,2.126092302148921814e-68,1.194259537346301355e-78,4.449068683805148335e-69,6.110344242181754338e-82,3.589303489113078736e-80,2.170980473928352511e-62,7.173883066246265290e-65,4.282713622316859601e-65,6.346950866397206057e-76,1.845133837916821567e-61,6.039825115462380755e-78,2.321452867933570868e-65,3.332022939418586236e-65,8.279572945232391903e-63,8.272779415163367930e-77,4.286800551486210494e-69,2.067239342475153061e-65,3.246447870221410314e-62,1.967159012117218827e-65,7.452323178703389416e-78,4.099201021706013983e-82,7.170754663750704710e-81,4.138869759671394779e-80,1.580925645759563302e-64,3.563917128154375521e-68,2.394651541904052452e-81,4.194853674595772749e-83,8.348397851356572765e-69,2.843075525462617165e-61,1.439297519338100244e-81,4.765277674082606342e-67,2.488969388690935826e-78,2.366262355893496967e-78,2.602358997907020866e-83,5.624358072320034444e-81,4.557573999499416509e-81,2.536707004318159709e-76,1.287731548627358749e-64,1.572251058133617065e-79,6.160477745326849431e-67,4.417958619767264039e-65,2.192693327374234203e-66,7.148259660381990525e-77,1.076349515150057959e-81,2.132750017726444618e-82,1.320244334014194371e-81,5.694934073455848911e-83,2.639694473719158899e-65,4.791835957770496230e-82,2.111178083958590632e-82,3.625329576034042169e-62,6.697780325449170654e-83,7.938658393066949066e-76,2.177477461403416548e-65,6.384526740933376431e-65,8.052656299408836357e-82,3.637724347970449161e-82,1.064343413569631575e-65,4.051317509736216771e-66,1.843561392886688896e-69,3.760013833082081583e-82,1.168143162646427160e-79,1.013097273315043556e-80,4.027344317236864695e-81,5.255721148217115704e-62,1.338846117223550054e-82,9.340106521244265127e-65,1.097740113388646136e-81,2.808621944642110877e-66,4.560920726279524538e-79,3.492497899161349567e-78,1.703125388606806229e-79,5.298920960143187279e-64,2.485815693784262349e-80,1.425564873860062356e-76,1.334362928638693613e-78,2.762961630254944633e-78,1.795180992538426259e-63,2.126259220914974813e-65,1.901327984701049697e-77,4.024433978560876617e-78,4.989564777984954749e-79,2.168255068048263078e-64,4.245295373092024497e-82,1.559263741075831874e-64,6.043192671506987271e-68,1.420632320791063171e-64,1.280140679603823954e-78,5.564481950348105680e-82,3.407790805235255283e-79,7.153543545418375502e-65,4.328121579239567834e-63,1.358839804417713069e-69,1.071760135703232192e-64,1.745139359302216162e-62,1.241757631591351391e-68,1.527350099218327518e-62,2.982649015136827555e-62,2.153984724937771140e-68,8.424136350491334125e-66,7.135558579029453478e-64,4.000000014959191330e-01,2.133042183181093694e-66,2.025466567412143685e-64,1.173262874043520545e-64,2.392968502520735374e-66,2.376799431163912210e-81,3.927897042993892657e-76,4.660654001487629159e-78,4.986942243520715404e-82,2.227818852996613768e-82,3.932253452872348828e-63,1.616716262986453041e-68,6.716204375969675385e-83,1.055541352115941549e-62,1.173333295619396329e-76,1.616035534461428664e-78,1.156491863675102776e-81,1.104201798508743374e-82,2.614089048593488390e-62,1.354368212601949552e-80,9.662337838096269861e-63,8.918136131536473836e-78,3.004541199902980084e-66,3.750446748946395536e-82,6.795692814227630318e-62,4.190462258224104234e-78,4.821288031374711451e-68,5.185103239579388824e-78,1.060421192766859155e-81,6.113630264214425525e-63,4.554115161200262618e-79,4.381508373262264309e-65,3.294242714350228270e-68,1.854378734620595451e-80,9.251202688451130607e-65,2.444961102550944870e-81,1.272929670158093554e-80,4.583228260332415879e-63,2.434414399209745200e-77,1.049664486683551378e-82,4.925662338092225037e-78,6.403377320506083308e-78,3.428005548544014075e-76,6.523437228548048774e-65,1.394675496825100351e-61,2.406099745362470519e-64,8.368274622342916762e-82,3.810546001133318681e-79,3.786196172830110090e-78,2.827302617897473908e-64,4.259110342548059681e-81,1.735027042357818948e-81,1.026238389127854269e-65,1.657111061785425245e-79,9.248372672676824739e-63,1.851346827740135075e-62,5.704368119601293273e-68,8.680624187553840028e-82,3.952245934746774077e-63,1.545442500826112917e-62,1.444337614350362468e-65,5.184132936474434223e-80,1.717061237378914575e-68,1.291183284317215665e-66,3.758747100134273178e-76,3.962631543109733382e-67,3.797247317265405089e-76,0.000000000000000000e+00,8.895826709108585089e-69,1.252682824878868895e-68,1.712729395546352360e-78,9.594758315974687528e-69,4.863015231464486039e-81,4.028764811097229192e-65,3.681460023481883478e-79,1.006824427879312198e-67,1.790154360367924076e-65,7.465619805224455705e-80,3.200832309281638151e-81,2.889789938525477525e-66,5.599561615602555036e-63,2.044971002653846464e-64,2.464009003748387214e-64,2.158005928303878765e-81,1.755164625874942963e-81,2.671503289112666250e-65,6.480044841442350444e-67,3.997619860138732159e-64,3.141676548189389443e-64,4.000000013753285399e-01,8.200799237952932518e-82,4.797315464556983240e-79,3.688328876855672093e-66,5.073788327432639788e-83,7.893525315840274904e-83,4.633077655748957609e-65,1.077209033166379135e-68,2.017538977558027042e-65,1.368653012540377276e-68,1.224081966258081238e-65,1.998931956979266867e-64,2.060849219528104572e-63,1.130303523226524682e-81,4.088700577776195895e-63,2.427607591597859408e-83,1.216804274026817795e-78,1.414594806573126873e-80,1.073270913058268271e-68,1.858864703073604198e-78,1.410225680211779929e-65,1.058167943252337237e-80,1.426965679942042930e-68,5.068648441355816878e-78,2.363536154946405996e-65,2.933511968770019934e-67,4.869636720425988820e-63,1.253516626760038245e-77,1.403692314874976164e-64,4.464508828464606335e-78,1.053622415249510154e-61,3.414660772287457566e-83,1.479653957050980812e-64,5.667860277442513476e-63,5.941663206226848829e-78,6.173168373640218525e-65,1.983371738958941025e-77,4.052490509905034643e-78,2.135392459661251246e-80,7.818798544351944499e-77,4.636467584652486050e-77,1.526680078072181747e-62
6.099314959085772657e-69,1.078002549232719523e-68,2.567893633728424244e-69,5.496373576952404661e-68,8.522768846192273955e-53,5.957574383372786490e-62,1.857585723659002389e-66,3.262771829357572437e-65,5.482031972224067227e-67,1.770879788635916974e-59,5.952420320250366624e-68,9.996952682293429733e-69,1.029092757354551724e-68,9.483273401454866787e-66,8.231561648091412696e-55,8.518431654350443131e-70,2.101817359311740418e-67,2.266050721880862104e-66,3.070532575839870795e-54,2.498990947266447703e-59,3.440615699635365868e-66,1.947879292714728155e-68,1.910230582953523933e-65,4.052695534091400332e-55,2.174259604915573217e-53,3.800121384505551592e-62,2.264435881867595804e-54,2.749951692657348906e-66,2.492323314651967554e-69,2.856293547910846064e-54,8.303266458782850293e-53,2.138879625627580869e-56,3.635454540813637852e-68,1.203892201490406037e-53,1.971369697120066382e-68,9.355705309446256224e-55,1.139031286184743051e-52,1.926881827187236505e-54,5.850267096337202605e-69,1.986255254111544615e-54,2.024539847072864971e-55,9.195218657086003710e-54,1.554596883922323447e-55,5.333489098052554012e-69,3.343880721794530653e-65,7.855919657237815282e-67,2.568197016363186441e-69,3.057150575136652970e-56,5.414527611459954402e-50,5.165191247681386885e-70,3.720502384657295922e-66,2.327346287108686340e-41,1.343286601531629899e-53,7.560805847098396942e-65,1.949939290842990715e-50,2.313071203222865107e-68,2.270202940075178390e-68,1.028072898879351969e-66,9.020544349071436310e-70,9.927716338607539701e-67,9.410040424870096863e-69,1.909273270057784545e-54,3.389584580919189507e-69,6.968781854295436522e-56,1.431581882638306734e-51,4.116003816034288968e-51,5.796814684018263678e-69,5.510821191632824271e-66,1.968616798485775990e-63,3.270254357176960543e-66,1.443227158617606300e-65,1.362614125458512557e-54,1.299556201503142941e-65,2.366044614612244366e-63,2.368091621099695587e-54,1.357471971869368319e-64,2.177478512182255226e-66,1.616214989873367364e-55,9.567008627853594465e-55,6.069947634381737641e-66,3.507365527459959141e-65,7.831659584802309038e-55,5.329349064485871668e-51,7.545164401677356107e-51,2.123654580551247472e-65,4.364344051110793631e-67,4.775886229550304550e-67,7.617127872253777152e-70,8.520863706550694744e-54,2.231131004455445398e-64,3.316660879712091930e-54,4.732281616623921686e-66,6.276458456765397037e-56,3.050151988769178286e-69,1.673311449943952179e-67,7.209329472502275059e-68,6.513004456057636391e-55,1.623125440789344746e-67,1.183565647705277213e-68,5.019978455733966078e-69,3.523164506797966140e-68,9.275170339618014441e-54,8.408392666475665237e-55,5.972577322674426018e-69,2.566849886688543608e-68,3.408919682445920757e-69,7.270508976386271685e-54,3.363737404902816873e-65,4.048884371819084328e-54,9.547237186736216437e-50,1.886188076305984545e-54,2.375850870234898985e-68,1.727575399297984458e-63,3.538267941706483075e-69,2.263157402875885438e-56,7.174026641588786423e-54,7.889727541954533833e-51,1.224520110551506429e-53,4.136744907086789550e-54,4.068296063030549582e-50,1.241547626627262484e-55,6.949725497430258456e-54,2.746327648407888364e-51,1.116332533440745471e-51,1.193503780965989098e-52,2.853480055716421385e-68,1.420570510730821112e-55,6.346915002599261105e-54,1.402381981235702108e-54,6.603971749439687258e-55,9.545753156205453178e-67,1.784687964532265565e-68,2.972659826437641778e-68,1.553469098705129699e-65,4.209247159266314742e-59,8.409360040962508082e-54,6.174935155629370928e-51,5.808674100861389635e-66,1.575200076888517088e-54,8.167336054559986654e-69,5.735989603438338264e-62,3.664616220976702774e-70,1.586138204606244977e-64,1.457469342606389017e-54,1.492669107980817427e-65,1.180934937183210413e-53,2.119923337765807018e-68,5.286749028951390626e-53,4.802770144712540977e-63,2.539615408119603187e-54,6.509513374849768271e-68,7.611571354788211401e-52,5.404819580975346723e-69,3.176267951837420726e-70,4.602855799114203115e-56,3.546061124410736133e-69,1.147474360441822201e-54,2.329607501558353836e-50,2.062873266368108155e-69,3.593319017416214981e-54,8.878607643018693803e-67,8.807947754571734881e-70,3.394299110986180274e-56,5.913700792496118178e-69,2.965221793600810242e-64,6.165580565863827724e-69,1.728580733258039671e-68,1.400869535422734005e-68,1.482771869133356912e-54,1.002806301178572414e-55,9.026659719458037832e-54,5.781832170084476899e-66,3.456600773442134636e-69,1.809750953018863391e-68,5.543456298348180441e-53,6.607159030656925663e-67,1.853395118178648657e-64,1.126516988667775862e-54,7.979362720864908083e-68,8.205724114012046838e-54,7.779804224107474683e-54,5.360571205800674467e-52,2.638521351177517995e-66,1.121671507424034897e-53,1.057003114184365015e-53,1.250513692558286053e-54,2.776707444878804601e-69,6.834457348650374745e-50,1.123107790890868195e-55,1.596034253391860599e-68,6.289212832988603029e-50,9.575026170620216138e-69,8.895826709108585089e-69,0.000000000000000000e+00,3.200621275754744944e-50,5.244407655961901921e-62,2.301887083418350578e-41,5.687259085965925176e-67,8.213763589057509293e-53,2.957953535685493901e-69,1.338441292103539215e-51,1.386045505811754823e-54,6.315362291146750466e-68,9.641116054005193994e-65,5.485988595627840512e-56,4.248669768336076653e-54,1.380128319949936875e-53,1.638052361345069508e-54,3.194358585683438368e-65,7.984545684402899014e-65,1.051886173489124035e-54,7.319840739788740127e-56,1.499086952595068086e-52,6.994945157355962566e-55,1.905185502319847641e-68,2.596961992152348374e-64,2.943365980002045522e-68,1.460577645336508489e-53,1.104779124443237158e-65,1.621917159139595761e-64,1.337410995099516411e-54,4.316518868157078530e-54,1.539944788560650968e-54,4.580197806434059440e-50,1.110817110020398339e-54,3.535513630671219879e-56,1.584159354777332609e-54,3.311940916899417047e-66,1.925909110585738991e-54,1.064954136994113401e-66,1.827116958670386629e-68,1.690122624300112893e-67,2.981052365435460002e-35,2.877542809005035396e-68,1.135786095693366872e-55,9.126452474180565024e-70,1.640448776816684314e-51,2.314268696787370329e-68,1.781452185707953054e-54,2.661066220908123488e-51,1.259309898506100792e-53,5.309666914809704906e-69,2.725264126991197203e-53,2.308189854536887313e-68,3.213052808922783440e-54,3.214795054735124921e-66,3.596122434157472850e-54,6.270330312265693909e-54,1.418211485479687621e-67,1.379598212373028815e-53,6.204725527113715203e-69,5.926200172918282536e-69,1.789679793032490899e-64,1.163424644995384029e-68,7.506962514693894180e-67,1.643746684860376263e-54
7.600572233652336618e-69,1.675305833384710404e-68,5.515339185603691445e-69,1.056608652432788567e-67,1.323825925462686826e-52,3.890793291599246809e-61,1.533081583321010851e-66,1.076941986665924141e-65,5.878710452902469965e-67,3.365872711763076249e-64,6.670921911880822043e-68,1.543305881919678465e-68,1.680668084490245471e-68,4.245899690509389924e-66,1.247571166725954088e-54,1.397029904898215531e-69,2.099757188215593994e-67,2.655795145128321121e-66,4.007088280993782137e-54,3.385710715050700689e-64,2.138469879330973157e-66,2.160285265726847709e-68,4.997923734111765707e-64,6.953434555870572477e-55,1.404381697621213778e-53,2.716281515102117254e-61,1.451175410620937252e-54,2.313601277836690431e-66,4.063556723204025092e-69,5.098791307021954735e-54,9.246657509001250481e-53,3.133896955444105444e-56,5.380095495770099788e-68,1.979934653954506627e-53,3.529923016118524513e-68,1.400836614318640638e-54,1.242136418466468876e-52,4.184765035697731263e-54,8.885671163522062361e-69,1.249585712738097313e-54,2.559268541992894905e-55,1.301547200108225003e-53,2.433705554413467432e-55,1.153335430574032924e-68,1.195131484084949183e-65,6.413818327801876156e-67,5.993045308211428060e-69,4.030312508846909853e-56,1.463656853401670480e-44,8.661210687899644639e-70,3.643760281651976295e-65,4.440518394431057575e-50,2.144516703902944907e-53,7.709073417714371780e-64,1.500273980509994539e-50,4.352636912175536352e-68,3.340032251938266803e-68,7.809095744823452420e-66,1.434124210341215972e-69,7.061807279791864152e-67,1.829285080688266448e-68,3.322491963689043719e-54,6.517394267958937723e-69,1.091831767937571071e-55,1.092900316306587659e-51,2.254765977160235697e-51,9.361062164957889352e-69,1.960467768447402081e-66,1.280762307720285301e-64,2.778112116683025095e-66,3.609156434142989100e-64,2.151971953426074071e-54,7.414305289141230144e-66,1.124912393818921309e-64,4.175940860069626265e-54,3.415670050129361052e-59,3.525407979194592411e-66,2.895926851279214645e-55,1.525770389150524597e-54,2.753789539283156713e-66,1.022821074220690658e-65,1.350266451698364146e-54,3.790475287960982211e-51,3.801876856374514357e-52,9.342223964885746758e-66,3.428145810368087117e-67,5.531637648122516234e-67,1.401917050103699075e-69,1.347844213723884424e-53,3.837663281737954112e-57,5.827291682836006998e-54,3.095143515632873122e-66,9.009690162453960058e-56,5.111213934481570124e-69,2.021627297720741651e-67,1.008149564362987852e-67,1.163183714324663487e-54,1.899884255512413081e-67,1.903821530288207721e-68,8.877661466018025745e-69,3.526711169396584317e-68,1.696058429651027807e-53,1.189762568416314962e-54,1.114094174725453810e-68,3.431892200249814965e-68,5.160021644833393002e-69,9.749996373758961952e-54,1.123644927341250808e-65,5.997670800627779933e-54,5.769534082673159226e-45,3.121069250145813990e-54,2.990310038315914976e-68,8.139324749484345387e-57,4.854069623241842375e-69,3.284777037771591208e-56,1.497382419313300634e-53,5.437754951975513777e-52,1.909035351732584375e-53,6.264567181755695900e-54,4.297576126875545257e-36,2.395280384419859128e-55,1.446354738458586105e-53,3.315368375393403473e-50,1.020245998662385201e-51,1.358615498740444835e-52,3.957755518052062741e-68,2.548023111376335229e-55,8.950896212199878722e-54,2.047087794900395274e-54,9.225491401041687975e-55,7.484884817289094793e-67,2.876609960177697593e-68,4.425897760521997081e-68,5.436221382204017609e-66,3.131591421217826684e-64,1.268729388527330803e-53,1.876244820785978353e-49,5.153211598728356883e-65,3.197869392505056323e-54,1.039615309894350541e-68,3.888474000797028406e-61,5.555242341263926415e-70,1.211605307171066174e-57,2.137487962762663869e-54,1.077561565834095191e-65,1.767207846173700553e-53,2.548804992276819460e-68,4.225206362943519868e-53,1.662487531485898723e-64,3.445357163359079118e-54,1.057873839310441134e-67,2.689726372726994318e-52,8.042432690342846722e-69,5.122611123082998336e-70,7.123019938551708458e-56,5.623393139215636697e-69,1.718907652417208938e-54,2.867426660112503250e-48,3.529824201606757423e-69,6.138095886780258045e-54,6.669741320038240613e-67,1.879637254489416217e-69,7.019375510862522563e-56,1.120373591371797346e-68,3.205448668373743237e-59,8.633451263795410107e-69,3.063451106015809321e-68,2.534983180892931600e-68,1.685925753051845953e-54,1.736988115679273342e-55,1.352824739477175354e-53,2.611120847468009924e-66,5.170079845929378623e-69,2.804902412299054400e-68,7.030346665196157082e-53,5.943223747112286732e-67,5.550412817696559727e-65,1.488773241553950871e-54,1.234022720059334166e-67,1.158324650638847700e-53,1.124581360658439171e-53,2.838000170481370420e-52,1.812390983150944660e-66,1.405084315737306875e-53,1.712089220047684821e-53,2.107646113070128948e-54,4.592782626610486459e-69,2.910235938294900958e-42,1.869023516525120379e-55,1.993785896982122552e-68,2.401265583452988759e-50,1.318257045689471339e-68,1.252682824878868895e-68,3.200621275754744944e-50,0.000000000000000000e+00,3.489554084010173623e-61,6.275142330609557220e-50,4.128766153831846221e-67,9.292483933677250257e-53,4.929638761822814643e-69,5.436804398042840568e-52,2.160790035517747735e-54,6.778190244665007079e-68,5.229376980363976393e-65,9.001642334208384358e-56,7.185096853045417126e-54,2.115327219050639695e-53,2.014264080608721600e-54,1.253624496478140664e-65,3.606056780228524205e-65,1.410741758384844973e-54,1.233934612550136775e-55,2.080974096742162242e-52,1.079380084878716896e-54,2.454516875970402570e-68,4.092270297558095784e-65,5.671893138960110981e-68,1.471417224215972603e-53,3.481477656712166444e-64,1.322102465678566879e-57,2.098513257687803384e-54,2.659266370643381554e-54,2.294603308761809097e-54,2.974509391744776371e-42,1.704101968693500677e-54,5.928255287046976117e-56,2.199980676873550076e-54,1.472901591795411944e-66,2.847941826562444972e-54,9.198900904386570047e-66,2.164806140812303243e-68,2.000475924534588835e-67,3.249030123809530085e-50,2.695649950579457902e-68,1.499728013235242468e-55,1.617180403350262156e-69,1.815266079540538547e-50,3.337100842169419845e-68,3.399585530682594980e-54,1.151818895919288958e-51,1.503532897302489149e-53,7.282567746197926326e-69,4.220524232896128863e-53,3.405710559280244922e-68,5.187594557880290375e-54,3.335590555058888951e-65,4.949084931492828391e-54,1.222895766709779874e-53,2.703381909215809419e-67,1.863578677175123031e-53,8.657612694244567710e-69,7.437399811077237680e-69,7.922737242082108245e-65,2.216629898554456800e-68,9.610056537854352169e-67,2.109735737215597944e-54
1.133337154075164875e-78,2.155701895865059187e-78,7.431266274113800753e-79,9.080383295319827834e-78,9.366458452800015685e-63,2.138391796982958143e-13,4.473742162670870764e-77,1.360576176471190278e-76,2.811075671623975249e-77,7.605779966905471544e-76,5.178935369971738860e-78,2.082018518371637825e-78,2.363271746898617139e-78,1.535698338758480043e-76,1.628754846164393567e-64,2.411940162685969480e-79,1.426356778684935883e-77,2.227938181099802065e-76,5.570389433658190539e-64,6.302751385439335931e-76,6.389599940721193250e-77,2.198726748804134025e-78,3.827126732151719719e-74,9.495549647998642458e-65,4.624873333846625361e-64,1.641898539562744083e-19,5.454861528149458243e-65,6.222503834654826524e-77,5.321968358271014656e-79,6.068970202835643580e-64,8.051791934451468630e-63,3.860890041970027109e-66,6.837717806174601705e-78,2.457736721749388763e-63,3.379442688366204696e-78,1.786412379711472665e-64,9.723592752509266519e-63,4.573089133402622916e-64,1.058915549121109617e-78,4.921390853691924305e-65,2.570156106150171964e-65,1.329328566618175246e-63,3.327313016931602845e-65,1.214379126116801900e-78,1.647597559173188317e-76,2.889019934967560588e-77,6.823374402533479627e-79,5.487998948824219612e-66,2.601232209684196686e-60,1.084440273759894324e-79,6.135517322019238930e-73,4.860292327085779723e-62,2.503742687654975493e-63,1.065281385059340839e-67,2.147982057737790621e-61,4.681908086613700401e-78,3.190381213448847053e-78,2.943238882101899710e-67,1.771624556600944258e-79,2.990022295391858647e-77,1.792076193003504933e-78,4.368828953281299889e-64,8.238207865375353477e-79,1.442279703727696294e-65,7.300508968882609820e-62,7.010826924568974030e-62,1.120481246867710949e-78,5.723437226044487337e-77,5.398557873089855290e-76,6.991031177552591414e-77,5.508198089361182092e-74,2.610191662006174720e-64,1.141287372600467669e-76,4.416418861650632104e-76,4.847263561862540461e-64,3.757830927226186034e-75,3.014924335036103952e-76,3.204732393872856469e-65,1.736491337719211660e-64,7.328266907162027919e-77,1.584635041079096718e-76,1.642065411133403587e-64,1.026282541106423876e-61,2.482728800509104161e-63,1.254104016118638695e-76,2.927538939248622631e-77,2.350768656572646286e-77,1.814915254800643190e-79,1.392280186954167595e-63,6.252366950574781723e-75,8.040875800748704513e-64,7.854117914550099955e-77,8.537647404021007685e-66,5.958510143274203578e-79,1.995649276750366835e-77,8.071299277893980774e-78,1.176338126097049907e-64,1.374233251277931263e-77,2.116783969686744776e-78,1.264310328098114539e-78,4.136469874588162452e-78,1.723705581619681338e-63,1.612092556001805501e-64,1.379691274620682612e-78,3.639425419007364515e-78,7.536295067647151542e-79,1.000875676242921256e-63,1.427955461054572284e-76,9.063315610348901806e-64,6.437680280044598630e-60,4.022324418285559164e-64,3.184999974516015492e-78,2.289733571803013448e-74,6.791787886526800299e-79,4.660469160249737217e-66,1.333305609380324747e-63,3.022322780605629663e-63,1.466854935837821506e-63,8.633767933354844016e-64,3.886274996239322045e-61,2.595822629135698861e-65,1.270938072954345186e-63,4.709182987710781646e-59,4.070899295863219698e-62,1.619265940108916402e-62,4.695466432931539776e-78,3.399123327151259291e-65,7.896176926529409122e-64,2.987162227063059565e-64,1.365213111942177771e-64,3.089186259321394201e-77,3.263037324217294589e-78,4.336344500623126386e-78,9.036352579803316047e-77,7.101555618021092061e-76,1.516896763393788122e-63,8.286210461070457921e-60,6.596497478390311323e-73,3.569050213813812343e-64,1.259103741392337227e-78,1.641889110442098848e-19,8.842422819595407737e-80,5.764793646011223287e-75,2.824315421419450057e-64,3.367259572854155264e-76,2.292683385355295692e-63,3.223732424649573753e-78,2.797675489884463171e-63,8.284327232508017230e-76,4.312017314080837731e-64,1.290685380058145569e-77,6.110890367084107295e-63,9.047946580139800769e-79,7.949831170681618075e-80,8.665434529041978636e-66,6.550765293770942441e-79,2.073152645655355501e-64,9.973353008880834202e-60,5.054775473502680498e-79,9.156999787949711196e-64,2.966894612538812036e-77,2.330509218058109947e-79,6.761764739319590496e-66,1.441931796263993742e-78,2.120307151160841236e-75,8.960085002945721729e-79,3.620250826035802316e-78,2.663813435685746857e-78,2.111099706919964819e-64,1.767162158086737837e-65,1.336131968198509073e-63,6.784263510159898681e-77,6.680929604083512992e-79,2.858413941977900961e-78,5.948309716052690732e-63,2.470521605318114539e-77,7.536891677828860103e-76,2.124271917183620865e-64,9.590610787797761556e-78,1.360912087264691253e-63,1.389666131442183430e-63,6.156859129445438545e-63,5.701251840339242472e-77,2.128612514810949176e-63,1.848996299407386936e-63,2.717338782383786289e-64,6.090172439561082896e-79,2.894605405209588524e-61,2.559839255039393342e-65,2.521657310347492819e-78,2.675716041994951217e-61,1.507886801277507837e-78,1.712729395546352360e-78,5.244407655961901921e-62,3.489554084010173623e-61,0.000000000000000000e+00,6.404918227960392649e-62,2.337951372078126599e-77,7.273978658683584024e-63,5.753437565754007967e-79,1.552066111185142583e-62,2.825234688047762131e-64,5.800840200906820023e-78,9.316488518481697752e-76,7.612185589421447749e-66,8.112511976721400230e-64,1.620819878587188385e-63,3.223856526600675820e-64,2.712828816270531963e-76,5.719445888567622887e-76,2.061449238109821740e-64,2.227753554711110932e-65,1.941230919116319024e-62,1.181746405703576943e-64,3.106217975409217611e-78,6.024701386263763617e-76,4.973164289260963721e-78,9.521208433032899230e-64,4.589062255873014648e-74,4.139656014450281688e-75,2.888189977106034278e-64,1.093207669396617727e-64,2.929274106554534294e-64,2.906127332494012419e-61,2.237632990329240418e-64,7.321189619022272119e-66,2.767797357003946684e-64,5.153458691635478550e-77,3.120758856017915953e-64,2.165074307666173690e-67,2.413948408951864131e-78,1.251485971577912828e-77,4.209781874781388407e-62,3.628037945460505646e-78,1.487377884025631360e-65,2.361817704533040044e-79,6.984838416231441924e-59,3.689338685300758414e-78,4.263188311020082493e-64,3.103227681756743874e-62,2.127605650027801958e-63,1.073401028920975949e-78,3.348031162676006366e-63,3.891471125317181127e-78,6.221928220296089898e-64,3.086020506821765802e-73,7.247039358645029369e-64,1.207563884855699900e-63,2.725860433500079765e-77,1.721921097000765464e-63,1.328125757506260676e-78,8.734910449814889526e-79,2.066186489169567257e-75,2.231268741242196227e-78,1.063547238402107170e-76,3.308582213227628703e-64
5.614726224375722935e-69,1.118320758846262976e-68,2.974193788684289592e-69,5.485231869744422770e-68,9.251505392927335910e-53,6.753053862408763088e-62,1.392537786982190377e-66,2.580372124514093501e-65,5.223713954291455686e-67,6.452292789155490644e-60,6.403139385915390720e-68,1.010559951135140142e-68,1.063082458545704547e-68,6.671211260071067724e-66,8.930763363387358526e-55,9.065272436416490719e-70,1.799576698327460418e-67,2.051645293152355055e-66,2.735567736283389516e-54,1.148832851033297007e-59,2.597497651670041709e-66,1.893008313203536999e-68,3.719199575229414324e-65,4.641645509251570102e-55,1.883057878832463170e-53,4.750989458991732648e-62,1.789552933229923755e-54,1.967172197048964476e-66,2.445668003157621795e-69,2.936811750679077040e-54,8.406657360871387248e-53,1.933327505590967077e-56,3.563822103104988489e-68,1.256929347294929922e-53,2.255369889377709483e-68,8.704542354470990295e-55,1.013266553839530329e-52,2.017250585429132306e-54,5.368106110440976987e-69,1.575058375275603310e-54,1.893772330449632722e-55,8.926193754519070884e-54,1.761086844398145825e-55,5.382334823712231740e-69,2.047206103458797850e-65,6.679410205318568050e-67,2.849379479851586679e-69,2.933715115461117990e-56,1.216542749211026870e-49,5.413846129536175892e-70,5.025386908782155185e-66,2.982123924424360688e-35,1.288910183363960430e-53,1.062937083921947956e-64,1.417463966199544111e-50,2.335525821103200085e-68,2.375572009984055861e-68,1.437856314762579289e-66,1.006098692890150926e-69,7.858534125646316260e-67,1.067119961002274186e-68,2.096038550936088520e-54,3.647073601169926730e-69,6.631198125579958455e-56,1.414761603128237546e-51,2.944985580426758786e-51,5.611113715480701955e-69,3.693068950484498214e-66,1.029540779233314591e-63,2.774065100338772896e-66,2.238742230398629544e-65,1.378318597276876977e-54,9.614500060889976474e-66,1.229055417813358189e-63,2.465232423266738600e-54,2.552139592680099386e-64,2.243277389575647113e-66,1.746536190064386602e-55,1.075175911967228484e-54,4.225642354112825924e-66,2.658760054600590808e-65,7.931028481081656965e-55,4.318652607895083083e-51,3.397305732630131933e-51,1.305648798465998190e-65,4.041817595378123237e-67,3.965143009509287614e-67,8.344092712867592829e-70,8.954875216909161085e-54,5.065387409113845532e-64,3.679350454478232250e-54,4.051265136045097911e-66,5.713332597753270306e-56,3.184754025832401311e-69,1.646027330932775558e-67,7.081291422661161275e-68,7.850938541199126574e-55,1.411506741843952590e-67,1.161738300374405281e-68,5.777799430991826837e-69,3.059819416489266461e-68,9.879274971817125509e-54,8.738783439714358385e-55,5.876172551987940634e-69,2.602990740725868028e-68,3.644534589512104358e-69,7.180151723192971726e-54,2.655224535037025437e-65,3.362960145722339111e-54,1.809879239155531690e-49,1.973623101304414563e-54,2.302815669586972497e-68,3.038972566357991586e-63,3.436678569617805842e-69,2.270676113019801071e-56,7.690149822041940055e-54,3.765156077998755696e-51,1.118856964686726985e-53,3.932331934950212784e-54,8.023929616031161924e-50,1.351965173486078054e-55,8.000797666806030007e-54,4.134736109006161344e-51,1.179812474966667830e-51,9.260951260497398305e-53,3.027066543704972181e-68,1.536060687383301734e-55,6.210638431090727042e-54,1.297334190144109154e-54,6.755301625143963696e-55,7.487954281510315550e-67,1.860507980117189246e-68,2.916550502132419674e-68,1.184705005338599141e-65,2.000941638899476932e-59,8.430123722588637925e-54,9.373953292994798995e-51,7.627688899688223320e-66,1.681290007247067698e-54,7.053736076736323582e-69,7.271087322703520100e-62,3.534897707428532976e-70,3.674560372450835405e-64,1.348372018967029408e-54,1.069256313557298494e-65,1.266186386006425698e-53,1.978406028616907634e-68,4.793138281695497600e-53,2.363900456331355675e-63,2.287411777782184098e-54,7.280871514858497069e-68,4.208066004631688532e-52,6.029330264583239582e-69,3.243867250149999370e-70,4.796555728823151716e-56,3.701811799898671802e-69,1.170040479151397136e-54,4.014577454482573086e-50,2.113797835439413305e-69,3.625705663707616704e-54,6.805456111348367025e-67,1.087992469514764444e-69,3.810339701012660871e-56,6.180366316964422599e-69,5.312671753824468138e-64,6.145052510473097649e-69,1.652838091978065397e-68,1.520121385535666266e-68,1.287263456177460644e-54,1.084511681706893439e-55,9.271518140390530299e-54,4.205892539948745032e-66,3.506644264836338074e-69,1.775634606267294494e-68,5.302055279678676023e-53,5.333541073602791643e-67,1.297728175684729960e-64,1.095113015208694879e-54,7.815066759984915145e-68,7.878731196138766996e-54,8.478294103431336928e-54,3.705197846336019599e-52,1.899630242943702358e-66,9.831580933288950538e-54,1.186318973309904597e-53,1.221068097640706424e-54,2.564511151937050362e-69,1.265249869259367332e-49,1.057705687545177451e-55,1.417519788261866796e-68,4.022203698913256105e-50,8.599761137897387976e-69,9.594758315974687528e-69,2.301887083418350578e-41,6.275142330609557220e-50,6.404918227960392649e-62,0.000000000000000000e+00,4.697490611538623252e-67,7.404958788549402383e-53,2.820651866369301432e-69,9.243331675792481137e-52,1.483931579581048751e-54,6.420758420355194614e-68,6.552734763812832724e-65,5.458329292704022069e-56,4.679123778173134586e-54,1.406877328114513487e-53,1.480641876902711682e-54,1.937642439843314870e-65,5.645857723582508005e-65,1.012056805667854160e-54,7.345378977867139784e-56,1.229228239233339664e-52,7.490056814663094591e-55,1.871944183388981028e-68,1.391122719829051564e-64,2.684583166479974054e-68,1.387195552510421372e-53,1.981958164340331788e-65,3.247464717306587870e-64,1.409898318971209181e-54,3.695463157890911085e-54,1.635580478979125221e-54,9.313808510841918581e-50,1.107102762111826045e-54,3.757020152805597659e-56,1.637462686762593071e-54,2.382913230357855734e-66,1.918482021441461649e-54,1.394224861227728208e-66,1.843425247763528676e-68,1.526965553573570500e-67,2.251512202820614814e-41,2.468982005807390766e-68,1.057000697121620721e-55,1.041356873251842332e-69,2.264685450164625886e-51,2.171424529754739058e-68,1.931160035473313062e-54,1.748165472271042631e-51,1.008519390509545958e-53,4.684417924318327271e-69,2.829321183115364919e-53,2.150398356953111790e-68,3.124732438593537336e-54,4.637446424711010580e-66,3.246043098389100936e-54,7.327303716292616562e-54,1.438674521835567590e-67,1.223400424688578482e-53,5.579003689017230982e-69,5.637632964879847548e-69,1.352877842502987640e-64,1.189373195720439988e-68,6.094933317991876695e-67,1.620779444132801873e-54
2.204155518961189275e-81,6.001100556851166464e-81,7.235357181802096763e-82,4.555663729793052110e-80,1.995774862074935553e-64,2.173681381709468645e-77,5.633080540184778105e-79,1.396686796072822983e-79,1.181041547015990225e-75,2.263097896982042650e-80,7.556528779468975222e-80,2.751710763171759521e-81,2.647137232127183597e-81,1.014533165203890252e-77,1.789901976154476318e-67,1.435797190853082538e-82,2.397321569344299394e-78,3.267339290500317735e-78,1.128325644494865508e-66,1.274398903449791024e-80,1.939935059791169493e-78,1.216213629137837818e-80,1.498933640373522631e-81,5.570898331061706369e-68,7.006805681368278772e-64,1.497386716674394848e-77,5.341378168444564478e-64,3.438700454305235425e-79,4.677658149247394050e-82,1.152646443957453582e-66,1.604564185259743147e-64,6.419120240619809107e-69,1.280359577514609191e-80,4.866791140444680005e-66,1.238461870187539400e-80,1.863801284514678206e-67,3.553100874849306898e-64,8.988507756033520351e-67,2.153928144605810238e-81,3.681989037007650962e-64,1.338281577384633790e-67,3.419666162687744014e-66,4.404016569932898597e-68,2.062722895346821564e-81,1.719509504143643700e-79,4.000000003651507097e-01,5.529719668390904070e-82,1.002008669888119006e-68,1.059683520845651451e-66,6.875877231036842275e-83,7.538473432567595763e-82,4.583840981976068042e-67,5.210693311015211698e-66,2.060679717094046159e-80,1.168596084008859303e-64,1.469783721167665867e-80,1.702915666596930160e-80,3.457529242391312764e-82,1.406412495811459503e-82,4.000000006410749376e-01,4.777389808485801768e-81,5.026622897464087402e-67,8.758039578141009433e-82,1.241830706615671029e-68,2.234388355529380391e-61,1.308397348593762257e-62,2.150034196326663954e-81,3.250970760990600680e-78,2.093653239721469387e-80,1.008536349220902594e-78,1.191628391127838189e-81,2.666321898864740907e-67,2.131156616053684795e-79,1.913085341464738067e-80,1.204008900835033752e-66,2.172032033710015380e-81,1.202607259616933157e-78,4.329863923542094089e-68,8.453991288002497011e-67,1.532987138601349085e-78,8.096908283000605912e-80,1.527512604591269359e-67,5.065742724300070359e-62,2.478340025863741956e-67,1.549582930637520623e-79,5.221488614137382238e-79,2.736036833563461938e-76,1.161576359261405287e-82,3.296829019371762245e-66,3.725137523794218300e-81,7.893676479140292026e-67,9.777363469827582526e-79,4.725519459826452856e-68,9.108167996656905626e-82,1.315488337396281887e-79,1.026665008403685747e-79,2.184902887528747262e-67,8.752193136437959689e-79,5.671419702958541794e-81,1.643932049583755503e-81,2.058745594616884004e-80,7.091710464580839083e-66,1.741321234279704838e-67,2.468872615480320702e-81,1.656491791941162231e-80,1.088140611026809131e-81,5.805040757403620301e-66,1.232759793968486610e-79,9.503212807808382306e-67,1.663534877530160380e-66,4.980944786018206195e-67,1.648042870449805096e-80,1.986883091318380839e-80,8.545582998199841113e-82,7.285125414888934871e-69,4.159102763091427249e-66,1.615870374095398179e-67,1.217288630072045124e-65,1.723788758066239416e-66,4.148387689274790437e-67,5.077211870030703349e-68,4.041490225641477390e-66,3.849624737132273277e-67,2.527834611221526778e-61,9.391323609066643497e-65,1.524235989356320278e-80,3.071859992574907149e-68,5.298355365405223073e-66,4.034729189243516650e-67,8.536574761296482484e-68,1.312098502264257995e-76,1.058455432039974213e-80,1.904654606193018381e-80,1.710220529278379572e-79,1.530883201698763787e-80,5.387970957480601067e-66,3.307501369046207422e-67,1.034418644216104613e-81,7.222334968599552825e-67,2.800312013862886313e-81,2.327456497901016742e-77,5.049210501552673377e-83,2.911306764899709818e-81,5.674070999667711045e-67,2.764441482921684805e-76,3.739954205320156973e-66,1.299440919703671589e-80,1.334639425546088007e-64,3.813412461391820206e-80,8.550774102959744077e-67,1.604785901076629561e-80,5.074370717599304710e-65,1.828000486216846780e-81,4.601213041341717586e-83,2.045762088073044629e-68,8.909272425220494701e-82,2.571777674421827297e-67,7.727867250080727903e-67,3.626259033229966560e-82,8.668163403320275624e-67,9.024899851199018082e-77,1.936049301925695351e-82,1.507379213526410187e-68,2.853022611169178146e-81,4.297190151966004917e-81,1.961705596240509268e-81,1.035226464364291945e-80,7.667905114636985083e-81,1.184884870620408435e-66,4.456984192855490013e-68,8.736572410899297041e-66,1.712419362677279336e-78,9.660041536270124342e-82,1.235876000056260141e-80,5.614636447897787662e-65,6.921069448634222878e-76,5.120666828163003363e-79,1.915780595299960929e-67,1.181963865546684856e-79,5.050898083916654773e-66,2.442251249745305739e-66,6.246737081340578904e-65,7.389630186779361391e-79,3.090438068076084705e-66,3.587255654923368144e-66,2.234372945353506608e-67,5.977349647114127237e-82,5.936212442388871835e-67,2.104079238510192064e-68,5.549803700115168451e-81,9.187597166080901438e-65,3.433525672252581622e-81,4.863015231464486039e-81,5.687259085965925176e-67,4.128766153831846221e-67,2.337951372078126599e-77,4.697490611538623252e-67,0.000000000000000000e+00,2.027414505899573479e-64,8.554363411056373985e-82,1.172610419804309419e-64,2.589389995693765915e-67,7.190693466632722088e-80,1.735002289749050198e-78,4.137362296285052910e-68,1.378855655724980527e-66,1.296383760450296814e-65,4.361972717164668096e-67,1.562126474204447390e-78,7.851690325436877540e-79,2.270529244493844226e-67,1.571498142822682510e-68,1.573329494057493567e-64,1.778709213691093099e-67,7.888123092394889894e-81,2.892939342988855151e-79,2.274817597489540913e-80,2.621142072761523165e-65,1.007434968327168699e-81,2.243411011485202756e-81,3.177414823320458988e-67,7.880104009759830262e-64,2.597276850036738546e-67,4.643795439599126689e-67,2.040174595134044698e-67,1.266224612935506199e-68,5.304843459151464240e-67,3.721580392140538890e-78,6.425805418057391343e-67,3.632780485219328391e-82,1.246721747712109204e-80,1.458562019506870714e-78,5.483699404767577669e-67,1.715300334111488007e-80,7.080827978899062784e-68,1.922062794869315472e-82,2.282403361000226121e-67,1.490445576617516895e-80,3.759377404914472245e-67,4.557408989726133245e-64,3.390970437617893881e-66,2.005674095670073907e-81,3.421856059317504344e-65,1.455323492421062342e-80,1.542134343224304643e-66,5.628681833394846729e-82,8.618995709019411027e-67,4.094759117094607443e-66,1.082164624421640353e-79,1.537731984901728514e-65,2.403765774789295415e-81,1.740008480773840768e-81,2.698427848523628394e-77,5.787453606981252872e-81,4.609398207231319078e-79,6.675889188268495266e-67
1.064570082754692133e-65,6.088456626717771178e-65,2.123103958978003827e-66,2.138635131232899607e-63,2.129590999648170033e-44,7.456562325229281191e-63,1.572456967392989706e-65,6.321578556726151352e-66,9.407401244683105707e-64,2.918991519304450227e-66,1.791686586491635287e-63,6.984949474444935884e-66,7.255132230977515770e-66,6.991852948367061520e-65,5.248551670674180687e-52,2.699614293525218858e-67,6.235895217487393046e-63,2.347470616302901243e-59,5.821800206644170407e-51,1.892745433948979380e-66,2.954158404773093167e-65,4.220843682131302718e-64,3.736668068820887398e-67,1.092215450418840730e-52,5.096173270654896786e-52,5.083032273301106043e-63,1.309421060513372012e-52,1.126021729566332562e-65,1.286247343944634850e-66,7.496863497225199538e-51,2.048011219384576229e-44,3.118250197245078342e-53,8.871378583718163694e-65,3.290432656203271661e-50,4.361314451824025925e-64,5.183779692777161401e-52,2.657816073199751743e-38,7.993220734109099225e-51,1.227384977277804265e-65,1.457018464283317717e-52,5.723145204989818261e-51,2.386866156767120632e-50,1.488931426962414757e-52,1.533078971638276742e-65,6.916124428144313998e-66,4.340514232973056922e-64,1.465047607589108350e-66,5.117662962809836678e-53,2.418189053865665219e-52,1.650065945769887619e-67,2.218702011826681279e-67,7.476520474282679652e-53,3.944661923572116306e-50,6.221167136151476672e-66,6.768738745401345811e-51,3.353553591146180996e-64,7.590480323881822417e-64,1.212152543495090512e-67,2.692273389433881947e-67,1.801944135086942042e-64,7.257438226880818483e-65,1.774479891051881090e-51,2.786897753110056233e-66,2.872214900868003083e-53,4.301110698538604689e-48,4.251881288562008945e-50,1.273103207386427548e-65,2.387213753539618927e-65,2.199335709720235072e-66,2.687405523933582143e-65,3.103011536361233795e-67,7.204371477813655831e-52,7.737573327724413715e-66,2.377648701554390785e-66,1.197724213188153124e-50,5.234156067545594905e-67,3.978560043515314481e-62,1.623375415974433428e-52,4.052723490058358763e-50,1.498296975928742045e-65,4.110570794441709649e-66,3.503513766353575384e-52,9.803282824800603894e-50,2.230518430010449199e-53,6.054186760177680395e-66,6.484672003148781059e-63,1.256097662668656549e-63,2.643172147521533611e-67,2.620051847754143984e-50,9.320746308691246452e-67,2.204007813475895580e-51,2.051005823735721413e-65,2.342638131943597197e-51,2.869911319326816758e-66,5.851928131796510769e-63,9.142499959034229817e-62,1.027424666641996698e-51,1.604774405004152906e-62,7.150772271424394435e-65,6.302308859641313606e-66,5.831449995147083636e-64,1.858857427232099129e-49,4.390797684032685966e-52,1.792496557703126979e-65,4.363744811425670716e-64,3.547817518015619918e-66,3.344900556467002832e-49,4.978962185617278111e-66,2.936236593728871338e-51,3.857632292298038286e-52,1.815546775142434758e-51,5.480019982038801628e-64,4.650427747019498362e-66,3.265600062909119249e-66,3.748997841970396237e-53,1.068825662113657011e-49,1.524760782321973347e-53,2.463873114790759324e-48,1.091162089608596760e-50,9.248891845048821247e-53,3.716602140069894220e-52,6.944877653902096136e-50,1.010055135687025300e-52,3.177877986444598321e-49,6.337761922395370538e-48,1.922432831210600003e-64,7.280426766623233395e-53,3.956289571349979789e-49,9.371099198578401236e-52,1.686812009652929889e-52,8.072633482243869405e-65,1.290466419829867815e-64,7.144027776213457267e-64,6.357408258401254497e-66,1.906742945938906278e-66,1.136495554916451576e-49,9.512682368740236777e-53,3.089061960102365377e-67,5.243598747582161950e-51,2.390159419036886588e-65,8.059165695336998229e-63,9.375207431666878175e-68,6.575790572760100687e-67,3.469478809010299383e-51,3.785419324412511924e-64,1.554320437259871701e-50,3.294395902809296988e-64,2.605272400691621581e-49,4.245387411504271420e-66,5.339943878128750601e-51,5.177702980356032255e-65,9.106737859328092523e-52,1.158072753494278606e-65,8.569759333050995387e-68,1.879646897718582953e-52,3.556509073359974304e-66,5.460918284343946859e-52,2.131424874726190147e-52,8.141166504417689790e-67,2.660809777146883855e-51,7.292603850100174950e-65,4.598145217987433502e-67,1.213841681674206078e-52,1.797473579056154164e-65,8.963302572012426438e-67,1.280845121336791821e-65,1.707676307164126699e-64,8.690877626371555899e-65,4.592361000129048085e-50,3.996450842117025894e-52,7.556357471107203882e-49,1.572180175903743724e-65,2.867713067297443444e-66,4.221082357641983944e-64,2.874354923639232821e-47,2.845498266587363125e-64,2.206925971855545929e-65,3.477845592253091606e-52,4.956746862128611334e-62,1.144142992768674452e-49,1.175494389183191857e-50,1.111764240969869129e-51,1.945015023502156169e-65,1.219207854404453625e-50,2.202929598255641740e-50,5.298431396201093434e-52,1.446345739817116096e-66,1.070434988354861974e-52,5.510507110729302109e-53,4.329011370444427415e-65,5.324176929327371324e-51,3.145040840311142853e-65,4.028764811097229192e-65,8.213763589057509293e-53,9.292483933677250257e-53,7.273978658683584024e-63,7.404958788549402383e-53,2.027414505899573479e-64,0.000000000000000000e+00,2.948465608982660177e-66,1.495692915913887447e-51,5.692746944159003657e-52,2.481862065398003460e-63,4.756904821995462120e-65,3.012690762384784241e-51,5.875738512555945775e-51,2.099796506488092439e-48,1.488912609851371058e-51,4.090623659892455990e-65,2.308473141133992325e-65,5.531197735182633235e-52,3.248304680425117198e-53,1.624893381881251896e-47,7.846590080358064800e-52,8.224835539932458651e-65,1.093240403562463009e-65,7.679784064231630511e-64,5.841664244734086232e-49,2.763768933936896647e-67,5.415873878229617063e-67,8.570969679386560149e-52,3.325515449731462743e-52,6.354327300075556394e-52,8.988016369528977491e-53,4.184796093522259607e-52,6.425747874638413381e-53,2.689508577681572198e-51,2.059248519665203108e-65,3.146815078737482445e-51,1.116572629563860179e-67,3.351831056983197322e-64,7.767966676725288436e-63,8.253389946635789501e-53,5.437052090281933433e-64,3.259111365169910932e-51,4.126479081599868204e-67,6.780572020052168823e-53,4.436729999695436804e-64,7.663625320689870230e-52,5.137470117994984851e-51,1.266614911437581851e-50,8.302928373245878862e-66,1.420080542261595906e-47,3.503606476397077660e-64,1.340176386086974602e-50,1.779051375804538196e-67,2.239844844657776052e-51,1.012496281455344605e-49,2.932442886540879087e-63,3.987964054583129817e-48,1.028353323824047098e-65,8.726495577073113046e-66,3.188143492024172662e-64,7.331456092247981494e-65,1.845149347575660604e-62,3.987853073462622167e-51
2.279715427490224049e-78,1.823055056799897466e-79,4.792551090091911486e-76,1.604540543325998622e-80,3.890172004543830960e-66,6.363044424279190887e-79,2.536091499323813320e-82,1.141062028191863287e-82,1.715036600544840621e-81,9.874440273774588779e-83,2.472643643413812453e-81,1.768806820055604916e-69,2.410583467245300321e-75,8.098247249637647009e-82,1.143380543514445140e-62,5.901946484557687953e-80,1.749490899624670330e-81,1.893709492702466630e-79,5.094628360838309642e-64,6.025263557034612913e-83,3.432974997666885399e-82,1.681997185395163709e-80,2.283659507632700719e-83,9.988318156524967903e-66,4.522933986788350916e-69,4.559251781997984209e-79,9.121191483795646438e-70,2.173011051941077951e-82,2.903814913997735339e-78,4.053690889424949867e-64,3.884466499363265341e-66,3.222048144713766077e-65,7.987551107569186115e-78,1.877713310911694189e-63,5.329394125803873906e-80,3.287954405667993603e-63,3.007725930225378881e-66,7.891678106829496462e-65,1.715930143041471758e-78,8.283627205789331714e-70,3.045599463759142741e-67,6.035744179503977019e-64,1.189945445790109841e-61,3.201924734808468287e-79,1.443278543709334061e-82,1.174600396255446912e-81,3.809915753047167286e-78,1.915611041647610447e-65,1.345031484856901128e-68,2.063957039285152193e-80,1.495434293564180489e-83,2.704483942566421325e-69,1.820617516018052216e-63,5.446205619206191406e-82,1.685265059239460743e-67,5.520445637886895298e-80,2.729696697913554700e-80,9.041338364769635001e-84,4.136511265760446842e-80,8.758957637004535985e-82,1.770946284942146323e-79,5.224356988411219457e-60,1.827296164107530646e-75,3.898486569670938530e-65,4.592853866585579799e-66,5.043801665515682606e-67,2.215118441686587659e-78,2.625513661411773210e-82,7.914806287273469202e-83,3.913476895807666229e-82,2.207669721555025295e-83,1.710514181555727878e-63,1.519129135782942867e-82,6.872308516794624082e-83,6.123137840369513677e-65,2.853749869287267235e-83,6.993561246245966548e-78,1.329363944801015433e-61,9.178938418484817061e-67,2.307976060381465670e-82,8.315478679048608712e-83,7.188721608117271459e-64,1.027986843448033213e-66,5.438389139402307227e-70,1.235852207487292721e-82,9.359043778926398878e-81,2.050059660411663215e-81,4.550359432333863075e-80,7.089280376420584551e-64,5.178090817015164442e-83,2.296125382030624822e-62,2.889863371388766732e-82,5.398546729018833881e-68,2.034616266424241919e-75,7.194932571848336735e-80,7.705530070606377846e-81,1.171363519914920435e-64,2.590566517172987043e-81,2.275380651078990682e-79,3.999999987776838850e-01,4.566143125029091742e-80,2.203428248251288693e-65,3.851043282188758788e-63,4.132761035525248895e-79,5.875949681460454883e-80,4.000000028794806206e-01,4.136373966716540665e-66,1.069223225511532945e-82,1.455567367901743150e-60,1.797333669852419473e-68,8.916270854741375599e-60,2.225812228840617788e-80,2.172220994345626569e-82,1.860998605263456298e-69,5.278164549012902693e-65,3.398547535413438187e-65,4.869731941117979092e-70,3.222574985605890397e-66,1.975017900935927242e-64,4.493179232170139587e-69,1.706038808942193934e-65,6.794527167594316015e-65,7.733048126861746356e-69,1.352181974871651985e-66,3.158146767102723399e-65,4.717275808181904712e-79,1.243609468242897173e-64,3.556517225453328523e-66,4.988187220309383685e-58,1.476354735702930506e-65,5.772398000788091385e-82,2.442950258315107983e-79,5.771230805826719900e-80,1.189851818675242170e-82,6.255943347336973043e-83,3.404037237800518095e-65,5.898048233112021774e-69,2.467062411546105637e-83,1.174960353845476966e-64,5.568246931225286421e-79,6.578859947896267836e-79,1.457191833061238103e-80,3.881276256039951280e-83,1.523036236506407002e-64,3.719463938644812120e-81,8.406045492985520497e-63,7.701007261361455580e-80,2.869841469666170364e-67,1.166285935155690896e-82,3.890327891805592566e-64,9.171454203156974081e-74,1.400243755014942751e-68,3.188296971084477567e-79,1.049319149211111488e-80,2.152406112234032104e-66,1.921869419068521432e-69,6.036714143762939552e-63,1.315783181619463274e-68,7.511382818566136395e-79,2.150212398969391805e-62,6.075159562913781593e-82,4.983685299221730098e-79,3.435309364229977377e-66,4.821539370783634340e-79,4.575067936146815170e-83,2.539078505353196193e-79,7.339968419243441465e-80,2.917293308950137733e-79,1.147332143938995968e-66,6.200382022880293303e-66,4.546094492288471710e-66,2.096134499014883349e-82,5.093154989360040895e-75,3.752216260294724783e-80,8.745244203650155649e-66,9.768097443262388799e-82,5.005179891383818429e-82,2.308821972037399984e-64,8.585269538981305063e-81,4.370681643244497149e-65,3.317768669883069144e-62,1.589832535243643248e-68,2.682255629876063361e-82,1.601933021196509807e-62,2.348201083781192159e-63,6.017502539249381392e-64,6.698753932240526423e-78,5.120479981379406785e-69,8.218424791920779591e-65,1.692084051707358428e-78,1.428937702042208199e-67,6.582376283536271537e-79,3.681460023481883478e-79,2.957953535685493901e-69,4.929638761822814643e-69,5.753437565754007967e-79,2.820651866369301432e-69,8.554363411056373985e-82,2.948465608982660177e-66,0.000000000000000000e+00,2.732048340310511580e-68,6.731738851761153429e-64,3.680576375016146157e-81,1.109595392174027365e-81,4.493934256260730815e-68,2.035934469270580923e-63,4.612891345381095007e-66,6.043108845203440185e-58,6.170863702864059940e-82,5.213356565875072657e-82,8.777041416252788427e-63,3.210410469313643203e-65,2.201916183647468501e-65,1.471041062714912024e-64,8.016333945027649574e-79,2.586279121420289651e-82,1.928843462750163279e-80,3.065091832883407899e-67,1.920432150970960897e-83,2.859945725900966987e-83,3.620310271109805180e-62,1.951111461723441198e-69,6.344019175844090420e-64,4.456352656751672871e-69,3.471731994013255650e-64,3.239152992950939041e-65,2.496319838128830403e-64,2.517861570356144633e-82,4.233530017639025467e-64,9.718032656932949104e-84,1.837131351957709619e-80,1.828469288924693869e-81,3.155992728781173428e-69,3.276963223856050197e-80,1.940421668732034826e-67,3.985729766824159919e-79,4.824503409465904665e-69,5.980686925222637557e-80,7.905937743763874455e-64,8.100099071329702315e-68,9.726705877974145687e-63,3.158332969848977068e-78,5.177665496995159524e-66,6.537261164383386570e-80,9.353566190943879083e-65,1.215953263284129879e-83,1.961340998117701533e-60,2.827305122182752910e-65,1.649449117681368884e-79,2.456024167151749589e-66,2.463030733502696964e-78,4.402520247413619267e-79,4.671924103440744896e-81,2.047749027551104436e-79,9.139047339819247452e-79,2.166687395114805040e-64
6.440165753555418423e-68,1.331794681803855571e-67,2.646835365739859859e-68,7.732449420064166414e-67,1.721976022220865986e-51,1.512340193094311946e-62,1.553473592998464912e-63,3.998059807450436834e-63,5.242902201507777057e-65,6.565773973410716150e-65,7.022427012840716325e-67,9.595838632169134184e-68,9.619977138655604260e-68,4.716935043345422686e-61,6.519869204879720960e-54,7.544400713874133234e-69,7.414993004206612332e-66,3.559279726996533030e-65,3.092514517075303076e-53,3.195060496497922912e-65,1.006596297913922222e-62,1.788080167273528239e-67,1.345865529047401010e-66,2.818069940631347560e-54,2.838694932885082253e-50,9.680402435057441393e-63,8.045221357075066261e-52,2.031580881114743768e-63,1.898581627733390469e-68,3.152028239017783778e-53,1.295892251438511017e-51,1.840828142239035342e-55,3.407061076202647460e-67,1.284997007494277411e-52,2.153718555216872640e-67,7.016481649280743314e-54,2.560744088868294275e-51,2.122512174993802639e-53,5.428429508736084940e-68,5.104486489650265346e-52,2.077824159919661507e-54,7.753207841504726236e-53,1.324835126416622632e-54,6.033761978194207124e-68,1.713770740264888676e-62,8.812591746706185792e-65,2.312604202896957904e-68,2.779034151437968354e-55,1.314371489495126877e-51,3.337978405705411499e-69,5.960677609726763557e-67,9.179556863497527980e-52,1.254449172143599331e-52,1.572468754660979501e-65,4.027840401980993922e-48,2.854550914965054618e-67,2.434052575547083385e-67,2.432825033116635928e-67,5.928664820014246668e-69,2.218075775663598960e-64,9.741340235371457381e-68,1.659282959680887319e-53,3.220013948848449488e-68,5.712443930552349177e-55,5.677467301801953327e-50,6.201257926111621024e-47,5.505817842405536627e-68,6.305246154440462435e-62,8.662348121917031263e-65,3.830958481761890450e-63,1.156727200727785966e-66,1.029397211775198184e-53,1.483813768264215674e-62,7.183505558046430372e-65,3.002117076271085978e-53,3.005443893803017169e-66,1.967155002361060370e-65,1.366994655123419908e-54,1.335909467413381748e-53,3.520999833875516274e-61,4.523608922160427912e-64,6.637111749386218866e-54,2.896258086378377865e-47,1.527261800146479852e-51,1.267920773122808209e-62,6.083313207095853797e-66,3.552681326971520791e-65,5.689627322080605855e-69,7.244200073829869168e-53,4.364247085477060378e-66,3.033999119743180629e-53,1.025798250203245422e-62,7.789903529866648675e-55,2.939732779513467831e-68,1.927009371727739616e-66,9.984325607912241968e-67,5.378362712105174954e-54,4.274449829755665893e-66,1.219063508995708944e-67,5.091751250240587330e-68,3.103626319478084212e-67,1.256181265247197090e-52,6.532154845147497822e-54,6.732217375689239186e-68,2.879788603014623366e-67,3.543708680344011362e-68,8.707707044811783893e-53,3.836426949249263932e-63,3.963746168245944201e-53,1.898185536086313569e-51,1.630529343598688689e-53,2.887542753572721736e-67,2.837768281033946821e-65,2.796385672390827608e-68,1.967148806799859591e-55,7.445681934909928359e-53,7.861589809659777830e-52,1.637329774679229078e-52,4.551091361454160051e-53,5.724516594514030980e-52,1.104828894162106502e-54,7.455784842503500272e-53,3.351895497245003921e-52,9.212791906401750973e-50,1.684912424136920684e-51,2.828893325103922392e-67,1.229999858838853892e-54,7.366478084990292917e-53,1.472173416995472671e-53,4.207034145752862641e-54,5.847001796203424390e-64,2.152395991660436622e-67,3.332518817925250858e-67,6.657684029516724796e-64,3.832524328859219872e-65,1.015203046947522176e-52,3.165582220963885683e-52,8.233692624223026831e-67,1.688149623732874816e-53,6.796151545112638899e-68,1.608851963562390242e-62,2.890119645990247306e-69,3.395945712799974715e-66,1.413582770094351516e-53,4.678161088669732946e-62,9.878990190715102832e-53,2.415854187196297967e-67,9.048146512034707545e-52,1.543515024913989341e-64,2.301496537579467424e-53,5.518170928762889113e-67,1.647216430094200137e-41,4.157771787879584185e-68,2.511024409053207711e-69,5.149435617205020168e-55,2.838570914106040066e-68,9.160763971754443805e-54,8.100663795918698272e-52,1.643721036504589675e-68,3.235952902993462985e-53,6.950309522140336642e-64,7.801013968579476468e-69,3.771449401666333519e-55,7.539019198118766294e-68,7.022215437154500851e-66,4.474837625235919956e-68,2.221299683867473473e-67,1.618689195730040234e-67,2.111100693604935136e-53,9.903956916609619821e-55,1.166461328242846205e-52,4.105721302581069429e-61,3.177632902127671830e-68,1.907566822275248331e-67,6.512625782673864493e-52,1.120358856966659732e-64,8.100032162393793236e-63,8.751184552871626267e-54,1.291972236143948938e-66,8.774639451147787024e-53,6.605498310959796644e-53,1.628386979985823358e-41,2.629573239375329827e-63,1.075406524869159934e-52,8.681812161344014264e-53,9.752927052339968602e-54,2.572867574569581049e-68,8.829486293819401939e-52,9.255915726516028963e-55,1.246826897316597235e-67,4.305822614410218105e-48,8.048430129994046636e-68,1.006824427879312198e-67,1.338441292103539215e-51,5.436804398042840568e-52,1.552066111185142583e-62,9.243331675792481137e-52,1.172610419804309419e-64,1.495692915913887447e-51,2.732048340310511580e-68,0.000000000000000000e+00,1.054761981918551281e-53,7.666197057513447382e-67,1.577626395422977005e-61,5.957289981563457080e-55,3.776207249723934160e-53,1.497714778013889109e-52,1.532487852049865902e-53,4.453641733199270013e-61,8.455170727593502966e-62,9.314045221371091683e-54,6.902766536217664517e-55,2.162950829835526897e-51,4.821086347105907928e-54,1.711368898121224154e-67,2.358935034178918410e-62,4.097111941036632900e-67,2.050969277683201005e-52,9.492211190431345450e-67,2.937109046553034270e-66,1.202869424969058026e-53,8.436465374083215451e-52,1.053124865236300126e-53,6.789320947600145269e-52,8.683561766201867095e-54,3.656985265240338185e-55,1.288906274725384203e-53,5.994806347581815933e-62,1.697612258343854647e-53,2.742413653734389768e-67,1.873803271761319730e-67,5.289946298560106038e-66,1.076698262998244172e-51,3.069288449884771187e-67,1.065738812929379206e-54,7.845029085954493615e-69,2.006492155108734824e-52,2.782013284214659142e-67,1.532105884884044878e-53,7.892481771441233575e-36,1.230992653549354609e-52,5.616248119144475975e-68,4.062216389171151789e-52,2.771196291285114270e-67,3.430625934427054322e-53,4.247908515745579333e-67,3.491182653278271931e-53,6.915616296316649274e-53,2.116418308646843947e-66,1.956892985087747690e-52,6.709649342915950644e-68,4.537387612840387475e-68,2.347212743233782518e-58,1.179579023601626089e-67,8.384323737904357507e-66,1.909999753950956018e-53
4.890900251739534519e-65,7.945673104978950313e-66,3.705881729753013370e-63,1.426375734539027565e-66,7.723862699800629354e-52,2.633866728158358996e-64,7.200250934936232070e-68,4.968220824364465774e-68,4.931795470648565464e-67,4.331536636414717995e-68,8.163941933787674535e-67,7.951967806783275833e-63,2.881792434339727073e-62,3.251300023918779148e-67,6.959407194958804577e-48,8.289177873912132881e-64,3.685342056038935348e-67,3.700954358411262054e-65,1.161559590039691932e-50,2.809888904979933548e-68,1.078895092769378969e-67,3.777656158098647312e-66,1.133666495519574375e-68,1.633588835813532949e-49,2.278527390944104795e-54,2.018043867913573384e-64,3.352699675271965152e-55,6.060783419002208118e-68,9.908238312326965449e-62,9.872833209930875062e-51,9.229141603208371214e-52,4.771477547981861725e-52,1.987108491140430988e-64,4.664227747045512658e-50,5.597823874267036070e-66,2.709531792514109711e-47,5.869120905905765264e-52,3.033571236035013461e-51,3.804241063873117236e-65,3.419885172847896434e-55,3.423283300640079853e-53,3.712058900735515710e-50,9.215789799164577083e-50,8.631762941503786074e-66,5.475994952127815277e-68,3.603317076447025551e-67,3.775982784220527204e-62,4.370584561904629677e-52,5.998709123965122000e-54,3.447490276152369978e-64,7.096589955081670882e-69,1.120547803090652223e-54,4.624077344913752367e-50,2.797538906787223348e-67,4.677117047078563126e-53,3.455586775965320950e-66,3.889578244722783986e-66,4.481339471092269595e-69,1.179571925640384559e-63,2.928032064074323810e-67,1.073875820267869276e-65,1.224917637887955301e-48,2.173341209716117741e-63,2.025371881816839486e-48,1.787895210935836672e-51,1.941423649103919955e-52,4.122824644122472678e-65,1.184235578888443499e-67,2.956173247138778480e-68,1.152878824032559993e-67,1.010312611876279467e-68,2.213909301523922596e-46,5.604422787190630966e-68,2.531690361483115305e-68,2.449371770477697256e-51,1.043620556373262861e-68,8.560155689777767175e-64,6.596625545104422653e-50,1.099532540401703037e-52,1.108133228793459033e-67,5.096891261412228487e-68,7.548153791784477322e-47,3.648409500910258026e-52,2.275468240286473679e-55,4.458368473658469138e-68,3.792578797769980870e-66,3.901961098414513278e-67,7.412133135381377517e-64,3.865272702696368139e-50,2.266021760319312414e-68,3.443223640210125144e-47,9.589224192273654698e-68,6.431827424388212101e-54,1.179431320691319281e-63,1.498260631568364648e-65,1.283153194016749340e-66,1.297853171523745124e-50,5.277938334636701581e-67,9.499899794153434726e-66,6.122067195128611821e-64,7.854606138523294061e-66,1.675329671394855237e-51,2.410866528103598017e-47,1.254123755533933213e-65,8.189561304607566164e-66,6.043240566121184482e-64,6.406914701329302288e-52,4.842760602634898499e-68,8.118077490687811847e-49,1.102826686310584900e-53,1.113432902366212423e-48,3.726242127239860835e-66,9.089537139190583604e-68,8.154556169956990256e-64,5.637273571191732739e-52,2.363251957715277635e-51,1.626509915690881602e-55,4.475546259314052397e-52,5.418335648610113440e-51,2.051606492978910790e-54,5.544185233115019392e-52,4.356876295955405536e-51,4.050557264685934621e-54,6.246995665189348123e-52,3.364352853908783386e-51,3.545355512334857687e-65,5.140841195120804972e-48,5.299820902825715374e-52,3.548690102691375012e-49,2.591858957670105828e-49,1.844120687214268787e-67,1.493052566933871742e-65,5.594564194740588668e-66,6.754095689231475816e-68,3.097081172228061366e-68,2.310103340526491202e-51,2.851381905701781165e-54,1.431830448529363615e-68,3.879951992287817564e-51,1.668324841617376763e-65,2.856363915580102840e-64,1.546615200217563418e-64,1.890473922814953212e-68,5.021887101452032556e-51,1.349833944672942052e-66,5.389580717630224168e-49,6.011309945311652781e-66,1.297395816936789883e-52,4.795565552611958252e-68,1.434449899084478762e-50,1.293923141568561241e-61,5.526617095140354012e-54,3.514858709185751747e-65,1.170160021534516118e-64,8.244544011276886017e-53,8.085162599425612293e-64,1.779066533982189075e-47,5.457889346117204048e-54,8.326072300125781468e-62,1.953205455058122338e-47,1.868478235399281569e-67,4.125858241074465108e-62,1.194106515313266737e-52,1.330773487433707317e-65,1.490755511327580338e-68,3.134348945229536619e-65,4.184053003819860911e-66,1.361491276374440430e-65,1.386442584629493235e-52,2.508384083241846776e-52,6.231119365232826833e-52,9.052264799271771670e-68,1.441816521906589899e-63,3.537287610846342279e-66,1.775775917231473709e-51,2.354821423026286966e-67,2.508880444286731590e-67,1.204806494978184258e-44,1.128590481793422621e-66,3.218357975289954724e-51,2.977042209605776363e-49,6.217808479984049790e-54,7.508925999459887532e-68,1.968701078147647417e-49,1.451565285646803718e-49,1.018881101656096668e-46,5.517321323603447508e-62,2.416290033472418866e-54,2.524848344125981935e-48,5.259277774653121394e-65,4.594427437608491334e-53,2.296915716455205297e-65,1.790154360367924076e-65,1.386045505811754823e-54,2.160790035517747735e-54,2.825234688047762131e-64,1.483931579581048751e-54,2.589389995693765915e-67,5.692746944159003657e-52,6.731738851761153429e-64,1.054761981918551281e-53,0.000000000000000000e+00,1.308752050505095473e-66,3.883254822633870361e-67,5.557274522272888527e-54,1.094355593894124124e-49,7.473076784752684661e-52,1.966532941342935833e-49,1.998392158292366785e-67,2.166786940112620652e-67,1.320938680346693512e-47,9.066120464520524465e-49,2.553996445173123328e-51,2.793775125489247137e-50,3.705885906600364485e-65,1.287897823510243938e-67,1.479329165591756058e-66,8.587760946081035935e-53,8.102029882786261408e-69,1.264724617380712187e-68,7.025089767687424715e-48,7.942861806869813220e-55,1.542365139945133680e-38,1.971771545142572358e-54,1.263312646977445703e-44,5.274518510852751741e-52,1.947969687678482997e-50,1.136133147050789034e-67,2.397832998148065800e-50,4.410755700596459756e-69,3.976460119836597517e-66,3.994836150040161835e-67,1.432218854315961214e-54,5.022711170034540022e-66,2.054548543882087364e-53,4.093611356506488343e-62,2.730290162960504064e-54,4.683608494804009962e-66,3.905274560165361058e-46,3.331125803944371352e-53,1.462967510090637162e-49,5.717289223904534367e-65,7.437106703653876178e-52,4.147141569996379131e-66,3.724978765682965732e-51,6.315300487891631452e-69,1.658313745122798894e-48,2.343793208808284898e-51,1.264990123114100609e-65,3.369184590500656969e-52,4.403552041462569933e-65,5.846383282109360744e-65,2.114419507737998848e-66,8.215044456202273786e-66,8.494733674616552508e-65,5.685948993580392598e-51
1.458549135794330416e-80,4.868230498130690316e-80,2.508649848656635250e-81,2.064774996856620175e-79,3.687829963761214712e-63,5.577300410066227959e-78,4.407943175364295546e-81,4.311243983566922703e-81,2.605710977207592990e-79,2.075141735048654475e-81,4.000000095394724009e-01,1.194779535998426825e-80,1.196020481520094938e-80,3.362934888590083673e-80,9.909130505707035894e-67,3.549449482909240802e-82,2.966457001807042297e-79,2.125378594225739233e-76,6.264498297530165413e-66,1.384214543477810422e-81,8.760390097433972690e-81,1.595238447961016294e-78,3.382646835014215184e-82,1.883025725454854564e-67,4.416384151130412989e-67,4.655819536498857664e-78,8.040772127340113695e-68,3.175157911823339820e-81,1.784174632640256916e-81,5.382460026595075647e-66,1.172833090037213062e-62,3.993136782530231891e-68,8.994213240349320352e-80,2.794222051259796159e-65,4.439731614840651462e-79,9.365215047398884477e-67,2.114665176185357367e-63,5.079259278079352027e-66,1.415605529293886278e-80,1.015403911869929041e-67,6.075684740966500290e-66,6.066588961909685041e-65,2.496178429005253481e-67,7.018613607806018338e-81,3.212472435096485848e-81,1.574978455233963300e-79,1.696177689870857228e-81,8.859849688605770685e-68,1.743554888287668620e-67,2.745276393773257870e-82,1.704273768123355664e-82,4.598698484550346145e-68,3.102093297858032712e-65,5.845815640259185111e-81,2.099594335691892855e-66,9.359973493039480195e-80,1.216893950097661478e-78,1.076299032087832316e-82,7.054344510296191014e-82,7.515567512288822344e-80,6.994893912693042386e-80,2.224139080030491751e-66,2.743731253653136628e-81,3.378668280232360023e-68,1.861310692554090659e-62,2.566230106273564598e-65,1.153605738783118805e-80,1.849172972505601920e-80,1.192233542435999669e-81,9.173359093889498782e-81,2.621756472917799057e-82,1.258954640263165115e-66,3.601039350426330446e-81,1.114524574067594040e-81,9.311752182106544085e-66,2.886220969053378411e-82,7.474411268793756654e-77,2.878689484334609388e-67,2.180677391713363652e-65,1.034912594796299294e-80,4.442708724551229658e-81,5.541888802355286322e-67,5.060948328369193447e-65,1.179808755556856503e-68,2.719027620362718658e-81,3.999999950138123928e-01,1.404130216374693045e-79,3.977587612933282956e-82,5.611809549442907251e-65,6.803905970680175216e-82,3.051631593859973122e-66,7.903045534388236437e-81,1.565282586599616787e-66,5.691972051542145970e-81,1.401828191988225618e-77,2.561742063789175904e-78,2.965145005945036203e-66,5.290029821101219166e-79,4.439648376841042318e-80,7.611952023267294146e-81,1.578347021201007091e-78,9.448932902632901147e-65,8.799338490383996481e-67,1.095670068247518921e-80,1.136510184739100666e-78,4.198826136523880482e-81,3.360493575057400241e-64,3.968069656191472925e-81,2.178789931885106258e-66,4.050751268861331990e-67,2.101354583383435097e-66,1.200958766120930971e-78,2.750835450444025237e-81,4.310410948414110153e-81,3.935116802194244093e-68,5.352290516473028746e-65,6.516551270240408491e-69,3.332343237841414999e-64,7.250579424872905423e-66,6.878356682047673483e-68,4.285773989656826182e-67,6.622881442871032918e-65,1.101314616372919197e-67,5.512393828805483368e-64,7.263171413164559809e-64,4.033859534976049629e-79,9.630172645849819515e-68,3.032750628588098129e-64,1.565682660513348221e-66,3.227589160166610923e-67,2.468307854366317917e-80,1.652158042322304471e-79,5.021017756638491752e-79,7.557082769299863416e-81,1.661922776297329473e-81,7.073526110519767122e-65,8.408024473206957415e-68,3.970659724575732584e-82,4.077648325551213544e-66,2.353806276443111869e-80,5.939281986590989858e-78,1.178883970825805096e-82,5.831842576406709029e-82,4.640502487400428291e-66,1.497617183955300082e-79,3.667428914975271283e-65,2.555215536694801675e-79,1.020552735675223950e-57,2.348720321773068147e-81,1.023514443943654343e-65,9.887689460001156554e-80,4.580362012449272049e-67,3.291817326168892329e-80,1.069159448784653132e-82,1.999515066740753453e-67,4.889166431712085433e-81,1.757091745423138675e-66,1.551553135646926410e-67,1.186839619978851102e-81,2.610223705418484453e-66,2.228626610081296905e-80,6.143625138112910488e-82,1.456847506018259897e-67,1.136264769704503341e-80,4.137645989588546398e-82,4.195269607983237370e-80,6.594126279759094617e-80,8.010676473065116366e-80,2.503709852146848298e-65,5.920369288645123443e-67,3.260519962849687273e-64,8.883767836516228962e-81,5.177375774295950466e-81,3.273988268840731570e-79,6.333746815267858481e-63,4.916654031784920329e-80,1.770571767329410315e-80,8.602480338449701899e-67,1.417329803287523302e-78,9.357112536803683360e-65,1.829027578808915267e-65,5.528919078133701270e-67,4.802040770024808806e-81,1.245811409584617412e-65,4.131942294436515926e-65,8.165211305688542316e-67,1.769459366319500871e-81,9.132721462809241746e-68,6.581942227774694349e-68,4.879377223574643803e-80,2.298108491639084943e-66,3.926306939192584918e-80,7.465619805224455705e-80,6.315362291146750466e-68,6.778190244665007079e-68,5.800840200906820023e-78,6.420758420355194614e-68,7.190693466632722088e-80,2.481862065398003460e-63,3.680576375016146157e-81,7.666197057513447382e-67,1.308752050505095473e-66,0.000000000000000000e+00,2.222259143538837046e-80,1.742317498190283960e-66,1.458097394321972424e-65,1.074825322736648134e-63,2.294458641317495868e-66,1.523543130563441163e-80,1.383718547688638400e-80,9.463914698384377634e-67,2.824003532123851966e-68,9.678756386556160654e-64,2.445475395426822200e-66,1.248633194556392755e-79,8.516296613965871091e-81,1.082781911820122644e-79,1.599265691533401245e-57,2.083727760140993071e-82,4.163498795259656495e-82,1.254644817320992081e-66,2.734816816431828930e-67,1.505277754513702620e-66,7.202109437854380863e-68,8.820453570057140880e-67,7.500900842235126819e-68,6.797868960482317298e-66,1.451915627937234300e-80,8.422382040212616073e-66,9.177058356576055099e-83,1.450476914380788961e-78,3.970903533284966713e-79,7.056923035172854212e-68,9.970774780790790041e-79,2.742513325168781278e-66,5.662303005275272222e-82,7.802515062356540336e-68,2.623373034364643156e-79,1.287169295901884994e-66,3.133718499819223005e-66,1.607388033235228711e-65,9.869982832034313962e-81,1.170122703935421652e-63,1.257736734569985384e-79,1.265495549927501716e-65,1.598833209169624128e-82,2.917746189200344249e-66,8.590216618138892966e-65,7.097697816165957749e-79,2.696317826783100745e-64,1.013761515877764304e-80,3.143105218686166189e-80,2.401747521497301116e-79,4.127346868256097189e-80,7.720670898974758111e-78,4.316742876112783445e-66
2.004559122798045117e-81,5.104743722918206775e-81,1.202029740737913792e-81,3.967187131635538496e-80,5.954793828894068586e-65,9.967063238289890922e-76,1.237429671686235411e-76,3.052325563462571030e-76,1.199574993902653637e-78,5.474864434607758712e-78,1.950706939644513672e-80,3.571696512259431701e-81,3.847372492391122534e-81,2.931435504233494873e-76,2.363644733972825520e-67,2.999787295157820040e-82,2.206561993299749300e-79,1.062929677125469301e-78,1.107437389481282143e-66,2.691603841216551446e-78,3.220905456714277092e-76,5.249984863431951499e-81,8.561062909746858295e-80,1.144277501748605147e-67,1.389523843932881898e-64,6.097246757568842905e-76,9.263924704702532485e-66,2.304384595619609857e-76,7.929345368134074795e-82,1.302038331000855902e-66,4.050063234108504872e-65,7.060941324438744487e-69,1.304142617887213306e-80,5.403911884004077298e-66,9.397747129291450927e-81,2.850541583019971752e-67,8.315767116729668406e-65,1.088353841104840029e-66,2.113583790475668958e-81,6.216881279261492800e-66,7.191827726759381603e-68,2.810647136030051277e-66,4.879676158778211822e-68,3.148662824341732795e-81,1.867953126745062916e-65,1.770336816640269647e-78,1.141338751591205298e-81,9.415143554534665598e-69,9.361296703281171703e-65,1.450217328185250837e-82,3.676434756858864438e-80,7.213812243994857053e-65,5.064197249699270648e-66,1.074164196733953783e-78,6.926000755230248409e-59,1.363517800956405482e-80,8.315836662811964200e-81,1.554979330405584534e-80,2.192039518152070306e-82,3.506308723022962259e-78,4.161646125967896206e-81,6.887859175588458946e-67,1.413278723050474356e-81,2.263472554309236781e-68,1.070330601256452293e-63,8.503586202818704436e-62,2.105335354928939419e-81,4.613186062684543660e-77,9.224132845201461893e-78,2.775839849915409738e-76,9.082923724657972170e-80,4.094884742308027750e-67,3.999999789391947558e-01,7.240897525762058614e-78,1.154891831010398367e-66,2.914721483050269506e-79,7.594568615803582755e-79,5.488616479227624808e-68,4.734598873202811813e-67,1.475653917922338303e-76,1.383193574319892886e-77,2.636578932881035441e-67,9.673460104930358855e-62,1.431396975224923222e-64,1.887396833029577334e-65,1.398807850790986504e-79,1.147601656124671637e-78,2.453353926316160497e-82,2.910114001472111474e-66,3.909821011641277874e-79,1.254256637649708681e-66,5.402850392484200641e-76,2.801821858438280977e-68,1.107131038168888916e-81,5.616214288206828014e-80,3.660741101533836703e-80,2.078654401443794568e-67,1.412876459168712952e-79,4.926960123195036503e-81,1.877614836501273317e-81,9.126470259283948098e-81,5.334846222107577331e-66,2.227026669013878573e-67,3.055826737029445662e-81,9.295159761290446999e-81,1.271795801261100550e-81,2.892414585565075496e-66,3.423229787578758263e-76,1.518736220916798939e-66,1.100736358354938997e-64,6.240983679497678307e-67,9.172059555549703924e-81,2.506989249213023185e-78,1.034070124220590668e-81,7.601628467489486864e-69,3.611961611519321293e-66,8.742434164521283806e-65,6.204209805049327389e-66,1.777073811636053090e-66,4.940190444845547950e-65,5.087619605447661203e-68,3.355118397259862860e-66,2.199180388747645978e-65,1.527103852737373415e-63,5.751058351531988530e-65,8.684555861392352012e-81,4.880269460106258246e-68,2.627532154350166311e-66,4.995489528945958285e-67,1.603531474193461317e-67,8.685459136799831802e-78,7.696817565590976118e-81,1.305587174137194521e-80,1.513078855208390876e-77,2.742328316292630634e-78,3.732635402401002218e-66,2.634588914549785484e-65,5.169528829637879511e-80,8.141590256188312710e-67,2.662738939163696218e-81,9.712221307276869913e-76,1.064304139517502397e-82,3.107287082949048778e-79,5.003076664361633641e-67,2.984413440917609120e-76,3.509187504548273885e-66,8.211941831836010171e-81,2.035632104581023528e-65,1.321793040656536837e-77,8.268736560044077680e-67,2.168501339456686568e-80,1.027574617245489727e-61,1.520685985882742469e-81,1.044066175337172281e-82,1.857560679066611498e-68,1.163897942148735304e-81,3.070114162212880188e-67,6.641853026210672423e-65,6.956507158737963697e-82,1.326913349102263511e-66,1.062889794069826097e-77,3.427362849012360460e-82,1.721567883846188690e-68,3.125552663299453051e-81,7.625901058232376447e-79,1.572992181501962928e-81,9.097336522467697035e-81,6.229563705711751183e-81,6.377278003729953134e-67,3.962353585110994821e-68,4.098158294165230356e-66,1.707858558959388722e-76,1.097970220606128891e-81,7.383585103116835180e-81,2.120484916196757852e-65,2.884293863029089750e-78,3.736081388582872902e-76,2.964011884709578780e-67,5.233057064489278133e-80,3.010931331426542814e-66,2.504056570229321770e-66,1.329394649536098270e-61,1.804799025072080005e-76,3.793294957448172704e-66,3.247676051051700155e-66,3.949412471618509734e-67,1.015263706340007193e-81,6.559568207464359006e-65,4.004823311568810438e-68,4.728633091122111661e-81,7.560124503586500566e-59,3.060792725010741987e-81,3.200832309281638151e-81,9.641116054005193994e-65,5.229376980363976393e-65,9.316488518481697752e-76,6.552734763812832724e-65,1.735002289749050198e-78,4.756904821995462120e-65,1.109595392174027365e-81,1.577626395422977005e-61,3.883254822633870361e-67,2.222259143538837046e-80,0.000000000000000000e+00,2.537351093246163997e-68,1.382439941872130471e-66,5.780712589724031806e-66,5.050000494817856918e-67,3.999999756570082332e-01,2.053292085093577007e-64,3.304665063760932651e-67,2.745529710274029204e-68,8.854892924876791725e-65,1.726399130326855972e-67,5.923676754890379918e-81,2.475612835570472984e-75,1.944501295389973728e-80,5.900025525447285002e-66,7.924758345763407379e-80,2.438916529586122800e-79,4.650205673787465020e-67,1.054513280593268476e-65,3.945974633233212740e-67,5.267012726757091199e-65,3.100471366955501895e-67,1.456203804788724474e-68,4.426520793383374512e-67,5.136866751068177002e-77,6.086174069840515540e-67,1.851827655681877695e-80,5.425999546375292634e-81,1.713903079818865405e-79,8.491719541496133273e-65,8.091903562016232193e-81,4.193083502875016108e-68,3.054827297612878531e-82,1.363065196584789840e-65,1.043752186167497636e-80,6.291089233442644838e-67,1.942887141686984638e-61,4.309648266243816267e-66,1.942149460588497430e-81,1.502936614487953235e-65,1.053429984020933398e-80,1.332234808018455997e-66,2.803217427461739630e-80,1.272349863063400537e-66,3.140346445537566797e-66,9.614606127738458056e-80,7.036462393400042066e-66,2.353479091823678310e-81,1.492263049725819339e-81,7.398802880935708806e-75,5.378767658779519995e-81,3.357389628174962458e-79,5.896297884092312442e-67
2.408192534600084211e-67,6.025566838625221499e-66,3.065591733844145596e-68,4.837013926874840907e-65,6.364461313773018187e-51,7.945072559819588703e-66,7.496963711682020050e-69,3.295300464981414799e-69,1.468973014972094589e-67,2.108544366240460312e-69,7.618806180785534069e-67,9.956959025078754846e-68,1.001995754999037411e-67,2.442235345029250865e-68,6.667258265365761539e-54,2.100537148629270222e-69,3.187838090859282936e-67,7.144686989909275590e-64,1.512597433044355126e-52,1.317592592203808269e-69,1.044188284402048864e-68,4.659191722434685646e-65,3.536819165335467958e-70,8.223882894835194511e-55,1.822609345769771144e-55,5.832098779657595662e-66,4.198955904094456997e-56,6.051125022087223071e-69,1.300592782820769233e-68,2.452201763798563780e-52,5.714453763635496433e-51,6.916593832894359659e-55,2.768949120895543049e-66,1.004108847591363718e-51,2.309572562960963821e-62,5.969997430505129755e-54,1.993989114346176458e-51,4.482238098341158583e-52,3.647377034197598142e-67,4.245068251302520995e-56,1.787159611274843282e-37,8.732173632973379619e-52,2.118074662085077572e-54,5.819773277836477831e-67,3.520274288170281133e-69,8.883109963501920656e-68,1.784821784460174615e-68,1.172198140053719905e-54,1.979412017756285206e-55,1.338314050387565022e-69,2.053018362199820358e-70,4.777056717551973649e-56,1.368866333949411231e-51,6.742216785247183373e-69,4.302665289363622265e-54,7.406640036096169149e-65,2.229115275385281016e-63,1.354367871527449278e-70,2.302224476928299683e-69,5.007163172394132983e-68,1.067939810193522388e-65,2.543036665830752178e-53,3.946177142339767646e-68,2.400732980443488678e-55,5.210609404176506966e-52,1.655674967166694904e-53,3.510186327550140285e-67,8.609584940756322354e-69,1.396158178861913599e-69,1.276046703347209805e-68,3.369782380342529006e-70,8.227072287633275848e-54,4.307980671355292143e-69,1.444802089648814517e-69,7.431453950308039283e-52,4.643958529306131009e-70,1.225862397483104143e-59,2.450590413643994844e-54,5.030425185066039295e-42,6.209226215646275524e-69,2.249468382196694789e-69,3.578211277488186573e-54,3.528030562464261447e-53,1.288480445635915103e-56,3.167447410990721232e-69,1.973336243099274848e-66,2.020173115174531121e-67,2.185417641564139334e-69,1.073221574182042952e-51,8.524017276887255319e-70,2.520321833832825595e-53,9.016516414345168876e-69,1.923142944760023270e-37,4.591507308390389010e-68,1.140653045040019662e-63,5.072200571063942084e-65,2.480560938022528241e-53,8.653876618730035150e-67,5.100238920428683868e-66,1.075467246842669439e-67,1.693356384844780223e-64,2.166488969554573545e-49,4.909501344038403179e-54,6.284646329510929247e-67,9.497156660853155371e-64,5.199480526197803394e-68,7.146589875290484626e-48,2.999686164746282780e-69,3.323913465715284805e-53,3.273323431616929497e-55,2.455861649365550171e-53,5.033118562742946609e-64,3.968677909926515168e-69,4.454964459333933377e-68,7.903755797722012788e-55,4.817739624671576562e-50,8.900314430774500084e-57,1.448962731378363354e-49,3.650694133922514268e-52,8.054129333349209413e-56,1.708806176578681427e-53,3.515677496390518593e-50,1.065999049243273545e-55,8.646754315230016649e-53,2.048441365271605037e-49,3.380295038478940780e-65,7.115168633252485419e-55,6.501481501379911924e-48,1.313802867618275091e-53,1.229391282378665061e-54,2.341769180623194443e-68,2.991088808096712036e-65,4.106948525087221643e-62,3.295890535010479126e-69,1.358337721989263051e-69,1.189893063476711954e-49,1.014189664187054742e-55,3.470871835058289143e-70,2.435344062025486286e-52,9.010163385256114036e-67,8.019936439071627874e-66,6.399250380212282288e-70,6.860359506769803118e-70,1.183210862989929792e-52,1.401444547477008771e-67,3.114372650803689423e-52,3.181720809852661308e-63,4.122328779891139880e-53,2.585209677651863085e-69,1.739713264671256108e-52,7.365895844923234512e-67,3.918785636139402969e-55,3.068014041725176686e-67,5.982890398396515688e-70,9.558289429084853028e-54,6.294062058845391353e-68,7.352155986725400835e-54,2.109599394608418519e-55,8.323343755343245259e-69,2.787994609521903346e-53,2.366384583398489611e-68,4.663193736368503918e-69,7.505011075481464821e-54,6.489933711147823544e-67,7.424465730550857428e-70,3.276401316493628074e-67,4.529347609920936817e-65,9.709131562316024197e-66,4.900537621009732507e-42,2.860337872737730379e-53,1.701213066855742098e-47,5.949271260671926447e-69,3.894837462483645287e-68,2.044869722991797801e-62,2.134473191728786983e-49,6.005045698468830896e-68,1.143934360605677913e-68,3.034843449820036413e-54,5.203482774128769020e-65,2.086735228912894184e-49,2.632095514012947349e-52,4.761177402727430742e-55,7.275766868219005745e-69,1.960389349724798080e-52,5.704401845677171572e-52,5.760983006667509229e-54,1.546652638004510929e-68,9.334616638463550848e-56,5.134654855384304616e-55,1.437295173389466767e-66,3.293652272766503926e-54,1.422543158015834278e-66,2.889789938525477525e-66,5.485988595627840512e-56,9.001642334208384358e-56,7.612185589421447749e-66,5.458329292704022069e-56,4.137362296285052910e-68,3.012690762384784241e-51,4.493934256260730815e-68,5.957289981563457080e-55,5.557274522272888527e-54,1.742317498190283960e-66,2.537351093246163997e-68,0.000000000000000000e+00,1.445737982123030412e-52,4.060301127222314186e-48,2.145458764259467555e-53,1.753255621689496450e-68,1.286225243937737986e-68,6.046067422036227647e-54,2.563377810540196478e-55,1.205437460923436016e-49,1.486002158724934587e-53,4.734503293705027013e-66,5.510949850414780004e-69,4.510531891565775742e-65,1.105678184941307616e-52,2.921739189405078005e-70,4.981520705383995365e-70,1.021136693961662425e-53,8.903571125893688645e-56,6.827622541214112719e-54,7.764258880085960036e-56,3.730780358741509181e-54,1.804784738857317394e-54,5.892462713951253108e-53,7.838796316944545890e-69,8.492783382804619955e-53,1.200205371613029299e-70,5.798943396505519590e-65,3.721028972703889422e-67,6.472410319149285936e-56,5.914771318037725619e-64,2.404505204735141580e-31,3.579495576608158705e-69,7.751946175940851083e-56,2.532415521526023429e-63,8.202880031959921016e-54,2.293523574063872633e-54,2.352931402554159767e-52,1.886539762993685994e-67,7.788077922696570472e-50,1.655981758091093002e-64,8.359756516105592042e-52,1.677815506971140872e-70,2.676971787797989156e-53,1.536095015124661168e-49,4.952466966179487123e-64,3.391925928401822479e-50,2.310394034649054720e-67,1.916806560509835557e-67,1.420311526253534881e-67,6.409167473653873919e-66,5.082283276744720865e-61,1.024937959472269514e-52
3.311792277670744472e-63,4.834344540233010160e-64,6.992352340813732225e-64,2.338802581498321618e-65,1.026632448005142854e-50,7.666308955002856517e-64,3.071071816881700112e-67,2.074896377789858493e-67,3.484782334270340344e-66,1.413804608611617589e-67,9.849564177092379893e-66,4.876734567410143031e-63,3.022786730507152272e-63,1.102061468967942002e-66,2.483254985836866020e-49,1.272665694263830089e-65,2.962808378286937343e-66,4.624282935960783110e-64,6.678198454203151931e-49,1.050455011177581489e-67,4.596861824863456068e-67,9.374365543978054806e-65,4.082736187082128741e-68,4.169312095386159010e-51,9.492293389507004143e-54,6.325802960247104854e-64,1.592665123765698101e-54,2.274801129820024387e-67,1.990191314079767443e-64,5.228938718870730110e-49,1.038616115687805677e-50,2.171972846169343086e-50,1.838558259680940930e-62,3.107368878722776664e-48,2.385740323747308638e-64,1.411671051225327094e-49,5.543804303980410187e-51,1.387311785285092846e-49,4.127340271325297509e-63,1.638569215308284892e-54,1.055058276911731038e-51,2.425717022884399630e-45,1.994015596768091413e-49,2.471219593101803780e-64,1.911198451057296772e-67,2.102337972477718383e-66,2.099608639859270120e-64,6.196061316663905617e-50,1.784415869388625577e-53,7.580436076853767276e-66,2.064527049862978826e-68,4.005527227464072210e-54,3.396538868154677005e-48,8.271686906191399352e-67,2.040212354706907508e-52,9.481942442193059863e-65,1.354602654214074808e-64,1.309454581415939013e-68,2.172929977550571008e-65,1.393655184198395068e-66,9.387530892972257665e-64,7.856998861019703632e-49,7.752641928910008593e-64,2.801602004764120153e-51,1.131319143488117462e-50,7.962800848557413258e-52,3.459364784107428517e-63,4.420073193495705116e-67,9.936473712456216250e-68,5.019980725073265370e-67,2.933436025425348815e-68,1.489912494333875942e-49,2.191967743780859038e-67,9.083814133364047441e-68,1.623248689868773082e-49,3.358581829541087254e-68,4.401346253289052004e-62,2.389365264067998303e-49,2.933304791882407753e-51,3.425805747530552073e-67,1.699227559019106742e-67,5.868350196318556038e-50,1.679032122544012114e-51,7.814086804158179930e-55,1.681995581783555970e-67,2.749652581800738553e-65,2.746709982589352246e-66,1.421752959140793233e-65,1.610532411401320502e-45,7.533507322260475251e-68,5.130351304365916844e-49,4.291076039295338257e-67,1.634207215108002289e-52,4.788551372904072761e-63,3.306503692466217390e-64,1.914785579704351490e-65,1.118191946893478215e-44,4.652935269350541861e-66,5.940977724675092311e-64,5.794361577707281069e-63,2.464891526671590560e-64,5.586813232918636842e-50,1.592632241110745843e-49,5.172828349667045072e-64,2.739602257566488615e-64,2.142996734616530393e-63,1.487014974884954092e-50,1.925465624149873685e-67,5.034157390243127251e-49,3.104419660531615115e-53,8.806439668814089993e-49,9.151400287027398220e-65,2.992168094881876533e-67,1.935918969308435823e-63,3.811244238428747829e-50,1.016344139553657240e-49,5.265311187046138025e-55,8.371270522410491293e-51,2.740849767543443816e-49,6.287630047568765196e-54,8.937003545555555828e-50,2.980784150098156107e-49,1.174744801742007993e-53,3.585440042974507048e-51,4.816648560771359431e-50,1.044366321695187293e-62,1.017900564680122661e-50,1.241936977279733744e-50,6.274262261471900501e-49,6.929621834616016201e-51,9.090878934814559075e-67,1.185921694142251164e-63,1.915450024468709604e-64,2.536135101620467694e-67,1.019018116952639270e-67,9.008723904018036138e-50,8.609951455573374120e-54,3.693930827975048888e-68,2.371872754814633971e-49,1.241920521123156053e-63,8.159343381135385006e-64,3.433078363907356710e-66,5.704603557015210567e-68,4.850103926553170927e-49,5.581233129229215664e-66,3.160007788895748680e-42,2.268979462937521104e-64,8.922279150740312171e-52,1.583994387970543535e-67,4.735264371758160055e-48,3.830026346242597533e-62,1.988457133196304256e-53,4.967241148760326492e-60,2.838756071813751461e-66,8.723778891973962959e-51,2.625374939747875999e-63,4.458120082406070719e-49,1.642778303804933338e-53,7.382000306109712230e-65,4.147127757828672186e-49,8.112430426323658153e-67,6.135341371929900224e-65,1.270874383833963619e-50,6.249558079787142753e-64,5.015475035162850531e-68,3.413717346220625514e-60,1.443228989387606215e-64,1.201776340865518712e-63,2.820970767422281175e-51,4.781850303096354766e-50,1.440351133829923737e-50,3.396428958235977584e-67,3.398887403851080212e-63,1.401215259131250396e-64,3.096644207017490112e-50,1.254337749212661684e-66,9.447435505171651969e-67,4.921558742709594389e-50,1.897131583110278408e-65,1.585400034119513110e-49,9.638673378758986817e-37,2.340036206471326861e-53,3.039917142989042318e-67,3.017114840939214417e-48,1.643032451496326904e-42,6.470029377600100462e-50,2.419484237997390598e-64,7.085793084370493697e-54,5.676345221141211411e-51,6.547285234923986713e-63,1.696187375732160482e-52,2.651636431016820528e-63,5.599561615602555036e-63,4.248669768336076653e-54,7.185096853045417126e-54,8.112511976721400230e-64,4.679123778173134586e-54,1.378855655724980527e-66,5.875738512555945775e-51,2.035934469270580923e-63,3.776207249723934160e-53,1.094355593894124124e-49,1.458097394321972424e-65,1.382439941872130471e-66,1.445737982123030412e-52,0.000000000000000000e+00,1.653831282536922357e-50,8.684230683754446529e-49,8.045575531613371915e-67,8.157916019924360222e-67,1.462483780419506952e-49,2.160922098537725536e-51,3.672238282861412204e-50,1.129018677881527050e-44,8.811511530223666512e-63,3.561949433082785074e-67,2.855175426374832013e-65,8.385704262248667572e-52,2.718115619909311384e-68,4.048209017145276829e-68,2.765424134336476459e-49,3.926269023048545675e-54,1.216441373693147910e-49,6.923217144012051357e-54,6.895506456623118212e-50,3.720872739714459247e-50,7.400676281622517122e-43,4.071646736112860516e-67,6.883844995608417450e-43,1.326522914175284182e-68,1.136494977220463910e-64,3.624582062128275761e-66,5.206191537409868975e-54,1.237362129799717481e-64,6.175150238508987650e-52,4.999052224713168067e-65,7.936509796314105624e-54,1.495630866979262769e-64,1.204330130174710341e-49,1.224390570751977113e-52,2.643107639844574041e-48,2.527855489104402052e-63,1.295379808526799540e-50,1.268288507136934356e-64,3.180992071885627951e-49,1.956690007157061422e-68,6.957476000305465377e-49,1.281852250584273640e-49,2.965478227494774644e-64,5.569759460808741539e-51,2.142675413981435329e-63,6.029876907477834841e-60,8.986855128539310023e-66,4.607064622601250056e-64,1.959126625047589805e-63,4.140554048501538286e-49
1.873123787142480113e-65,2.296305942826758380e-64,3.017487304992355814e-66,2.715644059569267583e-63,5.563990308375512262e-48,1.710914108759455583e-63,1.582177173726702051e-66,9.173009273436608187e-67,4.987484415912347521e-65,5.216923119352459982e-67,5.643209584323579790e-64,1.084332173239728751e-65,1.054468933012063069e-65,6.060542501510928678e-66,7.944977255781741575e-52,2.513040726324992562e-67,1.009726952143767398e-64,1.588171317901848106e-60,1.024508921082030306e-50,3.409896934963430182e-67,2.692820414325934459e-66,2.352211410777950359e-62,8.907394098011028328e-68,1.159038567694367526e-52,5.815603644762393352e-53,1.381167969008020141e-63,1.182775137188725656e-53,1.065926253670009377e-66,1.453819915779975091e-66,1.520454494378379070e-50,5.583347247894986613e-48,5.504588136321291335e-53,1.884850819559815399e-64,6.220568121666864857e-50,6.158033542927634791e-62,6.854960732366607917e-52,1.246109762756955413e-48,1.974903828031065507e-50,2.796226544755005083e-65,1.277681813835431938e-53,3.499457062360825566e-47,9.249044002358717675e-50,2.649774237656961629e-52,2.588402363377548708e-65,7.965962561972195410e-67,2.956341601618598012e-65,1.716494994634127292e-66,1.047715453462634714e-52,4.719336168415145595e-53,1.797997598792777412e-67,4.687540609987095327e-68,1.306528492327529576e-53,8.449540909400224716e-50,1.583145105766100084e-66,8.870403240917852083e-52,1.325239538834917791e-63,4.535719302311843011e-61,2.838762894595317527e-68,3.742751890182282825e-67,1.364109625268504319e-65,4.194321626144450237e-64,2.561014955325521573e-51,3.502191565476298646e-66,2.820274075629479972e-53,2.734395316729535014e-49,4.844504780493499216e-51,2.693846117314975945e-65,2.511532234541391064e-66,3.283761538261287955e-67,2.831364159912255943e-66,7.271737872501423761e-68,9.645987256668955875e-52,9.716078497361546956e-67,3.408462606597347924e-67,3.452351612953335315e-50,9.753165813813154806e-68,1.018670425816095544e-58,2.950358269419046794e-52,2.356248870868722016e-47,1.782668619881277611e-66,6.712285726365571956e-67,4.177506357970518210e-52,1.018559965172146812e-50,2.990743826511118529e-54,7.662914044571471324e-67,1.345499443288000151e-63,5.047134221848792630e-65,2.786366567981650876e-67,1.100168199670162560e-49,1.937277961534586268e-67,2.598704731024480096e-51,2.382471733540933952e-66,5.923046175767379403e-48,5.414458807034705249e-66,7.845334471532601086e-61,7.176692240483076540e-62,3.299601996517140834e-51,2.688571711598344879e-64,2.150874436861274620e-64,1.058687477652217934e-65,6.038076703072154689e-62,2.667900565152955525e-48,6.317131394314761929e-52,3.332603331182238310e-65,1.729198431979195461e-61,5.017825919452729336e-66,7.407452314484571705e-43,7.625117681079434668e-67,2.751871203616625860e-51,8.000441795899850364e-53,2.465188074982824615e-51,1.575838515319804265e-61,8.574763782027229444e-67,4.531174990899989740e-66,6.479111580975268402e-53,8.807303645793860207e-49,2.155172936263283577e-54,8.647900795584759242e-47,2.045397886578561550e-50,1.929349373336483127e-53,1.176780469845084432e-51,8.299409024319236313e-49,2.490274966340186213e-53,3.501315935264003217e-50,1.574949038022757693e-47,2.400695066508005831e-63,8.615077310942004859e-53,8.208815769662318345e-43,1.436683660993826931e-51,1.785793092266621230e-52,6.211380980174673829e-66,1.131213015949840059e-63,7.423921891972077656e-62,1.133176540955972543e-66,3.537691529996939086e-67,1.365105526830140135e-48,2.188432150968223484e-53,7.959471568972083935e-68,1.361944594232395235e-50,5.038823136004396429e-65,1.856317005078239344e-63,7.633281561338593795e-68,1.594723153130432432e-67,8.326114016280535689e-51,3.496800090913039516e-65,3.901198787509476590e-50,1.220314074607287563e-62,2.728785897545708860e-50,5.969690142608671715e-67,1.501961392094784000e-50,8.277643240627993733e-65,9.260645307192574065e-53,3.905462581027449694e-65,7.240101421258089427e-68,5.777119783783939333e-52,6.021995550161686935e-66,1.001162025544544419e-51,4.556850794960131845e-53,9.095885313417396020e-67,2.731598433440299824e-51,5.759591421349085283e-66,5.731678903174068474e-67,4.169699880174265082e-52,3.327207889943845013e-65,1.558286571935847429e-67,4.809792111462070623e-65,7.466441964908006039e-64,4.396521922931704480e-64,1.895841704738841504e-47,1.847612866661590714e-51,1.085592731642513536e-36,1.688752743399019581e-66,4.842808489239147470e-66,5.082514064354893874e-62,4.817137538472459130e-46,1.474306616069819587e-65,3.315013874719515246e-66,4.254800961540148349e-52,6.266315327223695629e-62,2.123207159418919514e-48,2.673793186606298873e-50,1.224164655657948342e-52,1.728654243263579632e-66,1.521836140612019458e-50,6.508400754506337742e-50,6.588631047619249727e-52,1.697040489193718911e-66,2.076445602495045578e-53,5.331640682400818146e-53,1.036091523142887655e-64,7.043528482859779699e-52,8.229609184210612238e-65,2.044971002653846464e-64,1.380128319949936875e-53,2.115327219050639695e-53,1.620819878587188385e-63,1.406877328114513487e-53,1.296383760450296814e-65,2.099796506488092439e-48,4.612891345381095007e-66,1.497714778013889109e-52,7.473076784752684661e-52,1.074825322736648134e-63,5.780712589724031806e-66,4.060301127222314186e-48,1.653831282536922357e-50,0.000000000000000000e+00,2.060674445713451100e-51,4.197034139571254018e-66,3.206617232983047320e-66,6.643891689462660966e-52,2.749988695928247856e-53,1.923662557158063928e-47,2.176831137603357878e-51,3.398737608168502473e-64,1.364279726853165072e-66,1.626313212135310780e-63,7.423681202631737261e-50,6.357439697656767875e-68,1.146672298423101206e-67,1.156734242048863538e-51,3.371636725681355271e-53,8.889222009148340628e-52,1.913461142229152638e-53,5.268744677118372483e-52,1.329601679185962170e-52,7.417953601883746968e-51,2.036106974080398277e-66,9.365818964236052914e-51,2.720280495728000987e-68,2.674439393279547520e-62,1.419785403285408371e-64,1.860870938432040316e-53,1.242048760066665986e-61,1.434552781888832216e-48,4.571061544225109528e-67,1.781447815406296629e-53,1.151019329424526117e-62,1.031685957013611886e-51,5.966733051559949236e-52,1.789221899155118947e-50,1.358216939588437141e-65,1.072928523697979109e-46,2.285332218738185690e-63,4.718190647170908423e-50,4.241074218678382923e-68,2.604882082790746386e-51,2.191716271223819219e-48,1.145458876623458554e-62,2.822234845766741875e-47,1.669404845091214354e-65,2.658542583341275536e-65,3.834865330429488971e-65,2.600122521594839938e-64,7.804994981730265577e-61,7.488924472783752260e-51
2.739409209104925478e-63,1.108780903930153430e-64,6.081596667836353800e-62,6.658803621105602087e-66,1.638339524813537305e-51,2.996728822364613003e-64,1.198137238850026654e-67,5.245962206866278180e-68,7.609620517680214499e-67,4.600588065180199288e-68,1.232398532948278480e-66,7.934080074285926651e-58,3.995638991087472965e-61,5.291858311874768034e-67,2.219594703298647425e-48,2.487907695340804049e-65,9.087739820949739969e-67,9.384754200472494288e-65,6.105383830370344926e-49,2.665469355284142615e-68,1.886676652247059131e-67,1.005804639514997361e-65,9.945741955568107645e-69,3.208509316221400032e-51,2.455594789065159550e-54,1.864017135735422843e-64,4.575065275324013490e-55,1.045695744110197484e-67,7.470065880206127830e-64,2.061355153847338081e-49,2.325709625780654278e-51,3.027800029058549592e-50,6.413026691827725203e-63,1.335908079758641928e-48,2.408553050183641811e-65,8.915896995310250614e-49,1.452174498664193694e-51,3.258669718795288486e-50,1.298151538340593616e-63,4.512118046321610335e-55,1.523795221000200757e-52,3.334346776573077302e-49,1.186787626421364109e-47,1.409203441230076391e-64,7.192893170108884879e-68,5.705143536158757933e-67,7.116650496146615952e-64,1.905236761585157194e-50,6.143269922783660827e-54,7.656003738996112693e-66,7.624414887795860125e-69,1.217912339659008327e-54,1.038860769615653300e-48,2.493439334347080952e-67,6.379936191690923189e-53,2.033753058332761805e-65,1.425944100679284902e-65,4.207511976383715229e-69,1.234572237124902577e-65,4.649304497499919289e-67,7.671382158238767455e-65,7.150776248920962437e-46,3.416501045001389087e-61,9.920173615116311650e-51,2.643570238236240096e-51,2.862895318323213508e-52,1.349523265914680636e-63,1.463270228971794423e-67,3.892381607372104003e-68,1.488719302433392244e-67,1.069319799718354596e-68,4.109777690901406646e-49,6.361879124444689845e-68,3.294869921567759203e-68,3.291395226722705300e-50,1.357606432507905913e-68,3.193235206671909444e-63,1.485882502571505162e-47,4.797163316448744528e-52,1.277664748925906743e-67,4.378032842533635996e-68,1.639229957216879761e-49,4.117837310947476802e-52,3.191510525413382796e-55,5.841240681400529148e-68,6.500171864988898048e-66,8.344166314316726811e-67,1.289651758285846378e-65,3.620087655358584323e-49,2.029397061428993576e-68,4.665829089235406782e-48,1.294774658061358796e-67,2.746785782141711099e-53,2.146884321716683605e-61,3.920535421397962038e-65,3.725193672906550355e-66,3.880766144684413466e-50,1.396850452530065413e-66,1.345511534364801939e-64,5.781929591778669283e-58,3.338224938426018218e-65,8.503536683802491180e-51,9.206256376087513823e-49,2.345383600321026098e-64,3.141194156468076580e-65,1.010628722615881535e-57,2.246285478022691818e-51,4.833607257376032933e-68,8.353116381889273751e-46,1.115353799504143770e-53,1.194406527206684158e-45,1.398333848379477729e-65,1.093180016513716127e-67,4.921780065206378566e-58,3.748901835123903400e-50,1.149129123681810235e-50,2.457338769840279198e-55,1.537979051207398561e-51,1.455595075645944226e-49,2.289772351031437471e-54,8.501236741963220422e-51,2.370983301622209740e-50,3.654653320505091688e-54,5.580328461598526814e-52,2.249962052231444668e-50,2.710301223829569613e-64,2.982656214949989095e-50,1.943132034979544086e-51,2.886027190624538020e-37,6.133515683334435153e-51,3.012237548617901695e-67,1.415497668485968434e-64,3.072850299364855982e-65,5.400601580488468347e-68,3.384347654180695631e-68,1.787204660428727214e-50,2.957884440554121702e-54,1.215274673858324374e-68,4.668086039856945377e-50,5.869317024696801056e-64,2.931322011364070554e-64,5.983408724546934782e-66,1.678417048853643598e-68,1.494847104653015147e-49,2.097194210166941109e-66,3.123828207191132382e-48,4.927467193304944976e-65,1.635010498449101303e-52,6.970952302158398186e-68,3.669264012277883639e-49,8.221002061593248881e-60,8.408986516003171550e-54,1.455773102344475016e-64,3.905050475866292591e-66,1.534265918949675884e-51,3.078173521935655755e-58,1.319911587378635362e-48,6.112781534056598069e-54,2.115545122175086771e-64,5.106411209849799806e-48,3.731549208252548795e-67,1.003170142810734127e-64,1.533570681020873966e-51,2.251729516901818532e-64,1.859920845280534917e-68,1.243403384242287785e-64,3.793874370991981831e-65,1.180366704691356444e-64,9.431872442031456066e-52,2.789075915138616182e-51,2.138148228168155589e-51,1.281727711971052242e-67,6.931698623059328129e-61,1.753809534347863255e-65,4.324352013657584455e-51,4.518978543074280047e-67,2.368927987168247880e-67,8.000471404716049197e-50,3.314067306027984422e-66,2.471986230230508330e-50,1.491794960431590251e-47,8.060381742768703323e-54,1.295247766273520318e-67,1.981693860524853690e-47,8.940050618572886896e-49,1.546199737319451284e-49,1.668315120560009903e-63,2.605345396811571591e-54,2.232917243351761568e-50,1.637725952296745541e-63,6.425554713464682454e-53,5.883970621908453736e-64,2.464009003748387214e-64,1.638052361345069508e-54,2.014264080608721600e-54,3.223856526600675820e-64,1.480641876902711682e-54,4.361972717164668096e-67,1.488912609851371058e-51,6.043108845203440185e-58,1.532487852049865902e-53,1.966532941342935833e-49,2.294458641317495868e-66,5.050000494817856918e-67,2.145458764259467555e-53,8.684230683754446529e-49,2.060674445713451100e-51,0.000000000000000000e+00,3.001704429221554883e-67,2.752000956098235242e-67,2.381937668909933155e-48,9.012556565619038594e-51,1.226740719509901515e-50,5.315043136538066705e-50,6.329766137555108966e-64,1.817696334209985906e-67,7.682004502771321558e-66,1.495088994441896353e-52,8.188235657060196119e-69,1.395591510047107721e-68,7.520962027996102082e-48,1.014311113248588862e-54,1.712788931449216793e-49,2.042725463399445428e-54,1.012354669813941566e-49,2.345361261624296286e-50,1.266046614209281587e-49,1.582535805012745519e-67,2.347516210828335758e-49,4.710267038337271011e-69,1.034686930591467407e-65,7.825930091175243872e-67,1.350807678420511800e-54,2.678250073159244408e-65,1.038813078865198388e-52,1.014739125787109501e-64,2.735282221218534612e-54,3.215284606779880608e-65,1.880634832680933957e-49,4.824139730037766680e-53,1.436443111508767820e-47,3.633861650382845593e-63,1.995176164618855293e-51,3.237928768387920067e-65,5.306243689444699736e-50,5.807886069292333772e-69,1.106869326543067306e-45,1.138890200506530587e-50,7.411354634385268347e-65,1.196902858874196259e-51,2.653481483467845068e-63,2.382953584907167558e-64,2.567664137660213866e-66,8.000856449332081528e-65,6.301857680379560936e-64,2.631904864314621057e-49
1.264471616253459066e-81,2.969248456163943972e-81,5.791764766954963250e-82,2.419746543374455553e-80,3.731098909629297149e-65,3.116934383058365935e-76,3.197223180764256704e-76,1.257954824550495286e-76,1.154568546360769584e-78,2.001308034657392499e-78,1.624960264986546095e-80,1.833252858630201592e-81,1.948455264280420551e-81,4.994059645804686581e-76,1.437422318969293505e-67,1.359983179257112288e-82,2.531125483708786754e-79,6.892377072069093707e-79,6.402269461226702663e-67,8.436887989396440726e-79,1.038317025248495489e-75,4.437194912561296734e-81,2.692785178591888119e-80,6.917349206699091360e-68,1.411242157714119627e-64,2.001344870548018607e-76,9.067356127185075488e-66,3.905327802534593497e-76,4.367803205415928936e-82,7.577776395337047511e-67,3.306543196879021200e-65,4.707576923477702465e-69,8.201134008229618774e-81,2.842453973389941640e-66,4.835340421900927996e-81,1.501993267809877781e-67,5.868398284597002818e-65,5.860034410371228880e-67,1.299180504217895019e-81,5.999606171120657624e-66,5.644973000268920706e-68,1.699951930493966206e-66,3.498316843705691968e-68,1.686664700565025888e-81,1.549829682203904455e-67,1.770488384054621158e-78,5.596097968621273471e-82,5.828486083922034230e-69,2.503634783212730988e-65,7.942762145599168048e-83,1.219043389373644514e-80,2.379813483678172247e-65,3.669729878270857717e-66,2.548817188101479012e-79,1.100947611975864463e-59,8.543773211359540442e-81,6.686377231063471222e-81,4.634675883333171191e-81,1.325819881512685120e-82,3.470468935666156010e-78,2.409926524532252306e-81,4.095256768001844781e-67,7.867224133169102534e-82,1.223057160851826541e-68,1.066171091517188826e-63,1.178233980352229369e-61,1.507373158686593273e-81,7.475430465403423744e-77,2.643654851175775850e-78,7.965060879911873957e-76,2.196199619238053675e-80,2.505025801032355756e-67,4.000000453869180239e-01,2.808666451058895770e-78,5.931652538160617596e-67,8.295754805435706476e-80,4.841532428743537562e-79,3.077574588819869128e-68,2.545689746893756334e-67,2.370397322234788774e-76,6.397954451768203871e-78,1.309482377082091661e-67,1.284301732909856208e-61,5.127158630998794739e-65,1.639475356350302042e-67,1.031464061582779385e-79,1.128830369957810832e-78,1.294179250610908626e-82,1.839096372823748160e-66,1.033136952540728509e-79,6.913811704964621190e-67,1.515706304399209997e-75,1.549854500675349870e-68,5.774669434879187455e-82,3.564562389061323566e-80,2.813066489110400573e-80,1.321892382267856473e-67,1.379561729630748556e-79,3.346533151569497181e-81,1.242207762717497181e-81,7.654583275531679941e-81,2.849252916670488617e-66,1.427287283340773569e-67,1.543848202985890607e-81,5.239318226308393778e-81,7.679406767937407860e-82,1.756950778768846114e-66,1.299233002244419774e-76,8.507870767114123572e-67,3.740841211733337719e-65,4.158326073916787235e-67,4.774426934746319796e-81,7.525008790684464962e-79,6.529681863471818843e-82,5.728542957425559744e-69,2.441646352751990050e-66,2.517034786954057031e-65,4.032733145988767069e-66,1.005035936119777008e-66,1.424039630608342417e-65,3.193377144608235763e-68,1.882694320551771413e-66,5.349232822523475761e-66,1.116632856922706103e-63,4.161312540557389198e-65,6.719822290869269204e-81,2.904584708567200752e-68,1.768413589422799378e-66,2.286038468630095190e-67,9.408498911425522061e-68,7.792054475157110436e-78,4.044206603775741721e-81,8.527122071089151209e-81,8.122770769441934096e-78,9.108339444661355583e-79,2.573333426950886820e-66,6.992005203588857967e-66,1.330991780630147996e-80,4.476617182600644929e-67,1.923831286748660378e-81,3.256256318612963499e-76,5.603060766954386984e-83,7.185063793680917314e-80,3.061756775576802147e-67,3.182342721013922161e-76,2.308851016867476233e-66,5.661115636516066930e-81,2.078744776553656077e-65,5.040291967564456857e-78,4.310555972276078658e-67,1.283902513650373927e-80,3.802440450925184870e-61,1.099817631733816144e-81,5.466042734006556516e-83,1.059063950449909031e-68,7.899751771956084904e-82,1.634447833472776898e-67,1.906527995962536560e-65,3.763541690915862236e-82,8.386899335315946762e-67,9.404320938052605773e-78,1.903949448508740893e-82,8.284739632732791719e-69,1.718644874298102941e-81,1.929541982320431254e-79,1.138381534684304845e-81,4.959680791581802814e-81,3.846984651884028897e-81,3.887718894449840867e-67,2.391233540796459860e-68,2.793599624717958861e-66,2.789713107755054705e-76,6.182604767417246722e-82,5.167559134246848409e-81,1.399625198860264686e-65,3.455592010936299705e-78,1.512481281484596645e-76,1.502352416415298683e-67,3.373231272593294421e-80,2.664286612499064613e-66,1.698845630308286743e-66,4.511348485936533549e-61,4.690961411461750088e-76,2.028625456412639255e-66,2.472287411457753819e-66,2.330656333557115214e-67,5.627594836403044308e-82,1.838372247701703469e-65,2.008332578691626135e-68,3.753215966577041782e-81,9.162254175582048904e-60,2.169399389720275259e-81,2.158005928303878765e-81,3.194358585683438368e-65,1.253624496478140664e-65,2.712828816270531963e-76,1.937642439843314870e-65,1.562126474204447390e-78,4.090623659892455990e-65,6.170863702864059940e-82,4.453641733199270013e-61,1.998392158292366785e-67,1.523543130563441163e-80,3.999999756570082332e-01,1.753255621689496450e-68,8.045575531613371915e-67,4.197034139571254018e-66,3.001704429221554883e-67,0.000000000000000000e+00,3.391431336195602953e-66,1.684387957767122052e-67,1.608105575510166054e-68,5.983616666670850978e-65,1.186749670436601617e-67,4.389467898540003430e-81,6.921838067110203298e-76,1.241238879966207005e-80,5.601360714181264418e-66,1.823069173272975984e-80,7.198478875181739025e-80,2.612029913939621387e-67,9.498635037315200965e-66,2.238389059614539376e-67,1.494495092395891082e-65,1.621923035586370804e-67,8.630639278929026992e-69,2.784937988671867761e-67,6.839392673473186182e-77,3.458213317647074858e-67,4.638238918192653269e-81,4.169027019479709522e-81,1.553985971665008843e-79,2.969265100105465725e-65,6.373907351958225933e-81,3.090344518123056558e-68,1.674916469603021566e-82,3.478582995403951601e-66,6.466684210650889700e-81,3.042596848043451679e-67,5.798739803207901808e-61,2.315130632762639072e-66,1.267552593086311283e-81,9.990182048130826790e-66,7.989128999770810198e-81,7.450703126269451390e-67,8.688434671394012891e-81,6.312477358703182545e-67,1.739535382827062245e-66,4.504320396756168294e-80,5.181988534748126356e-66,1.454655624960936136e-81,9.381538970534554847e-82,1.709096529929776061e-74,3.749880437020886832e-81,2.135195153864658460e-79,3.531536497033192678e-67
1.034840263937415433e-81,2.319184870661075557e-81,5.926207631819385384e-82,1.708426319625603990e-80,3.060954306857812772e-65,6.108376799374510876e-76,4.337063360032857104e-77,3.711067302770538856e-76,6.397363340111267557e-79,4.988987623234061492e-78,1.241613213657938084e-80,1.800514464507094996e-81,1.822453273875292462e-81,1.288070942755065082e-76,1.305005372733583850e-67,1.478871647628344424e-82,1.194525235189389765e-79,5.687842982608027773e-79,5.366774471338663977e-67,2.527269839203584512e-78,1.190721041697732210e-76,2.982008149518665795e-81,6.063814662015674613e-80,6.084762120647476091e-68,7.882664937412007107e-65,3.955574366214779194e-76,4.739178327576500677e-66,7.097619120409909139e-77,3.848254888772077459e-82,5.791478711503620253e-67,2.246434840362796361e-65,3.766071555638613256e-69,6.714418963721147249e-81,2.368822739459013994e-66,4.411475094127598067e-81,1.384271196364510432e-67,3.527429060712043062e-65,4.833429753468712131e-67,1.020580519015426917e-81,3.111637170577285085e-66,3.516555146398311542e-68,1.349866301203289396e-66,2.702453794960727263e-68,1.406313900179562115e-81,3.999999862438490261e-01,8.489984321261002185e-79,5.616151769826312036e-82,4.841516119126871294e-69,6.495229475448674793e-65,7.509875541740354546e-83,2.433140342701260510e-80,5.795825170199890463e-65,2.487280294929540717e-66,6.374217843763488480e-79,2.972201236221366675e-59,5.941052757387510367e-81,4.970760945471721989e-81,9.618373105968780017e-81,1.303170599582968908e-82,1.509183752222626176e-78,2.028665805635970167e-81,3.839007471141416893e-67,6.681983734335155414e-82,9.984543055915114933e-69,6.533979358933884098e-64,4.061141335268590665e-62,1.101934170166889947e-81,2.715872192793585222e-77,8.294323896577245115e-78,1.071073519161930445e-76,5.354551048095671214e-80,2.173333356404854915e-67,3.872758153514628470e-66,6.587446930479841386e-78,4.978183617870123818e-67,1.909463735702083900e-79,4.447432071574313879e-79,2.920952501167196178e-68,2.531054923498530826e-67,8.719616655513658955e-77,1.624716282982084104e-77,1.302478977284609544e-67,4.933419873504539375e-62,1.243103292246985780e-64,3.999999864382162706e-01,8.180961387738533991e-80,5.047742385173227732e-79,1.192380165730507095e-82,1.498381480533300999e-66,2.770186380654877370e-79,6.353980588105017057e-67,2.505502096275022432e-76,1.279779384585793938e-68,5.150707612831687402e-82,2.913411704307882462e-80,2.207926215471035051e-80,1.243527701193523846e-67,7.582582539496882709e-80,2.374920104908082989e-81,1.087692361610771031e-81,5.118039422506185715e-81,2.396253152259614441e-66,1.332377984362981664e-67,1.305365410766995518e-81,4.994137060908802205e-81,6.125300654187166623e-82,1.574533685221877857e-66,4.059125857903154739e-76,6.675064588438719835e-67,8.260654879902960636e-65,3.537008367690392227e-67,4.250641150614860220e-81,1.678353711636032874e-78,5.933509103320181970e-82,4.000791598816129100e-69,1.764609191465202744e-66,6.090993062744401587e-65,3.028923226955857652e-66,8.370367114288007865e-67,3.627562815348967925e-65,2.743916685148561815e-68,1.774413869383074611e-66,1.308070068606770310e-65,8.699780838260764228e-64,2.780525764816766766e-65,5.498168496260234649e-81,2.725621928198359751e-68,1.266521103563351381e-66,2.400107292053231154e-67,8.322760077131239666e-68,3.331743368737238038e-78,4.078223535957665505e-81,5.906291331729008722e-81,1.610965852857342440e-77,2.607622001917036894e-78,1.919004885201262533e-66,1.724345215400116123e-65,3.396784669436965731e-80,3.604146733087901686e-67,1.318396584648908598e-81,5.840517855678992211e-76,5.492960490606031518e-83,1.975655173138103786e-79,3.014429178845691642e-67,1.136710529443854380e-76,2.103905335006105897e-66,3.704827634303362182e-81,1.327484036598490429e-65,1.126534765171529179e-77,4.052885943398033215e-67,1.127482877120081420e-80,6.138712884165817352e-62,8.684099425672728993e-82,4.788332381260153076e-83,9.550865255722766811e-69,5.976271478416585445e-82,1.760874788283883186e-67,4.549221316623378117e-65,3.592088184890807881e-82,7.239992879637612570e-67,4.028381425790362928e-78,1.818191776277241419e-82,7.538247092257245291e-69,1.305902160601010405e-81,4.595883638487944933e-79,9.263982176364717687e-82,4.400467053329138547e-81,3.085901790567010594e-81,3.096896987933991090e-67,2.065730459225711729e-68,2.278773981977636536e-66,8.598956734218310446e-77,5.420580022297298591e-82,4.002362291480563791e-81,1.146787359350064318e-65,1.369356069934512746e-78,4.411567382091223725e-76,1.495749369565747020e-67,2.350537238520209725e-80,1.640188711615486556e-66,1.254693692173450127e-66,7.243465025366594245e-62,5.945449881379087074e-77,1.587998424464678490e-66,1.865690504600819722e-66,2.030974775717454187e-67,4.809314087391632584e-82,4.740153514768980588e-65,1.787768511590521662e-68,2.486803812452165140e-81,3.556809410424307074e-59,1.696604866865248774e-81,1.755164625874942963e-81,7.984545684402899014e-65,3.606056780228524205e-65,5.719445888567622887e-76,5.645857723582508005e-65,7.851690325436877540e-79,2.308473141133992325e-65,5.213356565875072657e-82,8.455170727593502966e-62,2.166786940112620652e-67,1.383718547688638400e-80,2.053292085093577007e-64,1.286225243937737986e-68,8.157916019924360222e-67,3.206617232983047320e-66,2.752000956098235242e-67,3.391431336195602953e-66,0.000000000000000000e+00,1.586234725707176779e-67,1.400691881951989131e-68,4.076950317098672473e-65,1.117139367514775713e-67,3.305719141164123645e-81,2.377444829695372932e-75,8.511260874990993588e-81,3.538487335203044310e-66,5.039936410971652431e-80,1.747989053258679867e-79,2.228555420928973261e-67,5.720037142884275006e-66,2.148111482378153894e-67,3.615436069769371243e-65,1.616624907904035415e-67,6.767301072153444158e-69,2.511066497743630402e-67,2.464291201846212496e-77,3.096341591481227430e-67,1.064726386227604015e-80,3.287824677722237254e-81,8.867485721889093673e-80,7.781877738443407989e-65,4.487753781878565707e-81,2.228047681392654774e-68,1.715676266328182642e-82,8.493778865858254744e-66,4.833708236832071104e-81,3.150501556359400051e-67,1.070016486599262739e-61,1.819756468504817818e-66,1.016641203271850906e-81,6.914624376230295619e-66,4.927592874849208080e-81,6.569898520328525707e-67,1.981073656649205128e-80,5.611325813229467535e-67,1.623768730095524672e-66,4.047375835445673661e-80,3.114960544617062915e-66,1.151549744786660060e-81,8.206855088413897795e-82,5.009960396705767338e-75,2.782747094203532534e-81,1.454397962522704400e-79,3.272144034221905504e-67
1.331844249391773073e-64,1.424807270108129845e-65,1.670789295284991716e-61,2.054561080604574238e-66,6.879647072253315870e-52,2.118228439502724184e-64,6.421827600524253838e-68,3.351743687441131894e-68,3.664882437032691854e-67,2.954790171114186328e-68,5.651107333426429887e-67,1.590082351594582130e-61,4.962286743149312847e-60,2.724723812837192631e-67,6.536749709551709756e-44,2.077407574400084871e-64,3.663863271526373949e-67,3.555730055069046446e-65,3.201095122701379181e-50,1.809490770144919235e-68,9.886382705456132057e-68,2.953169385872189877e-66,7.070219419635660661e-69,1.940738560493795429e-50,1.423498002797805231e-54,1.380946832595763975e-64,2.634783204760742349e-55,6.075527949648908014e-68,1.178033334375282676e-61,2.216728644751097321e-50,8.209755574932703338e-52,1.424194308757878659e-51,4.536823217337781597e-64,1.066250063887147389e-49,5.885756925291456495e-66,3.002963356407914239e-43,6.023280461243743835e-52,5.089720724167487075e-51,8.466922235857224343e-65,2.364886421244439405e-55,3.964334383552624406e-53,4.504586539230824407e-50,7.290420840558552021e-49,2.035212528051081138e-65,4.583305893728431525e-68,3.025718393209214882e-67,7.549658756487967906e-62,1.002811864636825271e-51,4.385227930514288072e-54,4.649360826380748636e-65,5.016996499148548697e-69,8.486551284045100413e-55,9.852357111523657264e-50,1.803581792945158808e-67,4.010088592108713520e-53,5.101024282381646694e-66,3.725587836458405178e-66,3.102934263949181790e-69,9.969093918291852284e-65,2.384653255461275650e-67,1.277267379491080383e-65,2.889231276792897667e-47,7.161628550473306163e-62,9.792423150160446208e-49,1.355404841341096786e-51,1.532487138066646178e-52,1.029063315360322138e-64,8.708727671163183167e-68,2.380075955437643599e-68,9.129382215571681391e-68,7.312033690382233921e-69,1.156570257978402332e-46,4.198081070570301107e-68,2.005375743514425924e-68,4.321624534365317310e-51,8.763505804114982440e-69,7.912395456130044654e-64,4.727299673478127160e-49,1.210598183564649844e-52,7.250775075774798827e-68,2.822950974095304090e-68,2.829337909270040124e-47,2.689326433537720708e-52,1.768887369810194659e-55,3.522617021558422387e-68,2.771250422537087816e-66,4.168617293875798311e-67,1.064976316681116924e-64,4.403139417378035186e-50,1.576178821131268838e-68,1.269025643224783499e-45,7.338197925581648836e-68,7.619621535575570563e-54,8.150816472219661917e-63,1.333414750865276591e-65,1.279745862698083471e-66,1.074428226812891549e-50,5.319843309170502491e-67,1.645837119975039717e-65,6.280501550895176151e-63,7.538649354001329477e-66,2.306546870829858910e-51,2.451144949368827523e-43,2.675673746889192361e-65,8.569310326108080770e-66,8.128308430918533156e-63,6.770990972834125129e-52,3.242632309706560752e-68,2.008034917498098337e-47,6.845933695851926449e-54,2.209594523405973702e-47,3.923555115294880485e-66,6.610615737464178765e-68,1.153756329601162023e-62,1.871337843636041124e-51,2.609288111717297314e-51,1.497488934208180182e-55,4.498783165384026100e-52,1.355846006904673482e-50,1.446632680235598532e-54,8.639037489930895684e-52,5.108458618617918753e-51,2.811381927593568397e-54,3.669744715221495820e-52,5.306081772010416008e-51,3.724832504325128900e-65,3.162711273546812809e-48,5.402447597882579906e-52,5.116983810297079525e-48,3.344439196793609205e-50,1.586935116151074771e-67,2.039499092884701694e-65,6.914323543182970523e-66,3.734877921244361943e-68,2.141550063428824130e-68,3.393506105946953687e-51,1.947465974341893602e-54,9.390959633447503316e-69,6.423439974555339810e-51,3.894393157588808393e-65,2.058315618628952449e-64,3.688141692704119551e-65,1.130424362778810770e-68,8.871924831978253077e-51,1.084946361472424686e-66,6.903327590447331995e-49,8.885179482352558967e-66,7.952936826800410978e-53,3.934159309208326106e-68,2.397294877065666830e-50,3.403291018889520885e-60,4.603772792181448267e-54,3.125925861951312959e-65,2.390947529152765222e-65,1.452572200161508570e-52,1.074213162228094609e-62,5.254410875965641074e-44,4.302347597196407860e-54,1.853633727042958835e-62,7.017275519394255426e-46,1.785210516527095925e-67,1.009364187385442249e-62,1.856059865664964727e-52,2.856603876703859498e-65,1.307911717821825040e-68,2.534458895782122355e-65,7.193768441138906781e-66,1.901913795623781467e-65,1.930466226030554075e-52,3.636094194818221504e-52,6.381594823402837330e-52,7.064537918260344501e-68,1.265403541648857556e-62,4.042118168554614066e-66,1.608168358104010853e-51,2.265881662419172560e-67,1.512372735112963588e-67,3.865720378512073156e-48,1.197352532120269507e-66,4.150278476324363676e-51,8.525120763395638655e-49,4.605341890506594325e-54,7.241169663127940538e-68,9.257663018686154087e-49,1.706319307523973286e-49,1.737789022813439505e-47,2.839109432577320123e-61,1.706661975490025759e-54,2.091946651476061574e-48,1.017225246106625398e-64,4.171500970478534940e-53,4.350148718960427894e-65,2.671503289112666250e-65,1.051886173489124035e-54,1.410741758384844973e-54,2.061449238109821740e-64,1.012056805667854160e-54,2.270529244493844226e-67,5.531197735182633235e-52,8.777041416252788427e-63,9.314045221371091683e-54,1.320938680346693512e-47,9.463914698384377634e-67,3.304665063760932651e-67,6.046067422036227647e-54,1.462483780419506952e-49,6.643891689462660966e-52,2.381937668909933155e-48,1.684387957767122052e-67,1.586234725707176779e-67,0.000000000000000000e+00,5.764398662531746529e-49,3.539893761377063155e-51,2.050158812804040763e-50,5.995717560585230726e-65,1.028427049506131999e-67,2.180676724964348017e-66,6.972896353555401650e-53,5.780620055090668537e-69,9.301871863702768915e-69,2.450916190453475132e-37,6.238397813398146666e-55,1.268359748447691467e-47,1.330669823085709882e-54,5.122479821085476660e-48,1.391581525209101203e-51,2.056984046784526629e-50,8.781658780861534649e-68,3.225416328189008667e-50,3.196433281277437105e-69,3.056336116891983163e-66,3.519365808038678300e-67,9.157122825912749112e-55,5.735371169756595706e-66,2.504099815126343585e-53,9.144990812707376090e-63,1.778972719115911796e-54,6.857447630235012321e-66,2.429358266265399255e-47,2.759757764529891092e-53,6.218401672182487344e-49,1.651741097571606886e-64,7.325348218734119466e-52,6.340590645645098786e-66,6.127049678228730247e-51,3.961960281817471130e-69,3.365044924203262014e-47,2.661060764101994592e-51,1.907463862104508018e-65,3.629603915329140707e-52,1.349583749319041357e-64,5.275274766732935477e-65,1.591017967362484431e-66,1.324594798834555688e-65,1.287811016544685219e-64,1.403133803398269408e-50
2.502684906814843248e-66,6.131448945053303281e-67,5.386857656128495435e-64,1.714250307077372293e-67,3.902067079500556636e-53,2.034548690801036776e-65,7.629580033095771622e-69,2.407376381582890022e-69,2.538779042685379123e-68,2.318823848331051078e-69,2.037620891729225121e-68,2.520032660371767368e-64,1.112933538090282744e-63,1.969360246990429773e-68,9.037428000760072353e-50,2.303189270758029200e-64,3.015699541555380681e-68,1.466764251692662700e-66,8.130712232019787147e-52,1.515841485280821087e-69,9.823755668121748438e-69,7.889920646149815809e-68,6.077507455276937326e-70,1.380509656102056484e-50,7.998562091426972657e-56,1.246699221531784097e-65,1.488092431739545834e-56,6.727618990491644119e-69,3.602269463018702600e-60,9.957730553194210795e-52,4.083317940716305528e-53,2.543695860932849845e-53,1.381356593440936421e-65,3.686388466281308731e-51,2.306476132182822149e-67,4.959250108057088414e-49,3.371675535354495773e-53,3.294605645914348844e-52,2.155178218370430235e-66,1.345562047665681599e-56,1.371233718086764685e-54,7.419904966049850941e-52,2.046045536364398778e-51,1.495513679417241504e-66,3.702603594691373032e-69,1.909973795801890974e-68,2.385147042493097828e-59,1.499257084303096879e-53,3.862886423736954282e-55,2.273284248634019839e-65,4.631259663212478521e-70,6.606258985248265907e-56,3.827176697527362467e-51,1.537560587053799118e-68,5.273421789350525009e-54,3.833174015866410029e-67,1.348555242959439430e-67,2.584817546801726949e-70,2.296437281009956811e-65,1.577808992757217344e-68,5.164349298381736207e-67,9.128095600997909020e-50,3.341731120278757694e-64,1.833539479532030451e-35,6.555990298643185442e-53,1.002388090262701097e-53,3.282095216265433379e-66,4.544628477173767518e-69,2.401423599141220449e-69,9.290840965404586867e-69,6.308441991440535586e-70,9.658965146682550837e-47,3.914835777074125176e-69,1.981798373005849828e-69,1.766544627988574651e-52,9.601604534563535251e-70,2.499630854950681532e-65,1.465311304683253949e-51,5.900525647320844338e-54,4.921298146549116586e-69,1.622381741226711977e-69,9.362118383128837903e-46,1.826177549506728360e-53,1.632381589396371293e-56,3.117375290566527882e-69,8.365806227542599026e-68,3.239466835865851586e-68,7.394209013856513631e-65,9.603680618395779096e-52,1.416519730803947942e-69,1.009782587362508126e-47,7.468816118311901747e-69,2.877243702275395144e-55,1.764449386963219763e-65,3.842866511503235639e-67,7.138357891404145007e-68,1.845258522356576909e-52,4.293041207451613322e-68,7.630159671939850523e-67,3.818070502980372871e-65,2.202478587234575183e-67,1.085976556325085579e-52,3.082312953571972746e-49,1.483159277083944746e-66,2.168080563419439276e-67,3.615843885925212330e-65,2.403515025542048117e-53,2.299729779171293094e-69,1.869447533885354902e-49,4.574027571638470128e-55,7.064675956294875569e-50,1.047398813101816488e-67,6.410070446124951258e-69,4.267764799466787848e-65,3.987677966392961467e-53,1.620729573645535789e-52,1.528346861545654385e-56,2.269530878855248250e-53,6.276294347905701675e-52,1.296938963828686326e-55,3.020526043995079951e-53,2.088660088138199753e-52,1.834704605375436233e-55,1.507745280530562225e-53,3.305701719433284581e-52,1.052870534270688834e-66,8.627021513823898655e-42,2.125460914321410961e-53,1.393941608193827727e-50,1.608790912297432583e-50,1.270116637669381979e-68,6.678853767308699307e-67,2.794986147058498682e-67,1.816621304996476600e-69,1.531770291348304513e-69,1.563934938324032448e-52,1.573862237758026700e-55,5.634478964152002311e-70,3.419206844704140949e-52,1.105364654036674272e-66,1.974103480161955132e-65,4.578650318225439355e-65,9.667934370117881960e-70,2.583990956661408003e-52,8.213899207749406307e-68,9.960758703903647947e-51,3.443298493134792705e-67,3.048242351106619180e-54,3.566855791082186617e-69,4.068951176232266915e-52,2.415812431446447066e-63,3.426516234199235717e-55,5.943174096025663746e-67,3.081720261803919060e-65,4.680788544786319517e-54,3.633331619304089867e-65,4.214187853402818618e-50,3.668688537217506819e-55,3.428831457500092280e-58,1.905195835213819336e-47,1.484761786256824100e-68,3.958142833949141159e-59,5.743061467584244884e-54,1.564981427443433409e-66,1.556180375227329449e-69,4.527859863152249416e-67,4.428507436078190854e-67,7.518542688302797626e-67,8.097288232650607636e-54,9.686829927374818513e-54,3.135066501845687209e-53,4.801826273052460150e-69,2.730960740303605076e-65,1.793551110911919711e-67,6.143189004901161523e-53,1.919775597881076091e-68,1.067910939546316396e-68,4.352959216821902699e-49,7.386360719128175785e-68,1.876409446104201674e-52,9.482375815833512266e-51,3.667589764952708731e-55,8.207836882162876887e-69,1.610990304739611581e-50,3.440491497950089067e-51,1.076021163724881718e-44,1.403167668847583977e-60,1.313101121376280264e-55,1.801654523435603685e-41,2.862054660946022304e-66,3.938939052566396566e-54,1.181890805196656637e-66,6.480044841442350444e-67,7.319840739788740127e-56,1.233934612550136775e-55,2.227753554711110932e-65,7.345378977867139784e-56,1.571498142822682510e-68,3.248304680425117198e-53,3.210410469313643203e-65,6.902766536217664517e-55,9.066120464520524465e-49,2.824003532123851966e-68,2.745529710274029204e-68,2.563377810540196478e-55,2.160922098537725536e-51,2.749988695928247856e-53,9.012556565619038594e-51,1.608105575510166054e-68,1.400691881951989131e-68,5.764398662531746529e-49,0.000000000000000000e+00,2.569576746879329036e-52,3.049749366030803223e-52,1.568236624604462490e-66,6.363146777077668257e-69,1.757557374409875734e-67,2.634995849324601606e-54,5.679495087971129462e-70,7.985713031123911113e-70,4.144429617300498710e-49,3.193455320495021872e-56,8.109569508893786232e-49,1.114923647529685016e-55,5.220243717572833605e-49,2.995906766220859517e-53,3.243764445318070183e-52,5.200844702147673118e-69,4.196678384818514494e-52,3.084638764445307676e-70,8.275975048676452189e-68,2.647961936342401066e-68,6.798516396868038473e-56,1.736090333134943977e-67,9.163079431931635527e-55,4.311466293368360446e-59,1.189882002506889490e-55,3.049278050569893049e-67,2.180387954463850644e-45,1.913829802861932281e-54,1.000027663552174847e-50,3.838454871149166974e-66,3.638171835428045546e-53,3.702491994048539159e-67,2.376468034536586620e-52,3.253350449525968024e-70,1.344691058783301835e-49,1.247947553027566026e-52,1.310812016771994847e-66,2.189160990956221936e-53,3.786249725387288929e-66,7.192020090704110285e-67,1.014124387185304826e-67,7.630605293163510108e-67,5.767345473801205152e-66,3.986764948430971410e-52
1.086625807757988259e-64,1.668434969264855592e-63,1.692550165214845417e-65,2.038428383532228038e-60,2.940096989011576880e-47,2.052695136139010325e-62,3.121965297457633944e-65,7.096659579845160172e-66,4.944380183841838602e-64,5.031208687581752060e-66,4.990208853179159615e-64,5.010221797433628390e-65,4.951799169914128586e-65,8.638186304506083706e-65,2.671237090963118758e-51,1.691384950705862066e-66,1.931590556297110218e-63,1.976776761925630305e-60,7.839301100317043817e-50,2.805691978991639564e-66,5.149880408590839142e-65,1.422332474327095976e-63,6.809497929393308121e-67,4.502720972242102508e-52,4.143505715366233708e-52,1.176927938758261925e-62,1.123064925130290197e-52,2.665083726838171264e-65,7.644142173467878853e-66,1.192070593908391922e-49,1.760773246736601650e-47,2.980934871154698289e-52,9.706117033202119400e-64,4.453962729172336476e-49,1.409613782079906126e-62,2.856243511157166937e-51,1.366141389042091077e-47,1.732302993239207609e-49,1.284908083833005838e-64,9.745945870540533615e-53,1.360848543294359880e-49,1.509168706198986551e-49,7.635367845187157905e-52,4.122334242863180208e-64,1.199682995033917436e-65,2.722279635143693984e-64,1.056859162786169952e-65,3.916878248550935172e-52,4.893682400978431308e-52,7.035750003487157691e-67,4.990826312560586271e-67,1.252662436138499286e-52,5.326514320671538813e-49,1.532581553234246873e-65,1.576714130232942961e-50,5.202485193448760624e-62,8.728995475657174462e-63,2.622111387341026282e-67,8.777585233248188956e-67,1.548501521812216951e-64,1.211800837434595176e-63,1.337955855957684199e-50,2.390472520788805753e-65,1.802250904949661460e-52,1.022276081593536569e-48,5.075396877126368303e-50,1.483086158585730314e-64,2.156029122218429516e-65,4.758349292040038318e-66,3.957604266399716394e-65,7.784477253288596862e-67,3.666126909572082329e-51,1.327937891194266620e-65,4.265869540061771185e-66,2.330566298226864253e-49,1.506317727676584942e-66,5.758876588387161045e-61,9.143830185752159941e-52,2.182050843259175237e-48,1.815132058086006989e-65,3.932038083311692323e-66,2.041313443130658733e-51,9.402037836109584161e-50,3.929059384873724992e-53,1.044102109968288491e-65,1.750912250451324636e-63,1.031708562767200403e-63,1.194878059172918773e-66,1.882505227632928060e-49,1.931242911880078938e-66,1.410291767999515870e-50,2.905272521686648348e-65,1.037550708689805610e-49,1.572525288760012967e-65,2.718599712432892193e-62,3.185914879062067893e-61,4.537392277061176286e-51,5.582809137984708097e-63,1.738921396194915754e-63,4.846815770379355323e-65,4.233576868893485197e-63,1.631430353505339526e-47,2.315993147940774124e-51,3.571920004688670941e-64,5.469344945630379948e-63,2.693114441365995442e-65,6.605513438769455302e-48,6.601507735675071842e-66,3.232029349892695341e-50,6.455217585689020953e-52,1.210388623377202117e-50,5.931529024383891406e-63,1.136010654407458938e-65,2.448650393874971131e-65,3.272720794361649989e-52,4.482181624012347953e-48,3.493200374084348982e-53,1.599214969501798936e-46,2.492167854733731605e-49,2.116050814480235431e-52,4.812495906442658491e-51,1.800242036505793390e-48,2.243674905666884540e-52,1.226867348942794500e-49,3.337228286053417297e-39,1.896042437842715423e-63,4.453021108757296408e-52,6.811290505978371675e-48,7.581014715371386513e-51,6.980403840723361673e-52,1.017155657325451623e-64,3.160412431279286345e-63,4.197752043303539120e-62,5.189902026780881895e-66,3.217133914089992731e-66,7.271269587672697204e-48,2.131754883544009901e-52,6.110665203611028174e-67,9.092539863253389190e-50,3.588407884967965806e-64,1.885242137232275501e-62,5.833638316757169015e-67,1.371613299106614949e-66,4.581554246713100013e-50,5.500732921841783058e-64,7.954768199088151562e-50,1.660793052750781069e-62,4.548772949392606548e-50,8.278519233483042149e-66,4.855986809295728075e-50,2.897483348460581163e-64,1.329160005395286178e-51,5.114558381452238230e-65,4.664048276752491776e-67,2.745425697298465566e-51,2.665529071713915892e-65,2.533027406804819599e-51,5.366064184673423530e-52,5.221828719856182075e-66,1.898724408652232967e-50,1.172554397283225703e-64,2.677168328439302317e-66,1.576812480522069621e-51,3.275065859581512401e-64,2.452255050024766161e-66,5.424867152703784266e-65,1.648374938552529534e-62,1.619672930437932982e-63,3.872705215677181917e-48,4.651450584850128348e-51,2.292737570761844107e-47,1.977471996123405761e-65,1.650460380624041796e-65,1.920227613033852758e-62,7.566961678882617757e-47,2.663671151389378660e-64,2.722281791702029525e-65,1.530908703149699752e-51,5.174574853327001838e-61,4.129989328396871449e-48,8.041730327612433158e-50,1.428897529518689503e-51,3.715892506727468651e-65,1.298068705068217901e-49,1.166837378268421347e-49,2.961057356137443984e-51,1.062044504015296702e-65,1.988721859022647500e-52,3.560711568815557670e-52,4.766992295344546189e-64,1.155270759048798079e-50,4.143691560032590986e-64,3.997619860138732159e-64,1.499086952595068086e-52,2.080974096742162242e-52,1.941230919116319024e-62,1.229228239233339664e-52,1.573329494057493567e-64,1.624893381881251896e-47,2.201916183647468501e-65,2.162950829835526897e-51,2.553996445173123328e-51,9.678756386556160654e-64,8.854892924876791725e-65,1.205437460923436016e-49,3.672238282861412204e-50,1.923662557158063928e-47,1.226740719509901515e-50,5.983616666670850978e-65,4.076950317098672473e-65,3.539893761377063155e-51,2.569576746879329036e-52,0.000000000000000000e+00,2.847044955484009071e-51,8.395220755292933597e-64,1.688701376017523281e-65,6.348894568098638379e-61,1.549022194207246709e-49,6.542015097538269517e-67,1.254082161758648876e-66,5.892096313795719862e-51,2.222575286907738812e-52,2.689778211920136970e-51,1.806784994568161409e-52,1.888254480072631285e-51,7.167950778574188986e-52,1.460007398833737136e-50,2.273693228433230369e-65,1.997802939280069525e-50,2.959678633652199302e-67,1.349640378630570610e-63,2.172570273421754019e-63,1.304515317919134223e-52,7.380567538731940415e-63,1.205966376589682889e-49,2.425217802677438802e-66,1.501909994402580269e-52,3.179674555317197722e-62,4.321253007811480154e-51,7.843437494668900941e-51,1.536676874283536687e-49,9.122061649073431795e-65,1.604527307815896358e-46,3.840913185488166604e-62,2.541138469635934648e-49,3.658574207805592762e-67,1.940933233344898820e-50,3.347169254698145458e-48,1.365713717873163791e-60,1.853435466276203311e-46,1.277371164271708201e-64,3.605194455054311485e-65,3.556840596237459685e-64,2.043569321583287825e-63,2.965363139592155364e-60,5.005244291263778108e-50
1.081247763118556034e-64,1.952894359923755320e-65,6.934778726205145004e-65,1.723701097780282047e-66,1.148176101901272021e-51,1.087580388098966146e-64,3.745817524410432414e-68,3.670272362837303532e-68,4.812068622036570533e-67,2.223581496483473116e-68,1.906255857462687621e-66,4.370223457891091405e-64,3.729361729237809269e-64,1.529379579897874644e-67,4.518540670491553178e-50,2.675508756976327681e-66,3.809902378409697557e-67,5.172950950163621501e-65,1.910242612866308006e-50,1.809044586339972569e-68,6.189280684542778081e-68,1.635227184356721299e-65,6.507966354625583206e-69,1.395914516816502860e-51,1.577246293514345593e-54,1.022243438349722900e-64,2.448586871723433574e-55,2.653736599177683905e-68,3.459814911120264035e-65,1.681089465706809865e-50,1.502090720411198110e-51,7.868694691702950076e-52,7.330583900162987925e-64,9.535009937614941650e-50,2.101117922339877676e-65,2.655525049767823810e-50,6.588129677365090075e-52,5.636593971503041054e-51,1.512071981661439442e-64,2.750386700537136615e-55,9.663278477145051828e-53,1.087238468336856581e-46,2.581565731601695734e-50,7.440303539724277845e-66,2.643195846930009655e-68,3.418840511742969891e-67,2.832195291545359714e-65,2.642163671714697054e-51,2.537453328414377993e-54,2.389611363799682722e-66,3.187886901228934823e-69,6.226030768813630569e-55,1.285940690851669246e-49,1.202814306583771705e-67,2.702852290545044215e-53,5.695066222692669318e-66,1.616841451374617746e-65,2.128688234402094231e-69,8.262074635133668636e-66,2.023214154035761555e-67,5.830013066909777450e-65,7.612622084865553780e-50,5.948526442240026638e-65,4.429737019618546463e-52,2.324153054469889025e-51,1.157521909475071742e-52,1.166508703296816834e-64,7.775504240061784575e-68,1.324878703255282250e-68,7.350744572951062037e-68,4.182876853896209964e-69,3.312400902196334060e-50,3.131993089963720132e-68,1.418492538678163482e-68,5.971264131093536855e-51,4.392707608311903310e-69,4.886849883172049026e-63,2.565909198021483696e-50,2.395470553237303138e-52,5.284536245793019546e-68,3.516130378583424373e-68,1.043554056382842563e-50,2.475459542579764529e-52,1.190831012547669718e-55,2.531694868346285575e-68,4.586076978451657472e-66,3.250193443756106171e-67,3.916259494314536247e-66,5.853592587584752275e-47,1.131092089258450139e-68,6.900786669452466648e-50,6.449215302373239537e-68,1.260761769670755414e-53,5.234954709574875373e-64,4.111873490684616934e-65,2.028743637200229582e-66,1.410489483092046370e-36,5.294468475765407989e-67,2.459208770332567268e-65,3.761039963843079950e-64,3.152433144075802483e-65,3.659295727390264145e-51,2.839318518466245779e-50,1.699732826956757007e-65,2.609818063754210033e-65,1.397438857300820038e-64,1.338749457903723199e-51,3.226093166024051507e-68,2.679204678230329333e-50,5.387930452536803400e-54,8.919812184611677093e-50,9.211911772110286834e-66,4.300494936200710663e-68,1.584192549771615723e-64,1.605507550798368895e-51,7.280692213338937538e-51,7.183724069772154177e-56,7.920088631164089219e-52,7.955527724288902242e-51,9.588104693289720856e-55,3.524024221785914623e-51,1.907483532759009589e-50,1.828538701095247629e-54,6.472980396978804289e-52,3.380062628663514932e-51,7.390911222178306633e-64,1.858026173775736843e-51,1.375852694113447959e-51,3.946376571667193923e-50,2.294453045256102771e-51,1.104502729894845233e-67,5.643113434969231491e-65,1.415999714891309405e-65,5.033488099561571714e-68,1.723477179888465470e-68,4.979863125993247961e-51,1.375912908410333671e-54,6.018505893204674972e-69,8.414780066802093992e-51,4.431568662794012348e-65,1.179631228690039243e-64,6.803592856106621275e-67,8.850479922469965299e-69,1.471391353256338914e-50,7.187349042507280411e-67,4.052848627387399895e-43,1.601481270677681341e-65,1.911062674890924624e-52,2.376157886959980460e-68,1.932021608194205831e-49,5.039747630398513377e-63,2.839284095957649501e-54,2.504495258721336047e-60,6.525456573350050447e-67,3.336402346911512347e-52,2.298169716798271351e-64,8.645416108117654842e-50,2.347803125722872208e-54,1.515525491624047902e-65,5.331645865385547825e-50,9.453540476095425680e-68,1.227769132668711754e-65,5.208350119389396610e-52,1.949000005967716302e-65,6.314667298523114467e-69,1.660398667513825002e-60,6.628443344942132458e-66,5.785000396391661839e-65,2.008133828283999221e-52,2.475123521378060592e-51,1.356761766738787358e-51,4.825050789667056947e-68,3.292425653083236744e-64,1.194667188451232602e-65,4.130460925542935096e-51,1.819482788837243769e-67,1.467287511976677492e-67,1.294497688924866252e-50,1.638893057126059759e-66,1.107156132024352088e-50,5.065108239813345269e-46,3.713455052968849996e-54,3.799116389820363164e-68,1.036846641094437178e-49,1.827741377508177915e-42,1.509334222175826169e-50,3.265044485868466263e-65,1.083596830310662157e-54,9.445106161703443371e-52,2.746688052960103378e-64,2.211647165123792024e-53,1.039761135656931011e-64,3.141676548189389443e-64,6.994945157355962566e-55,1.079380084878716896e-54,1.181746405703576943e-64,7.490056814663094591e-55,1.778709213691093099e-67,7.846590080358064800e-52,1.471041062714912024e-64,4.821086347105907928e-54,2.793775125489247137e-50,2.445475395426822200e-66,1.726399130326855972e-67,1.486002158724934587e-53,1.129018677881527050e-44,2.176831137603357878e-51,5.315043136538066705e-50,1.186749670436601617e-67,1.117139367514775713e-67,2.050158812804040763e-50,3.049749366030803223e-52,2.847044955484009071e-51,0.000000000000000000e+00,4.929048078377964717e-64,5.177925490315386432e-68,2.045355902243788274e-66,1.338590054626095083e-52,3.723494684446695718e-69,6.034677092946925073e-69,3.631227780501312718e-50,6.772559605705933840e-55,3.396616751589160284e-50,1.047411883010483372e-54,1.693175290000581381e-50,1.218789342356670687e-51,9.857448929368850070e-46,6.155768321964016983e-68,3.066481819943058056e-46,1.686100263612479081e-69,1.728504272064604774e-65,4.136986534480280026e-67,9.529411783377767753e-55,1.158587731801692854e-65,5.919497264504085532e-53,9.631815582180788355e-66,1.239163903769164815e-54,9.753059530515045718e-66,2.673496820179167285e-50,1.685730363595886492e-53,8.174727614204727578e-50,7.547490104858555033e-65,1.346905345943883593e-51,7.521546765072141579e-66,1.101461142120386381e-50,3.064133560382457588e-69,4.853481248648853634e-50,1.030049006354963203e-50,1.654711398612303540e-65,4.854450366980495132e-52,6.066150508516385372e-65,2.596924715035452300e-60,1.411149793260462910e-66,2.112626361490792234e-65,1.322834816335572939e-64,1.315300437599063008e-50
1.110777013948408744e-76,2.560799016732719015e-76,2.508841151132209194e-79,5.497577325596131595e-79,1.069396311802622964e-64,3.130181656709456209e-78,1.601012330288388713e-81,8.248225265780968886e-82,1.798841899188846508e-80,5.595779360506376092e-82,7.703261982987624442e-80,1.316798477697540068e-78,1.016228727402843615e-78,6.156133591409630680e-81,6.503991377749698719e-65,1.026482823437562868e-80,2.769112524394040040e-80,6.413080806738799934e-78,9.687078728093102556e-62,3.980129108004598200e-82,2.545229651077934259e-81,1.428127793982330255e-78,1.269706361576494153e-82,2.979476443121710924e-66,4.097745194127309156e-68,2.214387750311017000e-78,7.984406108474533306e-69,1.179065591388303819e-81,8.525550576744987460e-80,9.151498101993174059e-62,1.353219505199754968e-64,1.965505394190556114e-64,5.456238784876885278e-75,1.368509721426227655e-60,8.833204831159548323e-78,5.026809521422770610e-65,6.542178031302789328e-65,2.239381394204970492e-62,5.824510330902313595e-76,7.932388927442789987e-69,3.308756326078047161e-65,4.759417628936296467e-62,3.767645195023303467e-65,2.423969487209325308e-77,8.806519360215401556e-82,1.351115588482668123e-80,9.108234340030090662e-80,7.021738400820073036e-64,6.950495160509629443e-68,5.259790041557409696e-81,7.705530076415595630e-83,1.576430252509101414e-68,1.888463589418794351e-60,2.503399585268830099e-81,8.633680987619202713e-67,4.403276713434727858e-78,3.197027611527399990e-78,4.855285706736695356e-83,1.033016398078815110e-80,8.402846145686844145e-81,3.665316682223753872e-76,3.274284040796581670e-64,3.623848678111796243e-79,1.397361481553379003e-66,8.476651612821069904e-65,3.990467033212122334e-66,5.455217807420328690e-76,2.156033208953841464e-81,4.145205790089189115e-82,2.482160888072212485e-81,1.060233875633337586e-82,5.436958502125245191e-65,9.433044959311311452e-82,4.201162866794666316e-82,8.325274757875953586e-62,1.397279218508481129e-82,1.186498343760797827e-75,4.670443242877058717e-65,9.555497120664584447e-65,1.577318941643493676e-81,7.076189640974160040e-82,2.198726244952349165e-65,7.402199910569718642e-66,3.834702063103693466e-69,7.705125125355942334e-82,2.205961663764115938e-79,1.923336528662866158e-80,8.559713326998656476e-81,8.949645132884213417e-62,2.569465819471181514e-82,1.908330177926122913e-64,2.088776754902632837e-81,4.246657199726205546e-66,7.906837520051514811e-79,4.983153862101399539e-78,3.112262142033595712e-79,7.309023757112740143e-64,4.990503961855717998e-80,3.613342408313598183e-76,2.939192300601851015e-78,4.579071632846688883e-78,2.459140977280914625e-63,4.545062486720031650e-65,6.687107516604345745e-77,5.300934824261433783e-78,1.085097985833218208e-78,3.138885775180818576e-64,7.673574133093000357e-82,4.403116260114587372e-64,1.262597724397997571e-67,3.414819268196152730e-64,1.817339395932585834e-78,1.183258868439837922e-81,9.659262227976565010e-79,3.354475285873626398e-64,6.739948186899254740e-63,2.734928902357432735e-69,1.711000886651167679e-64,7.594525503910072832e-62,2.539763468992393971e-68,7.714601677259008435e-62,3.496821662662379612e-62,3.962497377030340973e-68,1.437830079376468935e-65,1.474625201935113913e-63,3.999999971118772257e-01,4.666196984717604800e-66,3.170249854619201147e-64,2.396732283552320799e-64,5.219380652903319229e-66,4.830652785194272092e-81,4.917323319023006797e-76,7.488468486967646642e-78,8.994944161404583493e-82,4.337433199785822452e-82,5.703160764264663716e-63,3.178061807658168369e-68,1.315225393882551287e-82,3.010397120530749805e-62,1.092681565519276926e-75,3.090989229759763289e-78,2.746821029500967369e-81,1.862918497812256535e-82,1.922908336083146315e-61,2.793752013802164676e-80,1.527777295755702099e-62,1.580298114772656275e-77,5.647061839295055723e-66,7.830105159266366854e-82,3.623127943584632460e-61,8.657314764190941769e-78,1.020243319118825188e-67,7.705250936849862782e-78,2.232020111485588757e-81,2.654646282677298827e-62,1.076616840678352522e-78,7.458037217036743569e-65,6.749118539554129918e-68,4.296539730078392561e-80,2.182554075111139908e-64,4.841354744174549544e-81,2.574465608510708898e-80,1.682803766926214082e-62,6.993253398309477582e-77,2.070479596780869255e-82,7.720661944499251654e-78,1.144813506076913016e-77,5.140969432007485323e-76,1.074693405748704369e-64,3.535464696954483040e-61,3.653248154766412168e-64,1.572083563142521086e-81,7.601327162688762245e-79,5.523358656699081395e-78,4.952285667124328281e-64,8.902760086806604833e-81,3.362130178983575816e-81,1.867040437423354934e-65,2.730857956524055669e-79,1.299567784429371014e-62,4.576525096502082935e-62,1.123410661632062802e-67,1.757517585031565670e-81,1.415122672233696348e-62,2.374583428031139460e-62,2.994728370530641766e-65,1.046599154239812493e-79,2.737206222446578499e-68,2.934923610935197653e-66,3.107031828801161577e-75,7.682731798643406047e-67,2.686239892141880430e-75,4.000000013753285399e-01,1.905185502319847641e-68,2.454516875970402570e-68,3.106217975409217611e-78,1.871944183388981028e-68,7.888123092394889894e-81,8.224835539932458651e-65,8.016333945027649574e-79,1.711368898121224154e-67,3.705885906600364485e-65,1.248633194556392755e-79,5.923676754890379918e-81,4.734503293705027013e-66,8.811511530223666512e-63,3.398737608168502473e-64,6.329766137555108966e-64,4.389467898540003430e-81,3.305719141164123645e-81,5.995717560585230726e-65,1.568236624604462490e-66,8.395220755292933597e-64,4.929048078377964717e-64,0.000000000000000000e+00,1.732666994946851817e-81,8.673196928743831061e-79,7.082182001329767039e-66,8.573447752757702494e-83,1.572714553391935469e-82,1.022408086532796386e-64,2.115113735320739434e-68,4.314748280295422211e-65,2.385943886084253571e-68,2.261435839649955659e-65,9.519390301739331083e-64,3.343650859809542983e-63,1.959439732232427008e-81,6.813282959326165493e-63,4.318090786992328102e-83,1.563235654445723474e-78,2.658012990774780165e-80,1.931073580140467372e-68,3.180758171277130143e-78,2.582644437052137589e-65,2.268281264635690691e-80,2.640863102381890627e-68,8.109336657317662791e-78,4.400128283701972172e-65,5.742518613566217319e-67,1.637634794726767051e-62,5.558896100979282931e-77,2.353690483919501922e-64,7.400031088146741419e-78,2.763704003400189806e-61,6.271240212982719092e-83,3.377642841048726391e-64,7.935741101671694203e-63,9.957796516502562261e-78,1.128357307321337250e-64,1.016393194207669914e-76,6.050818675760993837e-78,3.568069976590129061e-80,1.636524782832761678e-76,8.308217059561963520e-77,1.212990297981090378e-61
6.289482772120807560e-82,1.039319689948621115e-81,2.162026674931726452e-82,5.805624021013601473e-81,1.070299540319299366e-65,6.595341005871541711e-76,2.713907472498560433e-78,3.999999988973998444e-01,1.786093574936727544e-79,1.245522816247571245e-77,6.378269149109331383e-81,9.162167505092743959e-82,9.984153988631179556e-82,6.321053622767015849e-77,6.773133177792211716e-68,7.856210401548511626e-83,3.770102219636415937e-80,2.970640330508429256e-79,3.256225180809353628e-67,4.626925278516824902e-78,1.151994784672197364e-77,1.987423611844488119e-81,6.395923112774494682e-80,2.916903404751293101e-68,3.747261087044394687e-65,3.898730339748089676e-76,1.930386724559107114e-66,4.858031012553012903e-78,2.088875383195709202e-82,2.430836520056264745e-67,1.130362907215863478e-65,2.070058161471097564e-69,3.129693302815740585e-81,1.171635917716248717e-66,1.907363450719949135e-81,8.173507698104349169e-68,1.760683542152324484e-65,1.641355780518883588e-67,4.872963314269030174e-82,1.540241149299030104e-66,1.981377610939442722e-68,7.860023809121900063e-67,1.248022081998339805e-68,4.999293295024529678e-82,7.311497721824894634e-76,3.046539677635506928e-79,2.063663162226019159e-82,2.996210288571109335e-69,9.013083761413278654e-65,4.155598294748427836e-83,2.827020309478918393e-80,1.258505126153221426e-64,1.100616975394506440e-66,6.648794639894945645e-79,9.538818577911875018e-62,2.065974004826638243e-81,2.217927248612346299e-81,1.017670308799326187e-80,6.748369982431442658e-83,5.902260163384989978e-79,8.115954124750016808e-82,1.653099813651709061e-67,2.933957531092182017e-82,5.824896651027735451e-69,3.335227532174497452e-64,1.532257014424776419e-62,4.687984849700789493e-82,2.400084640178133147e-77,1.372070901021906852e-77,6.651913845763440069e-78,6.571029389578737019e-80,1.082063041707807918e-67,2.705414285936916457e-76,1.155153362272127132e-77,2.245065145761538457e-67,2.172712872942992975e-79,1.979458729384332175e-79,1.379711191950346150e-68,1.030861591070188038e-67,4.775067331876277840e-77,9.675507315653811715e-77,6.858629143824269162e-68,1.266620620977654511e-62,2.148572930588918808e-64,4.210528908325601125e-76,7.273030840365095647e-80,1.264763225058720749e-79,5.783487981121583730e-83,7.901304744106596000e-67,3.151889030756403113e-79,2.929864327480308120e-67,1.751055553635550258e-77,6.792267651854126531e-69,2.606790238935999657e-82,1.770361902407836981e-80,7.987821750047222742e-81,5.123339225469476554e-68,2.587785840302835887e-80,1.054667494489590182e-81,4.368823298594991391e-82,3.484953729089530721e-81,8.972301806141574315e-67,7.720486696463243573e-68,5.577518465776338156e-82,2.826973329015582137e-81,3.288851384590739616e-82,8.196027610771345744e-67,3.999999991309949876e-01,3.883465183072380516e-67,1.766367055621520644e-64,1.453758620864217687e-67,2.740483675827857238e-81,2.316902994962293074e-78,3.187289172045034565e-82,1.811889661592802625e-69,5.820160351737032484e-67,1.070599019654589146e-64,1.297995564105817466e-66,3.938513129381639272e-67,5.357190248331664415e-65,9.553116268181305670e-69,5.586717251274748999e-67,1.778083805895497219e-65,4.043696310916603436e-64,1.533391634171628965e-65,2.555487405468368811e-81,1.147944074302382792e-68,6.617652857003670191e-67,1.354638737520466075e-67,5.083404576350093018e-68,8.763400120932504889e-79,1.820822302674162244e-81,2.820956990606038611e-81,8.249320058872398675e-77,6.496061289925747744e-78,8.373213484040277544e-67,2.185210981141086390e-65,4.945814271320306292e-80,1.326209368796833048e-67,7.947027628965066322e-82,6.315824691385310378e-76,3.426766801024703711e-83,2.380024460778202934e-79,1.470727838061993599e-67,3.221678298682043010e-77,1.010368897797169466e-66,2.233828217928944532e-81,8.632342421566620528e-66,3.026032761771931646e-77,2.554506730872564139e-67,5.961323300195140589e-81,1.356574813543665547e-62,4.169341753005886640e-82,2.671759958763634860e-83,4.423404885715705343e-69,2.902615023996331892e-82,9.779485927542390135e-68,5.595476153235616887e-65,1.870385483133812959e-82,3.013141095159693770e-67,1.054510359696107707e-78,6.493674283288536794e-83,3.026589604665327981e-69,5.195188517387331550e-82,4.681990637230975410e-79,5.136309350243797095e-82,1.683748503240865658e-81,1.150556114288682129e-81,1.931250814107736352e-67,8.376306546373650433e-69,9.543432732443540603e-67,4.588430415305657226e-77,3.046466362851326207e-82,1.651358574743961046e-81,5.967308543248507949e-66,2.972260314018479644e-79,6.700170367335583197e-75,1.052576456244101290e-67,8.922265852993074660e-81,7.638022251914879015e-67,6.400253268000041078e-67,9.833784042519085949e-63,4.687909038193244916e-78,1.137393534285062773e-66,7.977420945426898874e-67,1.033556671435089646e-67,2.353420093679616697e-82,8.289916058232098571e-65,9.955391886083135282e-69,1.380575779817459119e-81,2.776599971060356106e-61,9.021687546664529253e-82,8.200799237952932518e-82,2.596961992152348374e-64,4.092270297558095784e-65,6.024701386263763617e-76,1.391122719829051564e-64,2.892939342988855151e-79,1.093240403562463009e-65,2.586279121420289651e-82,2.358935034178918410e-62,1.287897823510243938e-67,8.516296613965871091e-81,2.475612835570472984e-75,5.510949850414780004e-69,3.561949433082785074e-67,1.364279726853165072e-66,1.817696334209985906e-67,6.921838067110203298e-76,2.377444829695372932e-75,1.028427049506131999e-67,6.363146777077668257e-69,1.688701376017523281e-65,5.177925490315386432e-68,1.732666994946851817e-81,0.000000000000000000e+00,2.724637230599132875e-81,1.958793764894075435e-66,4.399794946700532418e-80,2.391324711269456710e-79,1.169745473910465748e-67,2.867564751123553031e-66,1.291986108999225533e-67,5.167606384311445782e-65,9.328614650948742161e-68,3.373564466040275909e-69,1.449126401412847972e-67,1.580191618868230272e-77,1.739697614421360032e-67,1.122983907438374315e-80,1.876300067580420426e-81,2.698189520218824206e-80,1.599834769329303170e-64,3.566175736682204070e-81,1.174382698457180672e-68,7.082380101528006410e-83,1.219647776213737130e-65,2.393086513777986720e-81,1.381332402560119978e-67,3.415299569981969147e-62,1.453345700657470950e-66,5.578946019453163423e-82,2.842669998386828204e-66,2.210019169277916083e-81,2.912922667339319063e-67,2.225132217802268311e-80,3.643360014898334558e-67,5.315562746852048568e-67,1.481601532017117984e-80,1.532518680513900605e-66,5.947720048513947155e-82,5.480081780789729810e-82,2.286341117441982138e-75,9.716468151213578885e-82,8.358517624316736008e-80,1.787515246069716138e-67
9.086750544009231314e-80,3.730279427536886682e-78,1.657714334783243736e-80,4.000000051633971765e-01,1.231976398271899793e-63,5.274193288100157818e-78,7.774315728630390428e-81,1.686647454158328660e-81,7.767246035605879983e-80,1.188567751764546630e-81,6.457486388048049027e-80,3.701674275796287517e-80,3.595691185190890887e-80,1.391829234956120801e-80,1.841128717276342948e-66,9.840490761499140065e-82,1.876532386708800714e-79,4.378765251297908446e-77,7.188353555440131276e-65,7.201525911665953618e-82,8.858328928680056139e-81,3.420722589417978110e-79,2.013250090306750244e-82,2.860249911900813144e-67,6.878646005314861462e-68,3.564113348916676908e-78,1.744565693310654406e-68,6.627204745173533477e-81,4.818651914662849472e-81,2.085297667513178828e-64,6.771528682557379964e-64,2.649347469685488976e-67,1.181906499700031097e-78,6.131608462408826093e-64,1.526126881812553533e-77,1.744184864117576106e-66,5.936150608428162812e-64,4.873742671695449957e-64,1.532422633822274481e-79,1.555666636016171105e-68,5.395379434922206586e-65,1.180948302200316934e-64,6.139968904260482143e-67,9.890155098009492616e-79,2.302143963252554767e-81,4.195550592525689164e-80,9.136497595969988294e-81,3.051614557863019861e-67,1.258973790439054220e-67,4.163768430633218905e-82,1.351306260454111179e-82,3.065139791460236160e-68,8.902203219116386493e-64,3.872399736372515501e-81,4.729083096028971221e-66,9.429307202574408748e-76,3.240032646491823773e-78,7.467499666404474404e-83,5.347099684499121732e-82,2.394770837575477414e-80,3.048900031216074510e-78,1.043084712070587937e-65,2.205706893298753325e-80,1.179199920789069256e-67,1.154458649431409315e-64,8.641855223159068753e-66,1.853409059611679801e-79,3.129471807108573981e-81,1.074852676315041553e-81,1.111604275091701957e-80,2.002789891259596864e-82,2.801703397565707257e-66,3.078352999233919360e-81,1.104859844091497929e-81,4.874058740532569584e-64,3.875567754446502565e-82,3.797904711825115290e-76,7.842856407323467220e-67,9.531356304454217482e-64,2.987156832073400275e-81,7.502276489457950029e-82,1.411002198088960865e-66,1.892130508927538194e-65,8.570930815310329142e-69,2.267918891050752388e-81,1.707630595714153709e-79,1.648862834268797550e-79,8.137852338231103651e-82,1.623406701207159848e-64,5.203418700729348297e-82,1.133971692184459856e-65,6.754977241375740538e-81,2.741442988650890820e-65,1.336596411133659568e-80,4.071146790957675535e-78,7.256260976050029275e-78,3.991304727925261843e-66,4.894728419548510924e-79,3.276181049607177706e-78,4.958957818952957524e-80,1.089793890692035858e-78,8.728075453793519002e-62,1.412420094266872762e-66,6.373761800518523585e-79,2.101178823619070023e-78,2.393604703614721564e-80,1.037504750156455998e-63,1.518852488439084758e-81,2.584742034011867093e-65,1.327309515322837823e-67,1.025992991790183548e-65,1.405976763229614610e-78,2.756084431358309747e-81,1.646445335047970032e-80,3.256869731022314791e-67,3.739739607372426578e-62,8.056363194134729894e-69,6.973903430598754208e-63,3.321827468080106813e-64,4.714155634137171137e-68,6.713840420915965482e-66,6.440551963203198292e-63,5.248740696213946601e-68,1.926750290959888840e-65,8.612179484981294796e-61,1.852757156145770965e-78,3.252774855613493807e-67,1.207015736252610397e-63,5.340593006092292495e-66,3.662644251497245222e-67,1.529410172944657200e-80,5.262469997186966896e-78,3.787089626030405077e-77,1.050264641468998290e-81,6.996925796021528983e-82,2.949827163459646543e-62,5.437819876404128456e-68,1.441605897281692171e-82,1.975499605904069168e-64,3.551024976823645644e-79,5.356755459267294948e-78,3.050122307995242754e-82,4.079857176877036096e-82,4.333436114573920301e-65,8.765664709631579852e-80,6.067554257053513823e-65,2.208047476566487180e-77,5.335688897248664968e-66,1.606344291852406701e-81,3.440262189029741893e-65,2.100571877902529207e-79,2.369716238158038717e-67,3.847498504343382700e-80,2.900307922402090887e-82,3.876742655303212102e-66,2.356620976198694569e-80,1.493758568240871928e-66,1.377067145776536166e-67,3.426417799511579106e-81,1.571892743981387080e-65,1.824561404120160405e-80,2.159210126291343161e-81,3.235704245154284698e-66,6.712645362998149961e-79,6.953849150360808583e-82,3.513075134116838724e-80,1.901972683288498154e-76,3.800706763115750019e-78,1.097138025863148856e-63,7.680002668980177551e-66,3.559062136389842030e-63,3.137359590769650866e-81,1.155447357922667016e-80,1.983430697814130537e-77,2.164211135055143889e-63,4.624653142298676871e-80,5.246739460954966298e-81,8.341338898168802077e-67,1.316846527842683706e-77,1.123315178369131855e-62,7.086382133095315789e-65,2.880992961818333114e-67,7.978633083145910738e-81,9.751906044758976987e-65,1.083497515802108518e-64,2.124957135946210992e-66,8.361809696457713351e-81,5.161973678340759099e-68,2.334024584728475654e-67,4.964332367328786802e-79,2.975071894901559281e-66,4.097597672835113491e-79,4.797315464556983240e-79,2.943365980002045522e-68,5.671893138960110981e-68,4.973164289260963721e-78,2.684583166479974054e-68,2.274817597489540913e-80,7.679784064231630511e-64,1.928843462750163279e-80,4.097111941036632900e-67,1.479329165591756058e-66,1.082781911820122644e-79,1.944501295389973728e-80,4.510531891565775742e-65,2.855175426374832013e-65,1.626313212135310780e-63,7.682004502771321558e-66,1.241238879966207005e-80,8.511260874990993588e-81,2.180676724964348017e-66,1.757557374409875734e-67,6.348894568098638379e-61,2.045355902243788274e-66,8.673196928743831061e-79,2.724637230599132875e-81,0.000000000000000000e+00,1.392329127537567382e-65,2.190761046113933840e-82,3.078622674929279399e-82,4.055477238546341182e-66,3.193495853142406085e-68,1.549591695698528098e-66,4.581101375238439059e-68,1.102149774490748512e-66,7.879607385866473691e-67,8.890846974630788620e-66,3.626288065376586782e-81,1.404832732679914180e-65,8.167271590434072320e-83,3.965285165535503333e-79,2.018818551177966996e-79,3.347157932631070488e-68,1.695184348448885739e-78,6.651916255847578440e-65,1.555927607809027539e-81,3.704036418919885036e-68,5.996082319935959131e-77,2.869859071513921096e-66,1.321721674849121042e-66,1.134880334085367800e-64,9.469070168183478048e-80,4.618117769791125246e-63,3.124650274830467309e-76,3.962397080412231763e-64,9.635364829776166458e-83,1.332685981538461649e-65,1.001420694944383037e-62,3.999999982611786020e-01,4.707937136322637901e-63,1.309977833966936248e-79,2.163556941928440590e-80,7.205300782391104103e-80,6.291227373736073383e-78,2.313114547887864779e-75,4.561228974032442499e-65
9.989141437100397150e-67,3.420852266014936991e-66,2.003252739108159385e-67,3.186467459329834948e-65,6.435537022700287407e-49,1.108295457835145757e-63,1.490196092177475109e-66,1.187926024895832545e-66,1.063237879340483084e-64,5.717694556587027513e-67,1.701332172918494997e-57,8.785517244616227558e-67,8.229815803159319136e-67,9.833180685424602456e-66,7.345985583155797800e-53,2.793629157049086204e-68,1.348117749557465825e-64,2.575824644384972581e-62,4.601762814269685639e-52,3.130777229697969593e-67,3.299342871208473065e-66,6.797073677647041786e-65,6.278396867618296380e-68,1.665686912128380362e-53,1.228300477549508280e-52,8.496562321138200767e-64,2.918640607881199989e-53,1.022842851605264674e-66,1.537711752924411781e-67,4.879042866677455879e-52,1.933749269240475006e-48,2.959763205968218060e-54,6.456932941386041939e-66,2.167078779839432228e-51,2.354890501811487802e-65,6.839548351295430693e-53,5.585233597847361034e-49,4.064261770724000685e-52,9.989737589378042038e-67,3.311755198903449221e-53,3.276017644116624816e-52,3.320494463420123849e-51,1.813283311662770383e-53,7.879717233221875810e-67,1.012339838996848077e-66,6.855055836183402984e-65,1.514774864256224389e-67,5.309798541624312768e-54,3.534861298856487338e-53,2.281726364576833316e-68,3.311677303544022652e-68,1.183768637067977720e-53,2.738188089358663267e-51,9.790891996540271695e-67,7.077778039835609923e-52,8.911573029421590390e-66,5.640794658047851550e-65,1.922894560628537824e-68,5.098252236749234496e-68,2.924022286552593616e-65,4.616911470021246148e-66,1.791643985221932157e-52,2.568454238777781021e-67,3.297011167294467006e-54,6.638931027744185846e-48,7.158805942813454118e-51,9.956060427645660355e-67,6.157964731779196468e-66,2.927056589216156428e-67,3.081592525424366325e-66,4.832980834958502299e-68,1.017048635820875602e-52,1.093980676184437404e-66,3.178660417019068928e-67,6.318297251866298471e-52,7.096631759044745288e-68,3.189021183168060606e-63,1.929611198362601207e-53,1.243673754277728714e-51,2.875861090608674650e-66,9.806916358849705677e-67,4.646517223558528696e-53,1.656412524859599269e-50,3.109500227342467698e-54,7.994799435568653431e-67,6.425716993925794239e-56,7.150677316593241095e-65,3.382172422041752528e-68,3.149760975815262753e-51,1.466223189645491766e-67,2.395796462801123453e-52,2.687874055488189063e-66,9.003552307706950433e-53,3.992232081069692962e-67,6.478010220129512243e-64,3.502741238561745252e-64,1.688854263495880800e-52,1.846019442328551898e-64,3.824976672182404182e-66,5.724231235923830607e-67,6.487696706059859466e-65,6.801826235883649728e-51,6.749240904786869278e-53,8.937212769973379110e-67,4.192616184462750571e-65,3.416681950487595844e-67,1.708798341907912847e-50,1.052184431261850945e-66,2.245936886869152445e-52,7.493131649195056851e-53,1.763795070854566994e-52,4.536623829558913075e-65,6.660634671666824675e-67,3.331047926515284338e-67,3.004657313000213632e-54,4.111025100604778879e-51,1.884253941951069940e-54,3.049931491364228156e-50,6.540333161856035861e-52,1.534088478259637333e-53,3.170263104245617895e-53,4.365006429960102722e-51,1.962366320732654096e-53,1.722752713228996724e-49,8.304438944156467571e-50,1.888220020563245022e-65,8.091020140451517613e-54,1.741467752325662717e-50,1.035534772779854003e-52,2.510273623226599608e-53,9.215637887183872418e-66,9.046549065479452743e-66,3.234414970002270635e-65,1.878478487419238105e-66,3.808742045432229239e-67,4.751626970714286832e-51,1.584729175041729663e-53,6.287875168752822640e-68,3.211204040628096206e-52,1.947751775443469098e-66,1.158637488978256482e-63,1.075554906695955056e-68,1.070152633182640246e-67,2.916147372826638617e-52,4.902885089783271511e-65,2.201742040821921112e-51,1.527656872098153686e-65,3.496576220199264231e-36,6.316036171861269863e-67,5.609634914763186009e-52,7.020040963298055667e-66,1.428051339190973543e-52,1.833016711979447322e-66,1.018641482769969328e-68,1.300178170263447092e-53,4.478771307854593553e-67,1.059527684856169859e-52,3.623729749472129569e-53,9.879235183886410953e-68,2.215853902883269165e-52,7.670088079342144183e-66,5.300536009204294054e-68,1.021829654784910648e-53,9.930899859953702662e-67,1.058623954904289041e-67,2.181470208260143430e-66,5.455780386310314683e-66,5.733749791657832756e-66,1.418360697744320446e-51,3.925141248342001682e-53,2.011679467602832177e-50,2.681443578371540272e-66,3.707670258771036231e-67,1.951327675874838321e-65,5.219538172570978667e-49,2.481128741263595517e-65,4.479190367809036604e-66,5.796327425102916559e-53,2.047546760219627966e-64,5.773026840352508492e-51,1.328780441916639374e-51,1.591645051784635265e-52,1.740682529621286256e-66,1.036451204537030889e-51,2.992261824170771320e-51,6.800648564206965933e-53,1.634526303288518472e-67,1.802485463596549896e-53,5.386271023081354080e-54,3.584350102765752894e-66,7.000355859186060304e-52,2.767340359829512654e-66,3.688328876855672093e-66,1.460577645336508489e-53,1.471417224215972603e-53,9.521208433032899230e-64,1.387195552510421372e-53,2.621142072761523165e-65,5.841664244734086232e-49,3.065091832883407899e-67,2.050969277683201005e-52,8.587760946081035935e-53,1.599265691533401245e-57,5.900025525447285002e-66,1.105678184941307616e-52,8.385704262248667572e-52,7.423681202631737261e-50,1.495088994441896353e-52,5.601360714181264418e-66,3.538487335203044310e-66,6.972896353555401650e-53,2.634995849324601606e-54,1.549022194207246709e-49,1.338590054626095083e-52,7.082182001329767039e-66,1.958793764894075435e-66,1.392329127537567382e-65,0.000000000000000000e+00,3.934218885089043587e-68,9.153554381155864349e-68,1.017508741178806973e-52,8.905329539005193129e-53,1.086273680843389814e-52,1.507222534392954528e-53,6.635004024720601995e-53,5.793292646933085162e-54,3.748137026379158356e-52,3.871426885567872670e-66,4.346551322893720337e-52,1.612943433054747127e-68,4.966045788225668937e-65,1.588593804809663338e-64,1.616031444905376020e-53,4.374678765323295993e-65,1.704829161144505052e-52,4.664217825805942047e-68,1.317816666945668401e-53,1.729164110852909024e-65,1.012461328858691397e-52,8.550332046587819748e-52,1.309884907578564358e-51,6.895396536830240933e-67,1.209481929266437514e-49,1.164107500514388960e-65,8.674572449025532940e-52,2.997556647495357702e-68,2.338495763477066877e-52,4.962545775469820113e-51,6.398944945040599311e-65,2.985660679833528125e-50,7.252733653712456920e-67,1.576161219927754688e-66,6.098568004687345944e-65,3.677383031878588274e-66,5.859619806716012667e-64,2.895518039178729721e-52
3.075285539393201249e-83,7.151304294153337065e-83,2.643303455056464334e-83,3.898262590934311629e-82,4.152561943918162566e-67,4.715458411335240145e-74,3.045062530406392759e-81,1.413108748943479006e-80,1.518552783188915251e-81,1.493425030740441770e-79,2.024248277669893770e-82,6.284969365187725247e-83,7.056212519869925555e-83,8.350452866205077768e-81,4.989242940642204316e-69,6.173709122168559465e-84,5.769694016443488435e-82,7.906607067334228381e-81,1.512963719162649208e-68,1.415531890003431753e-79,4.011410992453527777e-81,7.109477681995667086e-83,4.000000004005037080e-01,2.948443230714174451e-69,2.585959753152820088e-68,3.683267552933417535e-74,2.873130219510444493e-69,4.680069104111113285e-81,1.598990365018998836e-83,2.142693828840879238e-68,2.918643629975370031e-67,1.116174736368050060e-70,2.158174312606672676e-82,7.966713168630991409e-68,1.294600363503010786e-82,5.100433030738970617e-69,3.629949631392952270e-67,1.731231234670171875e-68,3.288535855025923773e-83,2.517735409226005110e-69,8.482718983873236503e-70,4.397784016137451127e-68,1.025107344693328585e-69,4.959518344760937794e-83,1.416316076694086041e-80,1.476192919089670438e-81,2.375682628645814531e-83,1.538577133014459117e-70,3.115783891697722835e-63,3.315577393586082710e-84,2.038473877715864977e-77,1.496704344581028266e-65,8.310350519988109790e-68,2.724619001040501434e-76,2.214362360665984221e-65,1.754861035438381432e-82,1.163186815009333980e-82,1.238815284033655466e-78,5.503079079521383420e-84,1.463201115241370995e-81,7.034924634123353352e-83,1.354257202319115933e-68,2.664422218491814033e-83,4.460845260114110734e-70,2.866056516900747826e-66,3.994001212615029082e-66,3.543392486317459704e-83,3.033474234563618965e-81,8.302894939407080595e-80,5.558071187293876156e-81,4.000000000299073766e-01,8.690507600594358925e-69,1.069728718179680542e-80,7.160969065473027924e-80,1.663188521248066395e-68,2.928269561787859371e-78,1.157214434892678438e-80,1.094470033209860961e-69,5.873368389160786547e-69,4.407118924705113553e-81,1.201490674696063932e-80,5.300372476424365293e-69,6.903598490330324461e-66,2.950972464103404260e-67,1.130277725580562733e-80,9.806476427552384224e-82,1.389122397100170685e-81,5.721790826249956498e-84,4.618643647060559129e-68,6.641626420673956033e-78,2.558524346758024206e-68,5.732234199959367137e-81,2.857161876714218976e-70,2.042783957579213403e-83,6.602659144975502917e-82,3.231055634902693025e-82,4.396620221029625671e-69,5.258415500929516830e-82,6.865574454376054482e-83,3.792159869828101885e-83,1.150684539371315844e-82,6.786002654695038544e-68,4.712178136097420150e-69,4.393552850204569656e-83,1.220714289413128988e-82,2.252457279274607702e-83,3.181617369509523431e-68,1.401860711121285967e-80,2.542735994758502040e-68,1.395630898888239549e-62,1.229400019565531951e-68,1.001404020014849103e-82,1.759293827915313245e-77,1.875030379926386918e-83,1.317562203766532816e-70,5.857127966186257924e-68,4.225353390718524907e-67,6.092069506559766959e-68,2.560182158358105453e-68,3.058385930197947580e-64,8.966320450951025119e-70,5.395184724575039916e-68,2.319881906618410279e-62,2.237026757504969371e-66,4.831914316978229922e-67,1.492608076493966019e-82,1.062767251948876904e-69,2.887015189199278507e-68,8.076720575951150490e-69,3.664490750069301520e-69,1.525311290405571190e-81,1.112920712246679394e-82,1.553189446271701471e-82,6.788854101790875247e-81,1.382020252917512945e-79,4.995865367054857618e-68,1.886328791406066331e-57,2.984719842246710210e-77,1.295779524327460993e-68,3.634406772571233109e-83,5.114518409049372997e-74,2.328696910645064004e-84,7.613378220140398305e-78,7.861192591389128138e-69,1.848717031596487497e-80,7.019528859765399626e-68,9.404959758509620757e-83,1.039879090864778051e-67,1.056010410640053686e-79,1.145174644594045413e-68,4.358433240940542453e-82,3.809426673673262513e-67,2.952670713517757840e-83,2.263723660849137010e-84,2.818355644883423834e-70,2.252906957460531803e-83,6.215778293006913574e-69,8.565082279597618400e-58,1.415937318649022788e-83,2.754601281473277852e-68,1.464992433718166130e-81,8.272271797435989118e-84,2.874802965114016402e-70,5.024179846320097718e-83,1.532517535667902478e-78,2.910667537469664411e-83,1.200178628552243132e-82,9.718060308931436658e-83,6.052560205015173120e-69,6.835141440812385167e-70,4.678790704576047600e-68,4.030549937697053449e-81,1.970873598070194385e-83,9.164621625163358632e-83,2.073893149423970715e-67,1.352452571973350386e-81,6.335476146564557841e-80,5.789058640527538324e-69,3.896736002987320462e-82,4.291477709338646847e-68,4.439398682725773868e-68,4.287551702770088511e-67,3.746060090795803212e-81,5.587617594715562816e-68,6.580750744621992562e-68,8.243047329796965002e-69,1.980963672995474396e-83,2.254390781099868932e-64,7.551767250194554304e-70,7.311191005169717645e-83,3.041309103769694001e-65,4.530417549396224882e-83,5.073788327432639788e-83,1.104779124443237158e-65,3.481477656712166444e-64,4.589062255873014648e-74,1.981958164340331788e-65,1.007434968327168699e-81,2.763768933936896647e-67,1.920432150970960897e-83,9.492211190431345450e-67,8.102029882786261408e-69,2.083727760140993071e-82,7.924758345763407379e-80,2.921739189405078005e-70,2.718115619909311384e-68,6.357439697656767875e-68,8.188235657060196119e-69,1.823069173272975984e-80,5.039936410971652431e-80,5.780620055090668537e-69,5.679495087971129462e-70,6.542015097538269517e-67,3.723494684446695718e-69,8.573447752757702494e-83,4.399794946700532418e-80,2.190761046113933840e-82,3.934218885089043587e-68,0.000000000000000000e+00,4.314069831165291640e-78,8.449681297583914414e-69,5.383237980681382472e-69,8.373352077390690526e-69,2.424575329604619239e-64,6.664372746784737896e-69,2.430813133614183690e-70,7.878367002367740357e-69,2.660068857283189816e-81,9.521493429896247154e-69,1.465647451433943096e-78,7.617333763981237677e-83,5.458162536106447195e-82,1.193179571431728122e-65,9.113117211983714289e-83,5.007974464748270560e-70,6.990771942768962690e-84,1.099118203661151882e-62,1.202697537454392232e-82,1.308436581823700210e-68,1.888168691686158460e-66,5.813122497473038478e-68,3.026106460790977595e-83,1.387086068000051771e-67,1.352212378322505063e-82,1.901575910566502362e-68,1.979864686935762065e-77,2.045051899745348645e-68,4.663231670043041101e-68,1.111342911280069688e-81,5.589333753888703379e-68,3.417739339834061631e-83,2.531352695630500134e-83,1.334327498805315863e-79,8.412286188837776973e-83,3.265919463687331715e-81,8.891717411767439209e-69
5.078861630063567043e-83,1.023727785970082420e-82,3.155062822537364028e-83,5.956754854071048655e-82,6.876103477630834576e-67,4.684501009391330255e-75,7.814338673457708852e-81,5.300170905897448565e-80,3.323938998492958111e-81,1.608380332104853878e-78,3.809622690148049075e-82,9.601685533568362569e-83,1.036851549005668101e-82,2.460799057213790503e-80,7.707473722407519314e-69,8.850491503636121606e-84,1.333442667266638490e-81,1.537559288208542965e-80,2.547547992591487051e-68,1.426116542603503681e-78,1.190329961473560506e-80,1.432379147758539989e-82,6.586275544218619480e-78,4.284110333775185995e-69,7.524115676964618816e-68,3.234129300589974336e-75,7.717797946638024737e-69,1.179819634778902393e-80,2.342140016425163171e-83,2.953015521940073435e-68,5.690682780882721636e-67,1.974019257890456413e-70,3.093860847237447582e-82,1.207253788255087437e-67,1.867969267403250305e-82,8.018431677789268305e-69,7.274846179220819299e-67,2.270114201818737740e-68,4.954103048712636493e-83,6.703160902555744284e-69,1.538732063620974192e-69,7.432093060966737989e-68,1.553185413991837575e-69,6.714607728309821550e-83,5.871724826025937281e-80,3.442004127269317295e-81,3.256965139368805100e-83,2.541901949571595194e-70,4.273960662403942504e-58,5.105645616172616981e-84,4.909212890305835491e-79,2.076848016390613095e-64,1.338937126481890547e-67,9.069199695900852020e-78,7.029062493800617329e-65,2.555273461738329222e-82,2.122101998098356552e-82,9.559808157875526563e-80,8.304464417226006750e-84,3.797269507482779372e-81,1.000496798971021832e-82,1.954104156412436487e-68,3.984054109070882230e-83,6.589427303298202603e-70,6.751994232508123625e-66,1.249800969400630079e-65,5.757228308866753212e-83,1.147437502873417785e-80,6.149576601508852335e-79,1.419352269695336697e-80,4.565647070794617798e-78,1.326034177143149280e-68,3.559309293961399436e-80,5.474650355329459315e-79,2.375597172168693921e-68,8.902733941125538652e-74,1.888756343728728129e-80,1.630108098358636153e-69,8.390811665981524287e-69,1.497205034496910600e-80,5.288442854914614243e-80,7.667189054462123203e-69,1.858668241386178842e-65,1.908015496081881315e-66,4.530459931648060107e-80,2.260545277555985756e-81,2.922969635639841228e-81,8.265518714581255425e-84,7.842534433451655841e-68,3.999999994963783778e-01,3.704715063046919532e-68,1.659613089074011900e-80,5.407961773003780391e-70,2.908730361949945635e-83,1.201223178979742479e-81,5.582048758987505988e-82,6.503792935160230518e-69,1.130970318982887239e-81,1.125011977635220116e-82,5.549428639921208412e-83,2.235093121422766306e-82,9.568490176810200759e-68,7.620373719628279362e-69,6.512224141987362416e-83,2.123761284718212227e-82,3.269405532194050417e-83,5.874226497951200791e-68,5.750365126873128037e-80,3.691238257042163322e-68,2.689086032711716961e-58,1.800793705773362489e-68,1.779533159717957088e-82,8.844993092802359994e-72,3.136277517418488922e-83,2.108014903958384062e-70,7.839733118188118043e-68,2.763181259840026897e-66,9.923970423875383174e-68,3.872098288274220047e-68,7.766493016746792715e-58,1.339305066727124445e-69,7.137170986241284922e-68,4.234749671050986648e-64,5.089747998840483930e-66,9.179369624770648349e-67,2.547552437947794367e-82,1.514666439208241953e-69,5.156521316250096228e-68,1.201730963177750821e-68,6.030958399038118413e-69,3.829983517792249410e-81,1.662876713429245227e-82,2.689651102787547786e-82,2.615458876698415143e-80,1.417121124870444658e-78,8.431612948341374400e-68,2.464422028372040730e-63,6.656163212049118017e-79,1.738859775948387811e-68,6.817098079504370398e-83,4.704683518810729547e-75,3.591706287835335583e-84,4.000000022914865228e-01,1.317852519826858676e-68,5.142543795318046942e-80,1.157556216649017547e-67,1.662408398029047831e-82,2.705454692350318762e-67,8.841912027539479736e-79,2.020167518251478061e-68,6.610181167182069303e-82,1.524978552829948852e-66,4.756515384620725601e-83,3.344076237244418180e-84,4.072506599101708563e-70,3.445481983418940920e-83,9.696566082718822445e-69,3.630949218068208406e-62,2.167107555083536250e-83,3.782994000701083074e-68,3.624236285798673522e-81,1.057964240764853890e-83,3.803281830961917712e-70,6.425242328850510436e-83,7.059614531971854563e-74,5.003904714544016098e-83,1.682729683952673965e-82,1.455848971623437430e-82,1.104929259330755858e-68,1.024785847700062823e-69,7.897369046999958561e-68,1.387185533026176845e-80,3.091681530039755102e-83,1.548042464774865586e-82,3.930958897698943367e-67,3.178729569910625366e-81,2.892508443942319702e-79,9.429782881249762593e-69,6.845139648786051448e-82,7.366602248105795539e-68,7.324842452987146982e-68,1.445767085964944595e-66,9.908260872363923624e-81,8.899140724829076036e-68,1.038568655410231659e-67,1.245509048976634357e-68,2.976295684145809792e-83,3.851199022892334235e-58,1.130485315093711348e-69,1.296174822559108710e-82,1.152604394979669640e-64,7.898733650333124116e-83,7.893525315840274904e-83,1.621917159139595761e-64,1.322102465678566879e-57,4.139656014450281688e-75,3.247464717306587870e-64,2.243411011485202756e-81,5.415873878229617063e-67,2.859945725900966987e-83,2.937109046553034270e-66,1.264724617380712187e-68,4.163498795259656495e-82,2.438916529586122800e-79,4.981520705383995365e-70,4.048209017145276829e-68,1.146672298423101206e-67,1.395591510047107721e-68,7.198478875181739025e-80,1.747989053258679867e-79,9.301871863702768915e-69,7.985713031123911113e-70,1.254082161758648876e-66,6.034677092946925073e-69,1.572714553391935469e-82,2.391324711269456710e-79,3.078622674929279399e-82,9.153554381155864349e-68,4.314069831165291640e-78,0.000000000000000000e+00,1.319281386458932106e-68,1.480291579781316618e-68,1.363461181823322249e-68,3.783643973205255768e-58,1.016529003635820536e-68,3.749073989126767523e-70,1.376977449647524268e-68,8.449312942798360441e-81,1.645733441403306580e-68,9.881303426029092189e-80,1.414656972420118765e-82,1.091756138434030928e-81,1.485277380554447168e-64,1.926476116785130367e-82,9.306066405435698034e-70,9.352022464913645123e-84,2.309722095753425948e-64,1.987483557722613987e-82,1.862022988153343880e-68,6.230580439168443287e-66,1.026770620653092015e-67,4.685062817385235049e-83,2.265419259339747813e-67,2.143587319666013949e-82,2.983909462377349320e-68,4.365078126371347691e-79,3.192853026287721424e-68,6.709712238186974628e-68,1.555270572839331934e-81,1.065186494398881002e-67,5.525692193351838672e-83,4.539782745564745954e-83,4.245625616133601412e-79,1.265924041718067316e-82,6.408174967879604692e-81,1.393071755194636229e-68
1.936704735185238040e-64,2.664602252643239785e-65,1.030375013102803958e-60,3.797646640637406581e-66,1.120652129820126443e-51,2.855986232607237642e-64,9.960738657851122330e-68,5.172554704414492901e-68,5.756111245991075476e-67,4.376432154369533826e-68,9.049616773910526310e-67,7.572811994239594977e-61,1.681986723721139308e-59,3.611096359054723451e-67,3.221323321667133413e-44,2.025632199148179324e-64,5.980995850080261482e-67,4.718816229977427651e-65,4.655550365976631776e-50,2.786675596750540393e-68,1.571161902783287006e-67,4.668161892721995707e-66,1.088747605252881156e-68,2.113445675223927377e-50,1.950541396925252432e-54,1.869087841749342666e-64,3.749969914856027597e-55,9.185026599041746163e-68,8.028002886989769206e-62,4.371949614949043935e-50,1.264938510641338203e-51,2.434583446054522525e-51,7.995408222540300355e-64,1.806849787653622588e-49,1.094689274541570539e-65,1.179346883496703116e-43,8.677615956399010695e-52,1.010786303610663451e-50,1.540610968084749289e-64,3.356954555347672479e-55,6.170478485105915302e-53,8.176559012682627991e-50,3.094608754687051875e-48,3.753084829078301560e-65,6.517541222811919446e-68,4.746179527272071573e-67,6.650089944574111234e-62,1.622624095177989776e-51,5.830167302512687396e-54,4.949458154185108250e-65,7.162504835218487885e-69,1.272333559439158960e-54,1.819964161313048260e-49,2.481090071494037597e-67,7.392292110104622954e-53,9.915220035566150183e-66,6.281523213447639377e-66,4.209015873133916306e-69,9.707699667578274107e-65,3.917095812238074712e-67,2.512386894656539455e-65,1.896839411079915934e-46,5.224511456419881139e-61,5.857293429306643640e-49,1.947342343067243455e-51,2.200143351968791595e-52,1.919133793026004736e-64,1.168460324973710021e-67,3.112634128142688759e-68,1.383649485561628032e-67,1.078563721544267984e-68,6.547365405872543610e-47,6.403106364325332672e-68,3.088365836326223547e-68,7.513985559007334469e-51,1.233544393764806303e-68,1.297250169830266267e-63,1.962251911534936168e-48,2.003108523336555165e-52,9.525888556215712557e-68,3.787695716542885871e-68,1.484527362642494609e-47,3.792408231138126250e-52,2.581023978730154553e-55,5.236921421148095572e-68,3.531505718929145136e-66,7.079438070731102674e-67,1.152838321339210755e-64,8.367008723729713435e-50,2.083615990236065044e-68,1.732909681712514577e-45,1.188359394525990370e-67,1.153700101279785178e-53,2.952676965579211428e-62,1.973082368804791808e-65,2.142732487677855573e-66,2.010201401093150719e-50,8.055870708695878180e-67,3.164805849031466250e-65,3.223387200789700436e-62,1.198743634951318839e-65,3.995648612500338086e-51,7.948180568364503370e-44,4.817166012044336499e-65,1.128693991541751473e-65,3.307349695173805901e-62,9.461833427613604832e-52,4.620076271963803122e-68,6.945707342400653853e-47,9.080155535486002320e-54,1.383024740966678476e-46,5.739554723878265639e-66,9.979284245341758136e-68,5.157325164817073240e-62,3.940160691474670231e-51,5.435414678248689217e-51,2.195718549563110375e-55,8.137123240556116246e-52,2.317356285190755668e-50,2.111634770332823822e-54,1.779680659916300022e-51,1.022153624093402818e-50,3.559662832756993279e-54,5.146241709598002567e-52,7.608147673303927986e-51,6.448422824812393452e-65,2.369783940755732334e-48,8.917598105967700313e-52,1.741436613323746169e-47,3.542301903806473593e-50,2.539368034937117968e-67,3.588986561423215367e-65,1.191837919622693711e-65,5.248826532356807649e-68,3.298852424712141377e-68,5.588277065736346069e-51,2.709091399035465283e-54,1.072905739841915369e-68,1.235856872359386154e-50,6.160884936288784914e-65,2.928210502682292530e-64,3.335800714847964086e-65,1.766222621309841723e-68,1.348736306717542819e-50,1.598022149332377512e-66,1.311439204424169093e-48,1.409913447551512648e-65,1.133400467925872800e-52,5.924336954299076162e-68,3.857194126752677388e-50,1.535019314592703164e-59,5.822838463065249656e-54,6.326800276783619416e-65,2.437041576402061721e-65,2.587873776562679475e-52,5.482400485562774284e-62,1.911908022464023270e-44,6.006832284425690182e-54,1.123341343493082945e-62,1.093649429722721427e-45,2.645658805973156714e-67,7.817027781277979469e-63,3.741069174177099870e-52,5.423956061491567487e-65,2.024092047992706923e-68,4.602214728727067671e-65,1.259377562728509104e-65,3.698932889451089985e-65,2.741115604226198780e-52,6.764208367268279398e-52,9.904224819932366137e-52,1.003504721843396611e-67,4.446269884941455258e-62,7.991175279863975538e-66,2.398388001601484152e-51,3.459616731657805580e-67,2.087797786337657208e-67,1.918995714122317670e-48,2.074780816923395017e-66,7.286759730937393995e-51,2.023222254799376886e-48,6.505176094028713722e-54,1.120442808469581221e-67,1.600689217112660024e-48,3.891049731459092256e-49,1.065853726069821114e-47,2.374820816157495173e-61,2.348335453750392442e-54,1.321607691583119769e-48,1.799355229313373610e-64,6.278994180623452107e-53,7.043445096491899832e-65,4.633077655748957609e-65,1.337410995099516411e-54,2.098513257687803384e-54,2.888189977106034278e-64,1.409898318971209181e-54,3.177414823320458988e-67,8.570969679386560149e-52,3.620310271109805180e-62,1.202869424969058026e-53,7.025089767687424715e-48,1.254644817320992081e-66,4.650205673787465020e-67,1.021136693961662425e-53,2.765424134336476459e-49,1.156734242048863538e-51,7.520962027996102082e-48,2.612029913939621387e-67,2.228555420928973261e-67,2.450916190453475132e-37,4.144429617300498710e-49,5.892096313795719862e-51,3.631227780501312718e-50,1.022408086532796386e-64,1.169745473910465748e-67,4.055477238546341182e-66,1.017508741178806973e-52,8.449681297583914414e-69,1.319281386458932106e-68,0.000000000000000000e+00,8.306903224109782884e-55,6.827442075233546955e-48,2.027489062234852896e-54,2.906489130609252472e-48,2.611835612672735768e-51,3.379258720370554818e-50,1.106448635087552767e-67,5.208261139464677347e-50,4.421971266048557046e-69,4.705853244371899311e-66,5.424441297268746333e-67,1.411843441901259595e-54,7.550435402222588680e-66,3.773252304589304848e-53,5.995564032333614816e-63,2.387153280120253939e-54,1.109140337291232047e-65,1.435261702355034237e-47,3.702989253256326553e-53,9.090555155543992673e-49,2.438098994723623420e-64,1.251479908056989085e-51,1.143463245142528622e-65,1.058214406323458162e-50,5.616677328369278610e-69,1.069663342340907386e-46,5.071283083290086353e-51,3.179942131202994159e-65,6.182326347701286260e-52,2.144067231267102394e-64,8.870580517356703019e-65,2.121902984557178393e-66,2.600248388997892049e-65,2.056029102636227919e-64,2.162715185945208614e-50
4.344072787699759741e-69,1.042059011204686438e-68,1.659146743138698670e-69,6.448341452734152226e-68,3.602470423521126196e-52,1.140089939457833970e-64,1.702253210076916109e-66,1.554810762976935404e-66,1.708361737912325581e-64,1.669968515421840542e-67,3.343044288481980819e-67,6.250155838519167542e-69,6.742866060273408192e-69,8.785182518069450466e-65,5.594861361712807029e-55,3.977913882689876544e-70,2.295745208926284547e-66,6.512951479298962768e-66,2.174227650805728460e-54,1.019554207999506699e-67,8.078060626024456684e-66,3.901533610322365137e-68,9.063731617063960420e-69,1.937395620847735177e-55,1.122512439160140502e-37,8.394470173669112089e-65,1.204790922020685192e-37,1.033604538568496067e-66,1.277968895033159500e-69,2.151630816268652623e-54,3.655987394951153477e-52,1.421970169921687745e-56,3.002808566404753864e-68,9.364575684287245404e-54,3.023443890373484819e-68,5.804750151420036661e-55,5.566993760407369919e-52,1.578442966073609184e-54,4.579799276676098216e-69,1.543409967056228332e-31,2.839027092748912579e-55,9.162031978012021437e-54,1.209903740846177487e-55,3.388737018861046621e-69,1.246012124316507952e-66,8.608020262282138776e-64,1.345862705929432601e-69,2.471789285854630117e-56,6.270691462524415760e-54,2.480325829572976250e-70,3.738768124908729091e-69,3.223047848563894337e-54,1.035002760406723458e-53,1.193230234785329526e-67,4.925552993006428476e-52,2.270003862468406550e-68,4.132650990913877531e-68,2.026845675625108537e-69,5.463788547608960780e-70,2.213378639458859877e-63,1.077309784366108779e-68,1.322397246773242197e-54,1.852307626459751496e-69,3.014061265772077454e-56,2.017955045824979947e-46,1.482262268668282107e-49,4.562833569459495838e-69,5.687149073329674402e-65,1.176838754625324675e-67,3.996837383396984834e-66,6.586949414226482620e-69,7.920238180670977459e-55,1.406523009261277583e-66,1.180403316804688638e-67,2.167456772218926918e-54,1.102872173323411867e-68,3.392720362374335861e-66,1.218188696110037449e-55,1.604001535266002729e-54,1.993503419124903384e-65,1.178179948627769187e-66,4.221516826464314206e-55,7.874372688245313631e-49,1.654819532394808704e-54,1.071550360008763382e-66,2.306840330460454518e-66,2.877632271638356904e-65,3.871951786001630776e-70,9.730520894581663976e-54,2.353168660226555079e-68,1.875462140670246757e-54,5.004372481738346984e-66,9.266674749932227517e-56,2.295899627630776007e-69,3.492636009986433179e-67,1.789699699205474748e-67,6.965219013221928408e-55,8.395472228733456990e-67,1.068686894196890604e-68,3.646011001129972963e-69,5.275343498389112422e-68,1.272750638359766552e-53,4.877723773260718762e-55,4.190264307496214610e-69,4.020120652933244941e-68,2.278354815740775801e-69,1.222042291332274589e-53,1.248939811522230114e-66,1.757526930247800917e-54,1.249115507921340828e-53,1.245038412220272680e-54,4.030016572493267527e-68,1.115229638254929018e-67,2.394902405926110287e-69,1.648434848511166978e-56,8.356269072625913667e-54,8.535396206786672141e-55,2.126733907844438476e-53,2.902216469221093098e-54,2.726766728600549610e-54,1.121731706983413352e-55,9.166808356608856061e-54,2.421051712869051619e-54,7.573165500202325025e-45,1.289046981825020211e-52,3.587761247925633838e-68,8.009027701113183808e-56,1.192075933677854340e-53,8.688589254429313095e-55,3.118560514502215595e-55,2.343754445275196160e-64,2.119125262920643413e-68,3.788663396008897090e-68,2.709530334538442827e-66,1.239140919671406666e-67,9.285468871027764740e-54,2.075696775821507030e-54,7.317615665499035239e-69,1.278843440294974249e-54,5.989349060398408748e-69,1.171265663770740382e-64,1.338880577988985626e-70,1.833841625753995465e-68,1.144981166041165221e-54,1.415595116665289922e-63,1.124928561948319654e-53,2.449289818447695453e-68,8.073365360749163751e-52,2.561799577709787017e-67,2.261019941952179868e-54,4.760991939988758163e-68,4.111341998212829339e-52,6.249005321114605996e-69,1.247449329969483766e-70,4.631676074474728801e-56,2.395941970552677304e-69,8.014649277551754075e-55,4.478786442467170558e-54,9.954151114466361269e-70,1.867952184434276607e-54,1.331541825780549584e-64,5.294061735173008764e-70,3.263440759737404896e-56,4.395085556080441124e-69,2.047644881247947745e-68,7.137603161950750725e-69,1.625006497691747459e-68,1.510782960607314839e-68,1.886769362961726045e-54,1.079600876840667493e-55,1.692901913998053305e-53,1.864194264409065281e-65,2.461535788119919003e-69,2.513665065339996766e-68,1.411748542696807386e-52,1.030272936531802714e-64,5.971462826294648711e-66,5.943674751866632999e-55,1.828042563582825380e-67,8.914066842154635968e-54,6.564246833279160932e-54,5.009943259081539309e-52,2.422576431016473266e-66,6.237132309279979015e-54,1.125792060587215206e-53,6.526762407178126391e-55,1.373936907234844165e-69,3.689294772688680488e-54,5.347445766828342994e-56,1.266429886763962841e-68,4.987379071206937942e-52,8.027803410566663562e-69,1.077209033166379135e-68,4.316518868157078530e-54,2.659266370643381554e-54,1.093207669396617727e-64,3.695463157890911085e-54,7.880104009759830262e-64,3.325515449731462743e-52,1.951111461723441198e-69,8.436465374083215451e-52,7.942861806869813220e-55,2.734816816431828930e-67,1.054513280593268476e-65,8.903571125893688645e-56,3.926269023048545675e-54,3.371636725681355271e-53,1.014311113248588862e-54,9.498635037315200965e-66,5.720037142884275006e-66,6.238397813398146666e-55,3.193455320495021872e-56,2.222575286907738812e-52,6.772559605705933840e-55,2.115113735320739434e-68,2.867564751123553031e-66,3.193495853142406085e-68,8.905329539005193129e-53,5.383237980681382472e-69,1.480291579781316618e-68,8.306903224109782884e-55,0.000000000000000000e+00,9.229748525702767844e-55,2.957079367623332840e-54,6.106151218228660032e-55,2.842848055252403907e-56,1.613524007099024492e-54,4.729016842318668139e-65,1.873080000583846838e-54,1.853654271161736060e-69,3.510824318954782382e-68,1.524998924791413540e-66,4.632919123303393264e-54,3.849513929603120035e-68,1.582121358744742746e-55,5.174421745935707471e-70,1.525782164756025630e-54,2.705315362490369088e-68,1.064283941341477497e-54,4.098809555821718873e-51,6.655695972666981549e-54,3.472715753515799902e-69,6.386077632244434832e-53,2.189145912346624083e-68,2.880922618599697072e-54,3.457958572683636828e-69,1.889766026938249842e-54,9.352016603509353361e-54,1.596456960984258461e-67,2.378126030440174928e-53,4.310152244862769099e-69,5.972164924039351303e-69,3.405036046118546419e-64,1.134225201784243735e-68,7.742857624125276137e-67,1.372690776664954586e-54
4.896356973812921374e-65,8.356853817733284019e-66,3.477040150728967849e-63,1.660233283426003140e-66,8.558130465367809883e-52,2.936027772333438824e-64,7.539155307221623991e-68,6.045712009894508284e-68,5.144217827174479020e-67,4.917463185063089178e-68,1.069722948066584770e-66,7.203791760615250639e-63,2.696244261202243013e-62,3.299363013153628824e-67,7.280245589911002068e-48,8.991751090664387085e-64,4.234345122761130912e-67,3.886862416153062232e-65,1.127403239427545898e-50,3.301537549071850272e-68,1.180607291967725920e-67,4.413048912215799703e-66,1.272126558754665874e-68,2.127607462298825316e-49,2.249836772915885501e-54,2.281292979731439595e-64,3.826427523303641847e-55,6.096277082710175110e-68,1.055905097788807312e-61,1.092713671685426507e-50,1.103280225482911861e-51,4.446418612185763951e-52,2.259253631044146521e-64,4.756062009939611539e-50,6.999488715165938490e-66,2.820834172999956159e-47,6.733394841328134842e-52,2.980127640493971389e-51,4.191036397668464873e-65,4.171243329225935606e-55,3.974807958190501944e-53,4.412538345090597999e-50,9.223175939369347131e-50,8.443116670132482388e-66,6.369087255041076476e-68,4.353192202917043657e-67,3.607831964970822353e-62,4.456562836527896322e-52,6.308472796436998158e-54,4.220294326272227248e-64,7.339499937234324900e-69,1.208767990474881587e-54,5.053667675598901901e-50,2.854699738068513839e-67,5.449331528187617086e-53,3.735534527122144826e-66,4.542351171893709135e-66,5.148636118532028850e-69,1.311932951577577664e-63,3.170938014754937121e-67,1.255134756098286749e-65,1.178009241443474358e-48,2.041047109563533872e-63,2.017559452141662901e-48,2.198362113529302079e-51,1.931870405721715942e-52,4.635288987871681537e-65,1.462405489470699780e-67,3.019261014754858707e-68,1.155277915652446176e-67,1.055759911037350309e-68,2.411278312346889937e-46,6.297284327390496280e-68,2.905413422171706102e-68,2.497811264853394312e-51,1.189555210512923788e-68,1.018216588322734347e-63,6.365335189042677019e-50,1.142519206122761732e-52,1.066570860809325540e-67,5.660698786616706746e-68,7.896798087500167975e-47,3.844692060908597211e-52,2.536147744270852827e-55,4.807537094792569478e-68,4.439350575746776776e-66,4.692697547698220095e-67,9.004333378869554218e-64,4.433081838564147062e-50,2.630991068605808730e-68,3.118260269672531305e-47,1.052800745080836197e-67,7.028527426437681594e-54,1.194793937075709505e-63,1.746301190256958783e-65,1.371359459888861793e-66,1.483991190572308882e-50,5.491754980077130164e-67,9.998183897647073197e-66,6.077091137192780223e-64,9.057504537461593365e-66,1.805319369026095672e-51,2.411394290956020235e-47,1.218811064282581576e-65,9.237585814501912220e-66,5.419691962642699634e-64,7.246964492946389505e-52,5.342326939062464950e-68,7.313649025909938117e-49,1.224398175375937054e-53,1.123462429314783465e-48,4.128477304321037698e-66,1.017588491007319993e-67,8.372549158187900797e-64,5.991588464932263671e-52,2.529944246809378516e-51,1.689176538519990213e-55,4.959804464455467317e-52,5.799807545623407897e-51,2.336510365217779842e-54,6.355581018999803520e-52,4.980013439393636164e-51,4.399149353222590865e-54,7.303148179351394088e-52,3.554887649154848547e-51,3.939157821237442239e-65,5.017928107459704332e-48,5.919461809293990674e-52,3.039730637215885816e-49,3.137217944428446980e-49,1.964724041731679815e-67,1.423738415799080920e-65,6.695000209860883982e-66,7.671659233019037960e-68,3.406602371428521342e-68,2.359227581713665800e-51,3.105411721718583418e-54,1.501766176083934388e-68,3.889764899631796390e-51,1.898902301719415207e-65,2.989573994911918852e-64,1.656549597620574146e-64,1.869758232841039600e-68,4.485463918451032099e-51,1.407573432228480807e-66,5.974415621496803824e-49,6.523505203986176715e-66,1.596072710382475177e-52,5.596696450782935639e-68,1.492692514675571361e-50,1.277902298912985051e-61,5.803500290175785436e-54,4.623156805800690021e-65,1.336986717076547962e-64,8.712076087770233817e-53,8.927085716172139686e-64,1.825582690647329158e-47,6.176435752844029188e-54,8.842738048900085472e-62,1.769652063625301686e-47,1.902118907006176278e-67,4.195421919042184583e-62,1.337842960122865907e-52,1.269609627192696131e-65,1.584050068533939056e-68,4.176998796645861685e-65,4.111666271029423923e-66,1.471149816772029609e-65,1.290252251655632018e-52,3.021383349732784894e-52,6.246817284652878454e-52,9.542734700115879635e-68,1.384815529165125303e-63,4.171886076260395378e-66,2.120597983587214993e-51,2.743800964726231338e-67,2.774691693765733117e-67,1.114065609771033239e-44,1.221585898498144606e-66,3.514993675661424856e-51,3.429055835615728439e-49,6.421749305488742392e-54,7.682243215806075499e-68,1.966483740717715111e-49,1.896222695857286868e-49,1.105390890887037955e-46,5.161631684716043135e-62,2.519735005528016365e-54,2.486899062516778855e-48,5.871032349054774763e-65,4.961454244230046924e-53,2.607217385398296234e-65,2.017538977558027042e-65,1.539944788560650968e-54,2.294603308761809097e-54,2.929274106554534294e-64,1.635580478979125221e-54,2.597276850036738546e-67,6.354327300075556394e-52,6.344019175844090420e-64,1.053124865236300126e-53,1.542365139945133680e-38,1.505277754513702620e-66,3.945974633233212740e-67,6.827622541214112719e-54,1.216441373693147910e-49,8.889222009148340628e-52,1.712788931449216793e-49,2.238389059614539376e-67,2.148111482378153894e-67,1.268359748447691467e-47,8.109569508893786232e-49,2.689778211920136970e-51,3.396616751589160284e-50,4.314748280295422211e-65,1.291986108999225533e-67,1.549591695698528098e-66,1.086273680843389814e-52,8.373352077390690526e-69,1.363461181823322249e-68,6.827442075233546955e-48,9.229748525702767844e-55,0.000000000000000000e+00,2.253718477717533577e-54,1.172149727013126723e-44,5.244713134196435593e-52,1.943172641540804724e-50,1.211125930942489272e-67,2.422092755805321254e-50,4.605400787193815403e-69,4.453793569051711989e-66,4.139825381851633718e-67,1.694373076234326158e-54,5.603142313315109867e-66,2.459534766825009839e-53,4.206244348827389185e-62,3.122695553831303028e-54,5.109020470745526372e-66,4.121286825914534474e-46,3.617576645404136344e-53,1.376842876608059356e-49,4.969003079085748187e-65,8.441680309858866199e-52,4.399662110950093550e-66,3.923587101675620375e-51,6.493349075419949817e-69,1.437898853371792394e-48,2.813937102100994935e-51,1.205735960054864319e-65,3.675031795592823751e-52,4.126746293205435541e-65,7.176511871795056330e-65,2.435605289762223328e-66,8.714010067653860765e-66,8.927425206474058615e-65,5.478406608834719397e-51
8.048018265477301067e-69,1.717141728579539118e-68,5.206769782951005680e-69,8.316729361247287017e-68,1.218766692915542229e-52,2.806813130438742034e-61,1.389701043407252350e-66,1.426240625552464694e-65,6.217315651416336940e-67,5.190888349315785169e-64,6.884268578157813859e-68,1.507809645681602405e-68,1.679361725453062970e-68,5.161532378085018463e-66,1.251186025189607952e-54,1.350649648225153703e-69,2.160217222207304122e-67,2.580170936890639851e-66,3.545685137571637688e-54,5.208467957567870961e-64,2.186480284573917493e-66,2.346747900553553918e-68,4.543236088074183276e-64,7.286301936673240866e-55,1.538826576520812669e-53,2.283329721720685405e-61,1.564777680253814913e-54,1.984394911295837049e-66,3.485464551852696432e-69,4.600320391414677077e-54,9.990505399676591738e-53,2.611784415864875070e-56,4.809474239685467228e-68,1.760138543085015632e-53,3.359937748960493662e-68,1.255652663605929698e-54,1.267483709278107880e-52,3.449775411235740666e-54,7.745195423416368904e-69,1.468355746205049408e-54,2.525576789300208433e-55,1.280304607472025333e-53,2.622086297011904272e-55,8.457476024395770164e-69,1.238469900280807370e-65,6.526874223423242557e-67,4.651676289781511276e-69,3.708868165504851381e-56,8.743879620833256100e-45,7.774154367235090753e-70,2.923726576078457569e-65,6.363297689867143792e-50,1.912047179878286640e-53,5.845058931964584270e-64,1.431512032222367739e-50,3.827912150456025806e-68,3.342397919523007847e-68,6.522965152932844661e-66,1.469485645700115205e-69,7.564851950013130389e-67,1.583999174008019344e-68,2.952086117059815171e-54,5.528146615419972762e-69,9.843754052404494078e-56,1.271405185132717302e-51,2.513193460649631524e-51,8.431674786569966800e-69,2.427145746848823466e-66,1.535529801786591775e-64,2.652846137581055818e-66,2.477896194721902193e-64,2.007808611755719140e-54,7.801266870950274104e-66,1.555464105618355905e-64,3.853102356361274018e-54,1.247692033342549832e-59,3.018508127337804399e-66,2.599585866770088561e-55,1.458324485502246749e-54,3.097077511305877977e-66,1.425495814859519966e-65,1.173674850300562779e-54,3.505318360380734486e-51,5.240317887945608954e-52,9.889802526265486078e-66,3.723419374370563115e-67,4.767206033751018674e-67,1.323310147709702158e-69,1.298032551798353568e-53,1.128877544856822231e-57,5.621568421854386066e-54,3.309577547473544620e-66,8.455134228010790193e-56,5.263649938715450018e-69,2.066887009065633072e-67,8.249950938908869623e-68,1.143288324552560085e-54,1.732325388117162829e-67,1.640615055050353217e-68,8.947661789912724158e-69,3.808214547217488089e-68,1.561340562592213917e-53,1.158096443220119450e-54,9.494029312752162803e-69,3.447782905353073810e-68,5.225596589050018585e-69,9.518332481066646117e-54,1.462956393021288538e-65,4.955051910979922210e-54,3.937399483898157571e-45,2.743762461191503887e-54,3.227482423376445249e-68,2.904281557922978639e-57,4.289430922860590977e-69,3.204223063197788453e-56,1.268119538184623544e-53,7.274592792768123648e-52,1.660224096437813733e-53,5.649024728528678039e-54,3.715060042159601822e-42,2.121343680028213762e-55,1.185268896328765736e-53,2.721771552749549603e-50,1.116800004769803259e-51,1.280934139390127464e-52,4.213092448562177808e-68,2.387766947423971283e-55,8.560946520945168577e-54,1.941637746034662154e-54,9.642600822538843703e-55,7.557636559954105015e-67,2.614471678169285133e-68,4.568480028605301025e-68,7.154956756825225170e-66,5.106556174239660153e-64,1.221599855342274005e-53,1.284563171112563871e-49,3.779903888614046526e-65,2.870455100673215344e-54,8.895700922746752716e-69,3.298747443973935447e-61,5.020855851173419172e-70,3.523264403392072507e-58,1.805050989377333464e-54,9.838314350592731078e-66,1.947125009114992456e-53,2.745754318603657256e-68,5.072389202998599216e-53,2.598196195366991281e-64,3.229193899903699567e-54,1.062326480893834146e-67,2.791409590444966611e-52,8.682727727725985503e-69,4.900691762965667621e-70,6.841164206564858964e-56,5.236816843169091215e-69,1.614876900385319783e-54,1.893396494653256743e-48,3.282563790197695679e-69,5.557759861073666342e-54,6.847171512212246829e-67,1.766580489325448532e-69,6.389016997249777408e-56,1.051902056117992919e-68,1.208755699810913460e-59,8.840811439390996254e-69,2.491055065379200839e-68,2.382909776010675519e-68,1.690866706469578506e-54,1.628661264964711169e-55,1.268341126076950182e-53,2.948911241228427547e-66,5.051590597043139942e-69,2.603890614080961662e-68,6.470991622929952221e-53,5.593443270008857797e-67,7.751970374059316749e-65,1.481690896843926816e-54,1.142926206222883611e-67,1.210107377871328586e-53,1.208190221770576870e-53,3.006030893623522691e-52,1.797969359270961713e-66,1.298048808060850983e-53,1.733835270652024021e-53,1.945206934837420036e-54,4.326440843456517616e-69,4.331953008165962179e-36,1.627399793567260456e-55,1.871727857254677350e-68,2.395402356604601256e-50,1.138323867951958131e-68,1.368653012540377276e-68,4.580197806434059440e-50,2.974509391744776371e-42,2.906127332494012419e-61,9.313808510841918581e-50,4.643795439599126689e-67,8.988016369528977491e-53,4.456352656751672871e-69,6.789320947600145269e-52,1.971771545142572358e-54,7.202109437854380863e-68,5.267012726757091199e-65,7.764258880085960036e-56,6.923217144012051357e-54,1.913461142229152638e-53,2.042725463399445428e-54,1.494495092395891082e-65,3.615436069769371243e-65,1.330669823085709882e-54,1.114923647529685016e-55,1.806784994568161409e-52,1.047411883010483372e-54,2.385943886084253571e-68,5.167606384311445782e-65,4.581101375238439059e-68,1.507222534392954528e-53,2.424575329604619239e-64,3.783643973205255768e-58,2.027489062234852896e-54,2.957079367623332840e-54,2.253718477717533577e-54,0.000000000000000000e+00,1.652679171751758797e-54,5.771469003280732944e-56,2.160316809582355776e-54,1.831170294319518671e-66,2.684243499277477256e-54,7.114703582335290464e-66,2.519996838016308265e-68,1.825126436764667679e-67,5.275207991217764754e-50,3.036979401222241768e-68,1.324431140526432997e-55,1.514419789091403451e-69,1.409063151841960482e-50,3.089674102367605491e-68,3.132984357323790876e-54,1.258708557696316470e-51,1.415764532301294028e-53,6.889274598477316044e-69,4.150542226661895873e-53,3.306137177745860321e-68,4.444075382000723406e-54,2.648652942445543351e-65,4.779686894503669525e-54,1.097742516765205459e-53,2.169089988995236380e-67,1.804663728718003600e-53,8.225229791814079515e-69,7.729212742618156872e-69,1.013022509308128884e-64,1.850049830790231015e-68,9.217416715915747010e-67,2.047440696813019551e-54
3.287735826266451142e-65,5.549962304265104984e-66,1.589618164239509997e-63,1.072304517408002986e-66,5.647663795157963807e-52,2.118284038564136335e-64,5.509516935625066601e-68,4.048695935611637739e-68,3.861377078406813825e-67,3.409205781115103554e-68,6.117956844307594341e-67,3.775362317415557668e-63,1.134001034678569136e-62,2.498480371811677245e-67,2.633564117318360482e-48,1.016512731035002722e-63,2.814601486189443868e-67,2.631681324994090810e-65,7.582430719745203574e-51,2.197679894139295334e-68,8.764595595538905854e-68,2.611854195295121888e-66,9.593752850782208892e-69,2.821577604619106944e-49,1.561645434726607333e-54,1.576747466606489745e-64,2.648098071242400026e-55,4.727134787143497769e-68,4.149522291047359523e-62,7.017605683585545697e-51,6.409302948026790469e-52,2.805461138751491430e-52,1.265688787065143207e-64,3.225826555658636020e-50,3.890006094194536078e-66,1.123670992541292906e-47,4.275572621025631520e-52,1.971995272543021127e-51,2.414398606638944761e-65,2.640568890448182353e-55,2.365604725544270614e-53,2.559292124469474388e-50,4.563726928963218201e-50,5.817063542539338515e-66,4.398001476358051866e-68,2.859372218015578172e-67,1.656306525251236611e-62,2.683721137877205534e-52,4.744322207746801865e-54,5.094830551691843751e-64,5.804854311603401960e-69,9.628371365224176013e-55,3.040973542394292644e-50,2.204102028800538274e-67,3.953532870928620024e-53,2.298965468627311712e-66,2.922344418045847145e-66,3.413779423068594513e-69,1.708459257274500735e-63,2.180566650805194484e-67,6.938539413506112250e-66,5.488634952451049207e-49,9.942700356155205402e-64,1.150162814779088457e-48,1.319405421778270057e-51,1.484426632702902938e-52,2.732904368064404882e-65,9.476592353841618015e-68,2.277858211550536725e-68,8.544471111983726599e-68,7.710654473482124987e-69,9.238120796893751648e-47,4.248029021894678878e-68,2.101393044207421478e-68,1.776090396021578232e-51,8.284771698063816107e-69,5.858367936885392251e-64,3.314339021227631238e-50,7.375310231306594995e-53,7.895428064880520647e-68,3.718327487825950214e-68,3.611448555931395153e-47,2.811702479518940872e-52,1.754001044314382036e-55,3.429019615353492873e-68,2.659711829042740103e-66,3.201668778667358432e-67,1.045362548673331428e-63,2.445459855916464571e-50,1.717919946193241214e-68,1.373197297290903541e-47,7.400916428337775437e-68,4.815305350177951898e-54,6.499616289431048236e-64,1.147612127413568800e-65,8.779007107502078065e-67,8.219035161920614278e-51,3.702771218284100970e-67,6.471258957111739744e-66,3.135838051198931921e-64,5.601729030949198134e-66,1.209145918779770949e-51,9.576851297851098870e-48,8.016380912062362418e-66,5.780898478413481087e-66,3.022203478605594670e-64,4.377522865831014622e-52,3.835110740276108779e-68,4.246197626454198976e-49,8.398348972795904231e-54,5.307426250654771885e-49,2.693974111589994229e-66,7.125661620953007067e-68,3.930438907029993013e-64,3.325683876951082682e-52,1.579693182262423626e-51,1.300745305661097693e-55,3.251072699761871494e-52,3.630422622244800967e-51,1.554186701917631482e-54,3.697008580574503382e-52,3.088645497909771925e-51,3.228632396414441648e-54,4.690945962795734074e-52,2.387140283963414180e-51,2.433916208075427601e-65,2.453566756930133821e-48,3.767831439847286203e-52,1.828597603899088762e-49,4.073410759172990763e-49,1.412185537868158683e-67,1.035005888418468624e-65,4.025000558475758243e-66,5.348784201341131020e-68,2.441616195303498711e-68,1.630605866851646538e-51,2.225260492454878700e-54,1.077920607972527097e-68,2.599174130286203245e-51,1.087694467812544094e-65,2.380382425935146050e-64,2.093295712715584236e-64,1.440344270452792130e-68,2.995354219341380437e-51,9.869529013773817420e-67,3.140744190477325195e-49,4.100648825606385415e-66,9.259393378592590036e-53,3.770687932081423434e-68,8.323722298075980396e-51,5.588123807662689447e-62,4.211979817153136692e-54,2.329101801505812735e-65,1.843959575261503746e-64,5.633815194707890489e-53,4.183523909406449368e-64,8.189474694358971165e-48,4.410614979579942319e-54,4.725591589985751814e-62,7.843100069108052229e-48,1.368349247165665592e-67,2.316504167766555660e-62,8.548258545171553476e-53,9.720389659169139294e-66,1.189892927703530744e-68,1.942095684077332368e-65,3.007563332186084554e-66,9.952888918588068530e-66,9.368874093999858310e-53,1.730458329177871816e-52,4.269580502687583869e-52,7.301436439422950690e-68,7.128345241740082650e-64,2.563544748254552687e-66,1.194347041247309445e-51,1.815136506442140961e-67,2.026227254166331668e-67,1.544844225101057193e-38,8.596191088747588146e-67,2.217797096312845443e-51,1.688017305533153762e-49,4.645587942938216814e-54,6.146929356126499063e-68,1.191951778214333904e-49,9.634551670100752441e-50,5.386558878339936643e-47,2.350813667143478553e-62,1.865941084101360938e-54,1.253489548090753986e-48,3.381570383372684906e-65,3.665495860977237906e-53,1.450454969125098515e-65,1.224081966258081238e-65,1.110817110020398339e-54,1.704101968693500677e-54,2.237632990329240418e-64,1.107102762111826045e-54,2.040174595134044698e-67,4.184796093522259607e-52,3.471731994013255650e-64,8.683561766201867095e-54,1.263312646977445703e-44,8.820453570057140880e-67,3.100471366955501895e-67,3.730780358741509181e-54,6.895506456623118212e-50,5.268744677118372483e-52,1.012354669813941566e-49,1.621923035586370804e-67,1.616624907904035415e-67,5.122479821085476660e-48,5.220243717572833605e-49,1.888254480072631285e-51,1.693175290000581381e-50,2.261435839649955659e-65,9.328614650948742161e-68,1.102149774490748512e-66,6.635004024720601995e-53,6.664372746784737896e-69,1.016529003635820536e-68,2.906489130609252472e-48,6.106151218228660032e-55,1.172149727013126723e-44,1.652679171751758797e-54,0.000000000000000000e+00,3.281744869037835646e-52,1.149463648065199410e-50,8.714571388075750326e-68,1.393195851353789759e-50,3.623593022080838835e-69,2.739629957011532905e-66,3.057213933234783532e-67,1.155146494492181532e-54,3.469277839714970858e-66,1.370970300964155040e-53,2.424977862802405090e-62,2.142438957279324120e-54,3.269195674613996807e-66,2.233848958181716988e-46,2.555532811881572835e-53,9.400370170106957080e-50,3.612336521516094239e-65,5.413714790935236798e-52,2.962248866600329475e-66,2.429069098218859230e-51,4.997768742930526272e-69,8.415464080987207555e-49,1.563777347588286344e-51,9.027083014002072811e-66,2.393394968440334247e-52,2.808648371429170272e-65,3.720522121203818588e-65,1.677786052806459785e-66,5.568965679716529254e-66,6.191157440754760759e-65,3.676173791820406124e-51
3.356293165585309124e-60,6.141555602873797718e-65,9.380598741150451301e-66,6.154959792157643179e-67,9.120281304782639120e-53,7.581534518598167845e-66,3.646631365038376437e-69,1.573659576624973200e-69,2.905535029537478318e-68,1.333399838341250843e-69,4.551925653033131521e-68,4.688272245798155010e-65,2.870797337312129740e-65,1.228773089647864188e-68,1.284409867224314593e-51,1.208145764444991905e-67,3.270913194788485347e-68,4.176896275679644881e-66,1.572806633655201264e-46,7.592078231032865705e-70,5.355120570496703876e-69,4.642244149571301573e-67,2.864582992606870905e-70,2.652319834222473986e-53,6.553883324043966673e-56,5.067286201260571864e-66,1.280187080026193845e-56,3.268922773081366714e-69,1.689241332113877442e-66,3.953214724233240786e-49,9.546011743164155746e-53,1.489062720894874239e-38,1.370087833918303416e-61,1.356162559518505905e-47,2.791875276141905757e-66,8.869645306027900031e-52,6.201709814306298298e-53,2.720397824161686730e-50,5.154999303794092339e-62,1.203065606212422347e-56,1.195749414513834034e-53,4.620748653610363293e-50,8.340848767999605340e-52,1.119874390642549322e-64,2.008945068725019351e-69,1.896105115347472581e-68,2.429731641336874812e-66,1.986646672405363046e-32,1.650160694344459354e-55,4.950568735821744717e-68,1.795676993438706963e-70,3.207073805538688325e-56,6.178878331586873233e-48,6.770211716041223560e-69,2.395585034104823246e-54,3.367243417281647211e-66,1.026436993903840945e-66,1.120229808655548256e-70,8.309877178866938661e-68,1.408794271541203522e-68,3.846956048635321535e-65,9.071010742887985432e-51,1.677290623744312796e-65,3.052568220111455210e-53,7.375417708212283964e-53,6.971590578734652464e-54,4.869987585334553162e-62,3.481406618490368208e-69,9.927689597280908820e-70,5.262103321931065495e-69,2.784486540091135196e-70,9.159434846372268776e-52,2.154105815319616595e-69,9.116548293006944656e-70,2.644097270737591468e-50,3.739444883130261619e-70,3.058415145338181096e-64,1.068475560341678367e-51,3.901585199679686407e-53,3.132604712977970540e-69,1.071066374467964113e-69,4.509805320658349055e-52,1.350740433967920375e-53,7.715990085239264506e-57,1.681836012510903592e-69,1.735413420437573580e-67,3.653042760303395465e-68,9.768087568141992294e-68,7.568247341581681563e-50,6.441905023689799869e-70,5.303459700783447990e-51,3.985665042065520722e-69,2.124470582693568972e-54,2.028560091684902663e-65,2.049519282440870742e-66,2.068500734803832650e-67,1.715437982994911493e-51,5.487420680673692503e-68,9.087334429620900832e-65,9.544333708920999820e-65,1.518118705213413998e-66,1.217853836760367014e-51,8.966609986734637026e-52,2.189767117458470196e-64,2.267887075681567000e-66,4.566217559194516163e-65,1.374899141028265910e-52,1.457754991780385095e-69,2.281725027259091581e-50,2.274209037510642700e-55,9.091062064654445196e-51,7.323889927240952068e-67,2.820800537599360146e-69,2.589955118922552026e-65,1.481639641384482426e-38,2.595832599286892510e-51,6.378618535168345101e-57,1.075878863783083530e-52,2.146145070374371492e-49,5.857800355472679438e-56,4.758666678084761192e-50,7.072383648689431793e-51,9.432714868133171350e-56,1.882752634397375106e-53,1.183983431765411103e-51,8.559558333783085916e-65,8.581583619319244850e-53,1.236470422671448468e-52,9.969343548557699680e-51,3.987992375875819538e-53,9.313023480347011117e-69,4.710761078181180046e-65,3.076243270391188347e-66,1.433335443312245370e-69,7.810627879231299919e-70,2.611259431196698681e-51,7.240903667074149239e-56,2.820786825251008941e-70,5.556666389271838663e-50,6.411915035260399728e-63,8.122323356872209714e-66,3.416183707380077421e-68,5.011752521888418266e-70,3.649498446609092586e-48,5.665673728645466328e-68,7.273794113702878904e-50,4.990560003024861898e-66,4.620476837537732125e-54,1.704557846916930114e-69,1.122204478719710979e-47,2.197175197777496422e-64,1.876225098060637185e-55,8.487388580838598464e-66,2.783770286620964598e-68,3.466929977330202943e-51,3.437803166528911809e-65,1.124034845989284895e-51,1.566982638933048927e-55,7.376167109133933222e-67,5.534147651139246563e-51,9.758630669506482922e-69,4.555914066966027225e-67,3.250060375031199151e-51,2.415870847776789518e-64,5.972864342595496135e-70,6.984633889992023461e-66,7.042158009823443601e-66,7.033362828395417049e-65,4.808514769648943101e-53,4.321702913414456851e-51,1.560209390550664007e-52,2.979947454792506262e-69,2.036637721466075419e-65,1.856426071866243349e-66,2.275435471623005821e-52,1.523985894431165720e-68,6.570500024195905606e-69,2.318977823664353826e-52,2.435007057478302977e-67,3.734433801638930433e-51,9.807137678907245725e-49,2.204061272620644275e-55,4.015243385302469156e-69,1.673488826502300156e-48,5.669163786462103535e-50,5.214139208676637221e-52,2.888510581869576843e-66,6.625169214525724057e-56,6.133992960628709969e-53,2.331832620841956691e-62,1.930926477510419861e-54,4.937135126126136955e-63,1.998931956979266867e-64,3.535513630671219879e-56,5.928255287046976117e-56,7.321189619022272119e-66,3.757020152805597659e-56,1.266224612935506199e-68,6.425747874638413381e-53,3.239152992950939041e-65,3.656985265240338185e-55,5.274518510852751741e-52,7.500900842235126819e-68,1.456203804788724474e-68,1.804784738857317394e-54,3.720872739714459247e-50,1.329601679185962170e-52,2.345361261624296286e-50,8.630639278929026992e-69,6.767301072153444158e-69,1.391581525209101203e-51,2.995906766220859517e-53,7.167950778574188986e-52,1.218789342356670687e-51,9.519390301739331083e-64,3.373564466040275909e-69,7.879607385866473691e-67,5.793292646933085162e-54,2.430813133614183690e-70,3.749073989126767523e-70,2.611835612672735768e-51,2.842848055252403907e-56,5.244713134196435593e-52,5.771469003280732944e-56,3.281744869037835646e-52,0.000000000000000000e+00,6.869616199825396874e-51,3.516444612571887121e-69,1.693985218003472248e-50,1.231009705171917015e-70,5.233316137873884280e-67,3.548344142522511743e-68,3.850678313643659847e-56,1.205365331172487786e-66,8.608885825075887629e-54,3.444842353968912360e-67,6.310965998306247383e-56,3.387704128000866399e-66,7.100227072935540954e-52,1.167492297229355590e-54,2.047057826814680561e-48,3.214665642189851815e-60,1.411295158570731819e-52,4.439122143613838364e-66,5.818586441265247171e-50,1.456390478723150422e-70,1.520429522088217757e-50,1.958968628894314918e-51,8.229063435513197746e-66,8.055810282426836686e-53,2.950673824998866459e-60,8.592062508191364234e-66,6.645588679544061306e-68,4.766910986067984092e-65,4.624378831245883356e-65,9.501151922620134436e-48
7.620813855714488943e-64,1.404201307978991381e-64,7.540053288215368156e-65,7.410570815411248182e-66,3.792538397362848047e-51,2.522557975815008015e-64,8.856108882219819254e-68,6.620446642655472722e-68,1.176585883986324979e-66,5.020329397642417856e-68,4.477488159266055419e-66,5.298971031604501324e-64,3.897984182713184605e-64,4.458030322409277925e-67,3.449957411498382736e-50,2.130045901566724768e-66,1.121909680045729313e-66,2.173847018005749642e-64,1.642746588199493472e-49,3.213647803965398272e-68,1.563232999197475957e-67,5.636655817423700544e-65,1.209900906783730489e-68,7.785746057585123368e-52,3.657985091581316346e-54,2.022075134159676599e-64,5.805344739077974610e-55,6.665180791643232496e-68,2.730642514445015887e-65,1.082907796064655268e-49,4.817842290972352880e-51,4.080557538096822736e-51,3.938457002051944960e-63,6.798463778559315383e-49,9.284752554217060680e-65,2.037128504439620188e-50,2.413082405141620741e-51,3.289640757532360870e-50,8.131708080215360512e-64,6.178502191660690149e-55,4.817310490095744422e-52,1.559545040286455811e-45,2.426234303436390153e-50,4.818374847361722207e-65,6.480601122298004826e-68,7.725398921238293200e-67,2.543136834788316089e-65,1.506516649732924735e-50,5.957182622334701946e-54,1.426471757470379285e-66,7.314274498147527661e-69,1.319195715310376554e-54,7.246487433092254239e-49,2.752406071715851831e-67,5.394931589527791094e-53,2.933962717870018695e-65,5.951625825902642408e-65,4.389097315950002941e-69,4.309174835545352477e-66,5.542071937107033951e-67,3.002612653746519640e-64,9.150657302102854240e-50,8.801919612453659927e-65,4.142149846443998064e-52,5.124560859706878930e-51,2.853645979621268119e-52,6.574173212724569261e-64,1.831578444459384806e-67,3.215444124596783004e-68,1.541195845658829036e-67,9.532434869271921369e-69,1.857798528340179376e-50,6.914678771819350461e-68,2.895716794312335001e-68,4.279700197820435564e-50,1.024506609406426360e-68,1.915054723615501910e-62,2.755665845603303747e-50,1.202528922727484389e-51,1.529392925197492459e-67,7.251653490738314759e-68,7.769362786224664633e-51,5.684829023808394113e-52,2.587519042649058280e-55,5.472942266768612995e-68,1.495151736628013145e-65,8.329601788569568101e-67,2.307148623638425447e-66,1.075528810101226745e-45,2.324760881365120807e-68,6.553925032139062654e-50,1.397269408728229450e-67,6.892509919573643522e-53,5.852728563233608430e-64,1.676590558207136305e-64,7.739618473642998737e-66,1.058107901952550383e-45,1.672728154095623614e-66,1.789914366044141353e-64,6.670227588274998626e-64,1.336594710056906146e-64,1.943732388131747062e-50,2.251490315302580104e-50,1.122770233288151869e-64,1.301132118468533841e-64,2.692253953333137157e-64,6.361661062476726029e-51,6.194666766903823992e-68,6.214350723971465618e-50,1.285252959499646374e-53,9.663127677695601030e-50,4.333565868279126507e-65,9.440239767639013724e-68,2.414102660416843430e-64,5.777382096620180393e-51,3.183179673226489327e-50,1.794388798385169413e-55,3.356516559231102541e-51,6.043472584232691046e-50,2.117158818714187052e-54,1.923436476428138341e-50,9.355046712077976622e-50,3.931542757346268991e-54,1.338069513786058317e-51,1.977196318493298107e-50,4.958881125506725660e-63,1.467666572582298907e-51,6.133058531746437053e-51,7.609759971428670962e-50,1.441766207080463756e-51,2.986859847026880143e-67,4.485041088768073029e-64,7.217597060517854027e-65,9.750948004656205287e-68,3.475211077395012424e-68,3.367583945085094120e-50,2.966811359755900594e-54,1.386378499369026839e-68,5.242942326305695204e-50,3.457510899925283692e-64,2.829328140091710660e-64,6.501293527449694053e-67,1.899575022526463298e-68,1.460471325236473106e-49,1.940594640986299023e-66,1.364307548098816542e-43,1.012805559881696616e-64,4.211816572132335102e-52,5.717417043629238267e-68,1.663608836900212419e-48,4.617989403217326115e-63,7.198144119694814400e-54,2.606592523806336677e-60,5.040331460257017891e-67,2.380746815068755076e-51,2.914937341924426605e-64,5.729672603213041901e-50,5.300233787674378131e-54,1.164414882684516257e-65,5.201533628427794918e-50,2.775413532793655462e-67,7.649156287131794053e-66,3.017507538834464835e-51,1.329367415074617502e-64,1.506142592447175209e-68,2.134233666913606801e-60,4.513808908818368398e-65,3.672994942612768342e-64,1.278345101497329989e-51,1.425523228946702199e-50,6.307495304004790233e-51,1.270356586729628441e-67,4.677678525821763670e-64,5.281222078431265091e-65,1.432594546252376852e-50,4.340185187930121254e-67,3.440384831586408791e-67,8.728353725521944431e-51,6.826650162279866719e-66,6.424353770389887510e-50,5.895896373921097566e-43,8.438073204866504795e-54,9.997133389653006689e-68,5.271878940462867026e-49,6.432852161660327115e-44,9.974352155415504244e-51,3.182407556240915287e-65,2.462143048627199268e-54,8.486016015480693691e-52,1.766709512389168930e-63,4.843317983754990029e-53,8.082644343612164605e-64,2.060849219528104572e-63,1.584159354777332609e-54,2.199980676873550076e-54,2.767797357003946684e-64,1.637462686762593071e-54,5.304843459151464240e-67,2.689508577681572198e-51,2.496319838128830403e-64,1.288906274725384203e-53,1.947969687678482997e-50,6.797868960482317298e-66,4.426520793383374512e-67,5.892462713951253108e-53,7.400676281622517122e-43,7.417953601883746968e-51,1.266046614209281587e-49,2.784937988671867761e-67,2.511066497743630402e-67,2.056984046784526629e-50,3.243764445318070183e-52,1.460007398833737136e-50,9.857448929368850070e-46,3.343650859809542983e-63,1.449126401412847972e-67,8.890846974630788620e-66,3.748137026379158356e-52,7.878367002367740357e-69,1.376977449647524268e-68,3.379258720370554818e-50,1.613524007099024492e-54,1.943172641540804724e-50,2.160316809582355776e-54,1.149463648065199410e-50,6.869616199825396874e-51,0.000000000000000000e+00,1.647652711630121642e-67,8.351655275433017409e-37,3.956068182416317502e-69,5.895180867597179661e-65,1.312514369444718088e-66,1.767199533785619951e-54,6.834158776797323849e-65,2.825751175559742787e-52,6.897073034954786232e-66,2.550044801581433680e-54,6.146669453705788322e-65,1.655997070418670148e-50,4.147167589636081402e-53,5.054514634007592487e-49,5.047189599007418708e-64,5.373327754066869683e-51,4.448129742633306539e-65,9.621093658555228759e-50,6.488518176684530356e-69,8.572888263159029946e-50,4.488830513108150886e-50,9.413203681135824495e-65,2.346542056181897320e-51,4.340964754283100334e-64,3.153776359539671982e-60,2.830328276911943611e-66,1.256619513596462121e-64,8.009593041013345179e-64,1.059969670477138885e-49
6.437822195295662051e-82,1.231708048102896907e-81,2.320568957697667053e-82,7.526119306727324236e-81,2.227885249496796321e-65,4.838019948785587080e-77,2.485707046619305522e-78,3.779940321349321523e-78,1.432461987258829601e-78,1.466972002277201075e-79,1.219605250791132460e-80,9.004613062209397279e-82,9.774378369218332550e-82,3.999999980061546001e-01,7.054735285683202240e-68,6.128860759992649175e-83,1.134977806263743794e-79,4.834691539346577792e-79,3.028523767873416848e-67,7.124886039584766586e-80,2.102435753163533272e-77,2.839811398140202687e-81,4.074606682965865766e-81,2.697844370109082952e-68,4.844748768714225628e-63,3.343464540322442773e-77,4.348466592446725307e-65,2.220784919459674174e-78,1.837252927066837396e-82,2.685972195727161308e-67,2.086035742605509809e-65,1.959442895689398199e-69,3.318900318225932132e-81,1.277786638303930678e-66,2.724780607512196377e-81,7.683733556891000426e-68,3.681310442247915417e-65,2.008720786714412084e-67,5.307692360250648755e-82,3.133952500829515980e-65,2.665922509153106153e-68,9.463657458764752318e-67,1.349206106831396237e-68,4.800985999289971621e-82,5.711523246900717732e-78,3.091758229610980148e-78,1.952355691618783203e-82,2.938577925919307167e-69,3.232762565810763189e-66,3.512781715408762635e-83,1.911822133011536852e-81,2.011414855076669323e-66,1.228248270595976136e-66,5.280833327850158671e-80,1.158535906045527058e-63,2.624418260073690833e-81,3.317604910674862401e-81,8.595207196433181783e-82,6.254459448068720480e-83,9.115643008220597862e-78,1.061627896147317283e-81,1.581006510100984882e-67,2.800029357399951861e-82,4.744904780801048135e-69,1.927188065555095352e-63,9.562615563611494840e-58,5.020052654669941803e-82,4.000000042238791575e-01,1.255603336939550809e-79,5.944380432166990773e-78,3.505982950446247888e-81,1.043130226517863809e-67,5.006720039295996051e-78,1.149386780417713184e-79,2.800421511052330627e-67,7.371770342277166662e-81,2.587987772989354894e-79,1.427129701559793823e-68,1.445868004658983358e-67,1.432543343270222746e-73,1.465133007424631325e-78,6.016280774900206170e-68,3.645408305441407810e-59,2.161333387627406694e-66,4.028498796053305098e-78,1.170854200416857381e-79,6.139176573060525902e-79,5.186123438247406111e-83,8.882368659346335904e-67,1.196942024978396941e-80,2.868279563453464019e-67,1.227834836286036916e-77,8.974114324847246028e-69,2.972817701333642320e-82,2.661267965427506773e-80,1.235695721017910276e-80,6.479651433856120398e-68,5.798015533244492113e-80,1.196133997607638167e-81,4.713726855633813650e-82,4.531185604379839081e-81,1.247525205737929198e-66,6.871968638188320207e-68,5.882387598756423375e-82,3.750178873222000837e-81,3.191573968183765148e-82,1.114520600182756799e-66,3.410824597973001576e-78,3.024849384675000334e-67,6.894375708079820425e-66,1.502286940472740902e-67,3.731209074165042366e-81,7.305348847197446117e-80,2.815169927613759664e-82,1.997055104753314085e-69,7.884998102464122509e-67,1.006029725272308750e-66,1.973113045628458209e-66,3.946215959871227308e-67,1.603692757623372638e-66,1.229026811189829934e-68,7.818868734820773166e-67,1.120630983382907049e-66,5.318217964741658613e-63,1.708519137811657952e-65,3.344995134682834465e-81,1.082728010540108454e-68,9.931861218283758360e-67,1.235275256164094352e-67,4.369312600935638149e-68,1.849132707847119102e-77,2.112816865919176165e-81,4.054270956790766288e-81,3.052818958912205218e-78,9.393693711092005739e-80,1.033785340020964464e-66,1.094575387364728932e-66,3.188705313338329381e-81,1.549791082611460347e-67,8.022843973126671902e-82,5.119054766384660384e-77,2.387262269351559340e-83,1.010972774713980124e-80,1.502641109938823099e-67,4.069007553694148693e-75,1.176337151455027771e-66,2.739617617723884974e-81,2.375116379517011169e-65,2.827175369855606383e-79,2.707528408792915127e-67,5.944312880768264745e-81,1.590825944822373307e-62,5.526446681510419154e-82,2.102257076316875157e-83,5.091436640684258580e-69,2.906149464445886212e-82,9.722788314675259456e-68,2.351778085502676052e-66,1.615994944526375116e-82,2.850515556530201798e-67,1.945594411084833113e-77,6.634443218739372217e-83,3.879825153768017753e-69,6.121901018627051090e-82,1.421339786589536607e-80,6.276355225455308624e-82,1.938864941999730221e-81,1.571011174493771433e-81,2.237934578023508819e-67,1.102045014127643942e-68,1.371882641882263979e-66,1.314495922215473274e-73,3.075802184382300222e-82,2.261440420893800376e-81,9.294855169012655937e-66,2.310311953442729063e-78,1.326347939758862454e-77,9.078526095703547581e-68,1.393189916498291367e-80,1.038755930810443889e-66,7.242211024033848808e-67,1.466033411645887383e-62,4.061210370076452405e-78,9.477820439582912639e-67,9.770306799640307435e-67,9.483266986999124169e-68,2.224235637119253501e-82,2.408513681635918146e-66,8.696835746708138129e-69,1.486546231942109184e-81,1.235282517366152246e-63,9.728827017269825147e-82,1.130303523226524682e-81,3.311940916899417047e-66,1.472901591795411944e-66,5.153458691635478550e-77,2.382913230357855734e-66,3.721580392140538890e-78,2.059248519665203108e-65,2.517861570356144633e-82,5.994806347581815933e-62,1.136133147050789034e-67,1.451915627937234300e-80,5.136866751068177002e-77,7.838796316944545890e-69,4.071646736112860516e-67,2.036106974080398277e-66,1.582535805012745519e-67,6.839392673473186182e-77,2.464291201846212496e-77,8.781658780861534649e-68,5.200844702147673118e-69,2.273693228433230369e-65,6.155768321964016983e-68,1.959439732232427008e-81,1.580191618868230272e-77,3.626288065376586782e-81,3.871426885567872670e-66,2.660068857283189816e-81,8.449312942798360441e-81,1.106448635087552767e-67,4.729016842318668139e-65,1.211125930942489272e-67,1.831170294319518671e-66,8.714571388075750326e-68,3.516444612571887121e-69,1.647652711630121642e-67,0.000000000000000000e+00,1.984948118511177841e-67,8.629719671264119656e-82,2.815684265053922002e-81,7.705625001048149267e-80,2.836896574562516435e-66,4.209915870634392230e-81,1.414245269181627545e-68,6.706088421717709213e-83,7.625144629166463385e-67,3.067612769069716976e-81,1.390051940196501127e-67,9.756656416200430923e-61,1.144501995351266184e-66,5.386367521000283058e-82,4.730007928180643803e-66,2.802483703115132205e-81,3.292481155258345902e-67,1.476901352562475715e-81,2.953725997963932072e-67,7.656685605741309720e-67,1.825370215101843895e-80,2.215083410436322131e-66,5.919394545370166482e-82,6.205227819671754533e-82,3.811476421515362421e-73,1.105820934855516504e-81,1.028601118025684786e-79,1.693240547837698728e-67
1.863972657325601929e-63,2.991002247514349360e-64,1.083202495221116317e-64,1.088196812885062400e-65,4.929798961778912635e-51,3.113369493982188303e-64,1.128800529101763218e-67,7.596760580026411980e-68,1.389720845659436246e-66,5.726032420703818848e-68,5.096184064475964211e-66,9.165430765482341134e-64,5.828692295664313729e-64,5.379719832951470250e-67,4.568398217740319977e-50,3.013988186521531884e-66,1.323134965045657490e-66,2.874577751665315658e-64,4.270183179398440652e-49,3.835998030916033080e-68,1.882957494694376685e-67,6.183034638525325724e-65,1.428248426317058260e-68,9.576711676170550123e-52,4.160301547415044374e-54,2.373012005378673315e-64,7.098867298190164838e-55,9.286024097073467529e-68,3.599044159469856580e-65,2.529260362940770202e-49,5.455274098993306685e-51,9.341417690192930038e-51,9.783319131359813149e-63,1.653494840546938374e-48,1.296822940714125147e-64,2.926044047018050569e-50,2.996842361127028274e-51,6.335305224835676227e-50,2.111485751799102698e-63,7.294599067689469695e-55,6.844681594440060640e-52,3.007829189242259604e-45,3.215988287986722915e-50,1.126372724686540386e-64,8.385348881235796608e-68,9.241120041369040051e-67,3.508931493862602338e-65,3.260690537234704235e-50,7.231802464495245426e-54,1.746985435830944948e-66,8.188725094144203084e-69,1.612687127490755795e-54,1.728338362721388243e-48,3.216041445455128126e-67,7.077484761312624230e-53,4.673269241863224925e-65,7.753743081941210657e-65,5.075100074430557349e-69,4.871285616838201630e-66,6.745053463619218745e-67,4.916888195582606118e-64,1.346006281834404561e-49,1.377735468492468996e-64,5.707420557752832417e-52,5.468067474246322234e-51,3.784636640197564346e-52,1.598305486205661450e-63,2.144762723698663798e-67,3.751878851510281492e-68,1.859275338757931532e-67,1.238507790417594017e-68,2.734421518545129669e-50,8.476868013468382475e-68,3.572048074638300692e-68,9.655885470684508940e-50,1.291483933713731044e-68,2.516549357682939642e-62,4.087421837532940533e-50,1.644856788896029574e-51,1.677877504739457304e-67,7.847928639570870093e-68,1.101351800183158952e-50,7.044154822154689909e-52,3.046385663112270196e-55,7.282808733038689308e-68,1.681092513787417979e-65,1.146769632127385935e-66,2.943332611606111162e-66,2.398678509270760716e-45,2.639666595830854387e-68,9.127917601041751985e-50,1.550916331571287516e-67,1.051087932712764826e-52,8.995319294985013383e-64,2.113034243801383349e-64,9.640744159252707998e-66,3.503689189696125784e-46,2.155887056061757094e-66,3.645627413304047134e-64,1.128105734351141546e-63,1.575388444445047903e-64,3.048091961321295950e-50,2.887781932413479500e-50,2.569722690651986437e-64,1.760364128835731301e-64,4.759392749789220581e-64,9.143788377702631514e-51,7.336853844861628431e-68,1.196926606709046289e-49,1.413191814361228993e-53,1.451375070329645437e-49,6.594305266412154921e-65,1.153703945218508333e-67,3.806975968715723264e-64,1.306057979604772357e-50,4.690301037010499885e-50,2.299207819337871760e-55,4.621677175028473268e-51,1.507052679268351693e-49,2.521495236932957428e-54,3.955451658386954730e-50,1.528247078427498768e-49,4.882137823676903155e-54,1.575981086235627995e-51,2.903814790039086732e-50,7.286411043516255699e-63,1.839289428861782170e-51,8.457713701657288955e-51,1.449893370880009504e-49,1.688702375839141278e-51,3.919172100401836981e-67,7.656088184715457160e-64,1.145227287636267945e-64,1.130175196835949480e-67,4.254491022869593618e-68,5.263994442882719022e-50,3.449948568318626469e-54,1.687695231883245559e-68,1.022634014479816038e-49,8.796405803806985229e-64,3.308680247435264106e-64,8.110309253975813922e-67,2.374499402528388485e-68,3.107974050638964567e-49,2.493235979998432169e-66,7.414796104296996228e-44,1.586865499332697894e-64,4.511064088928909090e-52,6.547499934882840819e-68,3.488940178146677921e-48,6.516106324980846170e-63,8.919061991872530717e-54,1.071559752470952142e-60,6.513617200254392400e-67,5.615102598923781398e-51,4.944765297404876062e-64,7.892005812064609789e-50,6.549965823896387254e-54,1.541300058509961732e-65,7.254158938518623702e-50,3.773376747107106203e-67,9.895097992974635039e-66,6.821892220026000378e-51,2.941437543346434436e-64,1.902917564142175694e-68,9.054976065630525851e-61,8.070765911826024423e-65,6.622343767564866660e-64,2.034632438520026817e-51,2.940412308115345905e-50,8.540668202364452826e-51,1.527227160053639749e-67,6.869596534861164112e-64,7.831923934143438585e-65,1.772359326209789796e-50,5.423242262822215739e-67,3.748684358912533409e-67,1.178733558439002465e-50,9.748466148290459067e-66,9.829607148064260598e-50,5.817867246999587246e-43,9.896355717709346767e-54,1.231789217873044196e-67,1.307774065260122108e-48,2.890070075989529783e-44,1.332135165549815419e-50,4.870065116248835068e-65,3.045328655447534966e-54,1.171044632652123268e-51,4.049711920000726147e-63,6.557014030664630014e-53,1.816792873968029962e-63,4.088700577776195895e-63,1.925909110585738991e-54,2.847941826562444972e-54,3.120758856017915953e-64,1.918482021441461649e-54,6.425805418057391343e-67,3.146815078737482445e-51,4.233530017639025467e-64,1.697612258343854647e-53,2.397832998148065800e-50,8.422382040212616073e-66,6.086174069840515540e-67,8.492783382804619955e-53,6.883844995608417450e-43,9.365818964236052914e-51,2.347516210828335758e-49,3.458213317647074858e-67,3.096341591481227430e-67,3.225416328189008667e-50,4.196678384818514494e-52,1.997802939280069525e-50,3.066481819943058056e-46,6.813282959326165493e-63,1.739697614421360032e-67,1.404832732679914180e-65,4.346551322893720337e-52,9.521493429896247154e-69,1.645733441403306580e-68,5.208261139464677347e-50,1.873080000583846838e-54,2.422092755805321254e-50,2.684243499277477256e-54,1.393195851353789759e-50,1.693985218003472248e-50,8.351655275433017409e-37,1.984948118511177841e-67,0.000000000000000000e+00,5.081271879439733788e-69,7.229527491947660762e-65,1.536435169996923344e-66,2.127488865944692941e-54,8.739616878673797350e-65,3.988767025898269480e-52,8.668399400550541012e-66,3.174813495660081655e-54,9.416412409714096794e-65,2.254737309643834142e-50,5.448601300367947936e-53,1.365667396869962531e-48,1.320792546387509797e-63,7.345159315127617226e-51,7.197695081236169075e-65,1.949717605104451892e-49,7.054182641651137278e-69,1.649563390968184711e-49,6.482666360489004230e-50,1.548043494591611344e-64,3.240613855755900728e-51,1.147356073740107608e-63,1.414929393821774089e-60,3.570415517401564016e-66,2.323732745516270085e-64,1.297557539759088324e-63,2.647354884717193609e-49
1.715356922460279901e-83,3.522558636567682390e-83,1.210665896720440435e-83,1.522141978788027138e-82,1.594164793790681784e-67,2.089559771561472748e-67,7.907026383994183364e-82,2.591074569981842284e-81,4.676328505901411373e-82,1.588569735845306811e-80,8.064942177964396415e-83,3.303082270500059962e-83,3.550394238947053504e-83,2.834201976792813175e-81,2.469177732792555987e-69,3.599894941347499737e-84,2.052073414506744608e-82,3.690675222214720033e-81,8.798407778006145983e-69,1.328572344702013200e-80,1.105537888162939862e-81,3.223757480235802840e-83,1.154007182172156935e-78,1.483126243198024757e-69,8.044391356162415460e-69,1.892933978407076985e-67,8.844493560190300142e-70,1.162727107538844862e-81,8.513448892439361698e-84,9.885126855921155863e-69,1.224646062731407768e-67,5.933267007360835310e-71,1.055004355830877288e-82,4.095263374084842042e-68,5.663848144795044432e-83,2.827477209773182077e-69,1.566221939137350400e-67,7.127121644709622216e-69,1.650434825361763808e-83,8.341911647066910738e-70,4.172164272900122310e-70,2.187737267470183848e-68,5.011992252320358433e-70,2.210643880572500970e-83,3.294470473812308006e-81,4.794844580711887623e-82,1.143794956996014559e-83,8.260422570462572097e-71,6.651639336817517460e-65,1.720664170499454335e-84,1.786576010066847149e-77,1.102635647870850222e-66,3.843238998463779195e-68,3.999999958398172129e-01,4.168744077399623598e-66,7.494435152436618011e-83,4.740379165305280561e-83,4.000000123334263580e-01,2.811205820587801676e-84,5.174172120972014807e-82,2.903601609023641369e-83,6.528772687877145565e-69,1.346021574948940447e-83,2.490598502691804576e-70,1.034398506862807175e-66,1.244289861125646845e-66,1.756016380397807487e-83,9.618493003434927364e-82,1.067138419383925460e-80,1.246660244089987190e-81,1.783812510630771188e-78,4.158378884645252763e-69,2.148679028360544248e-81,8.590988803612300855e-81,8.346058354953006578e-69,8.923629727204204033e-80,5.109815730411767773e-81,5.288564515904211532e-70,2.695574251505969721e-69,1.287861698463379333e-81,2.663879244714071378e-81,2.785522605329431800e-69,1.862021373247383737e-66,4.727083469189793687e-68,2.427912412880883886e-81,4.700062341863711945e-82,4.334488179805509626e-82,2.902755908498578469e-84,2.349582201589981188e-68,1.533913653302173087e-79,1.272482711139802850e-68,1.329795020847930782e-81,1.491689448572806097e-70,1.025545481820894740e-83,3.332949060342288012e-82,1.242166506728812976e-82,1.901705432476320210e-69,2.086478585609143613e-82,3.306256807510356135e-83,1.879388673436142686e-83,5.974210864678464934e-83,2.764556611524426060e-68,2.566665889660507259e-69,2.229172011595880918e-83,5.951218488592219096e-83,1.181574023004419977e-83,1.592578719186031978e-68,2.688758344223718255e-81,1.459153982613938375e-68,1.560438540413669311e-64,5.983795722822165493e-69,5.270286737750854135e-83,5.367680547011027295e-79,9.984798760536860843e-84,6.704808599538724544e-71,2.326100129321513416e-68,6.034390599340900661e-68,2.513737876930315042e-68,1.333005020185518683e-68,9.062062474649510997e-66,4.002531616746186234e-70,2.197207432282260073e-68,1.736802554011553366e-63,7.203400702633099049e-67,2.453238489229774414e-67,6.852676271653826169e-83,5.320698793678692599e-70,1.289232441970576610e-68,4.851860612892981874e-69,2.017808531513884433e-69,5.243977938684453014e-82,5.356295392868708561e-83,7.202061742581551696e-83,1.662095736090778650e-81,1.503049523534347173e-80,2.375395534713117840e-68,2.426873008952904207e-64,2.116766563629407032e-77,5.991197923469785225e-69,1.905716865449685580e-83,2.291748088984531571e-67,1.400744569840310543e-84,1.580483006256499298e-79,4.170021311369589257e-69,6.093815890197286477e-81,3.288239754953806248e-68,4.804042604105316166e-83,4.130918395245825570e-68,1.544383287060335298e-80,6.455275026230964513e-69,2.163997779014320598e-82,1.056965343117157587e-67,1.329232048630057583e-83,1.249693527607422827e-84,1.439063668310210809e-70,1.100986854165997919e-83,3.234378868268135970e-69,2.674362110924117900e-64,7.676396049529514458e-84,1.328500838422136190e-68,5.245972319212168088e-82,3.811625591200054261e-84,1.278761465792395658e-70,2.309800968193065689e-83,5.053419764078760332e-80,1.400646530489446287e-83,5.517413201019600930e-83,4.353626321627308180e-83,3.233020018656743073e-69,2.951523939779311087e-70,2.070035273348324384e-68,1.187622364787142816e-81,1.046150507899451073e-83,4.480794290506981787e-83,9.226957663259114883e-68,4.108735248197951625e-82,1.367396364923665794e-80,3.442974505997637895e-69,1.704209247010451902e-82,1.963933915450022773e-68,2.120914560723651268e-68,1.092387980738687299e-67,9.778550706366263859e-82,3.322465172757787189e-68,2.822468675790691957e-68,4.173334896344121308e-69,9.994193336134400769e-84,6.730185400731543771e-66,4.093514487508681705e-70,3.716255768240013173e-83,5.454683912352343286e-66,2.261063698296183516e-83,2.427607591597859408e-83,1.064954136994113401e-66,9.198900904386570047e-66,2.165074307666173690e-67,1.394224861227728208e-66,3.632780485219328391e-82,1.116572629563860179e-67,9.718032656932949104e-84,2.742413653734389768e-67,4.410755700596459756e-69,9.177058356576055099e-83,1.851827655681877695e-80,1.200205371613029299e-70,1.326522914175284182e-68,2.720280495728000987e-68,4.710267038337271011e-69,4.638238918192653269e-81,1.064726386227604015e-80,3.196433281277437105e-69,3.084638764445307676e-70,2.959678633652199302e-67,1.686100263612479081e-69,4.318090786992328102e-83,1.122983907438374315e-80,8.167271590434072320e-83,1.612943433054747127e-68,1.465647451433943096e-78,9.881303426029092189e-80,4.421971266048557046e-69,1.853654271161736060e-69,4.605400787193815403e-69,7.114703582335290464e-66,3.623593022080838835e-69,1.231009705171917015e-70,3.956068182416317502e-69,8.629719671264119656e-82,5.081271879439733788e-69,0.000000000000000000e+00,3.595771346061566995e-83,1.919127383299111993e-82,9.294066600760996929e-67,5.082964693104462419e-83,2.321991772114003836e-70,3.509788145869261594e-84,2.527771173914815326e-63,5.887917398526104439e-83,6.595705805838279443e-69,5.532159821043777698e-67,3.633225885165680255e-68,1.661770233377508527e-83,5.748752171078080100e-68,6.157325540010339244e-83,9.687327080146222189e-69,9.818831136844452190e-78,1.220214578995890205e-68,1.853677330062955854e-68,4.597105621683568802e-82,2.830929790403688849e-68,1.948662736962373519e-83,1.293187410433566754e-83,3.549530123050377186e-80,3.664266061883553492e-83,1.640320071522550795e-81,4.904434637476460155e-69
9.648394782638040481e-80,4.775718057363450827e-79,9.981509947904202916e-81,3.803735422953597365e-79,6.647817687956199492e-64,2.162635724956856883e-78,1.210535738069824208e-81,1.040721681127855680e-81,3.798717929766006074e-80,6.237793427698089067e-82,6.606678313699038182e-79,5.224637917457939563e-80,4.708921404268699413e-80,6.689366991990819126e-81,3.940037934765801406e-66,8.454733529120295269e-82,4.340714779055191033e-80,8.449934580389192315e-77,3.791365980956989910e-65,4.083112985982123521e-82,2.017589456251544396e-81,4.000000017739017699e-01,1.432859174562579000e-82,4.505392222624696622e-67,7.183821732549495622e-68,1.978039417206577540e-78,1.188444199156927044e-68,8.298894617589848467e-82,5.109889250890788983e-81,3.806201295462587863e-65,9.630843180368772863e-64,2.464303939519020620e-67,6.591687793897375492e-79,1.924004112605064820e-64,2.057535315964568982e-77,3.133421811717539797e-66,2.226083650758578395e-64,3.592583867399521015e-65,1.099565710415712430e-79,1.398836528874301617e-68,1.115565303822013794e-63,6.513971171351949135e-64,1.478177894054302045e-66,3.640536460025548642e-80,7.678402862416980395e-82,2.129101182281094723e-80,5.169992228872952888e-81,6.041893632165562717e-67,5.838063662718473444e-68,6.304935652565903186e-82,7.081068685956376523e-83,1.556798831392271888e-68,2.414644048293466617e-64,2.255916533668083205e-81,6.516661403771897736e-67,6.258141802249317884e-79,1.637565215367995160e-75,4.237535506595588613e-83,1.943161398631352683e-81,1.227286301113494386e-80,9.292534499930090488e-79,9.181134588900192696e-66,1.096700665199268731e-80,9.512785121239562760e-68,2.494327007419176833e-64,5.138710934880779848e-66,8.892857121786362442e-80,3.136726633737834377e-81,3.470383371311228588e-82,2.390901061085494888e-81,9.393339325066194331e-83,4.197119154549827366e-66,8.858300462610112140e-82,3.572526696847678500e-82,8.500613267629142911e-65,9.582934048339100776e-83,3.538283562859134393e-74,1.545660140455599387e-66,6.324737460342487431e-64,2.124887293714011643e-81,1.052590763145939954e-81,1.699425199008072402e-66,9.947356695389530308e-66,3.248436866650738732e-69,7.106293780790611123e-82,1.771281823706028136e-78,2.255524446827833857e-80,9.864697406809648870e-82,6.278569484628179907e-64,2.233699214552504352e-82,1.073150357449463241e-65,2.030024653944643596e-81,8.077472170535435971e-65,3.314277468790452870e-80,1.962063175162577829e-73,1.827088819461225464e-78,2.411566664267899432e-65,8.931981839235350541e-80,3.953279049782943062e-79,4.639241405276421360e-80,3.999999990322667398e-01,1.262105146466722154e-63,3.272195132139457820e-66,6.676510773172576450e-80,1.967915152689894252e-75,2.259788708287727690e-80,3.226447291463579641e-62,9.745393821973813419e-82,7.898154077139186818e-66,1.374672822090614946e-67,9.344731459013373551e-66,2.023686429840361860e-75,9.153235662521307388e-82,1.852890508905470790e-80,2.728318234065799938e-67,6.435156226080723075e-64,2.059026757202645732e-69,1.672765901560631425e-63,4.170144675522672068e-65,2.127513738012335609e-68,3.854924019721868477e-66,1.119172654688448754e-63,3.770905889175491732e-68,4.382688525426547685e-65,2.023752980483354078e-63,1.488372325587741536e-77,3.209453501471218989e-67,3.342643920315320610e-62,7.140456278728021248e-66,7.317339719185396882e-67,4.845063673951343067e-81,2.814497942974364102e-78,1.805205075843912458e-77,1.652700341710535051e-81,4.681988466651356976e-82,1.161897752450105062e-63,2.795257044739340596e-68,1.351598785398055881e-82,3.108710822764166711e-65,1.563460000472338823e-79,2.533309131224653734e-78,2.514038525018795795e-82,2.090344713698469313e-82,3.518796735289918932e-65,2.857645647917870864e-80,2.950996488436545874e-64,8.881205257865384685e-78,3.493862470618259189e-65,6.816029581473077451e-82,8.501357365224157850e-65,4.254495680866847524e-79,1.043029238443898807e-67,2.858364036393813664e-79,2.409216277872163121e-82,1.839749816562927644e-66,2.286288751449819187e-80,7.039457174014420051e-66,5.268110643273370272e-68,3.220272474415341482e-81,8.994062501128804373e-66,4.498713113050705262e-81,1.960065537334583768e-81,1.405718232453467432e-66,8.107477049625996181e-80,1.423359159621968316e-82,3.479873432454466499e-79,5.772274593120208845e-79,1.065292511070215694e-78,7.617954997621836372e-64,7.058811579683514230e-66,9.505936273013316521e-63,1.851996506340195199e-81,2.752105409630713409e-80,1.337747503324282789e-77,1.883395717151197988e-62,8.942928949820193344e-81,4.395246854807311533e-81,2.595393285748366558e-66,1.418828090776562135e-78,2.702668791198655851e-63,1.476248938467560599e-64,1.207814492037140191e-67,1.295345898116280889e-81,5.764460453028500303e-65,3.855007187573144178e-64,2.501113967763835796e-66,6.177858295616530279e-81,3.086260077766047937e-68,1.871856451677543196e-67,4.098011103388992067e-79,6.237527347996970894e-67,3.078662390379293498e-79,1.216804274026817795e-78,1.827116958670386629e-68,2.164806140812303243e-68,2.413948408951864131e-78,1.843425247763528676e-68,1.246721747712109204e-80,3.351831056983197322e-64,1.837131351957709619e-80,1.873803271761319730e-67,3.976460119836597517e-66,1.450476914380788961e-78,5.425999546375292634e-81,5.798943396505519590e-65,1.136494977220463910e-64,2.674439393279547520e-62,1.034686930591467407e-65,4.169027019479709522e-81,3.287824677722237254e-81,3.056336116891983163e-66,8.275975048676452189e-68,1.349640378630570610e-63,1.728504272064604774e-65,1.563235654445723474e-78,1.876300067580420426e-81,3.965285165535503333e-79,4.966045788225668937e-65,7.617333763981237677e-83,1.414656972420118765e-82,4.705853244371899311e-66,3.510824318954782382e-68,4.453793569051711989e-66,2.519996838016308265e-68,2.739629957011532905e-66,5.233316137873884280e-67,5.895180867597179661e-65,2.815684265053922002e-81,7.229527491947660762e-65,3.595771346061566995e-83,0.000000000000000000e+00,5.660027130041663736e-80,2.241033854833235838e-68,1.962099522758470668e-75,1.578815298848122820e-64,1.648762475451452594e-81,2.597958329579585238e-68,5.409075081236073033e-78,4.069186869056168357e-66,6.227234895491272906e-67,7.338646660520327438e-65,6.734831826911827987e-80,2.464693309654212309e-63,1.429179602031830534e-78,1.275151793002628776e-64,6.099522633939231305e-83,1.066945746961779564e-65,1.806721997540796888e-63,3.793839887235893140e-78,6.493673201286979170e-64,6.652472225544585131e-80,2.497510752830925665e-79,4.950854508530661454e-80,3.580335652246697986e-79,1.298573396318618954e-76,2.866863626857075871e-65
5.136990757213049946e-81,2.226523343009020935e-80,1.589616024548582794e-81,4.996867413638886707e-79,5.670342204958891545e-63,1.247390958497847043e-77,7.493932313828665807e-80,1.799946276510247510e-80,1.004542110312776163e-77,7.040836385304043189e-81,3.778136863780379786e-79,5.047916066204052217e-81,4.626812683032867543e-81,2.372492171135009852e-79,3.180760170085963760e-67,1.828835250309456609e-82,4.000000002590244352e-01,5.555433030779144091e-77,2.788920411862297902e-66,4.128134551349696404e-81,1.256786410591354513e-79,5.906995596247413833e-80,7.211673470405968401e-82,8.040861061317841447e-68,2.336873586896814892e-66,9.145029987110501420e-78,7.141030701486738304e-67,4.634886321528662301e-80,8.226231663650375491e-82,3.810013073928234062e-66,3.769230163083246240e-63,1.705708651560439550e-68,3.818597803964580891e-80,1.534752990048470885e-65,7.597868184999649955e-80,3.010778293976717455e-67,1.379916472372272753e-62,4.087112187545044749e-66,6.002268827433992416e-81,6.632080400300066746e-67,8.898305567922086350e-67,9.626517933492355614e-66,9.816181840080233288e-68,8.776880661704770182e-81,2.083320150844065338e-80,2.952833103789204563e-78,1.272489339068299981e-81,2.332960664532944071e-68,4.429834330265456854e-67,1.066609308899579760e-82,4.212275244726028151e-82,1.535164074422902717e-67,1.906228371307478006e-65,1.125638975369988666e-80,2.646282092226430768e-65,1.064631472723289700e-79,1.135909803022961031e-79,1.876370943120916382e-82,2.044062195494120539e-82,1.112167351815339033e-78,2.275457650768563634e-80,1.110578712821824018e-66,2.091650984938491220e-81,2.109550246555503903e-68,9.301133617812745020e-63,1.886646098214472789e-64,6.709047473467772494e-81,7.814026172817319799e-80,6.208890054986510978e-81,1.258407943428924079e-79,5.775003536590552628e-82,4.941533744996071363e-67,2.856052748625084154e-80,5.920280248315482041e-81,4.625023956651621898e-66,1.149572434104633578e-81,7.131696515453830570e-78,1.003473023960991293e-67,5.937627637316861302e-66,5.622989462443743490e-80,9.588944204893727083e-81,2.633190557112008453e-67,5.406729775497571643e-64,5.484448393186350440e-68,1.976049874344257594e-80,1.588039689137162501e-78,1.499594826583761076e-77,1.921053899840813334e-82,1.029878302066624282e-65,2.054587579123424353e-81,1.610141841655980701e-66,9.484850771757954839e-80,3.262687202261365952e-67,1.840684168042347406e-81,7.620970870830096348e-79,2.263699728844449043e-78,5.678606056829856650e-67,4.000000000250680809e-01,2.461816539921251501e-80,4.016720886742984017e-81,9.458151991520662985e-80,4.819846572955114055e-65,2.978440515060576463e-67,8.774541125213174625e-81,8.006599872683239134e-80,2.227324356847777657e-81,4.301530313433778846e-65,1.693114028081908381e-80,1.860317892399282384e-66,6.427019627197580570e-67,1.092819364048784682e-66,7.549969769023060347e-80,9.581301002783267972e-81,1.718950358907055016e-81,2.035152075057255312e-68,3.024688987592071070e-65,3.866771159922605966e-68,1.508570702431714887e-64,5.431717942453140641e-66,1.844107115333524028e-67,2.055471776331445012e-67,2.219554476462864260e-65,1.744989264388409713e-67,1.188459355804293011e-63,9.090184086168966955e-64,5.827688711734310461e-80,5.443166249585390252e-68,4.209980880347149649e-65,6.384718075179076353e-67,1.126661651103727887e-67,4.995804338584382004e-79,4.009989678055458457e-80,1.329254820698722075e-79,1.709994788453495158e-80,4.219024902706240176e-81,3.230183719815443014e-65,1.753446523113659981e-67,4.939439096906519605e-82,3.139759337939288533e-66,9.368340954407134011e-81,1.302023007594991230e-77,6.946071467976284557e-83,1.362971477406892746e-81,1.842121640074434923e-66,1.860871148802655959e-78,8.257390883446114252e-66,6.593449689793470166e-80,1.755125438759560592e-64,9.376794932764811939e-81,2.177432169561553675e-66,3.133936690591916680e-80,3.271498427073759723e-66,4.940692173537052749e-81,6.585133771312353368e-83,6.982088715107661487e-68,2.079270300817679830e-81,3.988276784426551958e-67,4.015816881626475391e-67,5.916054830511572117e-82,1.780645989116918991e-66,4.398210623269251731e-79,3.655064205284079368e-82,5.453745944374852632e-68,9.899293229492114898e-81,2.102067110131092722e-81,5.180596478285518465e-81,5.587783874401295274e-80,3.506904643277583263e-80,6.749234411801353036e-66,1.643139587290506172e-67,8.433291339062015472e-65,5.616662842596377912e-80,1.853486964237227529e-81,8.573578024817053421e-80,7.065436482994322866e-64,2.879289670597816718e-78,6.945808915992257293e-80,2.490262994648337493e-67,2.326221816296190616e-78,2.792400850865605720e-65,5.882735345764152917e-66,3.877490506106454052e-66,8.198712608888582554e-80,5.806902504453384097e-66,9.661477937956109857e-66,3.700147102229908210e-67,1.123625982021610915e-81,2.092537409068570742e-67,3.701646853524143781e-68,1.796532451112483064e-80,1.757088823063473548e-65,1.188536185316541607e-80,1.414594806573126873e-80,1.690122624300112893e-67,2.000475924534588835e-67,1.251485971577912828e-77,1.526965553573570500e-67,1.458562019506870714e-78,7.767966676725288436e-63,1.828469288924693869e-81,5.289946298560106038e-66,3.994836150040161835e-67,3.970903533284966713e-79,1.713903079818865405e-79,3.721028972703889422e-67,3.624582062128275761e-66,1.419785403285408371e-64,7.825930091175243872e-67,1.553985971665008843e-79,8.867485721889093673e-80,3.519365808038678300e-67,2.647961936342401066e-68,2.172570273421754019e-63,4.136986534480280026e-67,2.658012990774780165e-80,2.698189520218824206e-80,2.018818551177966996e-79,1.588593804809663338e-64,5.458162536106447195e-82,1.091756138434030928e-81,5.424441297268746333e-67,1.524998924791413540e-66,4.139825381851633718e-67,1.825126436764667679e-67,3.057213933234783532e-67,3.548344142522511743e-68,1.312514369444718088e-66,7.705625001048149267e-80,1.536435169996923344e-66,1.919127383299111993e-82,5.660027130041663736e-80,0.000000000000000000e+00,1.826222818916711340e-67,8.473117440281189684e-80,5.058391865152634597e-67,3.190319286863790141e-82,1.101891696213266739e-67,8.661069054793551677e-80,5.691584374315032140e-67,1.903523243910289296e-65,6.624440951466101501e-66,4.950465285826786213e-81,5.038745763676632688e-64,9.591326039964465583e-80,5.977643212636087072e-66,3.209737747284822657e-82,1.369986286171897829e-66,2.404712866291769686e-65,7.615571954511441706e-79,2.262981316651871244e-64,5.658685041267924125e-81,3.617061132267745218e-81,1.192144574441565144e-78,3.033273838795468690e-80,3.220618039328071869e-78,1.671152644209569503e-66
5.297981872242828643e-69,1.151005735260391324e-68,3.428233796793262786e-69,6.078658224125177028e-68,1.072023430550768627e-52,4.431543773752753452e-62,1.877694634181489974e-66,4.210060053320180729e-65,6.993447992077621657e-67,2.072410938727254010e-59,8.127993660876881711e-68,1.005774670181983136e-68,1.151057433461942971e-68,7.525275746718284936e-66,9.185602416201846512e-55,8.327022114018986172e-70,2.283217984355661801e-67,2.193874158199120870e-66,2.458059525726437520e-54,3.004544513887612524e-59,3.176042772267123985e-66,2.226165001082671911e-68,2.285957200036255742e-65,5.211230178927919576e-55,2.437233979852393937e-53,3.718141336984388837e-62,2.306327049596198729e-54,2.403449813847932902e-66,2.445993331964773747e-69,3.084416691714981184e-54,9.117021943181092706e-53,1.912067449189819103e-56,3.555377353602322044e-68,1.171249404342788206e-53,2.512851078561726854e-68,9.152146928296736343e-55,1.111880138425592517e-52,2.240620153922321915e-54,5.826969281213213372e-69,2.114875223732705727e-54,2.099497759471315421e-55,1.009783017615753408e-53,1.971139827554516335e-55,5.374856011304892376e-69,2.635712930624810939e-65,8.596235622606865133e-67,2.993982324815576010e-69,2.841658647756266379e-56,4.915571160090075091e-50,5.730059424862680876e-70,3.171090384808045641e-66,2.277416101272978046e-41,1.397316955995327246e-53,7.129413530877707880e-65,2.254471853686288526e-50,2.725275126456951665e-68,3.066005461760834453e-68,9.578297653824454821e-67,1.206584157307201519e-69,9.700767196688626501e-67,1.184336319347384116e-68,2.061499016302979259e-54,3.550735495308062912e-69,6.387552931762606531e-56,1.714340437627113653e-51,3.968865722147943998e-51,6.047120178787193541e-69,4.886294740729736870e-66,1.468120921134414166e-63,4.022751319956937041e-66,1.281272334857783189e-65,1.524746005330157496e-54,1.463063056199197081e-65,1.996406036318100572e-63,2.463455467358712942e-54,1.123766270833467612e-64,2.648566064522193878e-66,1.925124784420829258e-55,1.102685396598790890e-54,5.676000580753349459e-66,4.062824248301031039e-65,7.961073808200732931e-55,6.069376399339522862e-51,5.311597299515640250e-51,2.007286690799640308e-65,3.936583118076506488e-67,5.177404380222778118e-67,8.735807958760661869e-70,1.041526832020489007e-53,2.249856065308295057e-64,3.683274080394048271e-54,5.823477154923360867e-66,6.142607974547958391e-56,3.676083343996365965e-69,1.811330456455122059e-67,7.711427821078927207e-68,1.000119851665153830e-54,1.684533145270065990e-67,1.197292840959342339e-68,6.324189468125790418e-69,3.360569657010780473e-68,1.129742263236265895e-53,8.599764924966979838e-55,5.852683213651190362e-69,2.696140284539363880e-68,3.569807231931969769e-69,7.404124393415209319e-54,4.138544758150525092e-65,3.011235471263924407e-54,8.192374835221969749e-50,1.995251731880815522e-54,2.402644556759915254e-68,1.429828359010926623e-63,3.180032128894469528e-69,2.392161382336290237e-56,9.858056047605817050e-54,5.510616719718286149e-51,1.359472268737713945e-53,3.564121180913679272e-54,3.771147722674245477e-50,1.589991890422800028e-55,9.546042163221517610e-54,2.367552467356181227e-51,1.522485551874882464e-51,8.718719620507594006e-53,3.450610806404703591e-68,1.671014627947076012e-55,7.086193360438460851e-54,1.267775620208164704e-54,6.716119340445126127e-55,8.778810996614535685e-67,1.894845295899784003e-68,3.252085377348593787e-68,1.916861833048088951e-65,4.764015349400602419e-59,9.251801358431914310e-54,5.430131850003544002e-51,4.635273144409659585e-66,1.892135124952825163e-54,6.924160849586857751e-69,4.960520048890439784e-62,3.029795360787373491e-70,1.826388083510830190e-64,1.305089378439548581e-54,1.270139490691976850e-65,1.487156769283644797e-53,1.999538962747649705e-68,6.420653806315419928e-53,3.528633690982120570e-63,2.249402952150346599e-54,7.695100555758287244e-68,5.659260275158897079e-52,7.371829903597112670e-69,3.110048774921970377e-70,4.613340642976218986e-56,4.030826584428618245e-69,1.281794864121879798e-54,1.904037630237196706e-50,2.200649598817004381e-69,3.722248013379431941e-54,7.369442575203898995e-67,1.177500358529502535e-69,4.520816569605631031e-56,6.259187716437008439e-69,2.680699620952602067e-64,7.710245221594206446e-69,1.644609779124957009e-68,1.711034823291898833e-68,1.161728544696162539e-54,1.304366556099546097e-55,1.043076636009004754e-53,5.170675317332726442e-66,3.720464163690016549e-69,2.089668406417744755e-68,5.631562059753094231e-53,7.019177240472699041e-67,2.009740475499818356e-64,1.064816024217443330e-54,9.436368996358014258e-68,9.123127168908074216e-54,9.194463170930006006e-54,5.465530682085337583e-52,2.438926166759759305e-66,8.243333170805101522e-54,1.525869586372260740e-53,1.441284505366543163e-54,2.775864119302471320e-69,6.803481019749795109e-50,1.016669128283841664e-55,1.504795973099234969e-68,5.330680104670108317e-50,8.570671041484601272e-69,1.073270913058268271e-68,2.981052365435460002e-35,3.249030123809530085e-50,4.209781874781388407e-62,2.251512202820614814e-41,5.483699404767577669e-67,8.253389946635789501e-53,3.155992728781173428e-69,1.076698262998244172e-51,1.432218854315961214e-54,7.056923035172854212e-68,8.491719541496133273e-65,6.472410319149285936e-56,5.206191537409868975e-54,1.860870938432040316e-53,1.350807678420511800e-54,2.969265100105465725e-65,7.781877738443407989e-65,9.157122825912749112e-55,6.798516396868038473e-56,1.304515317919134223e-52,9.529411783377767753e-55,1.931073580140467372e-68,1.599834769329303170e-64,3.347157932631070488e-68,1.616031444905376020e-53,1.193179571431728122e-65,1.485277380554447168e-64,1.411843441901259595e-54,4.632919123303393264e-54,1.694373076234326158e-54,5.275207991217764754e-50,1.155146494492181532e-54,3.850678313643659847e-56,1.767199533785619951e-54,2.836896574562516435e-66,2.127488865944692941e-54,9.294066600760996929e-67,2.241033854833235838e-68,1.826222818916711340e-67,0.000000000000000000e+00,2.380663831732240125e-68,1.133468626216263766e-55,1.004870106910740919e-69,1.469040717384364550e-51,2.276490646702259894e-68,2.200940394860554649e-54,2.102175950421442599e-51,8.887674054019403213e-54,4.829024541268324781e-69,3.310891141078995278e-53,2.360070259441084998e-68,3.291835346416361935e-54,2.989359342533924685e-66,2.951302325820099222e-54,8.684023052814824187e-54,1.445111322880073319e-67,1.386427955198395155e-53,5.595205177263930540e-69,6.450935494926938030e-69,1.926166713246327906e-64,1.377813150767149010e-68,6.282826844311916502e-67,1.427644184888699792e-54
2.751753592888647834e-79,1.686882644444902626e-78,1.514689577410394486e-80,1.821032934858118448e-78,8.412825386443390567e-64,3.448216137114962899e-78,1.962356284648665862e-81,1.056978596654640628e-81,4.099375462637085438e-80,8.600318369824989411e-82,3.939671852767083256e-79,8.688132413603274920e-80,7.790570965182307603e-80,1.233581705525710445e-80,5.181155069504128686e-66,1.464384272242582811e-81,7.462994465721863125e-80,1.606694873234307348e-76,1.362131582578521590e-64,4.324432016549713962e-82,3.390839461731870368e-81,1.682993988825091535e-75,1.406734984074830981e-82,4.792649996261374493e-67,7.533882688387251357e-68,2.362574327016374959e-78,1.629318059048890534e-68,1.451732230727632273e-81,9.112193240029506721e-81,1.084313528122065017e-64,1.324719444869520588e-63,6.164831987264498248e-67,1.621033370988723160e-78,5.497467315773252844e-64,1.364344294992412608e-76,4.721088485055717121e-66,4.069183344941294004e-64,9.074523620326562147e-65,2.477999430168478368e-79,1.702295631012061107e-68,2.371729838102161696e-62,7.663077888113087472e-64,1.517866113734416006e-66,1.387912373898868980e-79,1.311579943225674966e-81,2.515321741319664353e-80,8.234968236141840029e-81,1.265792481219229661e-66,8.362704066502163036e-68,8.250380428786379071e-82,9.577074136275286541e-83,1.928018490082057575e-68,6.301197028883761228e-64,2.954234342626238276e-81,8.560705106494789494e-67,2.942578019805623725e-78,1.347489521194905427e-70,5.197268842925174097e-83,1.623816932372617662e-81,1.742220651108275775e-80,2.086486962794451650e-78,1.538889552099085506e-65,2.230734650344317829e-80,1.928791357029541048e-67,2.156094807866263432e-64,6.711441405414279064e-66,2.014520315710056475e-79,4.664321467819953941e-81,5.417009440293435063e-82,2.741060896374638989e-81,1.308363100538066751e-82,5.292792574594711046e-66,1.179761470947678185e-81,5.254033414671478872e-82,2.481909650354803200e-64,1.600827511679375633e-82,1.077584142237365504e-70,1.761754758807906507e-66,6.998289812201077807e-63,3.086851967345838736e-81,1.093990055335849231e-81,2.619710483305084685e-66,1.130437496296292807e-65,5.206487298229922168e-69,1.026703340970898399e-81,1.620566001896649773e-78,3.893119487956103915e-80,1.216437213386924985e-81,7.735001242085745187e-64,2.797691491074539785e-82,1.587877139867778001e-65,2.490368796999839124e-81,1.194483541279670571e-63,3.693296982051027839e-80,3.999999968987122401e-01,4.179680350599527297e-78,1.638235171605510840e-65,1.697482866802628974e-79,1.452682131648422817e-78,7.377191538381833077e-80,1.107614358033994392e-74,6.645824384100578466e-63,4.697384611304597951e-66,2.203600567467709157e-79,2.660785192416005293e-70,4.257412408494096495e-80,5.035894663412615675e-61,1.009449307778395740e-81,2.812967473628266102e-65,1.966896067919072716e-67,1.501906857258616642e-65,4.000000048524814389e-01,1.532917987466698210e-81,3.870737286537388279e-80,5.476412737068600428e-67,1.924921198310794086e-63,3.424179783162828387e-69,7.224393179922836709e-63,1.803948721342356932e-64,3.217046242195260900e-68,7.328365630858084925e-66,2.867970373964801320e-63,5.016940703991372831e-68,3.317055258880455079e-65,1.742402585480978519e-62,2.446097691511906139e-77,4.660052745751559058e-67,3.575384436533148723e-61,1.523619740698068960e-65,8.919920016865431097e-67,8.193583206659376851e-81,9.123559362104086953e-78,1.816827023340349139e-76,1.557300940386937256e-81,5.865199297937045452e-82,7.272979610071880857e-63,3.835060554058741650e-68,1.742772679717238987e-82,7.247983254683458196e-65,6.012839086196235017e-79,3.507170426390106684e-78,5.643491704910605456e-82,2.211793622698489695e-82,1.043177251728704553e-64,5.070503021067620406e-80,2.812756585354404688e-64,8.075268764933711132e-77,2.376165855330784189e-65,1.190416258139892064e-81,1.949579581591297594e-64,5.346703420528052424e-79,1.853703285943674482e-67,2.160326591524505588e-79,4.106855372240132408e-82,4.838304408136607675e-66,3.928707099022667814e-80,7.399790068494671615e-66,8.000002396988191486e-68,5.352827527264501004e-81,1.601080155620741769e-65,8.515838877788910417e-81,2.206521678207550047e-81,2.656247765109052169e-66,2.271642503087781933e-79,2.103693306883060973e-82,2.871013830729010589e-79,3.280469995105335449e-78,2.527859841094562884e-78,1.258552644349589804e-62,1.153649178200148223e-65,8.933976063986575028e-62,2.867123482590042536e-81,4.040370635969212961e-80,9.832733069213311036e-77,3.739202396647156640e-62,1.460950604757932278e-80,5.698723026601547939e-81,3.261442810829406806e-66,3.425934130254929753e-78,1.361528614323232689e-62,2.020961731742912229e-64,1.608297173921556867e-67,2.224065537412968718e-81,2.203836142259549199e-64,3.410491373532869252e-64,3.696288426615187474e-66,1.126583549525475772e-80,3.981820191747036750e-68,3.384800970682889188e-67,1.109079316617152787e-78,9.225758491379825002e-67,9.508776083150816425e-79,1.858864703073604198e-78,2.877542809005035396e-68,2.695649950579457902e-68,3.628037945460505646e-78,2.468982005807390766e-68,1.715300334111488007e-80,5.437052090281933433e-64,3.276963223856050197e-80,3.069288449884771187e-67,5.022711170034540022e-66,9.970774780790790041e-79,8.091903562016232193e-81,5.914771318037725619e-64,1.237362129799717481e-64,1.242048760066665986e-61,2.678250073159244408e-65,6.373907351958225933e-81,4.487753781878565707e-81,5.735371169756595706e-66,1.736090333134943977e-67,7.380567538731940415e-63,1.158587731801692854e-65,3.180758171277130143e-78,3.566175736682204070e-81,1.695184348448885739e-78,4.374678765323295993e-65,9.113117211983714289e-83,1.926476116785130367e-82,7.550435402222588680e-66,3.849513929603120035e-68,5.603142313315109867e-66,3.036979401222241768e-68,3.469277839714970858e-66,1.205365331172487786e-66,6.834158776797323849e-65,4.209915870634392230e-81,8.739616878673797350e-65,5.082964693104462419e-83,1.962099522758470668e-75,8.473117440281189684e-80,2.380663831732240125e-68,0.000000000000000000e+00,1.839697059268677128e-63,2.338409206685190102e-81,3.660457350027752008e-68,4.701882608654289637e-77,4.975636386851254756e-66,1.003088909335661934e-66,3.016129844175038359e-64,1.865324202222531924e-79,5.787955993085258868e-63,9.678007013553275267e-78,3.859785487670860300e-64,7.439767287332918629e-83,2.777294389272529628e-65,5.870555045239320811e-63,2.042714895257966167e-77,2.627240621934684814e-63,2.033763060088801584e-79,2.328961143803201652e-79,6.090670320655770222e-80,1.009599451387597737e-78,1.878431386702496970e-75,9.268330609910810389e-65
1.337982174924077526e-66,2.691771851770256832e-65,1.026858827184147916e-67,5.623242153326235586e-65,5.359945447498695340e-51,1.702586178244494681e-65,1.200285582300906402e-68,5.508015138255009882e-69,2.136104857256331582e-67,3.931360214284070448e-69,1.221300640597983981e-66,3.975730957784817210e-67,3.614601185042233946e-67,4.516240243191482414e-68,2.365999287656336051e-53,6.946175469908450186e-69,4.370090551195048137e-67,6.739645240920817584e-64,8.265091833213375706e-52,2.310841823765449126e-69,1.938300513411365433e-68,1.347037610281618728e-64,6.054293745156829020e-70,2.508507532034884318e-54,3.093030442514109332e-55,1.125911241154461862e-65,6.758419968912459422e-56,9.457463659453547020e-69,4.927587923752848849e-68,1.184723817979701252e-51,6.455707132748323756e-51,3.590673960280798647e-54,1.474446660075585247e-65,5.277336544861113731e-51,9.495103157993917904e-61,2.198716265176483457e-53,2.291434320075707248e-51,1.657851274619860346e-51,1.855700819621384057e-66,7.123086893079540009e-56,1.771714342646615918e-37,3.829901374038807346e-51,8.185808662071267042e-54,2.361364427259796139e-66,6.384204608519922408e-69,1.387459859614573524e-67,5.405777188874369919e-68,6.525764807584863197e-54,3.884702847104150820e-55,4.265218337871747435e-69,4.215057945125932138e-70,8.966828044429474380e-56,6.884218814559912449e-51,1.310637160713746731e-68,6.331087029996205523e-54,2.131411865446844734e-64,4.851216238133549816e-63,2.572917273982133080e-70,7.255903408059869044e-69,7.670458966360314182e-68,4.996189623844273864e-65,9.840804798125670683e-53,1.408073197373567119e-67,9.030314614382272790e-55,8.601811736000537870e-52,2.647369618706543036e-53,1.867184988802408691e-66,1.750140962163944048e-68,2.740818879108671855e-69,1.949925944643844036e-68,6.001039892052321668e-70,2.858377613356501028e-53,6.858067653073824358e-69,2.680203684845135777e-69,3.299839389497085494e-51,9.282298536030004219e-70,5.224293421048607588e-59,9.908596061855806540e-54,3.723789729567916608e-42,1.179114475837242153e-68,4.031433031207826829e-69,1.306379207344309768e-53,5.820620125223050686e-53,2.353526116164197985e-56,5.227534916024690944e-69,3.542594874384702897e-66,2.793026550342666007e-67,6.649521154161768380e-69,4.920337971462965925e-51,1.629343344697841252e-69,8.859645041722364431e-53,1.517746820814625584e-68,1.900042434236302669e-37,1.793204560264698530e-67,2.304275794697517917e-63,3.862423169096129434e-65,9.145419911034571626e-53,1.063820282138443065e-66,2.471298072568428825e-65,4.408423901832772277e-67,5.863895405476876794e-64,9.390149291328419464e-49,2.018223803616711089e-53,2.757379559073888687e-66,2.984063331011931812e-63,2.283113743050409959e-67,4.709200293642510047e-48,4.970574283928376656e-69,1.567647672440750711e-52,6.547819377047051088e-55,9.802970201149206991e-53,1.177933297604761573e-63,7.222093520103876528e-69,2.134425389804930392e-67,3.949361036331382176e-54,2.167303144764893462e-49,1.681239503403348959e-56,1.048847056973685458e-49,1.910610156059892256e-51,1.591910347082225025e-55,8.164346751978748990e-53,1.910847338770419865e-49,2.169934785111329436e-55,1.323973843208055700e-52,2.831680201752527924e-49,1.861113912330755201e-64,2.392816404038585628e-54,4.049425817301613805e-48,5.489437285370134011e-53,3.877804394882323928e-54,3.890338963011795733e-68,1.616253027191363526e-64,1.489995641521106534e-60,5.541741383418508905e-69,2.557269194121454538e-69,7.419608921543397940e-49,1.926832064520950499e-55,7.059987279818021933e-70,1.050184655177228745e-51,4.914079426288866264e-66,1.613033959704204952e-65,2.358613556052064663e-69,1.086061278945558416e-69,6.530448440653681008e-52,2.363968735971039749e-67,1.363976663284836565e-51,7.073250817070777839e-62,6.730693832150482743e-53,5.056136189242211367e-69,9.604104668724162341e-52,2.762695557162991847e-66,7.491243605440937206e-55,1.109291942395643093e-66,1.927443558549361100e-69,4.940761642866083964e-53,2.598558980835124762e-67,2.742580642793811863e-53,4.145580308203760714e-55,2.888587153091420947e-68,1.023826249928535737e-52,4.107098876019917648e-68,1.443258639360215672e-68,3.201033822373606568e-53,2.721602838261773239e-66,1.321292652249753448e-69,1.331326266428053910e-66,1.924203876608454272e-64,4.475085101584007513e-65,3.552759781832222309e-42,1.405564311008097926e-52,8.739014139395320955e-48,1.085038889430501459e-68,1.719246022733718986e-67,8.345335791038014873e-61,1.600814638547072809e-49,9.867698043608649748e-68,2.093228387938749112e-68,1.111768398127305063e-53,3.484561092689384902e-65,1.845527643023735710e-48,1.269782632619383446e-51,8.112112433413602255e-55,1.269943395028550268e-68,1.013886513986401438e-51,2.256266981541175777e-51,1.864789685563473938e-53,5.332889882303952248e-68,1.652536935336062355e-55,1.857558273103415455e-54,8.171291614006057765e-66,5.571348778288874746e-54,7.712138662683883162e-66,1.410225680211779929e-65,1.135786095693366872e-55,1.499728013235242468e-55,1.487377884025631360e-65,1.057000697121620721e-55,7.080827978899062784e-68,3.259111365169910932e-51,1.940421668732034826e-67,1.065738812929379206e-54,2.054548543882087364e-53,2.742513325168781278e-66,4.193083502875016108e-68,2.404505204735141580e-31,6.175150238508987650e-52,1.434552781888832216e-48,1.038813078865198388e-52,3.090344518123056558e-68,2.228047681392654774e-68,2.504099815126343585e-53,9.163079431931635527e-55,1.205966376589682889e-49,5.919497264504085532e-53,2.582644437052137589e-65,1.174382698457180672e-68,6.651916255847578440e-65,1.704829161144505052e-52,5.007974464748270560e-70,9.306066405435698034e-70,3.773252304589304848e-53,1.582121358744742746e-55,2.459534766825009839e-53,1.324431140526432997e-55,1.370970300964155040e-53,8.608885825075887629e-54,2.825751175559742787e-52,1.414245269181627545e-68,3.988767025898269480e-52,2.321991772114003836e-70,1.578815298848122820e-64,5.058391865152634597e-67,1.133468626216263766e-55,1.839697059268677128e-63,0.000000000000000000e+00,1.249882276569976823e-68,1.490832055171965156e-55,3.895739851158025486e-62,2.550685975200643752e-53,4.399319409566114672e-54,1.239240980237472700e-51,9.871987388424677456e-67,5.403205026819035284e-50,7.251380171522341240e-64,4.222376824330176039e-51,3.423697147620403407e-70,1.125289902920755157e-52,9.372711031727426012e-49,1.043523010106057920e-63,2.618371618592621225e-50,1.177922526471089066e-66,7.975985733464831654e-67,2.415319350758454893e-67,2.841013130047030220e-65,1.027649383701193815e-59,5.845562508800710220e-52
2.937806987688037126e-80,6.602751630449449545e-81,5.436699066504023445e-78,1.563221706338496980e-81,5.850556040372096214e-67,2.156191458911775102e-79,7.077720545221191576e-83,3.720174448832585068e-83,3.489092320014991198e-82,2.894224697265904277e-83,4.462335307765078698e-82,3.726456458948339354e-78,1.554367673673877087e-77,2.106228609219323849e-82,2.231386921391581922e-63,2.181137903742131334e-78,3.279262837251380503e-82,2.045924660743760812e-80,7.801178909398746176e-66,2.224688292773379253e-83,1.053886585869427119e-82,1.544463217683654972e-81,9.024274374069957586e-84,2.263161043875262850e-64,1.215635620739633844e-69,1.585454645422859522e-79,2.193171936982080275e-70,5.887162341067592069e-83,3.412006403791801138e-74,9.792673760844312041e-66,5.929894262793097527e-67,2.793399405807848262e-67,1.604612270041059712e-79,4.037220863747089142e-65,3.869295510734618645e-81,1.208345100493242358e-62,4.095693400616858209e-67,3.044754188027478100e-66,2.740559432191388740e-80,2.093901687964120338e-70,1.929575992450627970e-68,1.532872025486109931e-65,4.071345530866581296e-65,1.021680200199954679e-80,4.198080378703450096e-83,2.631776008483562584e-82,7.989623521890548926e-74,2.069938305648615302e-67,4.534768243539140368e-69,4.020407705684038409e-79,5.247379435444584784e-84,8.883194315862410639e-70,4.060399765963921280e-65,2.024519935142911485e-82,5.205694185291960854e-68,3.493002265636164779e-81,2.316419947833302984e-81,3.396310974600888054e-84,7.124656413949655680e-79,1.931035463339486327e-82,7.623103357332551065e-81,1.097744490476411408e-63,2.715373260139812283e-78,3.398670660282780291e-59,1.122307863421516486e-66,1.295074859895856527e-67,3.721249701441441020e-80,6.571276649950930831e-83,2.530414499592270462e-83,1.008905769838731022e-82,7.473092239645863144e-84,4.899978056785599523e-60,4.658233525451289417e-83,2.189446664602504141e-83,1.990420376069785909e-66,9.430238208538711190e-84,4.735821627273075295e-79,2.902229275391771940e-65,7.999771549443993568e-68,6.040558902492445649e-83,2.751956981964454144e-83,2.897334749757866318e-59,2.535000784635160601e-67,1.785263132565618180e-70,3.686851878034848563e-83,1.449846103857035633e-81,3.641002324016966353e-82,1.138348333555801647e-78,1.793305951772373188e-65,1.807486577235138616e-83,1.071713628876944253e-61,8.918501920149114944e-83,3.937184179786837331e-69,3.748782106390908633e-79,7.171839515690680529e-81,9.537578691697508417e-82,4.971562998083595297e-66,4.407567495220737800e-82,8.068483267384458824e-81,4.741390571171952314e-79,3.719150834763809556e-81,1.325153256938505625e-66,7.759099184672218640e-63,1.258134574107500229e-80,3.736035167840229211e-81,3.934067018114008027e-79,3.719839175646079620e-67,3.320649701033545200e-83,1.056934184819816985e-63,6.162695583060423274e-69,9.176546197708778710e-64,1.730246996230135637e-81,7.381816231610845665e-83,5.653014837926868315e-79,4.682484258524787279e-67,1.995864882944904821e-66,1.471186211072412837e-70,2.955239500419822594e-67,5.610425856146782123e-66,1.562300950392057988e-69,4.667066132317302859e-67,3.250856506333348889e-66,2.621952928023413267e-69,3.201560969080530135e-67,2.669224053992866374e-66,1.890283169272560295e-80,1.463925280546795144e-58,3.184561501759291285e-67,1.766482614763488298e-64,2.908014850558689544e-64,1.494913599718491617e-82,9.446168680102377130e-81,3.772621599563633930e-81,3.401004108825071134e-83,2.116498792586346131e-83,1.726802210296523921e-66,1.973922030986911440e-69,7.917816407992542211e-84,3.590294536856890920e-66,1.130896642014291384e-80,2.188057468141854624e-79,3.584528911604088863e-79,1.263757676761585139e-83,2.906676829678349076e-66,9.581119652827609654e-82,2.171086423618210886e-64,3.933660454149511927e-81,5.825098620197609825e-68,3.804029776111064679e-83,6.122429396242416007e-66,4.925995081610945152e-77,3.806334415623183134e-69,1.530674672965404708e-80,2.694374098468860663e-79,6.072746225831786798e-68,5.045378166184429213e-79,1.974710707278514233e-63,4.244145130737440183e-69,3.999999984853490620e-01,1.496699347733158395e-61,1.501207596319434841e-82,4.000000036707652140e-01,7.864424856373134884e-68,1.389895428695181610e-80,1.527442632546401482e-83,1.137206094825969691e-80,4.167899435825613233e-81,1.037597149710088537e-80,8.444815974794060755e-68,1.593670659787025633e-67,4.172737433077245495e-67,6.158794192058508747e-83,4.896068397706950524e-79,2.514144890744641913e-81,1.086670045669769518e-66,2.095707638846062427e-82,1.564933939452841907e-82,2.000948771359285610e-62,9.233378928302769755e-82,2.217077004949654733e-66,1.609686129473862667e-64,4.436088612713221867e-69,7.654716711267716895e-83,1.403495749338664155e-64,7.513805204170457120e-65,1.151517757225022263e-57,7.619211137598867761e-75,1.611885129138428427e-69,3.069929332560325162e-59,3.439473641303176002e-80,4.152788878656728099e-68,1.473210297736051466e-80,1.058167943252337237e-80,9.126452474180565024e-70,1.617180403350262156e-69,2.361817704533040044e-79,1.041356873251842332e-69,1.922062794869315472e-82,4.126479081599868204e-67,3.985729766824159919e-79,7.845029085954493615e-69,4.093611356506488343e-62,5.662303005275272222e-82,3.054827297612878531e-82,3.579495576608158705e-69,4.999052224713168067e-65,4.571061544225109528e-67,1.014739125787109501e-64,1.674916469603021566e-82,1.715676266328182642e-82,9.144990812707376090e-63,4.311466293368360446e-59,2.425217802677438802e-66,9.631815582180788355e-66,2.268281264635690691e-80,7.082380101528006410e-83,1.555927607809027539e-81,4.664217825805942047e-68,6.990771942768962690e-84,9.352022464913645123e-84,5.995564032333614816e-63,5.174421745935707471e-70,4.206244348827389185e-62,1.514419789091403451e-69,2.424977862802405090e-62,3.444842353968912360e-67,6.897073034954786232e-66,6.706088421717709213e-83,8.668399400550541012e-66,3.509788145869261594e-84,1.648762475451452594e-81,3.190319286863790141e-82,1.004870106910740919e-69,2.338409206685190102e-81,1.249882276569976823e-68,0.000000000000000000e+00,1.665471995944752614e-69,3.345117641652422032e-81,3.712309011030501726e-58,2.313709694652902519e-68,8.398379964846184194e-65,3.588114217636764935e-80,5.001513780686793836e-67,3.435973129265557879e-81,2.794510378803573463e-66,4.482407484828686466e-84,1.216702100181933190e-63,2.026850043041359453e-66,1.237882621328259801e-80,2.406456187054655035e-67,3.569224227173367568e-80,1.842447798833488353e-80,1.469567983476047422e-81,8.219993558197393766e-81,5.676276838025926796e-80,4.109983159157607624e-66
9.056541132311693693e-69,1.712550238715918876e-68,5.600952548168498796e-69,7.274247508406987797e-68,9.618775297000344755e-53,7.191090492286326167e-59,4.587340690629818274e-67,2.584734780121883323e-66,3.232616912091284070e-67,2.151600692787109384e-65,6.426966657766601838e-68,1.821685891355523768e-68,1.951098214157640000e-68,2.039070283928562895e-66,1.527489751352475149e-54,1.729075329190224112e-69,1.245043175712433429e-67,2.369775113597821643e-66,4.394406340756783512e-54,1.772591948583399426e-65,7.312359973719231006e-67,2.515715115878616933e-68,1.197493278456879089e-62,8.579840386350367749e-55,7.203536535747890969e-54,5.650604665166511973e-59,7.661691781420018580e-55,6.604398351999398617e-67,4.565915393610785816e-69,4.527803215515371643e-54,8.737904544217460334e-53,3.197396619902715347e-56,5.418106633031844432e-68,1.908191865034699583e-53,3.351634230320648754e-68,1.645069574155150727e-54,9.611754997585777947e-53,3.131310535661818610e-54,8.405770479396956977e-69,7.215980720718584483e-55,2.550886445549396325e-55,1.457803389153865469e-53,2.694068251673528281e-55,9.038720462427618894e-69,2.810715560438773055e-66,3.490308669756990141e-67,5.267704780303391966e-69,4.696926271726017251e-56,1.503875118117514905e-49,1.061520065761957345e-69,1.761770390962402525e-58,1.489658219158579547e-51,1.902829252447429673e-53,9.306648205602209454e-59,2.664581910669072464e-51,3.356787207214453683e-68,3.322535765547797678e-68,2.204927394935981071e-63,1.798583105140339843e-69,3.805435163715301298e-67,1.638536247784152985e-68,3.194034658372922456e-54,6.410447132194415004e-69,1.182824578888535043e-55,8.683385862691943304e-52,9.795569312236731713e-52,8.314952467456288225e-69,1.012017285044785461e-66,9.888519565625452769e-66,7.746995836716183618e-67,1.784550841759032724e-62,2.428994268105266164e-54,1.675864777509715401e-66,8.904765877915269196e-66,3.853228740711996733e-54,1.427375109894848263e-64,3.324826732213556639e-66,2.947444557764755119e-55,1.405115910105783572e-54,1.174482147784167541e-66,3.349392930378335574e-66,1.474844875302720528e-54,1.398452726806379233e-51,4.568303479635634685e-53,1.968336956773333880e-66,4.289256697241422194e-67,2.635818360776034978e-67,1.549438799134403455e-69,1.425886100083790776e-53,3.338864608346228518e-64,6.316127102503544055e-54,9.213941363355033729e-67,8.707659661161265836e-56,5.680184719875214423e-69,2.273300896499602394e-67,7.358321938625326598e-68,1.212759448039129849e-54,1.178164848007283304e-67,1.647802410783148471e-68,9.439279549445135294e-69,4.224850232335452707e-68,1.409108944507087380e-53,1.535154608706431640e-54,9.665451259984280773e-69,4.111674158632401065e-68,5.873979833150633469e-69,1.025796395553398930e-53,2.737043394514725822e-66,6.172636797082030704e-54,7.410278594136850659e-49,2.947701731329243747e-54,3.501700284570607953e-68,9.857485336907018932e-64,5.409952245404441523e-69,3.266593063231767720e-56,1.104616144676838878e-53,5.213548862270692825e-53,1.538508104466094212e-53,6.040133131608621056e-54,1.848460208547677671e-50,2.090027761110047283e-55,1.183898966244443830e-53,2.096081996242237542e-37,6.786263971350776804e-52,1.265842426144410694e-52,4.209464257935731409e-68,2.664589543296936749e-55,7.970001503896359715e-54,2.410713375496999945e-54,1.236365507329300247e-54,3.368941981924125368e-67,2.825947149182169112e-68,4.376504308527532518e-68,2.017713850532746485e-66,2.086582958537392575e-65,1.224692132758685703e-53,2.316065543769806621e-48,1.040034110874724665e-57,2.599433067108393025e-54,1.118967116483451773e-68,7.344661584545521828e-59,6.707404878229310077e-70,3.852591932018474235e-64,2.220657283623574474e-54,4.396455985937712026e-66,2.082769811645459856e-53,2.671491355174618989e-68,4.084317188429365256e-53,1.682878793024104729e-65,4.108317364126940209e-54,1.239199947216479990e-67,8.989845708335611430e-53,9.244145896037539235e-69,6.162783563805109354e-70,7.266513865435711461e-56,6.176312159435613588e-69,2.174545964513548743e-54,1.655758964212574779e-48,4.143688888902944330e-69,6.004574883278165688e-54,3.361196291494549532e-67,1.777192359344070878e-69,6.856692265266819601e-56,9.519044366654732514e-69,6.522744257048040533e-65,1.044819872943639116e-68,2.396617182870306357e-68,2.238408481637881363e-68,1.774740934667635217e-54,1.763414054195979315e-55,1.123461795402616233e-53,1.047387945147971551e-66,5.891473795981304617e-69,2.550857037231041537e-68,6.260709492012048423e-53,2.677720439703143655e-67,1.451662982472434097e-65,2.060805675118630861e-54,8.743345478814185464e-68,1.117661418951569878e-53,1.236085410529148826e-53,8.764713388760383833e-53,5.476164993327309451e-67,1.692084430452870562e-53,1.839965389734413574e-53,2.431725427118780111e-54,4.909127114263832716e-69,1.493857493114589180e-50,1.940955594059515918e-55,2.098119305301146027e-68,4.059942944212026658e-51,1.359382062502460018e-68,1.426965679942042930e-68,1.640448776816684314e-51,1.815266079540538547e-50,6.984838416231441924e-59,2.264685450164625886e-51,2.282403361000226121e-67,6.780572020052168823e-53,4.824503409465904665e-69,2.006492155108734824e-52,2.730290162960504064e-54,7.802515062356540336e-68,1.363065196584789840e-65,7.751946175940851083e-56,7.936509796314105624e-54,1.781447815406296629e-53,2.735282221218534612e-54,3.478582995403951601e-66,8.493778865858254744e-66,1.778972719115911796e-54,1.189882002506889490e-55,1.501909994402580269e-52,1.239163903769164815e-54,2.640863102381890627e-68,1.219647776213737130e-65,3.704036418919885036e-68,1.317816666945668401e-53,1.099118203661151882e-62,2.309722095753425948e-64,2.387153280120253939e-54,1.525782164756025630e-54,3.122695553831303028e-54,1.409063151841960482e-50,2.142438957279324120e-54,6.310965998306247383e-56,2.550044801581433680e-54,7.625144629166463385e-67,3.174813495660081655e-54,2.527771173914815326e-63,2.597958329579585238e-68,1.101891696213266739e-67,1.469040717384364550e-51,3.660457350027752008e-68,1.490832055171965156e-55,1.665471995944752614e-69,0.000000000000000000e+00,3.246896228598264871e-68,3.561362186101096104e-54,4.581116673271633424e-52,1.984086200170266370e-53,8.032155824579501697e-69,3.305331293048205683e-53,3.043836020200328468e-68,4.912039682090274157e-54,1.869438097665003211e-58,5.924685033161098813e-54,1.006122350712359272e-53,2.006585299286312021e-67,1.499027606007414614e-53,9.110728954669153995e-69,9.873646397979566233e-69,3.194022600617352764e-65,1.692547281732306071e-68,9.668524400317562881e-67,2.393627244004411718e-54
5.177488355105239472e-79,2.210008830750348353e-77,3.375957170611702989e-80,3.304317565951051194e-77,7.251778845753854754e-64,3.729877815992969419e-78,2.775733424522258443e-81,1.045825519128858259e-81,3.728675159744981060e-80,7.741714188859668031e-82,1.163847606793079867e-79,1.239095020387106995e-79,1.043655257187554676e-79,1.038463090323097242e-80,6.068444920388302118e-66,1.954776353442172109e-81,7.733143203438142617e-80,6.319812868741649480e-77,3.604107055098435369e-64,4.792237285159428234e-82,4.184210400545446408e-81,4.338014691158579219e-78,1.382828700137199853e-82,5.604189621008558593e-67,5.725529336817553767e-68,2.518593123627259196e-78,1.285493538807105549e-68,2.425383973242708117e-81,1.269950741301347626e-80,6.782807724440125355e-64,6.906053016816319843e-64,1.249521935665250565e-66,5.581851200973463402e-78,2.609162224161973926e-63,2.755649006992867046e-74,5.427770588943596494e-66,3.631865391740810450e-64,1.143442891664941367e-63,7.108965663581430009e-79,1.289618162367159833e-68,6.219963978800273980e-63,8.702820975940808435e-64,2.008952977041955207e-66,1.590888395319532971e-78,1.402832484123220309e-81,2.368133642756614322e-80,1.685669013764853310e-80,1.978493357801575366e-66,8.820234877173180254e-68,9.512468524813625251e-82,9.516715390124261204e-83,1.891831191564027939e-68,3.067977401208279224e-63,3.159706304698685873e-81,1.506752645558312531e-66,1.166609979006533606e-75,7.099066548515929850e-77,5.565439935590899988e-83,1.458617261977539886e-81,1.536640659371494792e-80,2.973711835700963808e-77,2.871555706270577779e-65,4.655787051548550791e-80,2.708910185941882710e-67,1.124969606992309164e-64,5.838355957335365655e-66,7.426684402597878922e-79,2.919616740005037768e-81,6.155425724419357905e-82,4.049593077426512051e-81,1.478911865719875859e-82,6.642555975543149715e-66,1.473136948638592196e-81,5.671184754841582538e-82,2.418700408355155981e-63,2.087173077051902621e-82,5.219254303166344498e-74,2.531222082960040097e-66,9.095504093567191564e-62,2.476343077733869153e-81,7.314335156896159488e-82,3.487368016208828016e-66,1.152418793511569982e-65,5.130747548312791495e-69,1.147713518758797405e-81,4.026009804936196993e-79,5.713638467818541196e-80,1.628579188646931092e-81,1.136332753167458184e-63,3.258654736355500982e-82,2.659301654927416463e-65,3.077152995244824031e-81,1.693847005966123130e-63,4.967565596848311749e-80,5.230583647587761287e-77,4.294078113041873640e-78,1.716936366153110461e-65,2.032076010290204142e-79,1.606020783014806692e-77,1.419970216193207742e-79,2.005484745003557994e-77,5.777328032468314374e-60,4.798516079481939015e-66,1.752180479542422078e-78,6.886177179461614959e-77,7.647266124977383640e-80,2.514305971450525629e-62,9.201167842454833423e-82,5.875919794121643045e-65,1.296099097902215297e-67,2.708208821239975122e-65,2.875996290665155885e-77,1.582528701108740280e-81,5.485626788226040980e-80,1.284193129279267252e-66,1.751963144453414983e-60,3.963531194251327305e-69,9.377942831522519093e-63,1.091105714034518822e-63,3.251959235275487318e-68,3.272636103189313036e-65,5.596334260258525650e-61,4.516171100675452878e-68,2.027100028849498995e-65,9.641025299325531263e-62,4.798929652196072452e-77,6.890308260851165325e-67,2.263233176755940236e-62,2.038341488248921484e-65,8.795726504187457277e-67,8.664393577310220236e-81,1.209569131274239621e-76,9.103026953946239456e-74,9.912738519957205243e-82,5.364008270226545735e-82,7.290780367329777612e-60,4.000587255740139146e-68,1.454724782196835715e-82,6.044807946554802832e-64,1.878630806169257257e-78,3.900172787624030456e-78,6.297024042489829331e-82,2.543244142096091106e-82,2.780921626230103619e-64,5.115745677522108287e-80,3.002267914345407909e-64,4.000000179476109197e-01,7.434648441747034662e-66,1.105450532312276633e-81,3.118688769182097954e-64,6.795533717912412256e-79,1.457746208780170112e-67,2.003844799780914064e-79,5.271595344375160122e-82,2.366162110919140396e-65,6.977974295788288582e-80,6.106783621915466047e-66,8.394864526964316794e-68,7.505725804715976392e-81,2.984387904768746520e-65,9.850854129389627644e-81,3.794402024094112968e-81,1.644937523688063053e-65,1.851337449250255265e-78,3.280155642171497472e-82,2.209666289617009794e-79,1.439426602699279637e-75,3.100528309078199155e-77,1.105514202044945709e-61,5.748140279958454270e-65,4.753013709443928157e-62,2.246433337018977220e-81,4.795588426689404445e-80,3.379330375394270311e-74,6.792319833206673118e-63,1.818763083696933553e-80,4.107823643949530709e-81,2.833992971333079807e-66,5.153047527752029518e-78,1.138551163712925914e-59,3.390526155820561911e-64,1.725466438244754796e-67,3.018133727590397673e-81,4.201945133692023873e-64,4.800062938787404017e-64,4.847267908118459095e-66,1.768583496678932991e-80,3.685135708098628750e-68,5.296357079685057683e-67,2.666603895037989162e-78,1.252471517100075316e-66,2.768431080065483368e-78,5.068648441355816878e-78,2.314268696787370329e-68,3.337100842169419845e-68,3.689338685300758414e-78,2.171424529754739058e-68,1.490445576617516895e-80,4.436729999695436804e-64,5.980686925222637557e-80,2.782013284214659142e-67,4.683608494804009962e-66,2.623373034364643156e-79,1.043752186167497636e-80,2.532415521526023429e-63,1.495630866979262769e-64,1.151019329424526117e-62,3.215284606779880608e-65,6.466684210650889700e-81,4.833708236832071104e-81,6.857447630235012321e-66,3.049278050569893049e-67,3.179674555317197722e-62,9.753059530515045718e-66,8.109336657317662791e-78,2.393086513777986720e-81,5.996082319935959131e-77,1.729164110852909024e-65,1.202697537454392232e-82,1.987483557722613987e-82,1.109140337291232047e-65,2.705315362490369088e-68,5.109020470745526372e-66,3.089674102367605491e-68,3.269195674613996807e-66,3.387704128000866399e-66,6.146669453705788322e-65,3.067612769069716976e-81,9.416412409714096794e-65,5.887917398526104439e-83,5.409075081236073033e-78,8.661069054793551677e-80,2.276490646702259894e-68,4.701882608654289637e-77,3.895739851158025486e-62,3.345117641652422032e-81,3.246896228598264871e-68,0.000000000000000000e+00,6.188580574417622505e-66,9.017099949956452798e-67,5.274109725670021016e-64,4.082011098628813589e-79,5.036673169152044885e-63,4.295153955772541920e-75,2.577358590360744032e-63,7.078054733928288114e-83,4.072788521033278576e-65,2.838504308907645916e-60,2.116819483353598776e-75,3.440176340429069613e-63,5.645883622614937402e-79,1.544974988379577312e-79,5.130158150389455728e-80,2.132588541537417089e-77,3.999999906267333594e-01,2.465559151319695765e-64
5.581801128622152652e-65,1.215229910250189160e-65,8.820008012333126704e-63,2.713496151009594738e-66,1.140374814339165405e-51,3.998425571112862761e-64,1.246678507972241529e-67,7.391834669870235832e-68,6.914888068274881101e-67,5.821019648249748698e-68,1.038116007866931962e-66,8.887062465963503967e-63,3.963073286832617947e-62,3.921769845072668686e-67,7.722697349683301393e-48,2.941664159074791293e-63,6.002141058411961988e-67,4.129440994319831693e-65,1.396358520017634990e-50,4.155744162130155390e-68,1.803545195256181607e-67,3.888098230219500120e-66,1.768008277400093940e-68,4.637912015786548130e-49,2.527231538611984548e-54,2.920673704057003373e-64,4.764340216105907169e-55,1.082375898899701769e-67,9.323598681935600180e-59,1.703128516342363263e-50,1.175980633707514987e-51,5.017210678745472476e-52,2.764082737375503539e-64,6.726386933181937665e-50,8.679782506347549301e-66,4.775956205173152377e-47,7.782457056564740728e-52,5.265652807881628557e-51,5.282146712597399055e-65,4.370265776999513934e-55,4.097214432118111725e-53,4.284316286903888135e-50,9.814194518230590228e-50,1.591767661038133955e-65,8.167153951967801998e-68,5.736745359840148261e-67,3.406037961811598019e-59,4.239353660027326961e-52,8.532842526089501652e-54,8.467206224324215992e-64,9.770732828333863883e-69,1.749854717705673883e-54,7.272502418737120083e-50,4.010107054542417669e-67,9.986145187300456730e-53,6.087757401136988543e-66,5.251578274141071037e-66,6.621900068834440702e-69,2.000898900585818825e-63,4.308883753640181558e-67,1.583243667322980349e-65,1.815416741434296541e-48,4.101228153193534561e-63,3.225116279778601250e-45,2.316292691687217800e-51,2.681714276783297878e-52,6.458523557991817749e-65,1.449705810330839258e-67,4.158866132075804821e-68,1.772894266942597516e-67,1.512963733651202411e-68,1.493932422495880986e-43,8.916516558547887738e-68,4.069462414945743636e-68,3.629236486799630083e-51,1.675797268401189511e-68,9.828717790145610903e-64,6.688719835412364016e-50,1.546385553316066313e-52,1.202554777272403715e-67,5.973887800575479157e-68,2.520079099656117233e-43,5.153411243381200832e-52,3.287264338656980665e-55,7.201100636913264293e-68,3.418844732578966678e-66,7.130603609169509115e-67,2.156881170838367985e-63,4.435319614642437095e-50,3.307332976920425820e-68,1.765290289803897135e-46,1.529983317915193408e-67,8.622027398527141606e-54,1.143146639263848543e-63,1.692449670645151529e-65,1.802880471776150260e-66,1.407708060988435899e-50,7.625306700185560949e-67,1.461845040855797018e-65,8.382046168927998609e-64,8.596447673321380198e-66,2.736583740404772871e-51,3.029635064284727904e-47,2.026308832482086332e-65,9.047115701698033825e-66,7.207091598874277406e-64,7.542534562263473418e-52,6.699852346745647562e-68,1.384272342471668317e-48,1.326855609179110565e-53,1.682990537036513215e-48,4.387402373290248823e-66,1.422434360257592272e-67,9.809381162141679607e-64,7.886480691681812746e-52,3.680064384087954615e-51,2.726058137300304394e-55,6.682899992424110730e-52,9.128415534408389390e-51,2.969446193278738524e-54,8.852246504164778413e-52,7.028569731880713653e-51,5.533676666563261671e-54,7.639488907361998713e-52,4.346023494345815573e-51,4.000428685761442479e-65,2.431994232296980545e-44,7.055298547366830044e-52,3.850207447115218688e-49,6.075276551282456104e-49,3.107287879354341642e-67,1.946797020702846297e-65,8.074423694204338909e-66,8.101588241425284332e-68,4.134109672629654104e-68,3.076233769655678109e-51,3.962919487422280205e-54,1.639505078958470110e-68,6.374771579508785892e-51,2.124151423820049346e-65,4.117231550327059754e-64,4.666409302126672580e-64,2.766254772830807588e-68,4.988669548305799690e-51,2.045486030129794501e-66,5.462652711479239126e-49,7.582028821602072940e-66,1.385365106175009515e-52,7.027598167097927254e-68,1.393365335420016324e-50,1.327797109412489153e-61,6.990427729671371058e-54,4.231255781712390952e-65,3.948510261804568085e-64,1.127009054105318627e-52,1.073606089889566364e-63,1.221288433248716659e-47,8.376590481901967439e-54,7.240220635698975367e-58,1.671412402038129584e-46,2.770898285970021588e-67,4.647666959370240304e-58,1.823850797292969863e-52,2.336724305493582395e-65,2.665899297566609013e-68,3.182841466503726825e-65,7.357482774336097510e-66,2.076140134405751132e-65,1.610231695300735553e-52,3.456602493168547710e-52,8.214704409563988646e-52,1.283800869363329725e-67,1.245401550483062457e-63,5.371067752100899003e-66,2.206903834265137735e-51,3.700825832094372170e-67,3.175172090442899991e-67,1.954353427666664815e-46,1.865938926322309123e-66,4.303508509965933916e-51,3.631227629646312335e-49,8.424760711418677406e-54,1.305449564694213100e-67,2.489310716537323365e-49,1.974463310742937723e-49,2.389343057345931478e-37,1.272532594200420568e-59,3.500682322538903594e-54,3.377129944793742891e-45,6.440516083707164665e-65,7.829129324850929297e-53,2.794589279949079591e-65,2.363536154946405996e-65,1.781452185707953054e-54,3.399585530682594980e-54,4.263188311020082493e-64,1.931160035473313062e-54,3.759377404914472245e-67,7.663625320689870230e-52,7.905937743763874455e-64,1.532105884884044878e-53,3.905274560165361058e-46,1.287169295901884994e-66,6.291089233442644838e-67,8.202880031959921016e-54,1.204330130174710341e-49,1.031685957013611886e-51,1.880634832680933957e-49,3.042596848043451679e-67,3.150501556359400051e-67,2.429358266265399255e-47,2.180387954463850644e-45,4.321253007811480154e-51,2.673496820179167285e-50,4.400128283701972172e-65,1.381332402560119978e-67,2.869859071513921096e-66,1.012461328858691397e-52,1.308436581823700210e-68,1.862022988153343880e-68,1.435261702355034237e-47,1.064283941341477497e-54,4.121286825914534474e-46,3.132984357323790876e-54,2.233848958181716988e-46,7.100227072935540954e-52,1.655997070418670148e-50,1.390051940196501127e-67,2.254737309643834142e-50,6.595705805838279443e-69,4.069186869056168357e-66,5.691584374315032140e-67,2.200940394860554649e-54,4.975636386851254756e-66,2.550685975200643752e-53,3.712309011030501726e-58,3.561362186101096104e-54,6.188580574417622505e-66,0.000000000000000000e+00,4.621162321906008282e-53,1.562206299462430756e-49,6.274327331325100597e-65,1.085699627635378602e-51,6.251013474904812010e-66,5.281048111400384470e-51,8.456641657778173830e-69,2.197082689553520188e-48,4.061445053831978960e-51,2.209665161863363219e-65,4.861762120937586095e-52,5.871235624672957707e-65,5.454936244840417492e-65,2.968668662984287542e-66,1.378757421481058718e-65,1.129623208874110648e-64,6.972419885863960567e-51
1.881602256787928960e-67,4.075379004033661627e-67,8.246855769000836252e-68,2.959300590028322510e-66,5.841227033952929695e-51,3.221038947773061954e-62,4.546772654316153992e-63,5.719156993573101926e-63,2.231574580355064238e-64,1.313419479609269370e-64,2.495100478911723070e-66,2.877580520393069404e-67,3.092788628489417916e-67,8.561959288911391763e-60,2.103592062310003691e-53,2.289423036407162413e-68,2.932398195491725839e-65,1.151507737054918570e-64,9.615946523468375072e-53,6.280031372552847850e-65,3.135116507316658552e-62,6.130267635170365811e-67,2.363047560149370038e-66,8.799733039605191211e-54,2.032957541320447634e-49,1.958242625304173504e-62,4.014854008086875983e-51,5.203737658248229091e-63,6.316441450946043532e-68,9.537381987388016473e-53,5.169586225591826116e-51,6.119067134406095734e-55,1.092046284468600080e-66,4.173173434725995855e-52,8.345648038873851521e-67,2.353634321844815874e-53,8.878698758852231324e-51,6.983383793738472587e-53,1.694943512578527734e-67,2.659010866914909359e-51,7.029307765564661021e-54,2.652527126229463541e-52,4.045219013920882269e-54,2.095678168039204508e-67,2.025366086328773515e-62,4.420539732457919693e-64,7.232117563615002294e-68,8.952047277290157832e-55,2.396225600200128507e-51,1.168336623605848144e-68,1.132649928613025821e-66,1.560042894313187755e-51,3.987882895423519576e-52,3.153630522736210948e-65,5.176372468153827718e-48,9.531466366096032094e-67,8.538478088026288071e-67,4.934316706617676521e-67,1.794735322232578203e-68,1.084217954747086780e-63,3.241287261006577274e-67,5.861952175427635527e-53,1.025598851129701399e-67,1.623207911962837384e-54,2.352026094570879777e-49,9.382416915991700336e-46,1.725185928212623247e-67,1.056516356748862505e-60,1.587843789965608839e-64,1.061274195249903866e-62,2.409059917152206629e-66,3.427831534725237803e-53,1.904339378677230047e-62,1.337342542330724429e-64,8.457045439988187437e-53,6.616157521933080494e-66,7.589057206060163013e-65,4.545451020534166560e-54,4.452123091831354404e-53,7.774124720780270322e-60,8.062461737929781290e-64,1.991347021627370302e-53,2.699971097603004408e-46,2.667000170070534199e-51,1.493033873927719116e-62,2.306415686211915147e-65,1.678751960779781456e-64,1.767690842405975371e-68,2.674254805586942032e-52,9.400147242709778482e-66,9.257503659386217270e-53,2.602220486046069906e-62,2.557167166656507872e-54,8.321285762319926157e-68,6.168331796695459369e-66,3.890256030307716966e-66,1.841309109924241382e-53,1.612520063518098485e-65,4.044153278817772348e-67,1.539209475460510620e-67,1.067898303188595647e-66,3.952819130619891005e-52,2.199820531371529827e-53,2.130187061064977312e-67,9.296468792154655049e-67,1.000545278178805163e-67,3.151499230442485756e-52,5.569610699161188411e-63,1.147594967922328662e-52,3.722542582530390172e-51,5.017741361159883836e-53,9.493649597114766430e-67,5.787405852274862381e-65,9.981664524725616155e-68,6.089185295583653519e-55,2.647464378382228441e-52,1.328440552462491560e-51,5.909836341077595777e-52,1.493277164730665231e-52,1.333812075166953995e-51,4.004130373158654406e-54,2.568789011438715698e-52,6.735636880357225710e-52,4.170597770309006836e-49,5.806860997902596172e-51,8.789270590982132984e-67,3.796293353436595270e-54,2.485481798310086677e-52,4.109687771278321516e-53,1.328779016755079603e-53,2.927217518698768253e-63,6.751979137124170197e-67,1.126098441790216506e-66,1.363761204573768999e-63,7.643492425367233030e-65,3.132059236492270292e-52,7.389706421967405747e-52,1.789928989695732907e-66,5.434736916593170809e-53,2.576062561540496934e-67,3.096770103657236039e-62,8.566346365264380109e-69,7.174421875633108030e-66,4.506513673741335362e-53,3.427937021023840653e-61,3.289480225615235019e-52,7.564581320562217644e-67,3.592939522667153811e-51,3.027378692467463767e-64,7.778925789461111407e-53,1.851665707176048455e-66,1.737172473785299072e-42,1.494218978205766368e-67,7.478618856996161914e-69,1.669342696177977462e-54,1.021492619042842953e-67,2.805344598443043758e-53,1.880479662466359468e-51,5.688314742550437874e-68,1.018798412459280419e-52,3.815939395710396119e-63,2.354505945154842970e-68,1.225244342151155202e-54,1.981794606547297585e-67,1.395609110963685391e-65,1.675680493789104211e-67,6.996855573653613872e-67,4.660032074960817980e-67,6.311847049217319568e-53,3.311891128027657423e-54,3.749131023716568974e-52,8.260813861020880031e-60,8.934347274726112045e-68,6.936045684775924878e-67,2.427747736380941431e-51,5.432685204931593389e-64,1.262200006153563277e-62,2.572364286474560093e-53,4.439961438034452383e-66,2.886699102573308078e-52,2.175734648924750329e-52,1.622729030723769829e-42,7.426338182531929505e-63,3.291471166554574159e-52,2.939418281646517867e-52,3.193365463056410173e-53,7.439054832691703525e-68,1.697002431798611981e-51,2.857664833598576540e-54,4.367771330234397554e-67,4.968572059102186147e-48,2.983859823413988190e-67,2.933511968770019934e-67,2.661066220908123488e-51,1.151818895919288958e-51,3.103227681756743874e-62,1.748165472271042631e-51,4.557408989726133245e-64,5.137470117994984851e-51,8.100099071329702315e-68,7.892481771441233575e-36,3.331125803944371352e-53,3.133718499819223005e-66,1.942887141686984638e-61,2.293523574063872633e-54,1.224390570751977113e-52,5.966733051559949236e-52,4.824139730037766680e-53,5.798739803207901808e-61,1.070016486599262739e-61,2.759757764529891092e-53,1.913829802861932281e-54,7.843437494668900941e-51,1.685730363595886492e-53,5.742518613566217319e-67,3.415299569981969147e-62,1.321721674849121042e-66,8.550332046587819748e-52,1.888168691686158460e-66,6.230580439168443287e-66,3.702989253256326553e-53,4.098809555821718873e-51,3.617576645404136344e-53,1.258708557696316470e-51,2.555532811881572835e-53,1.167492297229355590e-54,4.147167589636081402e-53,9.756656416200430923e-61,5.448601300367947936e-53,5.532159821043777698e-67,6.227234895491272906e-67,1.903523243910289296e-65,2.102175950421442599e-51,1.003088909335661934e-66,4.399319409566114672e-54,2.313709694652902519e-68,4.581116673271633424e-52,9.017099949956452798e-67,4.621162321906008282e-53,0.000000000000000000e+00,3.857738003187344775e-52,1.646505122160623102e-67,1.304625929398813503e-51,8.559454007663667185e-67,1.070944851432896868e-52,8.871059996138218715e-67,1.024240473065142011e-52,2.435918426736245804e-52,6.196757715753493205e-66,6.413412323588236603e-52,1.919176880856614399e-67,1.610422742291229550e-67,2.428996204982520444e-57,4.199256456875079411e-67,3.080017986608570085e-65,5.598994789668974814e-53
4.440541664506473379e-61,3.561944856565651677e-63,1.941552993406338454e-63,9.927238356787941040e-65,1.443681810217818977e-50,2.419522716063943868e-63,9.104910017738420367e-67,3.195850818451933148e-67,5.520016096954643229e-66,3.588262491848969372e-67,7.783850664381023595e-66,1.817739137614300348e-62,9.394469167477276398e-63,4.240643301901380950e-66,3.113173469690505388e-49,3.945541299396211659e-65,7.213117298346053272e-66,1.016856509197825553e-63,1.163221561906604022e-46,1.671045535595880208e-67,1.384681725335149937e-66,7.017290666283116301e-65,6.123550512264497944e-68,5.754478993590109184e-51,1.600439488663965701e-53,1.309737122733846537e-63,3.514533350105005613e-54,9.176217155220500883e-67,5.348593450311395477e-64,1.092744690657978289e-47,1.792834150059193180e-50,2.482943438303272694e-48,4.088969065706648561e-61,1.024604123978030603e-46,2.758332705549077184e-64,3.048517153769845802e-49,1.449430627472391018e-50,9.054210543541229686e-49,1.075836560125586824e-61,3.145736081555336106e-54,1.953645936151359345e-51,3.050848755759592191e-48,1.215510667685283645e-49,6.189380218943818212e-63,6.422985813751599261e-67,4.385032811591365980e-66,5.665863984485132441e-64,1.327488585563795491e-48,4.486176252328703404e-53,1.252389453639405744e-65,5.487469674661691638e-68,8.636301558063436360e-54,5.877829322874701043e-47,1.751008604465506534e-66,5.107626072666890274e-52,3.474209677033488168e-64,1.232327776593933829e-64,2.806545716125743698e-68,1.671643331930561159e-65,3.978862519637739928e-66,1.329503355536784636e-63,2.403774622030652673e-48,5.106244302865227728e-63,1.253736988124854547e-50,1.460159298434040404e-50,2.080051490971595158e-51,9.834848131676961617e-62,1.150653398329993283e-66,2.750410263472314646e-67,1.068408874174603165e-66,8.459220632612388991e-68,2.563021914056626493e-49,4.654130164972136076e-67,2.322710713867872296e-67,1.157564822079950603e-48,1.077395364891040992e-67,2.888699294195164523e-62,1.830477465552257479e-49,5.203465272639133558e-51,9.451653050526486661e-67,2.559590950455650573e-67,1.440683753348996680e-49,3.082134146990265630e-51,2.124858964926919012e-54,4.345941959141589096e-67,5.292986678693469609e-65,8.743595312663071175e-66,2.219880259025452927e-65,3.304187518127401944e-48,1.431671154109428114e-67,1.375966465987799909e-48,8.234854174996358164e-67,3.961310692497608752e-52,3.848362250334007055e-63,3.732465354855118335e-64,3.740354957832376119e-65,9.826039338845018415e-50,1.218293591614179711e-65,4.377682884158759461e-63,1.763066497172923805e-62,2.896326185700628489e-64,1.328309138020690478e-49,2.766487216356888576e-49,9.872600756173057294e-63,3.369804375669872398e-64,1.489210169598179616e-62,2.650929967154644552e-50,3.140016134526124792e-67,1.915588376291845079e-47,7.365486711754140860e-53,2.290978859929891247e-48,1.651708268763312232e-64,8.327868320751279164e-67,9.608209686448910662e-63,1.157405191960392097e-48,1.559314897584610128e-49,1.933345479095179583e-54,1.866798417074113668e-50,9.646994007270991250e-48,1.692361838541825776e-53,2.800231305865763342e-49,3.491025915429357199e-49,2.738790766953033310e-53,3.658377534769344681e-51,3.524361248436810845e-49,3.228200412487374332e-63,2.188130147782590394e-50,1.944688562185412298e-50,6.113194494069696455e-48,1.068421279181733525e-50,2.429906770786687020e-66,3.050311385453306591e-63,4.331591232897930032e-64,3.596082233659706627e-67,2.520415282940610983e-67,2.883730228031567859e-49,2.028334091853065346e-53,8.738372551980090739e-68,1.478024795906758467e-48,5.789246385631715940e-62,2.253720133879226734e-63,1.323956330951333671e-65,1.234120855253887458e-67,1.326994090903913966e-47,1.744042320197204284e-65,5.446951633743923581e-48,7.561224449041128576e-64,1.002016892113600722e-51,5.192480287998145270e-67,2.103225831963027468e-47,4.564484740049596544e-62,6.338223562283980289e-53,5.207553744883550791e-64,9.125600554843947281e-66,6.506934425846154332e-50,8.926607713354528429e-63,3.008237745064932224e-49,4.831653952789732929e-53,2.193673963761686962e-64,1.613745806069691484e-48,3.234110029428316889e-66,8.006607330408205721e-65,5.383174098543749933e-50,9.049140636383055256e-63,1.512642103644682515e-67,4.899153678978075285e-64,8.017427378663860619e-64,2.609636768854506378e-63,1.361681591120369191e-50,7.353922438979944924e-50,2.156408876490337658e-50,9.086487281506418886e-67,5.544782091042246502e-63,2.198150050322099044e-64,3.941849022340875266e-50,3.496212084642403417e-66,1.632728853085724009e-66,8.808150355170552491e-50,3.946467277018833201e-65,3.555422492355724186e-49,4.457730534149135157e-47,5.613737421644746155e-53,1.006306248433812154e-66,1.734511165270855932e-39,2.978667767677890980e-48,1.390322253549835371e-49,1.150738790491645641e-63,1.888742426208778643e-53,2.118249934587688896e-50,1.080939734134757296e-61,5.488704982445278611e-52,3.753886840615436232e-62,4.869636720425988820e-63,1.259309898506100792e-53,1.503532897302489149e-53,2.127605650027801958e-63,1.008519390509545958e-53,3.390970437617893881e-66,1.266614911437581851e-50,9.726705877974145687e-63,1.230992653549354609e-52,1.462967510090637162e-49,1.607388033235228711e-65,4.309648266243816267e-66,2.352931402554159767e-52,2.643107639844574041e-48,1.789221899155118947e-50,1.436443111508767820e-47,2.315130632762639072e-66,1.819756468504817818e-66,6.218401672182487344e-49,1.000027663552174847e-50,1.536676874283536687e-49,8.174727614204727578e-50,1.637634794726767051e-62,1.453345700657470950e-66,1.134880334085367800e-64,1.309884907578564358e-51,5.813122497473038478e-68,1.026770620653092015e-67,9.090555155543992673e-49,6.655695972666981549e-54,1.376842876608059356e-49,1.415764532301294028e-53,9.400370170106957080e-50,2.047057826814680561e-48,5.054514634007592487e-49,1.144501995351266184e-66,1.365667396869962531e-48,3.633225885165680255e-68,7.338646660520327438e-65,6.624440951466101501e-66,8.887674054019403213e-54,3.016129844175038359e-64,1.239240980237472700e-51,8.398379964846184194e-65,1.984086200170266370e-53,5.274109725670021016e-64,1.562206299462430756e-49,3.857738003187344775e-52,0.000000000000000000e+00,6.295227429027144136e-61,2.232787331915748874e-50,5.872289130071589705e-64,2.049072702956079669e-48,3.843789027882271290e-68,1.285373570406858887e-47,1.225830756128225891e-49,1.186008002539205468e-63,1.496996198751218249e-50,4.664127180790770970e-61,9.117540981809027559e-64,1.739583745948729975e-65,1.876809942651694062e-63,1.042826849846446328e-62,3.033412112715839353e-47
4.000000002590666237e-01,5.048859875779652419e-78,7.290612812303795821e-79,6.165058751830439662e-80,1.062055361810711162e-65,1.043433129445017197e-78,5.305472899992111382e-82,1.713355455848724550e-82,3.943410541317464726e-81,1.614884024056629876e-82,5.089168055800921950e-81,5.009347924029074724e-78,2.917105184835102661e-78,1.818379383018151415e-81,1.061144385022513399e-64,1.415823567382802116e-80,4.674333553571949982e-81,6.010260658050147295e-79,4.418923039687808997e-59,9.124337415427029115e-83,6.613560522141924159e-82,5.270649005046526507e-80,3.587926862408651091e-83,2.480446566643123518e-66,8.587786220348323257e-69,6.876227093362050122e-79,1.687140958509138849e-69,4.318052412011350058e-82,1.608261987430693240e-79,2.431124174872767951e-62,1.071056289408264824e-65,7.361792829050651762e-61,6.262895959653325456e-75,6.877904964526363812e-61,2.289602316568174517e-79,9.285732612661148698e-65,8.023758481476449271e-66,1.735550312704036146e-63,2.880769278387215759e-75,1.585654558124298039e-69,1.486067200641217070e-66,3.056025325634809314e-63,6.342169845310307799e-65,8.065616598497202111e-78,2.534022177763687387e-82,2.265433983079212372e-81,2.127223232106296730e-79,6.471036220907583968e-61,2.162363439405606599e-68,4.570293773767299287e-81,2.793814069196180122e-83,4.400179512134966830e-69,2.872204530355192991e-61,8.247275139036455421e-82,2.699549193219381818e-67,3.350684987894662166e-79,1.146146126970944538e-79,1.352968671743533960e-83,8.372964255215486735e-81,1.784849305792521479e-81,2.043730702143166871e-78,8.239445365396607414e-64,1.465396094171053323e-78,3.461313514928853589e-66,8.909395439154116841e-66,9.989833311346085408e-67,2.354779709443334815e-75,4.644337498713245477e-82,1.491217348889039094e-82,7.127863791954455083e-82,3.634294988447554167e-83,9.133503321606205327e-65,2.453680578784955121e-82,1.197128020131845738e-82,1.857466023075239074e-63,4.958388381830119066e-83,2.857556424788674614e-77,8.556427968515509585e-65,4.437414150076717861e-66,4.401299021980278829e-82,1.393182668696419678e-82,4.668466305370950948e-65,1.769649686564740547e-66,1.068038419632573279e-69,2.111289109824566747e-82,2.267466587592574202e-80,4.056253595397600888e-81,8.749195298336180134e-81,4.337361959515831639e-63,7.611111216680901901e-83,5.242729669721344779e-64,5.329229707729533869e-82,2.520232428476440562e-67,1.610366666506728963e-78,2.435947181665107139e-79,2.560173171181313801e-80,1.039303753685191280e-64,8.802913582960156931e-81,6.762095139890087421e-78,8.907797499088732369e-78,2.012864258935204431e-79,1.220999860408783463e-64,9.314710492406128055e-65,1.601155618123024709e-77,2.583255644084134842e-79,4.896225806099695994e-78,1.814486382265696374e-65,1.853209014267884711e-82,3.505792029207915263e-63,3.348548308132500071e-68,8.462692194154478176e-64,9.515494694447719902e-80,3.691794245222697224e-82,2.756043141888635916e-78,4.406852596830299416e-61,2.043284926350231894e-64,8.709462347477398200e-70,1.195989070893395139e-65,1.672170350824296980e-62,7.433175511488326338e-69,1.594671608951088194e-63,4.519157545344181688e-64,1.154019683495573166e-68,1.997653991435168914e-66,1.891717144793498034e-64,6.022373064439352134e-78,8.911987242254861704e-66,1.395395274564744883e-65,1.370582598930513581e-63,4.065891427185170761e-66,1.105523669191154340e-81,3.865769180317855048e-78,3.329696036832552286e-79,1.775782421789340795e-82,1.116424708006484976e-82,2.931520675387733048e-64,9.748781961104142962e-69,3.957664020016443382e-83,3.247846442679779608e-63,3.976717154488296427e-76,1.061257971819573874e-78,4.247865603244163763e-81,5.973490859646055203e-83,2.458560821793654483e-61,7.273301180971589376e-81,4.661818886435815279e-63,6.419530720822554728e-79,6.038244510583514855e-67,2.218800297852530357e-82,5.820572092465672122e-61,1.737131025230001003e-77,3.244947567783129664e-68,5.270790985718610412e-79,3.061430850011467164e-81,1.897007414778053759e-64,2.766977801417435666e-78,1.168495345326204275e-64,2.111377310936158420e-68,7.730426060270610912e-80,6.498452971807352019e-64,1.403244641457262807e-81,3.837147674247251234e-80,1.294743951815940787e-64,1.638838371929711629e-77,7.115483381341423785e-83,4.605957828034091133e-79,7.816163873604392081e-79,4.396799962745858247e-78,8.394067939820924104e-66,1.831561147043318726e-64,1.954274685808295196e-65,3.976545976879814590e-82,1.982488548651131559e-78,1.971408767023539405e-79,2.530798843620201792e-65,1.959199321109434586e-81,8.443804473398974927e-82,3.088851719820812311e-65,2.781951289798091967e-80,4.076706364411696037e-64,6.217215024883059016e-62,2.916401643386508382e-68,5.429867293982222351e-82,4.761225537516872589e-61,2.889828593155555496e-63,5.004609144094388967e-65,3.341134748220767756e-79,8.800006847567448787e-69,6.698760621805635245e-66,1.222736468046308900e-75,2.553002709102140804e-67,2.515731085665156819e-76,1.253516626760038245e-77,5.309666914809704906e-69,7.282567746197926326e-69,1.073401028920975949e-78,4.684417924318327271e-69,2.005674095670073907e-81,8.302928373245878862e-66,3.158332969848977068e-78,5.616248119144475975e-68,5.717289223904534367e-65,9.869982832034313962e-81,1.942149460588497430e-81,1.886539762993685994e-67,2.527855489104402052e-63,1.358216939588437141e-65,3.633861650382845593e-63,1.267552593086311283e-81,1.016641203271850906e-81,1.651741097571606886e-64,3.838454871149166974e-66,9.122061649073431795e-65,7.547490104858555033e-65,5.558896100979282931e-77,5.578946019453163423e-82,9.469070168183478048e-80,6.895396536830240933e-67,3.026106460790977595e-83,4.685062817385235049e-83,2.438098994723623420e-64,3.472715753515799902e-69,4.969003079085748187e-65,6.889274598477316044e-69,3.612336521516094239e-65,3.214665642189851815e-60,5.047189599007418708e-64,5.386367521000283058e-82,1.320792546387509797e-63,1.661770233377508527e-83,6.734831826911827987e-80,4.950465285826786213e-81,4.829024541268324781e-69,1.865324202222531924e-79,9.871987388424677456e-67,3.588114217636764935e-80,8.032155824579501697e-69,4.082011098628813589e-79,6.274327331325100597e-65,1.646505122160623102e-67,6.295227429027144136e-61,0.000000000000000000e+00,1.528095457873905801e-65,5.342875157755938307e-79,4.029698524891135070e-63,1.917871030031254210e-83,2.113343143368611375e-63,1.499104844604434663e-64,9.531555752296472814e-79,9.637961160548968559e-66,3.999999999992334687e-01,6.644940665502403606e-79,8.962572278613090376e-81,3.134704222395502671e-78,6.152925056893684330e-78,8.735362195152631871e-61
2.032682468291633538e-65,2.558382611407413555e-64,3.615537660984195087e-66,1.178220577918249882e-62,5.245745739366181028e-47,3.511452161524227446e-63,4.152085963659976628e-66,1.786431218536792620e-66,1.254043680098957567e-64,1.084787859129341428e-66,5.973702241446590418e-64,1.153266477056138823e-65,1.072756591168822982e-65,1.525662411147838333e-65,7.603349773602496606e-52,2.862624919418462432e-67,3.432521948179905564e-64,1.331310254192348003e-56,1.157654995925168248e-50,6.838628048552454179e-67,6.242035428612526107e-66,2.311995392368446526e-63,1.836278292517618987e-67,1.237202156540978780e-52,1.181733438662133275e-52,2.674812492830107554e-63,2.741321695806547211e-53,3.120483844246284572e-66,1.615213604010615164e-66,1.944313225579842051e-50,3.214154376001652236e-47,5.555318453409030921e-53,1.866349595711680044e-64,7.143821293984077636e-50,6.997837459302049883e-63,6.752763129304221822e-52,9.171925748743984810e-48,2.719010533625787488e-50,2.760854807227463953e-65,2.708478959629276213e-53,1.111284701278204331e-49,6.603192344068382324e-50,2.234067628014374459e-52,4.144685521905986093e-65,1.973132313010909771e-66,6.405902407148836495e-65,2.180320274213820154e-66,9.493338040695884642e-53,1.052917364074607824e-52,1.709890325918584074e-67,9.916233857101655048e-68,2.683946532994863596e-53,9.344507391681231464e-50,3.323496294194924790e-66,2.271837731077212848e-51,2.188329249218229436e-63,1.109799119425161207e-62,5.755758301778666061e-68,3.414800320355977150e-67,3.430904089794686139e-65,3.386775265395874118e-64,2.630901779333049209e-51,4.386226631401482847e-66,3.591249598403085925e-53,4.721236718380544412e-49,9.949219037669930999e-51,2.719602333264984055e-65,5.118101808218662985e-66,7.119517941967398894e-67,7.044635026332222494e-66,1.576571477088384069e-67,9.912194254670331359e-52,2.369992837251713570e-66,7.689197533201040306e-67,4.203571589145323543e-50,2.140201840249991004e-67,6.281756284150680260e-61,2.595545297943513457e-52,9.513395284388404130e-49,3.828726215116145915e-66,1.235679180379869575e-66,4.903002819090788696e-52,2.404730545590015335e-50,6.563527661757109831e-54,1.742328385124884366e-66,1.614488248560627683e-63,1.612384509901486114e-64,3.181275906683373991e-67,7.117483486064486663e-50,4.017920170496878957e-67,3.009324933064924743e-51,5.064054291059128568e-66,6.055729601450497874e-50,5.563371903534896089e-66,5.400522186743300929e-62,5.200753388539800387e-58,2.259946385193047910e-51,1.105059111833437847e-63,2.363721517386302463e-64,1.048608059615175183e-65,4.330100818837429476e-63,2.135914633278508334e-48,6.060625768178046099e-52,4.402909242486371090e-65,6.758985627602648623e-63,5.649525432734927348e-66,8.620522510460833736e-48,1.609826064189322244e-66,4.018253233006384536e-51,1.499316142598025093e-52,2.678451667698295547e-51,7.496412952129662968e-63,1.802586340878570965e-66,4.376921035631953191e-66,6.138421277346646669e-53,7.175893613354649685e-49,4.901179739202644522e-54,9.820253433090067147e-43,2.715831997128641428e-50,3.677843262071563112e-53,1.006702304038645989e-51,5.251688326124127214e-49,5.209152135861241887e-53,6.819086222021560613e-50,7.258710235357002669e-47,9.224252441602550930e-64,9.555251294582829855e-53,9.561710886290230243e-48,1.665179491819575479e-51,1.715925617846249997e-52,1.679824386394842409e-65,7.568135942685574112e-64,1.152326214811635593e-62,2.111268570697798593e-66,7.008232498308639674e-67,9.699882033878949192e-49,4.197553083763386418e-53,1.578762128933716890e-67,1.652453114714057398e-50,5.187991663823241813e-65,3.953789664597631141e-63,9.756537596551463507e-68,3.280925352954137698e-67,8.249473421837679966e-51,8.237541195643950426e-65,2.921535179485889349e-50,3.465947139825834615e-63,3.747619731844563093e-50,1.296192915220566718e-66,1.269618232159002756e-50,7.860790308959071388e-65,2.046715087239799741e-52,2.527933520693033352e-65,9.177040785650097654e-68,5.635408622452215298e-52,5.979092104069787986e-66,9.321396006715148849e-52,9.395760913345792507e-53,1.034791753333433092e-66,3.033268628424640238e-51,1.476005504233408054e-65,6.445434905626061843e-67,4.610964826874922735e-52,5.035100729246192526e-65,3.771967422011129222e-67,2.764533418084126950e-65,9.987498926859720284e-64,4.173268497977855978e-64,8.455954634823502211e-49,1.530958458781012274e-51,2.905553160009805047e-47,3.652219191477195052e-66,4.901248171574974700e-66,6.826754993375208931e-63,9.524229968951439836e-37,4.170303836720053531e-65,6.867443189822562531e-66,4.417883897954384291e-52,6.155924988134096481e-58,9.341633124207820712e-49,2.238136032706513056e-50,2.690653038151159284e-52,4.458447953162354297e-66,1.973103484970853355e-50,4.464297208346860651e-50,7.064005162877998200e-52,1.948643408710838107e-66,4.652726919116216298e-53,6.297978490615302812e-53,8.968809444228649101e-65,1.743508578223045423e-51,7.828118560171898367e-65,1.403692314874976164e-64,2.725264126991197203e-53,4.220524232896128863e-53,3.348031162676006366e-63,2.829321183115364919e-53,3.421856059317504344e-65,1.420080542261595906e-47,5.177665496995159524e-66,4.062216389171151789e-52,7.437106703653876178e-52,1.170122703935421652e-63,1.502936614487953235e-65,7.788077922696570472e-50,1.295379808526799540e-50,1.072928523697979109e-46,1.995176164618855293e-51,9.990182048130826790e-66,6.914624376230295619e-66,7.325348218734119466e-52,3.638171835428045546e-53,1.604527307815896358e-46,1.346905345943883593e-51,2.353690483919501922e-64,2.842669998386828204e-66,4.618117769791125246e-63,1.209481929266437514e-49,1.387086068000051771e-67,2.265419259339747813e-67,1.251479908056989085e-51,6.386077632244434832e-53,8.441680309858866199e-52,4.150542226661895873e-53,5.413714790935236798e-52,1.411295158570731819e-52,5.373327754066869683e-51,4.730007928180643803e-66,7.345159315127617226e-51,5.748752171078080100e-68,2.464693309654212309e-63,5.038745763676632688e-64,3.310891141078995278e-53,5.787955993085258868e-63,5.403205026819035284e-50,5.001513780686793836e-67,3.305331293048205683e-53,5.036673169152044885e-63,1.085699627635378602e-51,1.304625929398813503e-51,2.232787331915748874e-50,1.528095457873905801e-65,0.000000000000000000e+00,2.567344035810693907e-63,4.723854184427517925e-50,8.042326327653302820e-68,3.301628411485981349e-51,9.172617251337918912e-49,2.220081291753562753e-62,1.059972354007569718e-42,1.954490052181879400e-65,1.714126574904184102e-65,8.655831838875573986e-65,2.791079008790050983e-64,2.557018819093091431e-61,7.759881061923091419e-51
5.786243424700855121e-79,3.756817017619519747e-77,3.970452120148436487e-80,1.134514809724338182e-76,5.053039078861774938e-64,4.059343488406803228e-78,3.747609272833526743e-81,1.111074558802634650e-81,4.220755707388752907e-80,8.633365313042534145e-82,7.019871822757470090e-80,1.247289545630972803e-79,1.002493282764651120e-79,9.857467142607887188e-81,5.457156780127227905e-66,1.972413131627073692e-81,8.908973273990679952e-80,3.119713055777071860e-77,4.656291389408691347e-64,4.680585800373244117e-82,4.983005479354359477e-81,1.222911567093808391e-78,1.546027964915837087e-82,5.753142642356374447e-67,4.682967796974519542e-68,2.652606512484848755e-78,1.166346236494527523e-68,3.054383476362783944e-81,1.242915972584688535e-80,1.165462716652850392e-63,4.251401434496388005e-64,1.394810269036266714e-66,7.166831599990584808e-78,3.735872903569078613e-63,3.116508657054905503e-76,4.853986618092497792e-66,2.772102164462452127e-64,2.397084217217318650e-63,9.304242560794097300e-79,1.091902428999309204e-68,4.115444781138692246e-64,6.387146150141892690e-64,2.063083687670158999e-66,3.865861646412856146e-78,1.491706330788459631e-81,2.301497773257533792e-80,1.890679142270175865e-80,1.845945642979288831e-66,9.159325118623579242e-68,8.898339289283421204e-82,1.113673691972444975e-82,2.138764088702030634e-68,5.531939091023377354e-63,3.150371729913337190e-81,2.150363063261072605e-66,3.999999993478694504e-01,1.306300042762767375e-77,5.638797570164137005e-83,1.297457617656174443e-81,1.473808881731385294e-80,4.090399166129377103e-77,2.852706617787879534e-65,5.879800760629219174e-80,2.897701130557839918e-67,8.884317825745660418e-65,5.352729902067208553e-66,1.055471452357272168e-78,2.723424816890213300e-81,6.826202895111792394e-82,5.230772072485350671e-81,1.448354708904790026e-82,6.999672400792530397e-66,1.631206658789628066e-81,7.028944023712100659e-82,4.195871818298854498e-63,2.528494529535490963e-82,3.759547157335582955e-75,2.439096925376654371e-66,4.981050812861484405e-63,2.148765935603036928e-81,5.997609107162341134e-82,3.533845718221590656e-66,1.119274246069649283e-65,5.815005662695208368e-69,1.276426907585023610e-81,2.155690898596711209e-79,6.742701194530619090e-80,1.616470131571881642e-81,8.687898681260524208e-64,3.513340316030377722e-82,2.957030389042033224e-65,3.700725000903761120e-81,1.176880212060095447e-64,4.596893910041349128e-80,1.153863052680394925e-77,2.802768558470671893e-78,1.445030937603854429e-65,2.073961762665916417e-79,2.908141282287565738e-77,1.807321690593222553e-79,5.458453499651731376e-78,1.399759069588255921e-58,4.655011135049225715e-66,3.216226336942640090e-78,1.229546490716388898e-77,9.096321037606579220e-80,3.126405895756037983e-63,1.003533322283839984e-81,7.683371938495976103e-65,1.268468977108573907e-67,2.920288215214247136e-65,5.233807066450383693e-78,1.854827668977955430e-81,5.614075535740504734e-80,1.659005641895541609e-66,2.936554900813534770e-59,4.769064605402678923e-69,4.291375769610838584e-63,1.980734210823915066e-63,3.438594032652299332e-68,4.557039006905526074e-65,8.955106059107532816e-61,4.313043556698295803e-68,1.447034886300974372e-65,1.026143508893603487e-61,2.688807268571130070e-77,7.409015029126363259e-67,3.270978881034181006e-63,1.886293483494667334e-65,8.139771185164678764e-67,8.778036190492825706e-81,1.125773669378794851e-76,6.956859339730447327e-76,8.483168515896393109e-82,5.232148860095311329e-82,4.222957801374808294e-59,4.084198198565220931e-68,1.238937384125192798e-82,1.132106567481570446e-63,2.410571133149775525e-78,4.270147158254083420e-78,6.718183553302462826e-82,2.533323986282511319e-82,3.153650720693803588e-64,4.930072160873529478e-80,2.499222070092547462e-64,1.651405115611469675e-75,5.333598058085773366e-66,1.216185663309087155e-81,2.411221047083668585e-64,6.429839740396035388e-79,1.631314208287693732e-67,1.502957521686277494e-79,5.831763652067802722e-82,3.099542390335322427e-65,7.966833775343650085e-80,4.904557176838541061e-66,9.271272896213468879e-68,7.672746164750562120e-81,3.745203368251404919e-65,9.871601756282054593e-81,4.355800424856485832e-81,2.299937669981030288e-65,3.727116322641745042e-78,4.007406887961804081e-82,1.457048399363448607e-79,3.999999999237489057e-01,4.578330672052967570e-77,5.728241703704143790e-63,6.554520515038963125e-65,7.213878899790396780e-63,2.241477420518977937e-81,4.487961937145065959e-80,4.027086735917975765e-76,2.201642224704220077e-63,2.304941259538630278e-80,3.965764700681675862e-81,2.422191254220687318e-66,4.029796676252531278e-78,6.392096538018157154e-60,3.364362851475515406e-64,1.744722606384769406e-67,3.869931890371345678e-81,4.672855516201819584e-64,4.376805186355265018e-64,4.812092258664191455e-66,2.029583103544219620e-80,3.792818007957207931e-68,5.415004872975252924e-67,3.611820526631042671e-78,1.563651061830825888e-66,3.059047180972803146e-78,4.464508828464606335e-78,2.308189854536887313e-68,3.405710559280244922e-68,3.891471125317181127e-78,2.150398356953111790e-68,1.455323492421062342e-80,3.503606476397077660e-64,6.537261164383386570e-80,2.771196291285114270e-67,4.147141569996379131e-66,1.257736734569985384e-79,1.053429984020933398e-80,1.655981758091093002e-64,1.268288507136934356e-64,2.285332218738185690e-63,3.237928768387920067e-65,7.989128999770810198e-81,4.927592874849208080e-81,6.340590645645098786e-66,3.702491994048539159e-67,3.840913185488166604e-62,7.521546765072141579e-66,7.400031088146741419e-78,2.210019169277916083e-81,3.124650274830467309e-76,1.164107500514388960e-65,1.352212378322505063e-82,2.143587319666013949e-82,1.143463245142528622e-65,2.189145912346624083e-68,4.399662110950093550e-66,3.306137177745860321e-68,2.962248866600329475e-66,4.439122143613838364e-66,4.448129742633306539e-65,2.802483703115132205e-81,7.197695081236169075e-65,6.157325540010339244e-83,1.429179602031830534e-78,9.591326039964465583e-80,2.360070259441084998e-68,9.678007013553275267e-78,7.251380171522341240e-64,3.435973129265557879e-81,3.043836020200328468e-68,4.295153955772541920e-75,6.251013474904812010e-66,8.559454007663667185e-67,5.872289130071589705e-64,5.342875157755938307e-79,2.567344035810693907e-63,0.000000000000000000e+00,3.713901364547515595e-63,7.626595906905200532e-83,4.299016468101146625e-65,2.437311114435152468e-60,4.792850450225950359e-74,2.145014283653245969e-63,7.061491788375393344e-79,9.758433526485007797e-80,4.990800987570358100e-80,4.939736333483036379e-77,2.976775169279011557e-74,2.981740471575112449e-64
5.426452748368441035e-63,1.550808191947234775e-57,3.764879561860774187e-65,2.331028317350586745e-64,2.241837550533013703e-50,6.160480173232234767e-64,3.535090656194183270e-67,1.248369624256053185e-67,3.504603501344817904e-66,1.038152939822443392e-67,7.787715367338356242e-66,1.558206168255830202e-64,1.038435472071036965e-64,1.062239946903627513e-66,5.547999332207792105e-51,1.260809748584090549e-66,4.947045920464324528e-66,1.151436135208033790e-63,6.208843659510166827e-48,6.701568768508768147e-68,4.934672096816904078e-67,9.685856078132274098e-65,2.357684539849042510e-68,3.014836884957635795e-52,6.473806542857974077e-54,4.157295862989112700e-64,1.264258603831463517e-54,2.682770376014733331e-67,9.904800587445812643e-66,1.234676259165658625e-46,1.873853650785302686e-50,9.776678865330348359e-51,1.928740257767160761e-61,2.716736688052257130e-46,1.817598576470495502e-63,4.432424474850638045e-51,1.195902516810440272e-50,1.094636052080632267e-46,2.259262708086921376e-62,1.215380136804861138e-54,5.463986437924385758e-51,1.409969602837039268e-48,2.581255661840806719e-51,1.148740141666632338e-61,1.825776185977210386e-67,2.104223231194653874e-66,1.492660815707623754e-65,1.776890461576048250e-50,1.326760176616736336e-53,5.152013381869673592e-67,1.524629750752888847e-68,2.801097218351749894e-54,5.421096583794183575e-46,5.644901968128225324e-67,2.017742824157815224e-52,2.825195457084999350e-63,3.675074536344714518e-64,8.431435896589401818e-69,8.675125755639324132e-67,1.464581767338453099e-66,1.076131341326107592e-60,3.114580978508817202e-50,6.126123489434109964e-65,2.150035085552930154e-52,8.504087617104740246e-51,6.770891196253009054e-52,3.200130191906250417e-62,3.149886125976121026e-67,8.859098471923900418e-68,4.592991718841602332e-67,2.261841455068961813e-68,5.321219134894433456e-51,1.842237702075668279e-67,7.422605877402067790e-68,6.198176738475232143e-37,3.016194570537573421e-68,1.356811521400894770e-61,3.633573443783386815e-51,2.343669109972881734e-50,2.912688625718348005e-67,9.475579729978270219e-68,2.898251653443076893e-51,1.414485258641042928e-51,6.351112387668208799e-55,1.467717733537215049e-67,2.473533032321871136e-65,4.276266950006461388e-66,1.002139885092161580e-66,2.571923147511247667e-48,5.225470489996717053e-68,2.450853083527593730e-50,3.756573353563287689e-67,1.075264678781723435e-51,6.636381738537167621e-65,6.368202543248853184e-64,6.343926257145429604e-65,2.160430510195845574e-50,9.684626048959007732e-66,2.703169497687174595e-57,2.867418376666520442e-64,4.083655999787198176e-64,1.068651543720787713e-48,4.568920597528280071e-51,1.783727213388069059e-61,7.162504350156350052e-64,1.223372122318409390e-64,6.070297481445950059e-50,1.167131601324013330e-67,7.674046029335160661e-50,1.952808951645586883e-53,3.130049575626953282e-50,2.558934561015271745e-64,2.369784450360300822e-67,8.154183646414986068e-65,1.251426135062828885e-50,3.632998406725504414e-48,5.187106604810135883e-55,4.286391316078972972e-50,1.390774554396226525e-46,4.679309653893721819e-54,1.158961182394649950e-47,2.424741393719421473e-47,7.278821306977911857e-54,2.083356888533732779e-51,4.772518342870836256e-49,1.144981924209832210e-61,5.691726332479326767e-52,4.822335835446537960e-50,3.336225765918894859e-50,4.689741806125669301e-52,1.025342069397615638e-66,9.040220556992727643e-61,1.926184405177146280e-63,1.348433970789143934e-67,6.892143732010388314e-68,2.590299850763189370e-48,5.799318013902931284e-54,2.304511465108515655e-68,9.893620103169999209e-47,6.012955817860066434e-62,6.004197535299103367e-64,3.990947366754198831e-67,4.085561616936276742e-68,8.827581378900992933e-48,5.927150215975192841e-66,4.614428297448558965e-49,3.451632131042747507e-63,5.723454123944435177e-52,1.357552926783167102e-67,4.921970443561876659e-48,7.068093462033035948e-64,1.745795630184746461e-53,1.784159716463256217e-64,3.119005794003695880e-67,1.260910386345475168e-47,9.476112073535724389e-65,6.199743637453496150e-51,1.283093008317170214e-53,5.189122921809371636e-66,2.675181173591507478e-50,1.027025824062399821e-66,3.054399642066340338e-66,1.243767496697561540e-47,2.155299470720659765e-61,5.019800478959810050e-68,1.793788069846998916e-64,9.581873268098506850e-63,4.432931802607545270e-60,2.505956309882248687e-50,1.440506791021782454e-47,7.563380519329384811e-50,2.872634047309398325e-67,7.039411774683042148e-65,1.287445973190908425e-63,7.240674278928695742e-50,1.543194667573269727e-66,6.192938355742357776e-67,1.953963183957826759e-51,8.261544347111217528e-65,3.733770284778859731e-48,1.387044650101808486e-48,1.903878815294568108e-53,3.674517068195857947e-67,1.702689577360673830e-48,6.673715367192937710e-49,3.457014723813100784e-51,1.507282980183868529e-65,5.179179766888435576e-54,3.945062353905433882e-52,8.170482676550142700e-62,1.622603166544327622e-52,1.041009641791116770e-61,1.053622415249510154e-61,3.213052808922783440e-54,5.187594557880290375e-54,6.221928220296089898e-64,3.124732438593537336e-54,1.542134343224304643e-66,1.340176386086974602e-50,9.353566190943879083e-65,3.430625934427054322e-53,3.724978765682965732e-51,1.265495549927501716e-65,1.332234808018455997e-66,8.359756516105592042e-52,3.180992071885627951e-49,4.718190647170908423e-50,5.306243689444699736e-50,7.450703126269451390e-67,6.569898520328525707e-67,6.127049678228730247e-51,2.376468034536586620e-52,2.541138469635934648e-49,1.101461142120386381e-50,2.763704003400189806e-61,2.912922667339319063e-67,3.962397080412231763e-64,8.674572449025532940e-52,1.901575910566502362e-68,2.983909462377349320e-68,1.058214406323458162e-50,2.880922618599697072e-54,3.923587101675620375e-51,4.444075382000723406e-54,2.429069098218859230e-51,5.818586441265247171e-50,9.621093658555228759e-50,3.292481155258345902e-67,1.949717605104451892e-49,9.687327080146222189e-69,1.275151793002628776e-64,5.977643212636087072e-66,3.291835346416361935e-54,3.859785487670860300e-64,4.222376824330176039e-51,2.794510378803573463e-66,4.912039682090274157e-54,2.577358590360744032e-63,5.281048111400384470e-51,1.070944851432896868e-52,2.049072702956079669e-48,4.029698524891135070e-63,4.723854184427517925e-50,3.713901364547515595e-63,0.000000000000000000e+00,1.184995268889427874e-68,4.888324949338469184e-50,2.288463784657889042e-48,5.658550399972680538e-63,2.987902783537247052e-50,7.915007128683743640e-63,1.474778769952438302e-64,6.216359575160793118e-66,1.361485278790060119e-57,2.598620166092802323e-62,5.209537684684244857e-48
2.211511554398396661e-83,3.810337977779589537e-83,1.289127592608366796e-83,1.729005149575305053e-82,2.214109563038576594e-67,3.127584926213758239e-73,1.079568927107347864e-81,6.170775841807699133e-81,8.188423600869546311e-82,4.460220657873762153e-80,1.604294772168824000e-82,4.133250187653218588e-83,4.221179086672288805e-83,4.036953649359609377e-81,3.431564116002639023e-69,3.678829720043516813e-84,3.253704780338178861e-82,5.431906327465580659e-81,1.024299934083472279e-68,3.696578756321938889e-80,1.758529118115966844e-81,6.114873739714634812e-83,2.180622346636706876e-77,2.052755114660705904e-69,1.530816053260565576e-68,2.619391956303062993e-73,1.656184304094485421e-69,1.489205349245970156e-81,1.011524379387573653e-83,1.167819180565639727e-68,1.903765330470483665e-67,7.945821441227817701e-71,1.265927321060018345e-82,4.842098312396902707e-68,7.289695375921572673e-83,3.634684065683527784e-69,2.121515138247977854e-67,8.173547903420439712e-69,2.097497645842026445e-83,1.473543064797484539e-69,6.080295228003178993e-70,3.268697951383486223e-68,7.257457538568206945e-70,2.193869651567016010e-83,5.776159815026018727e-81,8.153165501459248177e-82,1.278324201044459002e-83,1.109622653718309069e-70,2.912744297039149037e-64,2.349332154457085419e-84,4.000000026812062792e-01,3.440304442426738200e-66,5.081786844635788082e-68,5.568570000546225529e-73,6.423199154092332432e-66,8.550711959372040685e-83,7.830118220461942462e-83,9.367206692964579655e-78,4.548992234974247441e-84,8.178026952497706769e-82,4.065952053624393112e-83,8.247500172397887683e-69,1.499023927265098846e-83,2.908289001797195930e-70,2.075433463998215566e-66,2.018010143546603208e-66,2.304173882691308861e-83,2.122469357668663737e-81,2.255823173837338622e-80,2.038663661123892346e-81,2.871254630970319750e-77,5.788569957567145458e-69,3.765990240158980936e-81,2.042256893072765414e-80,9.444618814137847928e-69,2.771936715512768836e-79,7.749147204520756939e-81,7.330034736341518856e-70,3.300108820174723579e-69,2.399389517674610793e-81,7.081270380734151184e-81,3.492917576995247917e-69,3.388273311384839865e-66,9.716011410689969174e-68,4.294904084007236273e-81,8.536409908726230423e-82,5.968343940136832053e-82,3.675517185071019876e-84,3.308332026134107719e-68,6.497450421014136501e-79,1.580088837681157667e-68,2.346853522848828494e-81,1.959947164457310643e-70,1.399465734878031679e-83,5.074244955936703127e-82,1.924143103798565585e-82,3.203104191541146203e-69,2.929568459777113473e-82,4.293956887061373653e-83,2.352915883724668597e-83,1.015609313001518063e-82,3.517640649073106507e-68,3.626259386422815504e-69,2.360929892724561622e-83,8.616019738647630323e-83,1.417346987071413587e-83,2.210841979185243418e-68,6.131304449837069313e-81,1.392347258744570429e-68,1.230163333549224910e-63,8.076875363143050951e-69,7.040887112987195259e-83,1.870733577519301972e-78,1.343516792299633927e-83,8.867662295443444038e-71,3.042292392657335126e-68,1.139059008062238034e-67,3.381944957152456584e-68,1.446152409847187567e-68,3.391971383867727954e-65,5.659919303789761783e-70,3.021742282097882958e-68,1.568347011047303930e-58,1.514412240533683211e-66,2.768268097911880114e-67,1.108220713490510312e-82,6.643584751038862204e-70,1.871765639357559899e-68,5.287632406416097412e-69,2.835376959579002716e-69,7.457301014767367868e-82,6.899520575634138008e-83,9.879334132784434991e-83,4.344864730336563238e-81,4.183072462622648453e-80,3.024384276098705423e-68,3.610571204948689140e-63,3.999999988623829661e-01,6.931097537242609943e-69,2.469032105846937015e-83,3.325716559478786154e-73,1.537866048189026932e-84,6.711245120921966412e-79,5.477771472032392916e-69,8.759998742082318321e-81,5.172935117408448913e-68,6.332249448496480815e-83,9.080633462610574528e-68,3.460699399153397872e-80,8.410589367161317306e-69,2.892541313744953064e-82,1.972126598931222385e-67,2.228835325430056441e-83,1.445027202479626414e-84,1.740258116259493876e-70,1.419922577978869737e-83,4.898287925922076286e-69,2.772525551974570532e-63,8.620340176032151516e-84,1.588681308080582599e-68,6.527008402688691720e-82,4.775443988669285457e-84,1.511845320118702804e-70,2.556615680929571673e-83,1.356846247764214416e-79,2.271389042926224353e-83,6.180164072816418204e-83,5.845176903635536565e-83,3.895399469815893411e-69,4.101855408924749869e-70,2.933708621639293887e-68,2.245367476639515957e-81,1.441739872275445496e-83,6.226248581656954805e-83,1.468268167037004549e-67,6.356913614350339050e-82,3.204417838933594138e-80,4.551968218003304211e-69,2.184805124250327698e-82,2.764978491650282098e-68,3.077358955340796913e-68,1.924881622586378091e-67,1.451306868477221760e-81,3.736081500271982012e-68,4.570914351412625055e-68,5.091868545299964192e-69,1.124705115055576264e-83,2.671586024930867127e-65,4.581631872482346953e-70,5.216712604957070036e-83,9.448871823668914102e-66,3.092691597874118797e-83,3.414660772287457566e-83,3.214795054735124921e-66,3.335590555058888951e-65,3.086020506821765802e-73,4.637446424711010580e-66,5.628681833394846729e-82,1.779051375804538196e-67,1.215953263284129879e-83,4.247908515745579333e-67,6.315300487891631452e-69,1.598833209169624128e-82,2.803217427461739630e-80,1.677815506971140872e-70,1.956690007157061422e-68,4.241074218678382923e-68,5.807886069292333772e-69,8.688434671394012891e-81,1.981073656649205128e-80,3.961960281817471130e-69,3.253350449525968024e-70,3.658574207805592762e-67,3.064133560382457588e-69,6.271240212982719092e-83,2.225132217802268311e-80,9.635364829776166458e-83,2.997556647495357702e-68,1.979864686935762065e-77,4.365078126371347691e-79,5.616677328369278610e-69,3.457958572683636828e-69,6.493349075419949817e-69,2.648652942445543351e-65,4.997768742930526272e-69,1.456390478723150422e-70,6.488518176684530356e-69,1.476901352562475715e-81,7.054182641651137278e-69,9.818831136844452190e-78,6.099522633939231305e-83,3.209737747284822657e-82,2.989359342533924685e-66,7.439767287332918629e-83,3.423697147620403407e-70,4.482407484828686466e-84,1.869438097665003211e-58,7.078054733928288114e-83,8.456641657778173830e-69,8.871059996138218715e-67,3.843789027882271290e-68,1.917871030031254210e-83,8.042326327653302820e-68,7.626595906905200532e-83,1.184995268889427874e-68,0.000000000000000000e+00,1.282325716891054128e-68,2.551401972140676252e-68,5.130369341389710213e-82,3.506188283601551682e-68,2.186335852668142565e-83,2.095412776772986547e-83,6.679168272717764036e-80,4.667125936357958357e-83,2.031270438735981641e-81,5.777466964128053660e-69
1.462587668306893490e-63,1.117800249912225685e-64,1.088722690850523244e-60,1.200004337682956915e-65,2.778903655766418825e-51,7.537718665505825837e-64,2.714934800523792549e-67,1.023542509584837548e-67,1.328561211061098678e-66,1.055050640336211900e-67,1.676669775558680488e-66,1.169126243978486453e-59,3.504255573238071070e-60,1.050789223045105346e-66,1.941326141469336516e-47,1.887545169621535326e-64,1.553898871094380925e-66,1.499941184152698759e-64,3.581299640032153777e-49,5.710895445504763700e-68,3.891521091433079806e-67,1.003998408156081712e-65,2.264398295339594843e-68,1.725609282586116303e-50,4.478685287772628553e-54,4.401028717177165187e-64,9.155462840437011132e-55,2.501238693296258431e-67,1.031064106341362742e-62,2.209650984231791087e-49,3.113786409810242666e-51,1.813365122452966485e-50,3.822599030031745878e-63,1.023655220635020252e-48,2.954883594617777364e-65,1.022727910790816008e-47,2.402336635632227176e-51,3.703824608741814282e-50,8.023333811231687223e-64,8.037293222237928219e-55,1.899422239020148557e-52,2.386453686671926614e-49,9.578598339477551710e-48,2.029545587868781294e-64,1.790415657452096462e-67,1.087363561994461859e-66,1.158993603212699812e-62,9.349162083303100629e-51,1.520889999827693268e-53,3.995066979751698484e-65,1.725189357262209256e-68,2.874774650401493510e-54,8.691846696204606028e-49,6.149869308273844720e-67,1.621186268919856274e-52,3.257270321816934192e-65,1.506629417567950066e-65,9.665760219250748638e-69,6.043614141056665266e-65,9.587545257731232563e-67,7.284305272355489112e-65,1.336563022497816925e-45,4.873082958074536063e-60,1.664843456653679696e-49,3.793865353781525747e-51,5.704452018220653200e-52,9.345076620644464443e-64,2.815525922969586703e-67,8.662551520943929488e-68,3.181445564218712063e-67,2.691535356074456266e-68,4.930717586504434530e-48,1.495450176804786588e-67,7.309831197266241804e-68,3.436849626898735232e-50,3.299978087182227146e-68,3.294421681230851988e-63,1.025096593613836088e-47,6.043379906960967524e-52,2.471850203810049515e-67,7.913513521414722455e-68,2.330915596642917001e-48,9.312857631969537050e-52,6.397453023912911897e-55,1.348519201038954369e-67,9.120183568436942246e-66,1.904072450279777472e-66,8.882233184565262010e-65,2.293405918274354428e-49,4.892912760847684871e-68,7.363804879271011207e-47,2.555182853824025174e-67,4.101688017868654657e-53,1.651599758174873838e-61,5.123304160530495290e-65,5.570370838207581979e-66,3.329362842832179430e-50,2.315522150687240086e-66,1.277151319298019662e-64,1.279554528939771519e-60,3.238669221821766619e-65,1.244902067011673180e-50,9.871630909336993411e-48,2.505568896848427644e-64,3.461472651208629472e-65,2.338566894766253209e-60,3.167387008997816927e-51,9.545886168916496957e-68,9.411804760778916930e-39,2.244434949284340188e-53,1.135633441893636244e-45,1.879348256086849962e-65,2.563928224138791009e-67,2.314236250023620058e-60,2.174264680184332637e-50,1.442189282993836544e-50,5.824874316609331429e-55,2.322045590031957148e-51,1.445778683203893560e-49,5.168532729644415882e-54,6.116739922765262181e-51,2.686650664524917040e-50,8.882639679724269416e-54,1.059324150015914408e-51,3.281006055099604397e-50,1.845536670758242139e-64,3.882459628257409322e-49,2.453108720770495440e-51,2.251548335657614424e-45,3.025173398146421804e-50,6.399527403701754516e-67,1.326239710279520824e-64,3.886975307130966662e-65,1.092258294379527003e-67,7.285571158988765231e-68,2.068753630262048121e-50,6.420866341487287048e-54,2.776381352521320765e-68,5.081024107085342179e-50,3.657639161053048652e-64,7.357424818591347399e-64,4.350039894867536131e-65,4.166790646895480024e-68,7.635471588138467104e-50,4.448412008361847863e-66,2.722718006235890677e-48,5.114637805965301039e-65,2.278790300033150785e-52,1.510561346409155550e-67,1.813452581799988414e-49,1.227920512513173045e-59,1.657566845491924382e-53,1.085997337842570654e-64,2.830225340187840752e-65,1.127292088169187214e-51,1.525618825604535597e-60,8.783098515920428221e-48,1.511621036606278655e-53,2.698452970313103342e-63,7.747174479527009628e-47,7.733403058427293143e-67,1.286418508566084101e-63,1.453684883568382217e-51,2.611362707281599215e-64,5.221861324851729851e-68,8.668603239933252371e-65,5.045437682683091790e-65,1.207959225456782001e-64,1.145480942127519417e-51,2.231322067648758309e-51,2.804674040077567505e-51,2.562040843266913207e-67,4.494495795733958970e-61,2.047296263657326736e-65,6.077991094209962618e-51,8.633407266962378908e-67,4.796883358098791102e-67,6.662416550079624938e-49,6.014669631448497683e-66,2.398891615676513202e-50,9.176150356877328941e-48,1.570710270464643434e-53,2.867868801536676853e-67,2.180167776086075304e-47,7.188295330091231772e-49,1.859444064481031292e-48,2.715099640753488635e-62,5.955883418656934548e-54,3.232648541589661034e-49,8.512392616655972188e-64,1.594905932475473495e-52,3.461554184487213809e-64,1.479653957050980812e-64,3.596122434157472850e-54,4.949084931492828391e-54,7.247039358645029369e-64,3.246043098389100936e-54,8.618995709019411027e-67,2.239844844657776052e-51,1.961340998117701533e-60,3.491182653278271931e-53,1.658313745122798894e-48,2.917746189200344249e-66,1.272349863063400537e-66,2.676971787797989156e-53,6.957476000305465377e-49,2.604882082790746386e-51,1.106869326543067306e-45,6.312477358703182545e-67,5.611325813229467535e-67,3.365044924203262014e-47,1.344691058783301835e-49,1.940933233344898820e-50,4.853481248648853634e-50,3.377642841048726391e-64,3.643360014898334558e-67,1.332685981538461649e-65,2.338495763477066877e-52,2.045051899745348645e-68,3.192853026287721424e-68,1.069663342340907386e-46,1.889766026938249842e-54,1.437898853371792394e-48,4.779686894503669525e-54,8.415464080987207555e-49,1.520429522088217757e-50,8.572888263159029946e-50,2.953725997963932072e-67,1.649563390968184711e-49,1.220214578995890205e-68,1.066945746961779564e-65,1.369986286171897829e-66,2.951302325820099222e-54,2.777294389272529628e-65,1.125289902920755157e-52,1.216702100181933190e-63,5.924685033161098813e-54,4.072788521033278576e-65,2.197082689553520188e-48,1.024240473065142011e-52,1.285373570406858887e-47,2.113343143368611375e-63,3.301628411485981349e-51,4.299016468101146625e-65,4.888324949338469184e-50,1.282325716891054128e-68,0.000000000000000000e+00,1.254657215800252380e-50,1.213873232738948978e-64,1.926805463591658166e-51,1.644408777085734050e-63,1.921975343880448101e-64,5.053073420138465848e-66,8.792627055352629672e-65,8.111966798859056463e-64,1.392030904530620597e-49
2.030122062810159962e-64,1.835947153683775249e-62,1.985361195049639047e-65,4.457213263836044909e-63,2.122403189383044897e-49,1.164384629551454728e-63,8.810210511903008784e-67,4.039188294488782507e-67,1.272801527548131878e-65,2.290406727070050174e-67,4.990417358518874093e-65,5.280454811925422913e-65,4.898251133690376765e-65,2.365718552844384348e-66,3.178237984983542582e-51,9.550389694606844184e-67,2.113843911081679338e-65,1.029623142469620728e-62,1.351964301363325295e-49,1.895895318683935168e-67,1.285706855062226587e-66,1.380322750501684695e-63,5.761454178364176895e-68,3.307886689361196377e-52,1.911036348986896463e-53,9.425925538446849554e-64,3.684587292695777480e-54,6.794022201561825885e-67,5.886416050702486747e-66,4.228955395648759346e-49,1.688100599645449288e-49,5.571051490941301347e-52,3.831976741036766090e-63,1.522411719997995215e-48,9.049433699618234400e-61,2.582511627972869794e-51,7.367064754018931312e-50,1.029191230149339573e-48,4.645504271767888546e-64,3.852385937721093290e-54,4.000297547454308118e-49,6.358832221665241137e-49,1.392648074756081556e-51,8.650565943030260758e-64,3.837074974615473850e-67,7.964007157644477416e-66,8.891396772082968516e-66,1.031249456580704029e-51,2.826416828826246233e-53,5.149885389213397852e-67,2.883465940190322208e-68,6.543914346091041679e-54,2.188032113827223430e-48,1.151037380728019882e-66,5.801642742403678128e-52,7.386880012056440743e-61,1.742582290094817062e-62,2.122668473460318331e-68,9.233136982025402735e-67,4.117140376718615199e-66,8.441205133960784772e-62,1.562068286006746793e-50,2.155556663027713215e-65,9.969032491710196490e-53,4.128099317803027699e-50,1.787376688977078900e-51,5.083044780646363487e-64,7.670109246896052406e-67,1.859549970999214699e-67,1.507250706334849055e-66,4.627177821990382625e-68,3.515628980667982802e-51,5.468973460569669091e-67,1.758345932610516381e-67,2.064272025366182777e-48,6.332728810772505750e-68,1.159845010843616561e-59,1.753933630285951774e-51,4.148609487124340772e-48,6.406825437510323219e-67,2.640163668191992724e-67,1.543907342140501799e-51,4.039407812310773531e-51,1.508495307615241390e-54,3.783750176145890572e-67,9.502281552749260724e-65,1.556550060630471043e-65,9.348547445528707190e-67,1.097370130096336363e-48,1.313009028049449742e-67,1.294182047197062605e-50,1.158875522801228911e-66,7.541646622648073917e-50,2.784975191992304413e-65,1.117437904563773894e-62,8.458506267741196938e-64,1.888263972533129355e-50,4.611527273725233166e-65,1.390209989647605195e-62,8.616197935044524200e-65,4.691311201338742249e-63,1.582999157271785279e-44,2.143816531918931185e-51,1.097152230662820588e-63,1.510636828734692446e-62,3.289236819188916641e-65,2.416864831415287240e-48,3.511081408524706049e-67,1.617474556436867716e-50,3.890826524091656475e-53,1.494356717623502768e-50,4.865061848511529416e-63,4.987187011428976518e-67,2.813349482107927864e-65,8.843527684918376579e-52,4.087442556932208872e-43,1.151544864524317789e-54,1.221856298137507756e-48,5.454889827116643426e-49,1.075258296339824212e-53,3.951285946205607036e-50,4.375387674703242008e-37,1.565160625515149856e-53,8.227162585735711534e-51,6.227031963109107153e-48,6.429704410529025101e-62,3.519360548701048521e-52,2.722979842224563601e-48,7.235949988396597817e-51,4.726184526971561777e-52,2.585159689557057039e-66,2.000491945754289505e-61,6.874047122095386757e-61,3.522229364625720541e-67,1.563054995654756924e-67,4.340068977358147568e-44,1.344512775499088921e-53,4.564152918805214287e-68,5.656694137778828506e-49,8.098484460503304907e-64,1.254844968153324933e-63,2.420033786167870434e-67,9.836909629170976774e-68,1.410118402941884225e-49,1.485688738115812359e-65,2.439609851564673500e-49,1.881862531215675224e-60,2.467814154857548442e-51,2.866013757645018973e-67,1.734066539469380196e-49,3.997611863831743310e-64,3.679686466435305812e-53,1.942222792763190246e-64,2.233838512367018490e-67,1.994961002315953650e-50,3.619560690881407322e-65,3.373597617512209522e-51,2.705732346753217579e-53,3.382406734790492571e-66,1.468744835578617644e-50,2.449047550082513625e-66,2.694632051964787903e-66,1.708177564733713873e-50,1.181154818441449893e-63,1.096770781262588803e-67,1.918224094489383653e-64,1.468534696059518238e-60,5.682532375316731148e-62,1.948348923553971691e-48,7.470706463842313561e-50,4.839980184985346790e-48,6.463511861298028770e-67,2.350174733687440404e-65,5.951074765032433071e-61,1.445541630232403115e-48,5.131547863080366988e-66,1.425808478227979989e-66,1.144863487727651223e-51,9.629998143160241964e-64,3.613920719007489748e-43,2.523741243711445743e-49,5.457396668095707472e-53,9.269107651827238824e-67,1.217872850149683987e-49,4.644403052684781886e-49,2.288237278138724309e-51,6.731986454832285295e-66,1.138885843112246492e-53,2.323987148086420770e-52,1.633189963007090204e-63,3.845124502128719706e-52,1.579303828941729874e-63,5.667860277442513476e-63,6.270330312265693909e-54,1.222895766709779874e-53,1.207563884855699900e-63,7.327303716292616562e-54,4.094759117094607443e-66,1.012496281455344605e-49,2.827305122182752910e-65,6.915616296316649274e-53,2.343793208808284898e-51,8.590216618138892966e-65,3.140346445537566797e-66,1.536095015124661168e-49,1.281852250584273640e-49,2.191716271223819219e-48,1.138890200506530587e-50,1.739535382827062245e-66,1.623768730095524672e-66,2.661060764101994592e-51,1.247947553027566026e-52,3.347169254698145458e-48,1.030049006354963203e-50,7.935741101671694203e-63,5.315562746852048568e-67,1.001420694944383037e-62,4.962545775469820113e-51,4.663231670043041101e-68,6.709712238186974628e-68,5.071283083290086353e-51,9.352016603509353361e-54,2.813937102100994935e-51,1.097742516765205459e-53,1.563777347588286344e-51,1.958968628894314918e-51,4.488830513108150886e-50,7.656685605741309720e-67,6.482666360489004230e-50,1.853677330062955854e-68,1.806721997540796888e-63,2.404712866291769686e-65,8.684023052814824187e-54,5.870555045239320811e-63,9.372711031727426012e-49,2.026850043041359453e-66,1.006122350712359272e-53,2.838504308907645916e-60,4.061445053831978960e-51,2.435918426736245804e-52,1.225830756128225891e-49,1.499104844604434663e-64,9.172617251337918912e-49,2.437311114435152468e-60,2.288463784657889042e-48,2.551401972140676252e-68,1.254657215800252380e-50,0.000000000000000000e+00,4.871528730470510604e-61,4.300009184869820338e-49,2.291627861638190227e-64,1.024041599509779077e-64,1.578934080489198739e-65,2.838985668725764782e-62,8.452432719728998489e-60,1.104743662759348050e-49
9.799632576822646658e-79,5.164492558824073253e-77,1.253458721761887972e-79,3.999999965585492312e-01,5.653532384484988036e-63,2.871287102564338824e-77,2.812374949096071996e-80,7.045556495553668933e-81,3.150113595036318256e-79,5.104168477850581048e-81,3.648721170478474054e-79,3.349033259919296497e-79,2.890899508456626140e-79,6.823527975238442349e-80,1.407200286749433846e-65,7.773462529865091611e-81,6.465217738366667099e-79,2.345881213687660099e-76,8.234190302355825535e-64,3.377879543815763222e-81,3.724595050493180388e-80,2.982913274757830789e-78,1.030759268570534370e-81,1.812852588623357639e-66,3.413871332109004315e-67,1.770028520737994624e-77,7.420815966592499751e-68,2.660933718746059388e-80,3.693005342870868383e-80,2.093777608266559030e-63,2.945621661300555465e-63,2.612471448650650192e-66,1.212665071491857692e-77,7.108188387458491664e-63,3.282261318628408950e-76,1.457635745272181171e-65,2.417172632794114660e-63,4.872820583508227692e-63,1.590262754976004305e-78,6.701806043973318510e-68,7.252584778800175779e-64,1.222893907571249604e-63,4.907297110134004426e-66,8.999890832796237634e-78,1.117603144307655218e-80,1.571972115369988353e-79,6.940205374029295687e-80,3.380644155884377035e-66,6.738190555516441402e-67,2.894701285730654447e-81,6.895987016332978832e-82,1.444822979556067103e-67,8.360367930300324018e-63,2.338860459602886223e-80,1.748273725650218365e-65,7.233560664229887417e-74,3.324273796299441458e-77,3.942169239002716068e-82,3.845011555772848636e-81,9.643290501390650880e-80,4.768540829205860699e-77,8.201078176098104048e-65,1.717118862385551552e-79,9.035641466477840078e-67,5.095980241288651942e-64,4.304389804184127878e-65,1.871162512440117312e-78,1.429897858631326498e-80,5.098342798119326934e-81,3.994286238705022070e-80,1.060603540920119164e-81,1.957822703492985033e-65,1.244000219616101581e-80,4.159659738793494787e-81,7.069708137937932763e-63,1.686845540452118865e-81,5.916582750462237979e-75,6.891963726524247970e-66,1.402849745836229024e-62,1.439348510666490747e-80,3.840568459841068175e-81,1.093652086863158124e-65,8.911729599120708707e-65,3.593583066473372362e-68,9.694304480194018248e-81,1.048574072152914496e-78,5.293674906319077412e-79,5.729871619859904934e-81,1.683052292994855379e-63,2.617067143551901045e-81,8.931193276004933565e-65,2.527561975322208214e-80,3.813134237472521947e-64,1.145567282601011265e-79,4.209011654814558293e-77,2.904505333930835423e-77,3.292984546688771535e-65,1.792680928363157056e-78,4.185355921752091053e-77,3.920258308034670200e-79,1.109382572721917044e-77,8.981674210116498442e-60,1.147976575536837185e-65,7.063427378137708526e-78,2.844552311849095697e-77,2.043480367852458583e-79,1.183687125888256707e-62,6.784147216493811924e-81,2.062360870442089155e-64,7.496612876081506730e-67,7.411555140955147620e-65,1.730434853189995446e-77,1.215258633452726585e-80,1.441671743337563711e-79,3.065853222576077015e-66,3.265291032241059605e-60,3.418596481491693023e-68,3.560859048210087809e-62,3.684954864555296012e-63,2.254923694882977809e-67,7.634814857352385673e-65,2.282920868211246669e-61,3.115366659826189989e-67,1.027194916206085786e-64,2.364752852260614747e-60,2.874458871420620609e-77,2.270534199618577065e-66,1.168498591991748545e-62,5.289643348295609854e-65,2.635580666700583330e-66,7.260228229617185211e-80,1.159436623298447372e-76,7.906270339953024019e-76,5.008641539617908546e-81,3.157998631241323157e-81,2.948376910882396818e-60,2.629405045729755723e-67,9.023612907657840205e-82,2.198838588186310255e-63,3.557579920425928188e-78,2.797111140438929614e-77,2.345971855611574377e-81,2.066420481236549989e-81,5.305750155180292692e-64,4.046948827115198526e-79,5.248171787838222596e-64,7.041648227449394170e-76,2.493221307995347955e-65,6.791995360108352434e-81,4.101933733056242125e-64,1.741496812977321396e-78,1.044631247480094019e-66,3.136152871149158862e-79,2.036304262074855887e-81,4.927038264806415743e-65,1.702439555595718983e-79,1.358140931794347983e-65,6.439706104046820679e-67,2.311013711370202663e-80,1.111262694449524193e-64,8.022222552753953382e-80,1.502126301699690581e-80,3.650380152164136185e-65,7.631585160342830081e-78,3.165707430362116458e-81,2.914799428175719568e-79,3.814032083558023197e-74,5.681548902946091737e-77,1.612725097712791636e-62,8.743576443319422153e-65,3.549175942370380057e-62,1.601542196521239860e-80,1.078959450660554634e-79,4.008389354039900512e-76,1.436918639928590763e-62,1.440798961264456977e-79,2.660945884041192650e-80,7.386527372225691627e-66,5.351503826196232146e-77,5.980514379186195016e-61,6.439088535196403351e-64,1.255674119102800079e-66,3.080557522674857396e-80,1.004623065189327221e-63,8.275178452690010158e-64,1.362109884970888457e-65,6.076333338171138555e-80,2.570706273908121684e-67,1.927908892794780811e-66,4.778873330672805642e-78,1.215382671603437236e-65,4.407299531192861115e-78,5.941663206226848829e-78,1.418211485479687621e-67,2.703381909215809419e-67,2.725860433500079765e-77,1.438674521835567590e-67,1.082164624421640353e-79,2.932442886540879087e-63,1.649449117681368884e-79,2.116418308646843947e-66,1.264990123114100609e-65,7.097697816165957749e-79,9.614606127738458056e-80,4.952466966179487123e-64,2.965478227494774644e-64,1.145458876623458554e-62,7.411354634385268347e-65,4.504320396756168294e-80,4.047375835445673661e-80,1.907463862104508018e-65,1.310812016771994847e-66,1.365713717873163791e-60,1.654711398612303540e-65,9.957796516502562261e-78,1.481601532017117984e-80,3.999999982611786020e-01,6.398944945040599311e-65,1.111342911280069688e-81,1.555270572839331934e-81,3.179942131202994159e-65,1.596456960984258461e-67,1.205735960054864319e-65,2.169089988995236380e-67,9.027083014002072811e-66,8.229063435513197746e-66,9.413203681135824495e-65,1.825370215101843895e-80,1.548043494591611344e-64,4.597105621683568802e-82,3.793839887235893140e-78,7.615571954511441706e-79,1.445111322880073319e-67,2.042714895257966167e-77,1.043523010106057920e-63,1.237882621328259801e-80,2.006585299286312021e-67,2.116819483353598776e-75,2.209665161863363219e-65,6.196757715753493205e-66,1.186008002539205468e-63,9.531555752296472814e-79,2.220081291753562753e-62,4.792850450225950359e-74,5.658550399972680538e-63,5.130369341389710213e-82,1.213873232738948978e-64,4.871528730470510604e-61,0.000000000000000000e+00,2.118980406740554026e-62,1.383686725671227599e-78,1.967595889659028453e-79,3.368058958600533372e-79,7.609051612368364773e-77,4.304397693624207480e-74,5.366608832673126962e-64
1.182141331976777323e-65,1.583316328380764806e-64,1.752859016301364852e-66,1.423388669358533132e-62,1.245887496864947915e-47,1.760814098974086517e-63,2.067880578000329303e-66,6.963106019355838261e-67,5.081660506801538418e-65,4.740959923714923954e-67,1.372281641900114012e-64,5.955455299930555898e-66,5.433768614853728292e-66,7.659290223636550946e-66,3.359314624399082219e-52,1.558997773775744344e-67,1.675048255889735930e-64,4.257151859704358630e-58,7.565890907123173640e-51,2.863725230982112316e-67,3.308237726381488246e-66,5.996451327381889950e-64,7.619658540014901910e-68,5.078819593198339826e-53,4.555103578983021069e-53,1.157519001607934848e-63,1.046661360547668008e-53,1.575843948403255437e-66,8.440085128676931234e-67,1.037630356900301815e-50,6.732360220767757630e-48,3.087630341032750679e-53,9.457740377624228192e-65,4.227971589921877765e-50,2.964163191458694504e-63,3.085837217754440082e-52,2.798748549311818196e-48,1.401651824466324871e-50,1.517780785757796649e-65,1.068840510240501585e-53,4.871477008854792988e-50,2.663069379226016248e-50,1.032315127440662799e-52,2.474173975572950600e-65,1.028710265026272071e-66,2.521644567977514009e-65,1.104316440306706502e-66,4.951119124888823336e-53,4.762109242200039915e-53,7.826451248502452898e-68,4.572249604717103971e-68,1.200190112643752318e-53,4.909840147109464973e-50,1.527857806905585867e-66,1.087078480472012824e-51,1.802159185689466940e-63,3.409760615275669510e-63,2.452655664058672287e-68,1.276490959232429981e-67,1.458224428728360337e-65,1.474510123148088284e-64,1.252128925299614561e-51,2.529516618618271649e-66,1.950724774394100463e-53,1.435687630069263587e-49,4.780704703439983093e-51,1.512890726834822847e-65,2.291758091005461486e-66,3.688897957928470546e-67,2.876772368050327423e-66,7.361913830305399275e-68,4.230792005283050895e-52,1.047092898320496290e-66,3.541009059262535633e-67,2.479490009300412380e-50,1.089490367900053383e-67,2.067362855975999124e-61,1.177057858958623334e-52,4.862160573216280006e-49,1.754478146576119236e-66,4.879705674210883165e-67,2.276893259684242508e-52,9.269613236147678888e-51,3.448390129758726378e-54,8.288028108241701662e-67,4.259266127580385385e-64,6.914226984687430406e-65,1.409360504004666155e-67,3.024014611529164234e-50,1.783585986126757329e-67,1.514893372709334847e-51,2.254313106988080353e-66,3.173166992759307196e-50,2.250110150463414834e-66,1.503212976630094872e-62,7.914404538030637257e-59,7.637818810635653864e-52,5.585023414611239045e-64,1.470324157769279491e-64,5.647971711624352406e-66,1.582142846437339820e-63,1.294585983447630865e-48,2.924508848170702970e-52,2.874800839177281346e-65,2.147088211814266900e-63,3.065151513665102372e-66,3.252694756505458764e-48,6.369042256965296302e-67,2.533809910482028158e-51,7.411687893482397179e-53,1.197077688589181379e-51,2.590936036085014667e-63,9.916379162112203228e-67,2.363715423874889351e-66,3.506804531731476781e-53,3.837750456425990691e-49,2.523299514788807160e-54,9.700846604330525444e-37,1.865691966102733231e-50,1.818646059029751929e-53,5.445490745554457902e-52,2.132985384607867015e-49,2.224551227914984512e-53,1.869617873021587382e-50,1.126925792795820052e-46,4.008160294150269586e-64,4.666542195821885675e-53,3.386314179048836524e-48,9.449980487357147964e-52,7.901678342346521705e-53,8.672777522449821377e-66,3.959338669724931089e-64,7.032422516594624558e-63,7.488780807621563205e-67,3.029962372341564652e-67,7.174899434660401217e-49,1.908162606306394869e-53,6.540389589831496995e-68,9.042268469501062850e-51,3.178717929112224864e-65,1.765094422155488109e-63,5.447117259302155584e-68,1.375761974020689949e-67,5.090018727812176967e-51,4.291632415300485167e-65,1.172226259580039045e-50,2.305032976826220182e-63,9.790553461271519549e-51,7.177079747352085142e-67,6.750806763694225369e-51,3.549596551452806203e-65,1.092708733495525337e-52,8.858554953079560370e-66,4.750066973715290127e-68,2.900529083674170048e-52,2.840472373083878017e-66,3.752125009335061703e-52,4.115702366394324215e-53,5.310532165767876468e-67,1.690073832095264939e-51,7.973662955747336265e-66,2.785792500077626964e-67,1.958411455992322246e-52,2.805638621523864770e-65,1.842807062393883102e-67,1.026105858092439862e-65,7.903505954915989328e-64,1.975641046336410884e-64,6.373562006599567335e-49,5.972302905171770588e-52,1.209174282789960280e-47,1.802755185263184452e-66,2.277193353628218009e-66,3.681983900762012240e-63,3.872004985590705924e-43,1.690040803798038675e-65,3.222529349657715404e-66,1.972244274018734710e-52,1.103122498149114802e-58,5.722091233534427837e-49,1.015952941533440143e-50,1.259919769391095211e-52,2.295452584301886210e-66,1.298019198340569635e-50,1.677412031371716919e-50,3.327728090720233461e-52,1.042244200722428288e-66,1.962465272931279011e-53,3.517461030209367287e-53,5.376218750108156118e-65,7.897624001722713183e-52,4.050387304626619690e-65,6.173168373640218525e-65,1.379598212373028815e-53,1.863578677175123031e-53,1.721921097000765464e-63,1.223400424688578482e-53,1.537731984901728514e-65,3.987964054583129817e-48,2.456024167151749589e-66,1.956892985087747690e-52,3.369184590500656969e-52,2.696317826783100745e-64,7.036462393400042066e-66,3.391925928401822479e-50,5.569759460808741539e-51,2.822234845766741875e-47,1.196902858874196259e-51,5.181988534748126356e-66,3.114960544617062915e-66,3.629603915329140707e-52,2.189160990956221936e-53,1.853435466276203311e-46,4.854450366980495132e-52,1.128357307321337250e-64,1.532518680513900605e-66,4.707937136322637901e-63,2.985660679833528125e-50,5.589333753888703379e-68,1.065186494398881002e-67,6.182326347701286260e-52,2.378126030440174928e-53,3.675031795592823751e-52,1.804663728718003600e-53,2.393394968440334247e-52,8.055810282426836686e-53,2.346542056181897320e-51,2.215083410436322131e-66,3.240613855755900728e-51,2.830929790403688849e-68,6.493673201286979170e-64,2.262981316651871244e-64,1.386427955198395155e-53,2.627240621934684814e-63,2.618371618592621225e-50,2.406456187054655035e-67,1.499027606007414614e-53,3.440176340429069613e-63,4.861762120937586095e-52,6.413412323588236603e-52,1.496996198751218249e-50,9.637961160548968559e-66,1.059972354007569718e-42,2.145014283653245969e-63,2.987902783537247052e-50,3.506188283601551682e-68,1.926805463591658166e-51,4.300009184869820338e-49,2.118980406740554026e-62,0.000000000000000000e+00,1.266377935169875076e-65,6.861435084252504037e-66,3.662463612795859570e-65,1.562072457455531984e-64,2.310789794155620058e-61,4.459125431318472210e-51
3.999999997248248063e-01,9.317548464128653566e-78,6.325008352253345076e-79,9.213542652269651289e-80,1.293274336736537386e-65,1.271333980180895205e-78,6.366619756195109900e-82,2.053698013871313441e-82,4.002273579523872863e-81,1.827625002723446345e-82,5.996410648687411614e-81,3.516829721416082938e-78,2.200538222883316550e-78,2.027240872600890080e-81,8.382122178299107429e-65,1.523332553690132530e-80,5.694417459304780634e-81,6.737182241799299155e-79,6.659871522669584637e-59,1.110309299343337439e-82,8.311677055670739499e-82,5.315239328538076502e-80,4.224575590993468446e-83,2.455114128886432425e-66,9.156497961507569259e-69,8.178593766387686178e-79,1.993590731827848004e-69,5.183916530386645231e-82,1.425577713191744682e-79,5.256090387190910136e-62,1.291231908400848513e-65,5.019064204382721677e-61,1.759574881023285906e-74,1.945536588063887256e-60,3.060472751568551026e-79,7.500839519556313899e-65,1.025232705804908859e-65,3.502896162512752251e-63,6.909289031975885414e-75,1.793836216636797063e-69,1.772109062589255267e-66,2.997509987420168955e-63,4.831638772059975330e-65,1.662476974504930058e-77,3.023592946169656419e-82,2.742465154991726899e-81,2.014421665709977897e-79,4.488730635974162995e-61,2.555108090104569927e-68,4.678391403702978088e-81,3.017288172753887259e-83,5.356928262282278601e-69,7.597335080527696355e-61,1.009087223070961384e-81,3.545314056972872324e-67,5.234294472064957420e-79,1.271005953149175535e-79,1.723427690305558755e-83,7.257268049564388242e-81,2.210868294996082734e-81,3.349091614870678099e-78,6.940774343784034024e-64,1.265072508792582159e-78,3.075693559508370557e-66,1.100206483365938970e-65,1.223278433592036430e-66,5.910729011301435840e-75,5.280216443978192470e-82,1.720634406280897874e-82,7.896311495468906079e-82,4.501346050600203421e-83,7.573839219428337970e-65,2.923844283576752173e-82,1.475589392091544449e-82,3.680364627635033157e-63,5.813839460719792623e-83,3.383560954891933187e-77,6.143788304362880482e-65,5.829345532392160754e-66,4.720551872786633598e-82,1.575028175554891967e-82,4.019640105922998419e-65,2.109472218911390104e-66,1.272760536945471121e-69,2.546564036575664306e-82,2.457796724898667662e-80,5.264364966704532092e-81,8.692697535799270990e-81,4.647819282709489211e-63,9.146149365951058469e-83,4.141164208916473692e-64,6.322030677512602836e-82,3.217864928982768155e-67,1.096638746179028467e-78,2.683641138441122260e-79,3.191853674084016044e-80,8.627191214591549547e-65,1.049913134420886037e-80,1.331469049384898505e-77,7.412577096050090094e-78,2.144604691793543998e-79,1.728544709986763853e-64,6.778900155321582689e-65,3.515037660453094827e-77,2.718823635726446131e-79,3.776198019173632501e-78,2.087840238773082437e-65,1.981138048021106374e-82,2.855715260216677188e-63,3.654558292676207198e-68,6.790913446990818721e-64,1.084864379131305212e-79,4.404033165231557201e-82,2.257870379795553747e-78,2.879187788796947502e-61,2.899411807565175709e-64,1.085920540260239399e-69,1.474670107366570218e-65,4.009666357571356495e-62,8.848934271420208796e-69,3.872678998052853737e-63,6.785537560149695696e-64,1.355756208286501769e-68,2.257173959544915393e-66,2.483135537035974086e-64,7.626096777085360717e-78,7.861512042147258794e-66,1.659206959318960686e-65,1.069925088420853242e-63,4.048045523284404398e-66,1.517316317127260609e-81,5.875188858433273080e-78,4.101520118566498682e-79,1.946077998610699795e-82,1.283750932577532832e-82,4.116673052622393267e-64,1.102813867342084999e-68,4.360403614602065883e-83,6.374732176060198621e-63,1.123470444203027059e-75,1.239953195144911846e-78,4.164845666842201893e-81,7.048615566327158551e-83,6.191198440002686722e-61,8.994043334677908666e-81,3.739821299792238182e-63,8.292278446149283585e-79,6.202263987313437658e-67,2.711700175645213698e-82,1.066560442263426249e-60,1.272470070787911736e-77,3.540047336642168461e-68,4.838905952037076031e-79,3.130331727355214472e-81,4.271013174032097627e-64,2.175258275315693490e-78,8.224667088379985861e-65,2.500082321224211758e-68,7.013706504168459883e-80,5.346056606160803045e-64,1.777890994658968872e-81,3.607351208196949895e-80,2.543264513065585902e-64,3.369938174287705505e-77,9.070758848148300194e-83,4.288834807011840942e-79,1.290522584269268195e-78,7.536702978408695923e-78,1.023979434102195323e-65,3.278739007526573057e-64,2.409789366327711384e-65,4.830575651653342867e-82,1.406739423737436441e-78,2.630365197104821008e-79,3.117181317015986312e-65,2.328817209933208584e-81,9.454938746428087088e-82,2.429954908932842940e-65,3.762774690671408710e-80,5.246302318292152444e-64,5.267597829243018702e-62,3.351744947853618756e-68,6.657902208241856547e-82,3.501724362381549027e-61,2.822121336152760306e-63,4.471309334055685627e-65,2.738832429908382249e-79,1.048000225979560228e-68,6.178171427430334223e-66,3.200244954056894177e-75,2.995881206753495798e-67,6.696747792810980301e-76,1.983371738958941025e-77,6.204725527113715203e-69,8.657612694244567710e-69,1.328125757506260676e-78,5.579003689017230982e-69,2.403765774789295415e-81,1.028353323824047098e-65,2.463030733502696964e-78,6.709649342915950644e-68,4.403552041462569933e-65,1.013761515877764304e-80,2.353479091823678310e-81,2.310394034649054720e-67,2.142675413981435329e-63,1.669404845091214354e-65,2.653481483467845068e-63,1.454655624960936136e-81,1.151549744786660060e-81,1.349583749319041357e-64,3.786249725387288929e-66,1.277371164271708201e-64,6.066150508516385372e-65,1.016393194207669914e-76,5.947720048513947155e-82,1.309977833966936248e-79,7.252733653712456920e-67,3.417739339834061631e-83,5.525692193351838672e-83,2.144067231267102394e-64,4.310152244862769099e-69,4.126746293205435541e-65,8.225229791814079515e-69,2.808648371429170272e-65,2.950673824998866459e-60,4.340964754283100334e-64,5.919394545370166482e-82,1.147356073740107608e-63,1.948662736962373519e-83,6.652472225544585131e-80,5.658685041267924125e-81,5.595205177263930540e-69,2.033763060088801584e-79,1.177922526471089066e-66,3.569224227173367568e-80,9.110728954669153995e-69,5.645883622614937402e-79,5.871235624672957707e-65,1.919176880856614399e-67,4.664127180790770970e-61,3.999999999992334687e-01,1.954490052181879400e-65,7.061491788375393344e-79,7.915007128683743640e-63,2.186335852668142565e-83,1.644408777085734050e-63,2.291627861638190227e-64,1.383686725671227599e-78,1.266377935169875076e-65,0.000000000000000000e+00,5.572897262175656756e-79,1.061670068704743486e-80,5.939988297312660402e-78,7.743462630068838930e-78,2.247588124402099987e-60
1.120564887644590776e-78,2.672592204663388855e-79,1.465942199154767289e-79,1.812712003214928896e-80,1.204334720652612395e-65,8.216907896153151900e-79,2.721392290713175444e-82,2.490274472949558659e-82,3.785644459673042842e-81,1.774619375160443155e-82,2.125241768965369505e-80,1.254788458628209178e-78,9.728640637897328936e-79,1.577659251102116680e-81,9.635145936644218406e-65,6.944070256808512739e-81,3.463522139839820489e-81,7.230442585017873371e-79,2.307387036764755993e-64,1.151002739112250000e-82,4.814491284587173973e-82,2.468243290097813215e-79,4.187785697003606370e-83,3.118025808042264587e-66,1.296316454031669588e-68,6.655281313122633489e-79,2.286505836842834029e-69,2.098161215468484951e-82,7.885904643884848535e-80,1.579345157016294623e-64,1.709020883085061867e-65,5.079611086756678070e-66,5.866023082969784145e-78,9.529551665903835987e-64,2.737283412569195462e-79,6.240380792438095242e-65,7.751917928744533316e-66,4.801922250073399259e-65,1.327123040111560529e-78,2.630724991110251892e-69,1.483169585261596920e-66,1.754868413155412100e-60,5.031885617973946201e-65,6.618542253838242847e-80,2.331742764990161599e-82,3.139755218511230225e-81,5.555860734525329098e-80,2.176744681597343672e-65,1.944147535600195416e-68,5.557467427444901234e-81,2.391524425621584230e-83,4.650564322978000533e-69,1.063838342814411425e-63,8.211314846420400847e-82,1.685345584651252215e-67,5.642827391546028257e-80,2.165529123454789133e-79,1.488038621895133050e-83,1.724146392237056347e-80,2.080397017892554255e-81,5.841552456928984874e-79,1.797483867271589619e-64,1.535926619731936983e-79,1.154539316262627689e-66,2.076006460384377795e-65,1.058563586719749511e-66,8.506819128522145255e-79,7.651995700554576404e-82,9.271838275255740855e-83,4.684345165248395601e-82,3.324963636102765613e-83,6.838755089944040514e-65,2.230852256278274023e-82,9.723696059843274756e-83,7.199625003338556241e-65,3.153067098630153963e-83,5.887474641792852116e-77,5.872382894139045488e-65,3.117344059008472980e-66,4.793921876419964557e-82,2.767649061497643442e-82,2.349532228143755743e-65,1.849709569664626872e-66,9.191313702030209787e-70,1.867322476032105295e-82,7.285083541010428051e-80,2.993125643259374661e-81,8.419465247185592381e-81,9.195240198272145001e-61,6.821664271013572348e-83,1.417734599724180341e-64,4.192427884529768876e-82,2.083595741984110069e-67,1.449548449710339817e-78,6.533273975391685074e-79,2.328843171718665812e-80,2.984065596021000242e-60,4.874251169205182444e-81,2.980133134932089093e-79,1.067737419513349773e-78,5.520756021359989705e-79,4.611711004785757989e-65,6.384155572960476703e-65,1.530464745055176566e-79,4.306460838825404722e-79,4.577149053562583112e-79,2.081601658450362694e-65,2.109054164811666392e-82,1.126298677925660524e-64,4.802786452287345463e-68,2.033799000212844552e-64,1.804239704012768760e-79,3.290447562523359915e-82,4.897332697410007033e-79,7.382901327528816874e-66,6.523341499241628856e-65,5.989841870215794890e-70,1.102633304472972870e-65,9.391310180235362189e-65,7.313887756979312825e-69,2.782677978532588744e-65,2.035121764560256198e-64,1.381178822946412315e-68,5.451036785440065987e-66,5.227141567570780875e-65,1.033667498099142798e-77,3.761334058713507140e-66,2.041305411374062950e-65,1.642940942053916042e-64,5.786706398396985920e-66,1.004139447776181660e-81,8.701762056481152634e-79,2.050455360814960202e-79,4.149137548422349693e-82,1.408324541936884804e-82,6.295854651340345560e-65,9.925492013884319670e-69,4.890830959466422579e-83,6.873825649611106977e-65,5.787148987541029859e-79,8.778374683594855587e-79,2.013324785302646936e-81,6.367359613033658914e-83,1.684265963235050662e-64,7.000374698773817398e-81,2.210058557008116487e-59,2.541073428648162941e-79,2.013602100158538743e-66,2.055532921227963590e-82,2.397878842714709743e-63,1.085916625853606594e-77,2.516852245356961057e-68,3.999999996562518256e-01,1.798138646990665133e-81,4.026691459726437939e-66,6.551017779489843728e-79,2.056529886935875145e-64,1.813039695566822220e-68,3.514404417253097390e-80,1.124444530860818219e-64,9.221810323728118694e-82,1.992447926340025288e-80,5.325415294631617803e-66,1.802394368039498992e-79,4.402754405226670484e-83,4.000000001028548025e-01,8.250420890143168972e-80,6.419329435177799907e-79,3.788295631316113879e-66,2.566115660316192020e-65,1.680471134706354219e-65,4.609960265565485332e-82,9.721077994361327527e-79,1.512527806786090297e-79,5.160555844283708819e-65,1.377220137340332494e-81,1.132612233560552943e-81,3.314891418621787754e-65,2.013452899669761022e-80,1.418642711404993682e-64,6.882294649515049495e-61,2.796588996839623540e-68,2.974947608414823315e-82,9.145237733453566881e-64,6.795034801497381725e-59,3.075213517119363449e-65,8.348617858366971989e-80,9.150653550868516958e-69,2.205843805341202793e-66,2.885955667621779201e-78,1.736078935978628660e-67,1.301975972871965025e-78,4.052490509905034643e-78,5.926200172918282536e-69,7.437399811077237680e-69,8.734910449814889526e-79,5.637632964879847548e-69,1.740008480773840768e-81,8.726495577073113046e-66,4.402520247413619267e-79,4.537387612840387475e-68,5.846383282109360744e-65,3.143105218686166189e-80,1.492263049725819339e-81,1.916806560509835557e-67,6.029876907477834841e-60,2.658542583341275536e-65,2.382953584907167558e-64,9.381538970534554847e-82,8.206855088413897795e-82,5.275274766732935477e-65,7.192020090704110285e-67,3.605194455054311485e-65,2.596924715035452300e-60,6.050818675760993837e-78,5.480081780789729810e-82,2.163556941928440590e-80,1.576161219927754688e-66,2.531352695630500134e-83,4.539782745564745954e-83,8.870580517356703019e-65,5.972164924039351303e-69,7.176511871795056330e-65,7.729212742618156872e-69,3.720522121203818588e-65,8.592062508191364234e-66,3.153776359539671982e-60,6.205227819671754533e-82,1.414929393821774089e-60,1.293187410433566754e-83,2.497510752830925665e-79,3.617061132267745218e-81,6.450935494926938030e-69,2.328961143803201652e-79,7.975985733464831654e-67,1.842447798833488353e-80,9.873646397979566233e-69,1.544974988379577312e-79,5.454936244840417492e-65,1.610422742291229550e-67,9.117540981809027559e-64,6.644940665502403606e-79,1.714126574904184102e-65,9.758433526485007797e-80,1.474778769952438302e-64,2.095412776772986547e-83,1.921975343880448101e-64,1.024041599509779077e-64,1.967595889659028453e-79,6.861435084252504037e-66,5.572897262175656756e-79,0.000000000000000000e+00,1.110683716016660826e-80,1.947420861706907961e-79,2.265068227902063950e-78,1.512858681514363057e-64
1.085343973917057690e-80,2.318363340258941518e-80,5.188781893285191424e-81,1.427179658745032047e-79,4.028049007590196319e-64,1.886323182641596184e-75,1.216307366458207153e-76,7.049701824936099129e-76,1.550402802648767600e-77,9.711094952823791638e-78,2.398515078850316299e-79,1.717543556863223012e-80,1.800840099839069386e-80,5.564453188934655795e-72,1.362923272329859289e-66,1.275964420850146452e-81,1.643302826293122148e-78,7.506091634662043322e-78,4.912589153803825081e-66,5.393160983400025535e-78,8.993943471737149893e-76,4.692234593935710220e-80,2.223219624616845894e-79,6.174159898628575302e-67,1.891365373387483669e-62,1.453205283258352504e-75,2.820216109399798519e-64,1.267392316864888438e-76,3.544177938169211220e-81,5.167341113090815879e-66,3.371417982812614188e-64,3.288173401675213150e-68,6.358884335081427918e-80,2.232663760549993931e-65,5.071240815023378456e-80,1.413819244045768973e-66,5.220302183784366169e-64,3.985909576413822606e-66,1.030881660134417382e-80,2.110732751669528626e-64,4.467880808552351481e-67,1.746232682823645840e-65,2.818643177919442452e-67,9.264246283412388873e-81,9.028472142541002274e-76,2.556942879763584098e-77,4.409792310177435042e-81,5.266919864398538931e-68,1.673761139259398822e-64,7.344837521074247800e-82,7.922067095055925814e-80,1.226939410766134038e-64,2.435750380711657253e-65,2.219930462589165597e-78,1.869841077745982365e-61,5.149712643351364211e-80,6.641604990197540502e-80,3.589602625300583414e-80,1.402033751802073313e-81,6.044726195242518727e-77,2.228769231183089435e-80,3.214888114661337772e-66,5.583623638683346547e-81,8.943239460181354500e-68,2.183010829554609084e-62,2.603061198963267247e-58,9.777330772152819510e-81,4.639144388376561117e-73,9.261773189906948262e-78,3.599490415514078058e-76,1.506102442516531040e-79,2.272105779744106137e-66,8.214340923257886415e-76,8.758574840690240198e-78,5.228037669024771084e-66,3.575105095751526634e-79,5.096790106622160172e-78,2.898270987072792095e-67,2.664664430230932310e-66,3.999999928298064722e-01,1.427748012685366059e-76,1.270101920545120032e-66,3.296792469331815583e-59,1.685550543212950750e-64,6.613320925283059982e-76,1.612684880352802041e-78,7.654556938158090000e-78,1.173512043850942629e-81,1.654108559638164134e-65,6.632218121196111372e-79,5.985222585667815093e-66,9.326018039545530700e-76,1.534844339850226321e-67,5.744060054892490104e-81,4.418743650819063488e-79,2.247210187713767973e-79,1.433254392052760910e-66,8.945317827251979843e-79,2.159125373340179508e-80,1.030878441317598751e-80,7.293197526015707893e-80,2.412617690256166174e-65,1.315505061514460395e-66,1.098248581584154891e-80,6.502786887072506408e-80,5.835256007790454547e-81,1.973632057517088483e-65,6.241054981427354990e-76,5.126082941208366542e-66,2.883806388634515360e-64,3.101494782914213702e-66,5.879938134093730250e-80,3.601680949778694313e-78,5.270877919189247036e-81,3.903026003602998326e-68,1.687786912430269758e-65,6.613909155798220196e-65,3.287513527435741172e-65,6.946638258962062626e-66,8.059409810306956073e-65,2.603138375776849076e-67,1.659836302015638793e-65,4.726671237400937824e-65,4.610893323077295367e-62,2.555848916587826703e-64,6.460353843034841366e-80,2.276063452743752522e-67,1.621541042177130462e-65,2.317728597369986418e-66,8.633335246599505345e-67,1.280151553074156374e-76,3.898661268611012299e-80,6.947004284871041884e-80,2.267954437366827853e-76,6.024727321994289581e-78,1.916494955718678778e-65,4.825955070966693650e-65,1.254911000520132936e-79,3.075624338102034100e-66,1.298268419885210924e-80,2.006008773791441608e-75,4.621340160171511178e-82,5.070803541715221456e-79,2.597248962986796000e-66,1.657734246154043653e-74,2.358615958489698299e-65,4.237031136197602673e-80,3.616184685337330227e-64,1.768922123925008434e-77,4.390895232078050712e-66,1.138437712009527114e-79,4.483796203879128328e-59,1.157414774187529404e-80,4.271479797630502677e-82,9.299121757170962042e-68,6.035698857923543561e-81,1.983355745274364775e-66,1.072162696521069637e-64,3.058836764828637821e-81,5.946610066745974786e-66,1.276151572473927336e-76,1.566743204680784678e-81,7.945019338918941502e-68,1.178166710170120671e-80,7.489388758262055491e-79,1.203898874248178847e-80,3.609859025890305569e-80,3.106482476534852266e-80,3.272882356803262457e-66,2.251515335577950097e-67,2.562421549378142619e-65,3.999999930205519472e-01,5.700160983427429970e-81,4.245281432888427212e-80,1.597703876471849547e-64,2.475897898801862540e-77,1.788368293506412127e-75,1.654826291251714435e-66,2.582836470579626048e-79,1.819509535604036146e-65,1.355857847347832403e-65,4.019798099021480108e-59,1.902772757733541613e-76,1.543539919622325346e-65,2.168089870353853177e-65,1.927773442501438721e-66,4.304642268892453991e-81,1.231130595977000402e-64,1.585089057298621756e-67,2.623180745000326092e-80,2.028697497409760940e-61,1.630268507692167754e-80,2.135392459661251246e-80,1.789679793032490899e-64,7.922737242082108245e-65,2.066186489169567257e-75,1.352877842502987640e-64,2.698427848523628394e-77,3.188143492024172662e-64,4.671924103440744896e-81,2.347212743233782518e-58,2.114419507737998848e-66,2.401747521497301116e-79,7.398802880935708806e-75,1.420311526253534881e-67,8.986855128539310023e-66,3.834865330429488971e-65,2.567664137660213866e-66,1.709096529929776061e-74,5.009960396705767338e-75,1.591017967362484431e-66,1.014124387185304826e-67,3.556840596237459685e-64,1.411149793260462910e-66,3.568069976590129061e-80,2.286341117441982138e-75,7.205300782391104103e-80,6.098568004687345944e-65,1.334327498805315863e-79,4.245625616133601412e-79,2.121902984557178393e-66,3.405036046118546419e-64,2.435605289762223328e-66,1.013022509308128884e-64,1.677786052806459785e-66,6.645588679544061306e-68,2.830328276911943611e-66,3.811476421515362421e-73,3.570415517401564016e-66,3.549530123050377186e-80,4.950854508530661454e-80,1.192144574441565144e-78,1.926166713246327906e-64,6.090670320655770222e-80,2.415319350758454893e-67,1.469567983476047422e-81,3.194022600617352764e-65,5.130158150389455728e-80,2.968668662984287542e-66,2.428996204982520444e-57,1.739583745948729975e-65,8.962572278613090376e-81,8.655831838875573986e-65,4.990800987570358100e-80,6.216359575160793118e-66,6.679168272717764036e-80,5.053073420138465848e-66,1.578934080489198739e-65,3.368058958600533372e-79,3.662463612795859570e-65,1.061670068704743486e-80,1.110683716016660826e-80,0.000000000000000000e+00,2.251365495550560220e-80,1.551992045326260556e-78,3.036751994107623109e-66
3.399554090387883356e-78,4.000000008496297776e-01,1.106130609302739503e-79,3.180772705971403880e-78,1.133604600462572569e-64,2.445674638464403825e-78,1.881279683132928085e-81,5.857592752411549060e-82,1.676185278178143098e-80,4.476581467954335449e-82,2.624989622339880443e-80,2.895785787609401549e-79,2.304873906844680815e-79,4.019441245075501608e-81,1.245208584728778618e-65,3.753530402758133318e-81,2.717838682328375348e-80,4.439356845022641742e-78,3.885956316944609608e-63,2.952975133313251443e-82,2.459391181652275743e-81,2.888455963777420185e-79,8.932348006050762107e-83,1.034816124931638015e-66,2.459132093671247811e-68,1.737771413687962854e-78,4.883571316457735292e-69,1.476491910566701175e-81,2.592038906681550545e-80,1.316238239154199462e-61,8.956018927790805815e-65,8.523878548475561349e-66,1.273104438782398880e-76,1.599094322916654342e-61,1.286811466409562284e-77,1.047284386741850357e-65,5.809206801813973789e-65,4.123604967223242321e-61,1.334428452545153972e-77,4.671136042699843057e-69,2.414179151218589133e-65,1.809063190256862346e-63,6.227640729785476866e-66,3.755297690387083116e-76,7.013397582125302532e-82,1.010502763038722198e-80,4.917549347184405932e-80,1.123297141254432890e-65,5.200111409315840778e-68,1.654441640859913746e-81,5.822950301939747662e-83,1.149797774679963330e-68,3.524017123570397833e-61,1.947132016179645489e-81,1.245988420297837921e-66,5.175398849654535615e-77,1.735401173594796353e-78,3.445944476432166166e-83,2.492198960512797237e-81,6.088636417678959056e-81,8.076426565996603531e-75,8.515991770168887156e-65,1.605998387597441448e-79,5.466012565798002875e-67,3.611129221764472479e-65,2.658392648263709034e-66,2.395144067520967630e-77,1.084925608498342813e-81,3.897198770292467674e-82,2.866788118496711249e-81,8.317628972165031654e-83,1.424657382988380360e-65,9.112974601609054153e-82,3.806852863523022070e-82,2.327799622235104357e-57,1.382407879680399615e-82,6.416299793147339826e-76,7.936957348281729134e-66,1.535982467513589164e-64,1.058415468010639879e-81,3.288418146329128502e-82,7.095588118495704108e-66,5.967516056058665635e-66,2.753851492355094376e-69,6.726381359202609855e-82,6.458792492435527950e-80,2.637382501244744055e-80,3.282424650453267870e-81,3.686823741455711227e-63,2.318075272631361845e-82,6.829089908367713198e-65,2.050506979564235252e-81,4.840871063814895748e-66,1.176583082788089740e-79,1.719210819891988334e-78,3.863937328055622190e-79,4.229760153551745842e-65,5.617024975123875819e-80,3.999999993716206736e-01,6.408113524689929088e-79,1.042849174874945130e-78,1.411906524220069044e-62,9.630432912682129985e-66,3.651336879471088741e-76,2.042729841825990397e-78,2.488308735024985785e-79,2.325818887646537491e-64,5.566470404179904716e-82,1.766586530571432143e-64,6.130245190618357134e-68,8.264517473103653089e-65,6.861993143374875161e-79,1.000425570075271785e-81,1.662501907185322270e-79,1.320143149194237162e-65,6.838788562180029562e-62,2.438146218934937534e-69,2.656388048692297491e-64,1.724651419659624645e-61,2.000225961238097620e-68,4.491752428549596038e-63,2.634199313294967854e-61,2.549512512091236240e-68,7.207630686079898226e-66,3.369135507482742016e-63,1.622202023616964887e-76,1.692909594664554138e-66,2.309909737637230715e-64,4.394126834857088983e-65,1.431226884525461924e-66,4.002451868868186608e-81,5.812129085982895615e-75,1.302328721653971505e-77,4.471705971247779430e-82,2.680132445628817456e-82,2.614748233086806969e-62,2.379443559824987003e-68,7.428484038708524582e-83,2.287688032374936597e-61,3.600373510673759128e-77,2.499944552023119717e-78,1.118475204016964648e-81,1.646638222656692885e-82,4.427174311656113212e-63,2.309466953849442161e-80,7.927003714078529201e-64,2.236476031743351978e-77,1.938509491007350655e-66,5.553386466987502296e-82,1.984239723479651667e-63,1.678433040837122412e-78,7.273055929749978949e-68,3.627285912303659573e-79,9.649094961063201708e-82,7.037971532132947550e-63,2.302498762488208490e-79,1.010856868750936598e-65,5.552259708871457841e-68,1.555096694233283759e-80,8.779045338834492572e-65,4.381654137909407548e-81,1.133882428112635730e-80,7.547397305241688499e-63,4.560506817806461840e-76,2.359188570252809123e-82,3.205386102553454694e-79,1.217561387037524132e-76,2.838841750341546512e-74,1.184934051229392005e-64,8.650190704625405387e-63,4.476988386859225485e-64,1.005119316033334672e-81,1.126426255952686934e-79,1.011037404534187210e-77,2.940506835101199646e-64,9.564166101111204080e-81,2.105635541371255561e-81,3.964128619602183070e-66,4.787864867086572185e-79,3.268624253733110626e-62,1.711965712410419920e-63,8.849040924411941535e-68,1.966049417160121138e-81,1.645906851045644334e-63,1.406506936593136449e-63,9.868562137673250862e-66,4.068231578770088050e-80,1.932791210756111101e-68,1.128165867827485656e-66,4.541251678475328293e-77,8.000791408886669540e-67,5.654315599090200840e-77,7.818798544351944499e-77,1.163424644995384029e-68,2.216629898554456800e-68,2.231268741242196227e-78,1.189373195720439988e-68,5.787453606981252872e-81,7.331456092247981494e-65,2.047749027551104436e-79,1.179579023601626089e-67,8.215044456202273786e-66,4.127346868256097189e-80,5.378767658779519995e-81,6.409167473653873919e-66,4.607064622601250056e-64,2.600122521594839938e-64,8.000856449332081528e-65,3.749880437020886832e-81,2.782747094203532534e-81,1.324594798834555688e-65,7.630605293163510108e-67,2.043569321583287825e-63,2.112626361490792234e-65,1.636524782832761678e-76,9.716468151213578885e-82,6.291227373736073383e-78,3.677383031878588274e-66,8.412286188837776973e-83,1.265924041718067316e-82,2.600248388997892049e-65,1.134225201784243735e-68,8.714010067653860765e-66,1.850049830790231015e-68,5.568965679716529254e-66,4.766910986067984092e-65,1.256619513596462121e-64,1.105820934855516504e-81,2.323732745516270085e-64,3.664266061883553492e-83,3.580335652246697986e-79,3.033273838795468690e-80,1.377813150767149010e-68,1.009599451387597737e-78,2.841013130047030220e-65,8.219993558197393766e-81,1.692547281732306071e-68,2.132588541537417089e-77,1.378757421481058718e-65,4.199256456875079411e-67,1.876809942651694062e-63,3.134704222395502671e-78,2.791079008790050983e-64,4.939736333483036379e-77,1.361485278790060119e-57,4.667125936357958357e-83,8.792627055352629672e-65,2.838985668725764782e-62,7.609051612368364773e-77,1.562072457455531984e-64,5.939988297312660402e-78,1.947420861706907961e-79,2.251365495550560220e-80,0.000000000000000000e+00,1.951368066894821698e-76,3.072287105223631257e-63
7.627278111561065904e-78,2.234940854993285048e-76,5.241596969713087581e-79,1.939029958707002707e-75,2.793529584074818680e-62,1.049117453027261604e-76,9.178366054967234462e-80,2.810691213302099337e-80,1.277086433311629828e-78,2.498798790166191341e-80,3.090899496376988600e-78,2.201377994808061487e-78,1.812886764013368587e-78,3.442697221635226778e-79,9.898331309247222131e-65,3.912574654627564325e-80,2.980600335147088132e-78,2.943629563966655181e-75,5.469586290283675736e-63,1.316778562945734989e-80,1.450143658636915090e-79,1.124742924550285601e-76,3.642428857573464410e-81,1.020116282520554041e-65,1.754224676232064892e-66,6.474666602662770539e-77,3.947443295209484176e-67,8.658283230298496487e-80,2.340689636456080359e-79,7.769786292816138568e-63,2.740791731423918640e-62,1.792465922977433924e-65,6.492598001122292951e-77,3.279593339939785835e-62,5.836136808570201401e-71,1.043771023663798900e-64,1.498190063878300520e-62,1.184559069887481245e-62,8.517705853691731855e-78,3.867039596067002500e-67,7.966899553548057231e-61,1.214286506177434291e-62,2.943008321929176985e-65,2.190998687131807137e-77,4.863279619266777415e-80,7.451816492453406984e-79,2.961452972847062669e-79,2.663660698704562537e-65,2.359521804193980325e-66,1.823613335923394166e-80,2.842466832484026587e-81,5.625527609968184655e-67,3.692882451900116306e-62,8.407010293002811723e-80,5.057281285605562256e-65,9.284700153461676999e-75,2.339072000180303620e-75,1.446001512237815211e-81,2.461916382443857100e-80,5.036526224689660731e-79,2.110307817384513707e-76,4.392406205067189667e-64,8.343157769626685160e-79,5.307369359760123502e-66,3.167191337322796414e-63,1.874507320261569948e-64,8.835402905370934204e-78,9.770283978586194263e-80,1.834390315234232058e-80,1.190507728592510520e-79,4.417242183973794174e-81,1.236351470149430120e-64,4.539818237757546882e-80,1.808470949585503673e-80,2.583308158658400542e-62,6.531907841575272582e-81,2.155420382162022878e-72,3.862849917311626344e-65,1.664117465271225097e-59,7.671147702737968134e-80,1.929895854454366503e-80,6.420866969113788466e-65,3.214394733029861496e-64,1.576802417726231823e-67,3.774264085315231209e-80,1.269218148179223650e-77,2.034041069189059859e-78,3.031353216702378093e-80,1.365875992769872482e-62,8.978899782763335294e-81,4.633555942230756380e-64,8.652970912190719662e-80,3.899858637429642585e-61,7.705534240943081524e-79,1.899031315786031777e-75,2.203864615257616012e-76,2.150055738347869565e-64,7.919515531190471832e-78,1.758613380417114645e-76,2.037112402003375266e-78,5.812112691464638459e-76,3.129248937369196893e-59,8.432100867619759570e-65,2.204333766155157163e-77,1.910584880371549433e-75,1.199659208214074927e-78,2.114141483627388211e-60,2.732969593663228553e-80,1.131725993608942834e-63,4.018542353728889326e-66,4.187357374080197831e-64,1.092529032668682107e-75,5.423786446184612341e-80,9.357688033786641117e-79,1.664661455972646561e-65,4.161692077436188906e-60,1.323825887588658259e-67,6.125160244045285292e-61,1.524857710924490657e-62,9.997340007718669357e-67,3.579062717776490997e-64,1.397794865606455451e-60,1.286678985693372375e-66,5.324745466959104432e-64,7.256113889431994773e-60,4.098164608204456895e-76,1.222779684662886022e-65,1.788392644364115391e-60,3.447164972640938865e-64,1.772154638263244350e-65,3.006208250290886336e-79,9.306200808408428823e-76,1.263531146182402896e-70,2.801855508943845164e-80,1.634989737260750118e-80,2.807174967682039390e-59,1.192260355786732918e-66,4.020476891457997213e-81,6.263941962907651662e-63,2.972409226270656174e-77,1.058420817117172978e-76,1.338508480866334306e-80,7.673631451776916533e-81,3.398431780531683490e-63,1.860291675535905945e-78,3.907683482192967847e-63,3.999999914087799535e-01,2.264844085119525143e-64,3.643574308742144441e-80,3.863786530394570010e-63,1.103987513114327696e-77,5.204402714975302850e-66,2.740653625602347653e-78,1.163186160951309584e-80,2.546470290280016989e-64,1.163823831322356447e-78,1.031317029640997868e-64,2.680824183341554997e-66,1.428572251574143834e-79,5.460856602512402422e-64,3.448040621103127242e-79,6.297681864764675070e-80,1.675372877367169016e-64,2.224613386131328793e-77,1.023971898073563895e-80,2.903234225071977313e-78,7.951684926194134153e-75,2.454928657149260699e-76,2.257254127544037258e-59,5.027611088286166527e-64,5.020756665022293139e-60,7.760027915648513874e-80,7.272623020859714897e-79,6.102476056835849970e-71,3.361616050159115693e-61,6.289990612103112165e-79,1.219549948962383883e-79,5.442764607071502102e-65,3.027413296214506142e-76,4.484670190408677967e-59,4.346099903000456003e-63,5.406955298206878818e-66,1.020262371185192899e-79,7.583343081199710642e-63,6.036117617797294268e-63,8.830227968563092626e-65,3.544146963888684300e-79,1.092212173293401450e-66,1.019059013278761971e-65,3.738504668361010278e-77,4.132195552585260185e-65,3.521449525845821576e-77,4.636467584652486050e-77,7.506962514693894180e-67,9.610056537854352169e-67,1.063547238402107170e-76,6.094933317991876695e-67,4.609398207231319078e-79,1.845149347575660604e-62,9.139047339819247452e-79,8.384323737904357507e-66,8.494733674616552508e-65,7.720670898974758111e-78,3.357389628174962458e-79,5.082283276744720865e-61,1.959126625047589805e-63,7.804994981730265577e-61,6.301857680379560936e-64,2.135195153864658460e-79,1.454397962522704400e-79,1.287811016544685219e-64,5.767345473801205152e-66,2.965363139592155364e-60,1.322834816335572939e-64,8.308217059561963520e-77,8.358517624316736008e-80,2.313114547887864779e-75,5.859619806716012667e-64,3.265919463687331715e-81,6.408174967879604692e-81,2.056029102636227919e-64,7.742857624125276137e-67,8.927425206474058615e-65,9.217416715915747010e-67,6.191157440754760759e-65,4.624378831245883356e-65,8.009593041013345179e-64,1.028601118025684786e-79,1.297557539759088324e-63,1.640320071522550795e-81,1.298573396318618954e-76,3.220618039328071869e-78,6.282826844311916502e-67,1.878431386702496970e-75,1.027649383701193815e-59,5.676276838025926796e-80,9.668524400317562881e-67,3.999999906267333594e-01,1.129623208874110648e-64,3.080017986608570085e-65,1.042826849846446328e-62,6.152925056893684330e-78,2.557018819093091431e-61,2.976775169279011557e-74,2.598620166092802323e-62,2.031270438735981641e-81,8.111966798859056463e-64,8.452432719728998489e-60,4.304397693624207480e-74,2.310789794155620058e-61,7.743462630068838930e-78,2.265068227902063950e-78,1.551992045326260556e-78,1.951368066894821698e-76,0.000000000000000000e+00,3.318404654314924378e-63
1.588804458587041699e-60,5.409034687329337690e-63,5.878344882515782522e-65,3.366471431037199518e-65,4.584089858816661940e-51,3.279785077854678956e-64,1.578101535781779187e-67,6.393738510302480175e-68,1.186035124237969282e-66,4.610885472674647588e-68,2.556730044506566978e-66,3.283318460481896794e-64,2.153884854003494888e-64,6.071158128651412778e-67,9.750877821921097562e-51,2.007595761397855359e-66,1.826887677219966548e-66,2.758061664226714201e-64,3.165275474167703139e-36,3.096411461874940816e-68,2.480450811333336645e-67,2.729963339173135894e-65,1.090191494394521908e-68,3.675157143168587229e-52,2.727477268374293169e-54,1.996090536677393236e-64,5.916014899784246990e-55,1.322851963989870290e-67,1.622093992837834891e-65,2.699201190971040178e-47,5.673561707975264216e-51,1.289286933524413811e-48,7.668171540961787871e-56,1.618989939218484362e-44,1.579660352955864830e-64,9.198110785108031033e-51,3.618986771431726311e-51,1.497584532022459966e-48,2.303913812248662226e-57,5.728578891050552523e-55,7.583790054471204545e-52,9.805584514059601299e-49,4.898131372421008599e-51,5.846364039422170750e-63,8.197460207899726292e-68,9.087351006753937469e-67,1.846923004281702045e-65,2.510831077249126626e-48,7.208930795861229463e-54,7.027516255145564561e-67,7.943470105756892860e-69,1.417217039050646897e-54,2.312747986781582328e-45,2.448971936858179948e-67,7.875118322020593921e-53,1.766560516075500886e-64,6.086727244105352754e-65,4.493877345273418442e-69,1.079605163991804076e-66,6.144031092155318360e-67,2.169084448615125759e-63,7.363727258456781844e-50,1.006770551075204736e-64,3.173068352379479121e-52,4.415222255333472831e-51,3.189456942357421276e-52,2.119878093513505485e-57,1.649128120587954029e-67,4.337308349627366667e-68,2.040022556838198366e-67,1.033195990332946778e-68,8.893389184891335441e-51,7.493422500704025429e-68,3.763503011130617292e-68,2.244002146131706490e-48,1.477639426823524091e-68,1.657320024549904633e-62,6.852501142118465921e-51,2.801351905854845099e-51,1.319480418342507762e-67,4.507656898570233345e-68,4.531862989868833819e-51,5.497954902247373545e-52,3.419664781085400361e-55,6.439846023232479259e-68,1.026483367506005047e-65,1.548490848317382781e-66,1.179028102305317718e-66,1.684923545223066117e-48,2.239761134603066265e-68,4.160921456905908131e-50,1.693885550428362750e-67,1.361621436633701061e-52,1.190915104806387444e-64,1.258718451677921902e-64,1.295271597846518238e-65,1.979932457355986363e-50,3.127190877911816699e-66,8.803352479612960714e-63,7.148509381567843826e-64,1.064890265645333864e-64,7.075242663985286099e-50,7.979405319569889786e-51,1.395491440108151781e-62,1.219194213238328895e-64,3.333858056722674637e-64,9.033125951859189698e-51,5.559920437029746768e-68,2.334040909192889708e-49,1.018307646423335369e-53,7.335193766679602398e-50,4.905475942575951928e-65,1.073553835910090483e-67,2.547764540381488545e-64,1.397789884203615696e-48,1.290947761600929338e-49,2.813350212293700934e-55,5.865168343947360830e-51,2.253411069131361846e-47,2.393975485474800970e-54,9.598074556711646019e-48,3.551046705608649276e-49,3.666135955799056785e-54,7.570422012455899981e-52,9.810844195670940303e-50,5.443738789196715949e-63,8.465804397863443035e-52,7.952042926441231372e-51,8.406905153214738647e-50,6.329595168077422484e-52,4.061978737225213587e-67,3.799378755873376861e-63,1.888446477097939790e-64,5.460007475228134546e-68,3.744214353914069044e-68,1.619509235971838096e-49,2.753249684762489604e-54,1.156106767412360610e-68,2.599856212096908204e-48,5.061541565708694022e-59,3.160524903943911471e-64,5.714754914266503302e-67,1.583047907266462610e-68,2.772189904950330949e-42,2.458151924049313051e-66,6.941486114715647499e-49,4.132527138643866633e-64,2.261362486903244541e-52,7.075921371725387593e-68,2.641576985257065137e-42,1.409427581420709222e-63,9.080081489347485850e-54,1.448493630192429480e-64,4.019816347370736212e-67,6.165791429321820643e-49,2.368750112415935639e-64,9.717915404578176839e-51,6.497888296205189575e-54,7.763777003066371398e-66,5.517249235458470587e-50,4.919673268809370240e-67,4.075087921319839555e-66,2.096951751137201987e-49,1.297057206467743608e-62,2.142750422628646971e-68,1.301781436923193021e-64,5.400369904223185514e-64,4.118730773238947657e-63,4.722289415646231156e-51,3.113894347754312507e-49,1.004112626134373409e-50,1.380467456209314523e-67,1.418898178492139386e-64,1.170746349665150673e-64,1.393944770188798818e-50,7.354779706958882137e-67,2.447071706676510624e-67,3.093530358096293901e-51,1.207407320758095505e-65,2.414315276755454981e-49,6.795066256093111301e-48,9.087012570877951666e-54,1.779552615238928509e-67,2.143831921095438591e-47,6.954043510547244997e-49,4.786822878860374193e-51,2.584620989300343228e-65,2.582608816451471338e-54,6.670794028794221463e-52,4.543444785133747449e-58,7.923923124176473425e-53,3.725275716792500855e-59,1.526680078072181747e-62,1.643746684860376263e-54,2.109735737215597944e-54,3.308582213227628703e-64,1.620779444132801873e-54,6.675889188268495266e-67,3.987853073462622167e-51,2.166687395114805040e-64,1.909999753950956018e-53,5.685948993580392598e-51,4.316742876112783445e-66,5.896297884092312442e-67,1.024937959472269514e-52,4.140554048501538286e-49,7.488924472783752260e-51,2.631904864314621057e-49,3.531536497033192678e-67,3.272144034221905504e-67,1.403133803398269408e-50,3.986764948430971410e-52,5.005244291263778108e-50,1.315300437599063008e-50,1.212990297981090378e-61,1.787515246069716138e-67,4.561228974032442499e-65,2.895518039178729721e-52,8.891717411767439209e-69,1.393071755194636229e-68,2.162715185945208614e-50,1.372690776664954586e-54,5.478406608834719397e-51,2.047440696813019551e-54,3.676173791820406124e-51,9.501151922620134436e-48,1.059969670477138885e-49,1.693240547837698728e-67,2.647354884717193609e-49,4.904434637476460155e-69,2.866863626857075871e-65,1.671152644209569503e-66,1.427644184888699792e-54,9.268330609910810389e-65,5.845562508800710220e-52,4.109983159157607624e-66,2.393627244004411718e-54,2.465559151319695765e-64,6.972419885863960567e-51,5.598994789668974814e-53,3.033412112715839353e-47,8.735362195152631871e-61,7.759881061923091419e-51,2.981740471575112449e-64,5.209537684684244857e-48,5.777466964128053660e-69,1.392030904530620597e-49,1.104743662759348050e-49,5.366608832673126962e-64,4.459125431318472210e-51,2.247588124402099987e-60,1.512858681514363057e-64,3.036751994107623109e-66,3.072287105223631257e-63,3.318404654314924378e-63,0.000000000000000000e+00
