{
  "config": {
    "N": 64,
    "alpha": 1.8,
    "beta": 1.0,
    "gamma": 1.0,
    "dt": 0.02,
    "T": 200.0,
    "sample_every": 25,
    "seed": 101,
    "target_initial_load": 1.0,
    "noise_fraction": 0.02,
    "eps": 1e-18,
    "device": "cuda",
    "dtype": "float64",
    "model_variant": "full"
  },
  "device_used": "cuda",
  "dtype_used": "torch.float64",
  "runtime_seconds": 21.293259300058708,
  "final_constraint_report": {
    "symmetric": true,
    "zero_diagonal": true,
    "nonnegative": true,
    "symmetry_max_abs_error": 0.0,
    "diagonal_max_abs_error": 0.0,
    "minimum_entry": 0.0
  },
  "final_chi_hhi_star": 0.31522009895972286,
  "max_chi_hhi_star": 0.31522009895972286,
  "final_lambda2": 1.0412662940551395e-07,
  "final_total_weight": 21.175956791554178,
  "final_load_cv": 0.14862253149707236,
  "W_final": [
    [
      0.0,
      6.7431994648954e-11,
      5.821072856840785e-11,
      1.1031629041017602e-10,
      3.5860740682821925e-11,
      7.931213416963161e-10,
      2.037083306274462e-11,
      6.695379615721457e-11,
      6.524332630547968e-11,
      1.2785582007960298e-08,
      1.2254093617821298e-10,
      9.147156746138733e-12,
      3.4663515916367673e-07,
      1.1106710531360133e-07,
      5.42385238072462e-12,
      7.590924121675606e-11,
      2.7583280282570065e-10,
      3.266799019426001e-11,
      0.0006464414854487178,
      0.005634990383695088,
      1.2181920354890307e-11,
      0.15949005856827184,
      0.08354783376208039,
      3.2038943944715026e-11,
      6.832036778366023e-11,
      1.7492158647874333e-11,
      6.428195035763825e-12,
      0.0008657096252181789,
      1.082922440782973e-09,
      1.2216644205773675e-11,
      7.51994994648243e-11,
      9.751012342831e-12,
      1.3490434073874714e-11,
      6.122264003237963e-12,
      9.605427712768768e-09,
      9.32377084240305e-12,
      1.0509682350654213e-11,
      3.129811043669929e-08,
      3.4517874972589996e-10,
      7.599290981282671e-11,
      1.703450802347121e-11,
      6.848010132389057e-10,
      0.081500725640633,
      1.1456418243263315e-06,
      6.38998776762517e-11,
      6.77213910785045e-11,
      7.133371190287731e-11,
      0.09790896317077356,
      7.697990427244155e-11,
      1.183030214468711e-11,
      2.678381339048325e-10,
      0.14763670404667736,
      9.601394396404611e-12,
      2.685742866517365e-10,
      1.0179139601631535e-11,
      9.214205104061285e-12,
      5.7043826399744436e-11,
      0.000599621070926142,
      0.000735241411834105,
      1.3392270673623724e-09,
      1.0148199361671516e-10,
      2.0574384224537538e-11,
      1.685716993586184e-07,
      4.3225599968912726e-11
    ],
    [
      6.7431994648954e-11,
      0.0,
      1.3092359492263712e-06,
      2.045733857747431e-05,
      1.733129069963706e-07,
      3.3780009600812634e-08,
      7.055538122943316e-08,
      2.5097147835512363e-05,
      4.9511036077263905e-05,
      1.5353107796809952e-09,
      1.2772676808916136e-05,
      1.9745239580496606e-08,
      6.596171675055482e-10,
      9.567169273723993e-10,
      6.529960138626846e-09,
      3.0414504280655188e-05,
      9.79517511567817e-08,
      2.0806846328052907e-07,
      1.3420227868604007e-10,
      9.950097300672319e-11,
      2.8655589520549014e-08,
      4.930286138721799e-11,
      3.998516827756963e-11,
      2.119143357278572e-07,
      6.422400922280484e-05,
      5.488094325021986e-08,
      8.392747929919282e-09,
      1.0362546322919115e-10,
      1.874152342845725e-08,
      2.861427206959942e-08,
      2.3211653267658533e-05,
      1.938291637355455e-08,
      2.1273363903524107e-08,
      7.87456973915807e-09,
      2.3744163370293963e-09,
      1.861685318345398e-08,
      2.0859474222724095e-08,
      1.4514378498977616e-09,
      7.113198028707922e-08,
      1.9249233995788456e-05,
      5.1361598081295e-08,
      6.83206206011324e-08,
      3.920000178025853e-11,
      5.64619461151024e-10,
      0.27356181453176803,
      0.2557138051839356,
      6.298269726618125e-05,
      4.7329876216791843e-11,
      0.21664171061596055,
      2.8572389272460626e-08,
      1.5807119712000936e-07,
      5.3240541175409954e-11,
      1.855282226707783e-08,
      1.317068946055069e-07,
      2.1989826233077604e-08,
      1.1959883349593559e-08,
      8.879522007683885e-07,
      1.3490331057050366e-10,
      1.0925982894313056e-10,
      1.7048991446536103e-08,
      1.564672770360547e-05,
      6.733584456402901e-08,
      7.705106629986469e-10,
      3.68994050798212e-07
    ],
    [
      5.821072856840785e-11,
      1.3092359492263712e-06,
      0.0,
      0.3043296357710166,
      7.877951010086111e-05,
      1.1691778977385466e-08,
      4.892595330101636e-06,
      1.5039153951705587e-07,
      2.1568118478997915e-07,
      1.0335699936728227e-09,
      1.0807370378827078e-07,
      5.512647651462329e-07,
      5.227931778470177e-10,
      7.645929461129697e-10,
      8.087038502424906e-08,
      1.7090393459351922e-07,
      2.0921778166569968e-08,
      0.00018508710764608463,
      1.1165031883130629e-10,
      8.638560717355636e-11,
      1.0666376589551128e-06,
      4.362221510144141e-11,
      3.347769574502365e-11,
      0.00018412693501235157,
      2.483397887816932e-07,
      2.945640910076925e-06,
      1.1166134376426092e-07,
      8.658684522985154e-11,
      6.9819818829633196e-09,
      1.0584425062988414e-06,
      1.4042620677019927e-07,
      4.457959398252375e-07,
      4.233118713765726e-07,
      1.0311888077011959e-07,
      1.554917491609029e-09,
      5.386993710444421e-07,
      6.087519204346857e-07,
      1.0926340207089348e-09,
      1.7981597124403755e-08,
      1.281540845201419e-07,
      2.5880784580096734e-06,
      1.988089717576641e-08,
      3.2940029169759416e-11,
      4.611668154230438e-10,
      1.2836752253129049e-06,
      1.0248617595051046e-06,
      2.482763614979629e-07,
      4.03394413674818e-11,
      8.187819385097739e-07,
      1.0076652138390124e-06,
      2.935547114158055e-08,
      4.468520003008458e-11,
      4.5524071156671626e-07,
      2.6481835617348273e-08,
      7.023692713636134e-07,
      1.889908017301155e-07,
      0.42643567841098157,
      1.165899502820784e-10,
      9.241383770350044e-11,
      6.689643374798876e-09,
      1.1641225964477832e-07,
      4.506774976545465e-06,
      5.932480771984469e-10,
      0.0005840012778917909
    ],
    [
      1.1031629041017602e-10,
      2.045733857747431e-05,
      0.3043296357710166,
      0.0,
      2.007332525900143e-05,
      3.1926034397862183e-08,
      2.069139564638288e-06,
      1.8172557763929244e-06,
      2.9666307400803654e-06,
      2.1391400626334775e-09,
      1.0372357548416853e-06,
      2.7256428918072077e-07,
      1.0245161483250477e-09,
      1.4266815778877805e-09,
      5.8008350893386426e-08,
      2.0005914453981713e-06,
      7.163768119167872e-08,
      5.299862971482549e-05,
      2.2331035588489753e-10,
      1.633214767059038e-10,
      5.165788191517217e-07,
      8.225240290243938e-11,
      6.502582011597539e-11,
      5.101822566956176e-05,
      3.54990450926952e-06,
      1.264656233253949e-06,
      7.729415539699305e-08,
      1.6241099108249076e-10,
      1.8200726099103643e-08,
      5.016748289037207e-07,
      1.6379841094335213e-06,
      2.458720448839661e-07,
      2.431248646139102e-07,
      6.946675912250956e-08,
      3.263672911154347e-09,
      2.806196189667557e-07,
      3.2001825132617824e-07,
      2.130870105534885e-09,
      5.383871704869888e-08,
      1.468477971425977e-06,
      1.088290459632166e-06,
      5.7027953509134466e-08,
      6.563256697891276e-11,
      8.664181816804499e-10,
      1.967039704298488e-05,
      1.7675602007174623e-05,
      3.5583080612748234e-06,
      7.975779255171367e-11,
      1.4289888696308863e-05,
      4.737841569775559e-07,
      1.0474713099839456e-07,
      8.613021459337871e-11,
      2.535174856955254e-07,
      9.156097285319023e-08,
      3.420762906472655e-07,
      1.2038141269924013e-07,
      0.22572782241005776,
      2.1885655602167333e-10,
      1.771419573394056e-10,
      1.7395434598813754e-08,
      1.267243542703914e-06,
      1.8049602959841849e-06,
      1.1589760836324565e-09,
      0.00022367667114893546
    ],
    [
      3.5860740682821925e-11,
      1.733129069963706e-07,
      7.877951010086111e-05,
      2.007332525900143e-05,
      0.0,
      3.990852190503558e-09,
      0.00023513034515159018,
      2.2625781946396354e-08,
      3.2389157845779736e-08,
      5.472163029257694e-10,
      1.8262746310683332e-08,
      2.2629813761776866e-05,
      3.059540660256215e-10,
      4.316066440392453e-10,
      7.230769648853792e-07,
      2.6088637557139848e-08,
      5.8557146983454705e-09,
      0.20309978136588158,
      6.996571104875468e-11,
      5.3744909867744125e-11,
      5.6130077148251105e-05,
      2.6998107929704912e-11,
      2.1334401222947467e-11,
      0.20355673729364326,
      3.6189845515751316e-08,
      0.00015705737151838913,
      1.0800097584217494e-06,
      5.3575137147525066e-11,
      2.5521178695103954e-09,
      5.048604156672643e-05,
      2.1949388357975382e-08,
      1.5212534340505017e-05,
      9.831541605479064e-06,
      9.709994320583283e-07,
      8.119833175669336e-10,
      2.197939985038053e-05,
      2.547285870854956e-05,
      6.033005001788105e-10,
      5.071657754921554e-09,
      2.0238542294634726e-08,
      0.00013476924974219372,
      6.170543687081461e-09,
      2.092638586840738e-11,
      2.7089482345130874e-10,
      1.767242102997593e-07,
      1.4025433838943741e-07,
      3.703558986947078e-08,
      2.518578742388966e-11,
      1.1687598715520472e-07,
      4.778999364856755e-05,
      7.6252823558533e-09,
      2.7762963134158188e-11,
      1.5452551113396205e-05,
      6.825084563529199e-09,
      3.249376895382641e-05,
      2.230298750599963e-06,
      0.00014377166256940947,
      7.119411483940644e-11,
      5.6502896918614795e-11,
      2.516404329564033e-09,
      1.9317192047131516e-08,
      0.0002189061558188047,
      3.5199466541018133e-10,
      0.14056612029143492
    ],
    [
      7.931213416963161e-10,
      3.3780009600812634e-08,
      1.1691778977385466e-08,
      3.1926034397862183e-08,
      3.990852190503558e-09,
      0.0,
      1.8238201789856158e-09,
      8.598520246594146e-08,
      6.499937524805261e-08,
      3.685221605395698e-08,
      2.4616658890499064e-07,
      6.292795125235353e-10,
      1.0534034581728324e-08,
      1.7558882548547918e-08,
      2.7925953576983846e-10,
      7.871085935815133e-08,
      2.9444582946103754e-05,
      3.892378390831833e-09,
      1.6992674681168536e-09,
      1.2159500551231997e-09,
      8.889120473668379e-10,
      6.119210241854389e-10,
      4.713783434743642e-10,
      3.980709539747074e-09,
      7.062531177954548e-08,
      1.5645423907408122e-09,
      3.5554464222689076e-10,
      1.2819852383388345e-09,
      0.34955731494292985,
      9.708919863197962e-10,
      9.829693887441017e-08,
      6.427613248606888e-10,
      8.557593660195796e-10,
      3.2946887701875037e-10,
      6.487495293918774e-08,
      6.957445967808447e-10,
      7.691357945222043e-10,
      3.0070012256456504e-08,
      4.316681207615883e-05,
      1.0370938933197524e-07,
      1.545799920310229e-09,
      0.0002393657352229786,
      4.671791507109327e-10,
      8.12755257579253e-09,
      3.359421648440278e-08,
      3.616008491736003e-08,
      6.960391321413159e-08,
      5.681620141267099e-10,
      4.2876814767029965e-08,
      9.041300270698506e-10,
      2.1260880678158827e-05,
      6.144483319323806e-10,
      6.711471255727591e-10,
      2.37423115967213e-05,
      7.068479909773653e-10,
      5.06727065209714e-10,
      9.368686661244901e-09,
      1.7159819149449959e-09,
      1.3806180584567754e-09,
      0.34659626881228667,
      1.5756426182164815e-07,
      1.757437963288384e-09,
      1.2066339396653653e-08,
      5.876388617837582e-09
    ],
    [
      2.037083306274462e-11,
      7.055538122943316e-08,
      4.892595330101636e-06,
      2.069139564638288e-06,
      0.00023513034515159018,
      1.8238201789856158e-09,
      0.0,
      9.555887545514381e-09,
      1.4202845251319422e-08,
      2.913740734375323e-10,
      7.233590281356415e-09,
      0.0005204027702239085,
      1.7462766629393706e-10,
      2.239979536641261e-10,
      1.4783055743114195e-06,
      1.0407631963625498e-08,
      2.7089334887547413e-09,
      4.5703357500936894e-05,
      4.1329427998437954e-11,
      2.939656534174317e-11,
      0.0032840865256809114,
      1.4872478059171478e-11,
      1.2224507392763735e-11,
      4.2217561060514636e-05,
      1.5581726268056082e-08,
      0.1810337137452776,
      2.2606375890598766e-06,
      2.9448912226315496e-11,
      1.2100938848642865e-09,
      0.0022814763731878215,
      8.957820645504425e-09,
      0.00024345005256251484,
      8.600882351714987e-05,
      1.8775339248434636e-06,
      4.174634190444539e-10,
      0.0004980478455925475,
      0.0006366090575025619,
      3.1983056727242324e-10,
      2.3521540464191228e-09,
      8.47350253192558e-09,
      0.14554400828895533,
      2.9775219136626853e-09,
      1.1925108725313043e-11,
      1.5360621111346937e-10,
      6.748848497487743e-08,
      5.793488249110711e-08,
      1.6315202436939893e-08,
      1.4589229325394557e-11,
      4.589933271034114e-08,
      0.002044284830520026,
      3.587426481494624e-09,
      1.5783201443201148e-11,
      0.0002489382905841111,
      3.088723597767752e-09,
      0.0009988712249531801,
      5.156412589116818e-06,
      7.866668019702186e-06,
      3.8646431453134e-11,
      3.131418511191034e-11,
      1.1972459789093748e-09,
      8.084209562753154e-09,
      0.2346524926839197,
      1.9634229495897045e-10,
      2.426518059178381e-05
    ],
    [
      6.695379615721457e-11,
      2.5097147835512363e-05,
      1.5039153951705587e-07,
      1.8172557763929244e-06,
      2.2625781946396354e-08,
      8.598520246594146e-08,
      9.555887545514381e-09,
      0.0,
      0.09083475206452524,
      2.017540671300384e-09,
      0.07280668189726723,
      2.7161456166629966e-09,
      7.05422302380349e-10,
      1.0650053215440954e-09,
      1.0724675651081782e-09,
      0.10240092477177723,
      2.503432655424172e-07,
      2.6496640803249672e-08,
      1.3718977810579853e-10,
      1.0152007925139743e-10,
      4.011237802621152e-09,
      5.0306057512129835e-11,
      3.9653256101220843e-11,
      2.5775180331202848e-08,
      0.08611429980099686,
      8.044311936289543e-09,
      1.4082288618959872e-09,
      9.967653769956411e-11,
      4.8712588319720436e-08,
      4.49499879671223e-09,
      0.10441376342661059,
      2.8058612484226626e-09,
      3.4365493927305886e-09,
      1.2534584448822117e-09,
      3.165527798262051e-09,
      3.0912488390440425e-09,
      3.2502765962180316e-09,
      1.6865210267815024e-09,
      1.8490460051554274e-07,
      0.10940253815974667,
      7.254038892824945e-09,
      1.7181677297723046e-07,
      4.052419756599654e-11,
      5.581631307379407e-10,
      2.8313523518252168e-05,
      3.552283325602432e-05,
      0.08429891348899747,
      4.8643795113410824e-11,
      7.679359713598234e-05,
      4.027040591589517e-09,
      4.013969667180998e-07,
      5.233379165548102e-11,
      3.0045466649976577e-09,
      3.4193096522301324e-07,
      3.167969388418889e-09,
      1.9311162622456363e-09,
      1.0248074196798266e-07,
      1.3799394109642015e-10,
      1.1251453968618256e-10,
      4.123570149308618e-08,
      0.07581190541280826,
      9.307184996777421e-09,
      7.85871121198012e-10,
      4.492452481851588e-08
    ],
    [
      6.524332630547968e-11,
      4.9511036077263905e-05,
      2.1568118478997915e-07,
      2.9666307400803654e-06,
      3.2389157845779736e-08,
      6.499937524805261e-08,
      1.4202845251319422e-08,
      0.09083475206452524,
      0.0,
      1.811325031320483e-09,
      0.036853866134857534,
      3.769298216549286e-09,
      6.570812040719405e-10,
      1.005481925663296e-09,
      1.5170966424043845e-09,
      0.08123289896783008,
      1.9896701059325719e-07,
      3.892772207863616e-08,
      1.36486740238424e-10,
      9.616334146994687e-11,
      5.833694283971694e-09,
      4.9369055937807196e-11,
      3.903464738251744e-11,
      3.7774338800997156e-08,
      0.1340506976321315,
      1.1654774640580928e-08,
      1.994149739936262e-09,
      9.616985240181199e-11,
      3.5772640177607076e-08,
      6.041396270932797e-09,
      0.07799957686726826,
      4.01923568458844e-09,
      4.684350589347412e-09,
      1.770839907390378e-09,
      2.8399671126999566e-09,
      4.283161403320367e-09,
      4.5076607544996516e-09,
      1.6707291027870904e-09,
      1.478441973703978e-07,
      0.06256820686379448,
      1.009754014971228e-08,
      1.3443769720678482e-07,
      3.9494490296835176e-11,
      5.32081301257321e-10,
      5.2872635685083306e-05,
      6.678942390290872e-05,
      0.13933084073155813,
      4.8276419041356595e-11,
      0.00013455720595503741,
      5.583122358983914e-09,
      3.2724372337201826e-07,
      5.213199400860493e-11,
      4.252463552239598e-09,
      2.7963764999665754e-07,
      4.492012522105891e-09,
      2.725294469642602e-09,
      1.514260553402253e-07,
      1.352055513268864e-10,
      1.0708413301527832e-10,
      3.250078241130014e-08,
      0.04118655591829575,
      1.3503387073942214e-08,
      7.696767106316094e-10,
      6.268844091590977e-08
    ],
    [
      1.2785582007960298e-08,
      1.5353107796809952e-09,
      1.0335699936728227e-09,
      2.1391400626334775e-09,
      5.472163029257694e-10,
      3.685221605395698e-08,
      2.913740734375323e-10,
      2.017540671300384e-09,
      1.811325031320483e-09,
      0.0,
      3.838318846885806e-09,
      1.1861425222888275e-10,
      1.4974120193747913e-06,
      6.87383808319641e-06,
      6.185089739056191e-11,
      1.9952065965987648e-09,
      1.1382105889497191e-08,
      5.120388265726816e-10,
      3.621330089496873e-08,
      2.1267481858511073e-08,
      1.5811767368534727e-10,
      9.071706285506724e-09,
      6.77338154722103e-09,
      5.0533891443068e-10,
      1.895122956276336e-09,
      2.5832536635827907e-10,
      7.742090346082377e-11,
      2.4182235818177102e-08,
      5.4424000115859157e-08,
      1.6653850458739532e-10,
      2.161285283960579e-09,
      1.2884990067510914e-10,
      1.705163113551369e-10,
      7.223146438368142e-11,
      0.4466594033094188,
      1.2650142445051024e-10,
      1.3296112784651563e-10,
      0.37038274932385806,
      1.3900272966310814e-08,
      2.3143086266318867e-09,
      2.4263541788438557e-10,
      2.9871679432078744e-08,
      6.751057748734927e-09,
      7.702293939139923e-07,
      1.4514258687481199e-09,
      1.5438874645211573e-09,
      1.8319907138994457e-09,
      8.109945412561752e-09,
      1.7997212964277387e-09,
      1.5696326093711743e-10,
      1.0627746168341928e-08,
      9.569446456304382e-09,
      1.296792699409436e-10,
      1.0834381395158901e-08,
      1.3464643188571732e-10,
      1.0571437424048332e-10,
      1.0038198748131928e-09,
      3.7499007343138205e-08,
      2.6946173007568796e-08,
      6.626678427576672e-08,
      2.992091433281786e-09,
      2.925940641234323e-10,
      2.991367295926614e-06,
      7.089739915546564e-10
    ],
    [
      1.2254093617821298e-10,
      1.2772676808916136e-05,
      1.0807370378827078e-07,
      1.0372357548416853e-06,
      1.8262746310683332e-08,
      2.4616658890499064e-07,
      7.233590281356415e-09,
      0.07280668189726723,
      0.036853866134857534,
      3.838318846885806e-09,
      0.0,
      2.166181297521375e-09,
      1.2587459776895176e-09,
      2.1319849342349767e-09,
      8.40964969716247e-10,
      0.08371803108699599,
      6.656871729230788e-07,
      2.043304194598633e-08,
      2.3658994314099793e-10,
      1.8978279565382096e-10,
      3.2560645034633934e-09,
      9.24644865532494e-11,
      7.234780653727662e-11,
      1.9931472712637803e-08,
      0.03335260565034397,
      6.414826762928305e-09,
      1.1043866848229233e-09,
      1.8518667350773113e-10,
      1.4776474608678052e-07,
      3.494444336147951e-09,
      0.08952241891996043,
      2.208245940537166e-09,
      2.7251161668422023e-09,
      1.0557543583541407e-09,
      6.516485908734373e-09,
      2.3655892336890162e-09,
      2.4943464143191683e-09,
      3.2811326662805116e-09,
      5.338622747291011e-07,
      0.1099315975217831,
      5.469373373644875e-09,
      5.102088543962678e-07,
      7.047007474999133e-11,
      1.0117441916738363e-09,
      1.4810617045268542e-05,
      1.854370251107245e-05,
      0.03155347632895034,
      8.346386559281375e-11,
      4.773124772074409e-05,
      3.251424288202521e-09,
      1.0106365405325236e-06,
      9.290075661144463e-11,
      2.2596612219444734e-09,
      8.669270017716531e-07,
      2.6464984079445112e-09,
      1.6497824849866022e-09,
      7.646914846323245e-08,
      2.4906981335005747e-10,
      1.9963063364548241e-10,
      1.2346512936810931e-07,
      0.17263983228563573,
      7.425614404634819e-09,
      1.5309361873012303e-09,
      3.4449834472494586e-08
    ],
    [
      9.147156746138733e-12,
      1.9745239580496606e-08,
      5.512647651462329e-07,
      2.7256428918072077e-07,
      2.2629813761776866e-05,
      6.292795125235353e-10,
      0.0005204027702239085,
      2.7161456166629966e-09,
      3.769298216549286e-09,
      1.1861425222888275e-10,
      2.166181297521375e-09,
      0.0,
      7.664621933297243e-11,
      9.871644989204064e-11,
      7.496077263911414e-06,
      3.0514986453845134e-09,
      8.540322362243299e-10,
      3.7214248831912133e-06,
      1.7579376430930307e-11,
      1.3462809999123125e-11,
      0.04267516376158952,
      6.6691909826336916e-12,
      5.2293562770295225e-12,
      3.8097300564469796e-06,
      4.419537916347354e-09,
      0.000901493995525627,
      1.0609825119427901e-05,
      1.3825020979366714e-11,
      4.1969216324596506e-10,
      0.04979193522364916,
      2.51703243647406e-09,
      0.050614521534770425,
      0.01991231848433745,
      9.406857931206547e-06,
      1.691662963168952e-10,
      0.11460018577153702,
      0.1142930808869401,
      1.309197104349419e-10,
      7.310677338444409e-10,
      2.4106622636606305e-09,
      0.001614221751477354,
      9.75179143671105e-10,
      5.1713480815791945e-12,
      6.66403790575251e-11,
      1.8952741511126866e-08,
      1.5102502419512334e-08,
      4.372145685051096e-09,
      6.31386257644128e-12,
      1.2875303765690787e-08,
      0.05284529735696415,
      1.0832715615145446e-09,
      6.9727511796621245e-12,
      0.050934124906523756,
      9.51187900681922e-10,
      0.09024149680337301,
      2.581764625474091e-05,
      7.804293124415852e-07,
      1.748727340312919e-11,
      1.383016409289063e-11,
      4.1996562625807833e-10,
      2.2741250060103435e-09,
      0.0005499570962721408,
      8.386937365294675e-11,
      2.136337072911253e-06
    ],
    [
      3.4663515916367673e-07,
      6.596171675055482e-10,
      5.227931778470177e-10,
      1.0245161483250477e-09,
      3.059540660256215e-10,
      1.0534034581728324e-08,
      1.7462766629393706e-10,
      7.05422302380349e-10,
      6.570812040719405e-10,
      1.4974120193747913e-06,
      1.2587459776895176e-09,
      7.664621933297243e-11,
      0.0,
      0.0009742423946614891,
      4.266017234653575e-11,
      7.428924077875928e-10,
      3.2400768841652237e-09,
      2.741745531835449e-10,
      9.846455981884846e-07,
      5.814678854255752e-07,
      9.869727881728219e-11,
      2.520277649655692e-07,
      1.8411332432596283e-07,
      2.802384398617053e-10,
      7.178987502583724e-10,
      1.4679196320511222e-10,
      5.162122657806657e-11,
      7.145808794484414e-07,
      1.4841387510239708e-08,
      9.87746256183414e-11,
      7.638340020970602e-10,
      7.982120543289777e-11,
      1.1164166788284253e-10,
      4.788405267957823e-11,
      1.147226356561038e-06,
      7.708383024920182e-11,
      8.801141489832809e-11,
      5.418139451501711e-06,
      4.027347135623139e-09,
      7.807790467544391e-10,
      1.4475806832681875e-10,
      8.539339900207092e-09,
      1.7891432837777924e-07,
      0.6740593080315966,
      6.147809769969916e-10,
      6.377038408839091e-10,
      7.519110255529508e-10,
      2.095765441851105e-07,
      7.116557723003711e-10,
      9.773080059816229e-11,
      3.1011454050566973e-09,
      2.4748136719808736e-07,
      7.909463346206764e-11,
      3.0595936081328907e-09,
      8.226062976106488e-11,
      7.09887558621521e-11,
      4.960933795881306e-10,
      1.0030447510936539e-06,
      7.386320503552394e-07,
      1.8849380702139562e-08,
      1.0322058978873452e-09,
      1.6900212348323592e-10,
      0.0012403374700745919,
      3.786174996219558e-10
    ],
    [
      1.1106710531360133e-07,
      9.567169273723993e-10,
      7.645929461129697e-10,
      1.4266815778877805e-09,
      4.316066440392453e-10,
      1.7558882548547918e-08,
      2.239979536641261e-10,
      1.0650053215440954e-09,
      1.005481925663296e-09,
      6.87383808319641e-06,
      2.1319849342349767e-09,
      9.871644989204064e-11,
      0.0009742423946614891,
      0.0,
      5.6673522246071014e-11,
      1.1932830802799025e-09,
      5.057033187024836e-09,
      3.7878482135785004e-10,
      3.2141194292810434e-07,
      1.8678721990757446e-07,
      1.3215704022285658e-10,
      7.981708081874363e-08,
      5.582344753134567e-08,
      3.8867605422365977e-10,
      1.078407426658828e-09,
      2.125023178912244e-10,
      6.783399364853368e-11,
      2.277547998549306e-07,
      2.694692212580634e-08,
      1.3692893125866945e-10,
      1.251912436321834e-09,
      1.0878647657467422e-10,
      1.427069450397908e-10,
      6.66740216980733e-11,
      5.7832172117145695e-06,
      1.046375992659987e-10,
      1.1402981159212021e-10,
      1.831617257213623e-05,
      6.850369618705262e-09,
      1.2307369367849184e-09,
      1.954561903378302e-10,
      1.348223046211939e-08,
      5.436808390498635e-08,
      0.0006090482738970888,
      9.061668382187342e-10,
      9.156470024251663e-10,
      1.0376954115390017e-09,
      6.578477508431253e-08,
      1.1485284041416735e-09,
      1.33903921201133e-10,
      5.002427934472942e-09,
      7.846585185513287e-08,
      1.0534962501619127e-10,
      5.248649389880316e-09,
      1.1227430203118757e-10,
      9.771865069129739e-11,
      6.855907986243429e-10,
      3.4175379311980036e-07,
      2.4701457134721495e-07,
      3.398499813062479e-08,
      1.6321492931648618e-09,
      2.2677718648116314e-10,
      0.6818753734730479,
      5.249814456849063e-10
    ],
    [
      5.42385238072462e-12,
      6.529960138626846e-09,
      8.087038502424906e-08,
      5.8008350893386426e-08,
      7.230769648853792e-07,
      2.7925953576983846e-10,
      1.4783055743114195e-06,
      1.0724675651081782e-09,
      1.5170966424043845e-09,
      6.185089739056191e-11,
      8.40964969716247e-10,
      7.496077263911414e-06,
      4.266017234653575e-11,
      5.6673522246071014e-11,
      0.0,
      1.1378257671142065e-09,
      3.4617437708849074e-10,
      2.923876117174942e-07,
      1.0691892782040737e-11,
      7.621436241421194e-12,
      3.629844712322014e-06,
      3.825876396899718e-12,
      2.978562144360893e-12,
      2.8950778228995913e-07,
      1.629296119478159e-09,
      1.8990566612418457e-06,
      0.2741051348525655,
      7.80856274287726e-12,
      1.9335148055436534e-10,
      3.3834075471846676e-06,
      1.044567216458625e-09,
      2.0591516052835044e-05,
      0.00034119469191255146,
      0.2909626568634866,
      8.411238280537346e-11,
      7.562572415667589e-06,
      6.582616170465808e-06,
      7.770804353721723e-11,
      3.2926165294510783e-10,
      9.933070163173552e-10,
      2.062402610096838e-06,
      3.862860782077018e-10,
      3.04962858828124e-12,
      3.786682458857192e-11,
      6.336561086142498e-09,
      5.49500490787084e-09,
      1.6801610682918143e-09,
      3.734566854940383e-12,
      4.8076345744688554e-09,
      3.626273489199291e-06,
      4.4704848313167175e-10,
      4.090986547635603e-12,
      1.9437708732052813e-05,
      4.1694503733173385e-10,
      5.0441808980674245e-06,
      0.21791876051738895,
      1.0808394912811321e-07,
      1.0415588468068551e-11,
      8.242077008216114e-12,
      1.973508826984044e-10,
      8.903772161878342e-10,
      1.5666579177059658e-06,
      4.561588069759589e-11,
      2.0980842265354933e-07
    ],
    [
      7.590924121675606e-11,
      3.0414504280655188e-05,
      1.7090393459351922e-07,
      2.0005914453981713e-06,
      2.6088637557139848e-08,
      7.871085935815133e-08,
      1.0407631963625498e-08,
      0.10240092477177723,
      0.08123289896783008,
      1.9952065965987648e-09,
      0.08371803108699599,
      3.0514986453845134e-09,
      7.428924077875928e-10,
      1.1932830802799025e-09,
      1.1378257671142065e-09,
      0.0,
      2.3111845113464741e-07,
      3.0106028769890474e-08,
      1.4226082396760277e-10,
      1.1509072715215477e-10,
      4.643250748398084e-09,
      5.538677615685012e-11,
      4.340850945291621e-11,
      2.9374103056942288e-08,
      0.07889594177048759,
      8.582808648079833e-09,
      1.4612160932187806e-09,
      1.1319037222121583e-10,
      4.632302668651258e-08,
      4.729093103487396e-09,
      0.110443821130025,
      3.0304741159300827e-09,
      3.6411844665306385e-09,
      1.41646570042875e-09,
      3.3436525189561574e-09,
      3.0727958432606997e-09,
      3.3646023711092204e-09,
      1.816048812483347e-09,
      1.75905470329348e-07,
      0.10198760301854887,
      7.504184065622847e-09,
      1.6503870986550997e-07,
      4.289103466356423e-11,
      6.124815422777125e-10,
      3.378291968185121e-05,
      4.047678143757047e-05,
      0.0762246536002598,
      5.027557578471142e-11,
      9.495435991648747e-05,
      4.5694116096735935e-09,
      3.7637336948068153e-07,
      5.5667486376526976e-11,
      3.0190964103529335e-09,
      3.0983222145794796e-07,
      3.8011044458116394e-09,
      2.2332963641959407e-09,
      1.2006262396648166e-07,
      1.516855198321764e-10,
      1.1853470375442856e-10,
      4.00875519555409e-08,
      0.08697257639971398,
      1.0388758690011862e-08,
      9.088749575623047e-10,
      5.165239499856405e-08
    ],
    [
      2.7583280282570065e-10,
      9.79517511567817e-08,
      2.0921778166569968e-08,
      7.163768119167872e-08,
      5.8557146983454705e-09,
      2.9444582946103754e-05,
      2.7089334887547413e-09,
      2.503432655424172e-07,
      1.9896701059325719e-07,
      1.1382105889497191e-08,
      6.656871729230788e-07,
      8.540322362243299e-10,
      3.2400768841652237e-09,
      5.057033187024836e-09,
      3.4617437708849074e-10,
      2.3111845113464741e-07,
      0.0,
      6.31358641819147e-09,
      5.575234580931955e-10,
      4.1827937483935076e-10,
      1.1948407715989843e-09,
      2.0282283801726778e-10,
      1.6778704712441565e-10,
      6.121270123278093e-09,
      2.138983909251605e-07,
      2.1942370408937113e-09,
      4.4412089650944215e-10,
      4.180330896307494e-10,
      1.1390132607124562e-05,
      1.2808615108546072e-09,
      2.837128616345447e-07,
      8.839529212039791e-10,
      1.0782838619277183e-09,
      4.155982916660182e-10,
      2.053107850665544e-08,
      8.963269960966267e-10,
      9.766124584130083e-10,
      8.722348940659195e-09,
      0.19700207828661326,
      3.038342733832821e-07,
      2.0284325825719e-09,
      0.13543942124118172,
      1.6424427991913685e-10,
      2.4980758245295117e-09,
      9.539090092523258e-08,
      1.0643448098107776e-07,
      2.053186390818038e-07,
      1.9393483480787746e-10,
      1.3032292210862925e-07,
      1.223787240958153e-09,
      0.21608201460313883,
      2.1582746297408974e-10,
      9.088052023231675e-10,
      0.21624038957869823,
      9.707500571575252e-10,
      6.324189352032455e-10,
      1.7940036868144888e-08,
      5.724020438249909e-10,
      4.495651185559488e-10,
      9.730553684888865e-06,
      4.571287719192702e-07,
      2.6675859916903366e-09,
      3.8832205061439145e-09,
      9.687526011062371e-09
    ],
    [
      3.266799019426001e-11,
      2.0806846328052907e-07,
      0.00018508710764608463,
      5.299862971482549e-05,
      0.20309978136588158,
      3.892378390831833e-09,
      4.5703357500936894e-05,
      2.6496640803249672e-08,
      3.892772207863616e-08,
      5.120388265726816e-10,
      2.043304194598633e-08,
      3.7214248831912133e-06,
      2.741745531835449e-10,
      3.7878482135785004e-10,
      2.923876117174942e-07,
      3.0106028769890474e-08,
      6.31358641819147e-09,
      0.0,
      6.440868592269274e-11,
      4.619353696555126e-11,
      8.687313781469322e-06,
      2.3428449983775072e-11,
      1.9123143918459873e-11,
      0.2923012561101644,
      4.275146820053621e-08,
      2.485813255983231e-05,
      4.184522094183646e-07,
      4.5662863907204255e-11,
      2.603708990801066e-09,
      7.783307062413353e-06,
      2.5322965853127836e-08,
      2.9002470586654244e-06,
      2.227970433770524e-06,
      3.670562816847639e-07,
      7.508542278910773e-10,
      3.7333390153610347e-06,
      4.2256840883561095e-06,
      5.449222799269087e-10,
      5.373850506552605e-09,
      2.3741089036886848e-08,
      2.041834305228809e-05,
      6.546979494299789e-09,
      1.873376673856311e-11,
      2.348706682309803e-10,
      2.0404238979982008e-07,
      1.7395912628136834e-07,
      4.493245459128212e-08,
      2.2573207243141094e-11,
      1.3881656945338547e-07,
      7.199905215842713e-06,
      8.29456576528107e-09,
      2.4708984334674635e-11,
      3.1158068676762947e-06,
      7.269149500785171e-09,
      5.285515646545647e-06,
      7.78170020105534e-07,
      0.00031524885866875336,
      6.245233544157548e-11,
      4.936487605633096e-11,
      2.4970805591683744e-09,
      2.2416124830137022e-08,
      3.9793548154175076e-05,
      3.148606345500643e-10,
      0.24313314718866114
    ],
    [
      0.0006464414854487178,
      1.3420227868604007e-10,
      1.1165031883130629e-10,
      2.2331035588489753e-10,
      6.996571104875468e-11,
      1.6992674681168536e-09,
      4.1329427998437954e-11,
      1.3718977810579853e-10,
      1.36486740238424e-10,
      3.621330089496873e-08,
      2.3658994314099793e-10,
      1.7579376430930307e-11,
      9.846455981884846e-07,
      3.2141194292810434e-07,
      1.0691892782040737e-11,
      1.4226082396760277e-10,
      5.575234580931955e-10,
      6.440868592269274e-11,
      0.0,
      0.09446831613384302,
      2.3696304667785108e-11,
      0.00031317816440031444,
      0.00013326379543138536,
      6.244914395127654e-11,
      1.4164830235102245e-10,
      3.4564983328759e-11,
      1.2819415560201237e-11,
      0.19405846092075002,
      2.240524647171958e-09,
      2.3010739715042975e-11,
      1.5635293799179624e-10,
      1.904761600139522e-11,
      2.619692140865004e-11,
      1.1568071586960493e-11,
      2.632290980334208e-08,
      1.832224273450117e-11,
      2.1200930398083154e-11,
      9.05162061107987e-08,
      6.879884255639535e-10,
      1.5473488706132203e-10,
      3.379883650278861e-11,
      1.4013371272301422e-09,
      0.00012653611990138565,
      2.834879022071861e-06,
      1.2471761021879032e-10,
      1.3469700736310581e-10,
      1.491392493382286e-10,
      0.00016522329552301542,
      1.4583724306727708e-10,
      2.2122955248087098e-11,
      5.658747247341267e-10,
      0.00027010257717347637,
      1.9537384183505944e-11,
      5.670978865836806e-10,
      1.9348858114157493e-11,
      1.7475370555088436e-11,
      1.094893152784843e-10,
      0.22865513784148453,
      0.20945195701889918,
      2.8895173692099046e-09,
      1.9625458606980238e-10,
      3.889759193834554e-11,
      4.7461680152438977e-07,
      8.24095378463433e-11
    ],
    [
      0.005634990383695088,
      9.950097300672319e-11,
      8.638560717355636e-11,
      1.633214767059038e-10,
      5.3744909867744125e-11,
      1.2159500551231997e-09,
      2.939656534174317e-11,
      1.0152007925139743e-10,
      9.616334146994687e-11,
      2.1267481858511073e-08,
      1.8978279565382096e-10,
      1.3462809999123125e-11,
      5.814678854255752e-07,
      1.8678721990757446e-07,
      7.621436241421194e-12,
      1.1509072715215477e-10,
      4.1827937483935076e-10,
      4.619353696555126e-11,
      0.09446831613384302,
      0.0,
      1.7460014007652964e-11,
      0.0035660504021591613,
      0.0017968353989082516,
      4.711647322099631e-11,
      1.0591011231788692e-10,
      2.6233763633856526e-11,
      9.323498921266437e-12,
      0.11886480566118868,
      1.6589620006967124e-09,
      1.7862549885282427e-11,
      1.1078803427093399e-10,
      1.450656840352702e-11,
      1.9717205650917274e-11,
      8.959695788933184e-12,
      1.595585196052521e-08,
      1.3810657648575603e-11,
      1.5115962565710902e-11,
      5.0224217392654563e-08,
      5.236023933216567e-10,
      1.1394959012665261e-10,
      2.4861859423848793e-11,
      1.020799533267995e-09,
      0.0017251161208883708,
      1.8673071568487402e-06,
      9.849368476523901e-11,
      9.742705306856751e-11,
      1.029348089763944e-10,
      0.0020834614785464555,
      1.147466397751086e-10,
      1.750426007751018e-11,
      4.0314640192077634e-10,
      0.003162840244893947,
      1.3893031152402729e-11,
      4.0596063180070506e-10,
      1.5100784693124377e-11,
      1.3105770622381726e-11,
      8.359354916725471e-11,
      0.09313074603035701,
      0.10690999771407289,
      2.0029341394774502e-09,
      1.5569641038660584e-10,
      3.028959954423278e-11,
      2.894322369824161e-07,
      6.320986549477428e-11
    ],
    [
      1.2181920354890307e-11,
      2.8655589520549014e-08,
      1.0666376589551128e-06,
      5.165788191517217e-07,
      5.6130077148251105e-05,
      8.889120473668379e-10,
      0.0032840865256809114,
      4.011237802621152e-09,
      5.833694283971694e-09,
      1.5811767368534727e-10,
      3.2560645034633934e-09,
      0.04267516376158952,
      9.869727881728219e-11,
      1.3215704022285658e-10,
      3.629844712322014e-06,
      4.643250748398084e-09,
      1.1948407715989843e-09,
      8.687313781469322e-06,
      2.3696304667785108e-11,
      1.7460014007652964e-11,
      0.0,
      8.792807491547104e-12,
      7.037379365844034e-12,
      8.42568148968843e-06,
      6.347820418962698e-09,
      0.004846950645479043,
      5.381685308453799e-06,
      1.7848238286159397e-11,
      6.046383646986788e-10,
      0.12447530769189975,
      3.930715207130396e-09,
      0.009532592419727535,
      0.002435194150024675,
      4.5897415210160034e-06,
      2.2658892002999025e-10,
      0.036325639816184904,
      0.0476646305903015,
      1.866840585629878e-10,
      1.0991066152502183e-09,
      3.6380959165086035e-09,
      0.007413001004728037,
      1.3921094986690127e-09,
      7.0029656342229866e-12,
      8.795641510891073e-11,
      2.8280998357989095e-08,
      2.358736387993604e-08,
      6.671102364302538e-09,
      8.397847817460002e-12,
      2.0025706164860728e-08,
      0.12756006831697825,
      1.5762653322904115e-09,
      9.24700913617911e-12,
      0.009741991407396467,
      1.405725135988322e-09,
      0.0825447614946963,
      1.2921076955377521e-05,
      1.6324440751210373e-06,
      2.3430429765326533e-11,
      1.8435585374717536e-11,
      5.854130184753394e-10,
      3.566430559530297e-09,
      0.0032961038237105784,
      1.1180359306947691e-10,
      4.523411047768358e-06
    ],
    [
