0.000000000000000000e+00,3.655328160758577680e-03,3.714930528392786091e-03,3.844845507654728531e-03,3.632343070377644801e-03,3.729334352993708430e-03,3.562872896878466374e-03,3.683332967026809856e-03,3.491823497101479139e-03,3.641387356083286824e-03,3.540271301413637321e-03,3.631377176204570768e-03,3.607564715022170548e-03,3.632685343673270912e-03,3.654350968917708872e-03,3.678895476963264626e-03,3.736860936234050624e-03,3.703567859556238743e-03,3.748782829035241914e-03,3.778900188910815777e-03,3.605276413217431766e-03,3.645571286629082676e-03,3.619795324424210457e-03,3.692879011391948622e-03,3.577352528661422587e-03,3.719538675429965094e-03,3.765643025946339203e-03,3.685105901449552742e-03,3.578182570872039375e-03,3.576159113145189160e-03,3.630992166785845972e-03,3.789539740236741016e-03,3.598298136042949250e-03,3.643090744200935555e-03,3.684186191470119592e-03,3.784425149066077739e-03,3.680317434681617747e-03,3.707469156943009065e-03,3.591788143514469678e-03,3.655572130296136889e-03,3.673617326038468040e-03,3.670496027544756495e-03,3.554548558752047924e-03,3.684965177458129470e-03,3.705151356085960475e-03,3.640693472670424469e-03,3.748777013585460026e-03,3.708233622266410290e-03,3.634270629039146067e-03,3.616284728408948601e-03,3.617648648974506297e-03,3.633713023233681692e-03,3.805357475473728629e-03,3.586530271866155122e-03,3.633052896454294373e-03,3.640224765920068318e-03,3.751944402093504004e-03,3.734833728733198688e-03,3.666937223090923660e-03,3.591041574085054779e-03,3.719256198125847537e-03,3.750061998205276095e-03,3.667241104334592952e-03,3.612374411151603876e-03,3.583408127749928857e-03,3.652863478489108695e-03,3.676521465045783435e-03,3.701725671145197905e-03,3.699781596770446504e-03,3.606573597905143869e-03,3.691712427761904662e-03,3.721537224014718689e-03,3.612367712845306229e-03,3.654474766098816767e-03,3.701108299013411949e-03,3.672907151500256779e-03,3.665090111973386914e-03,3.634147969044231475e-03,3.465028799434187456e-03,3.570740469307387421e-03,3.630818692080837150e-03,3.681973647780090696e-03,3.597347970443444658e-03,3.646037702855231023e-03,3.666378864584986155e-03,3.657916435856300042e-03,3.595417183673461914e-03,3.544473471454449940e-03,3.842243435438844664e-03,3.725294953567619919e-03,3.539871560483619142e-03,3.689024416549126738e-03,3.697264997631643981e-03,3.740219584660724270e-03,3.651798098850294640e-03,3.722602396033051608e-03,3.718121844146852692e-03,3.752027137610207310e-03,3.747816315948913467e-03,3.621776807721183069e-03,3.692183196388046373e-03,3.676336024398345857e-03,3.571447952884914366e-03,3.592943717222540391e-03,3.790842647106102206e-03,3.584387736251827810e-03,3.736527938635050231e-03,3.566752030364261743e-03,3.744423948257489653e-03,3.516158315451918624e-03,3.731428123076693977e-03,3.686596439490792167e-03,3.578991131051840503e-03,3.571695243717609627e-03,3.625596509965878581e-03,3.644899881952337172e-03,3.755446110832006291e-03,3.637116422640567209e-03,3.746325600182823581e-03,3.680144648114256917e-03,3.727721465835600375e-03,3.685571603907640374e-03,3.758170735830503647e-03,3.685442874929834890e-03,3.673907941286230945e-03,3.670930539348558203e-03,3.628405617658766059e-03,3.711885775869843904e-03,3.727187795222765970e-03,3.579534667382869122e-03,3.631788142018720512e-03,3.571585209606752045e-03,3.686687183588532955e-03,3.588625530783182398e-03,3.649609718876163731e-03,3.650575167426598280e-03,3.631966020463654136e-03,3.555012040961460541e-03,3.683091874139090855e-03,3.627497797324580851e-03,3.680584206149193835e-03,3.713724239072120018e-03,3.584619904017314826e-03,3.734082217853916877e-03,3.662798461013233760e-03,3.682316568020153197e-03,3.683430163616755685e-03,3.694160582721311026e-03,3.594906503423195201e-03,3.574918954755070856e-03,3.593535305527259006e-03,3.638222021743947338e-03,3.701084275483338716e-03,3.826258761297211385e-03,3.632046355598116810e-03,3.625796592065354783e-03,3.634786210709926163e-03,3.734548057199811588e-03,3.737699021962461506e-03,3.647066590061440704e-03,3.598372289503323947e-03,3.627550156363356509e-03,3.692180327700435132e-03,3.675249681708541404e-03,3.574659663029233943e-03,3.616746339575773427e-03,3.787904903476791568e-03,3.734848883872507984e-03,3.644624553239717013e-03,3.714295909608021119e-03,3.703392116368463272e-03,3.599092432049253928e-03,3.696870125002472019e-03,3.663056492044151555e-03,3.657776890487428323e-03,3.649351256046470381e-03,3.726691181980464410e-03,3.564887651338711355e-03,3.677275888204143296e-03,3.762617694269363572e-03,3.657349647454146129e-03,3.813193826130508064e-03,3.590697098168835807e-03,3.540820376236741927e-03,3.614381661420762622e-03,3.553306532114942819e-03,3.644364937556432427e-03,3.573943812648043474e-03,3.696388827889569503e-03,3.658152624870535542e-03,3.697014083352414150e-03,3.657893692997431310e-03
3.655328160758577680e-03,0.000000000000000000e+00,3.583261445675437872e-03,3.611910673175231130e-03,3.681628603390892530e-03,3.688048186664606275e-03,3.677407533776066474e-03,3.740137124706980135e-03,3.694138290059838150e-03,3.593255268049645040e-03,3.644538120720438538e-03,3.709220738797968601e-03,3.634121759204447279e-03,3.687879756286981201e-03,3.625535044527205750e-03,3.603467967291837729e-03,3.659976674439739414e-03,3.606008307721858801e-03,3.681032395950653222e-03,3.524634864162984674e-03,3.645779084487338166e-03,3.532092898611702107e-03,3.760903528357309195e-03,3.571756049938047337e-03,3.629225723957789362e-03,3.680478953178424259e-03,3.661955339803717006e-03,3.625801755982969912e-03,3.702304569493631084e-03,3.578787340748018717e-03,3.620205291724275850e-03,3.589306653277287741e-03,3.711311035719247128e-03,3.667793194783460116e-03,3.674253916815851690e-03,3.811166157083083466e-03,3.536922315780420111e-03,3.655527445620179207e-03,3.679747228995001920e-03,3.646341177238767491e-03,3.618212620025104166e-03,3.562876948584155646e-03,3.662198704558439558e-03,3.628736549750605309e-03,3.613086582801161659e-03,3.677670122366017563e-03,3.675365078573367313e-03,3.661254072197770403e-03,3.707772713575979793e-03,3.693155745587595185e-03,3.771126105589652118e-03,3.673176567749190328e-03,3.614316980886009799e-03,3.799439349265065595e-03,3.741312594998852381e-03,3.695348523269912418e-03,3.586890114217927781e-03,3.679647421291132054e-03,3.626844560423466476e-03,3.730154746393816827e-03,3.634290311117958742e-03,3.729094209143465639e-03,3.648411446502045248e-03,3.762141656951356692e-03,3.698445063138733249e-03,3.573720876293618679e-03,3.707194953816793804e-03,3.673421815103689904e-03,3.646814013776919668e-03,3.702360340846861612e-03,3.757018421046165804e-03,3.674012902448659575e-03,3.662335893383421997e-03,3.599545334209856839e-03,3.659035332993051687e-03,3.764899645414492187e-03,3.787634125876850402e-03,3.687561623771823480e-03,3.671970280016212569e-03,3.751210452427565078e-03,3.685213437866488844e-03,3.630895665008275312e-03,3.681531605134444329e-03,3.649061295972739257e-03,3.678948576832210063e-03,3.749392991481116655e-03,3.652208011714451995e-03,3.761763840494772304e-03,3.627729785172921582e-03,3.660068010211804754e-03,3.609663645783272277e-03,3.695168409206065711e-03,3.757913175453997997e-03,3.673555783232691600e-03,3.714733430681945413e-03,3.575451302797940257e-03,3.597659932710302235e-03,3.677152519573340887e-03,3.589739495310416157e-03,3.729519965507270638e-03,3.616532295363735633e-03,3.681029258864553649e-03,3.634915552005434265e-03,3.671667642787587900e-03,3.680827903745958075e-03,3.542191610715385471e-03,3.566254041905336878e-03,3.644723202768706226e-03,3.699987303806476138e-03,3.572539644383521378e-03,3.769312885443460229e-03,3.703800705361086094e-03,3.585045125146553088e-03,3.710004010043198297e-03,3.691860191314708366e-03,3.722650823243110491e-03,3.616010962614395110e-03,3.694212793563148023e-03,3.597149135152495538e-03,3.572779965937664809e-03,3.598671941586523929e-03,3.592825144193234621e-03,3.638149901302890638e-03,3.656074864994376949e-03,3.671103777061909823e-03,3.612909304378732808e-03,3.667067583407499810e-03,3.571053283223312672e-03,3.674792649004966598e-03,3.654470613241406381e-03,3.645688660748863403e-03,3.690225981355718578e-03,3.519705931609110310e-03,3.607789764806644799e-03,3.635746324511689252e-03,3.499638890749821353e-03,3.777211198593932468e-03,3.684565386276168492e-03,3.676051630821237752e-03,3.634990017188460994e-03,3.674410649860898950e-03,3.644211366288683477e-03,3.608163698936859946e-03,3.634191690470160805e-03,3.736009343724676530e-03,3.666103646315288598e-03,3.648137076414921347e-03,3.631072620797283750e-03,3.699828241314358744e-03,3.694976995119866273e-03,3.666570575427530784e-03,3.840778593856413684e-03,3.618727776389991761e-03,3.783211224049812856e-03,3.791463114938095191e-03,3.647655338143445617e-03,3.687219880755117536e-03,3.551383073699597177e-03,3.648781764937357626e-03,3.666452155223223330e-03,3.592863415070709100e-03,3.576717566583104743e-03,3.641860855187888622e-03,3.631797116202563607e-03,3.556569704575316803e-03,3.707022765849255896e-03,3.695583857119745953e-03,3.633215661619402029e-03,3.734960508405063117e-03,3.639068974839855183e-03,3.607853479744979695e-03,3.699194397894260342e-03,3.684572155519357916e-03,3.634010653632842747e-03,3.718151763278709603e-03,3.825805501286320878e-03,3.544472796672330436e-03,3.652905949529094802e-03,3.657299738227424209e-03,3.617756025700809720e-03,3.659882100590740317e-03,3.689204943239383482e-03,3.817582599291192546e-03,3.663792866915207072e-03,3.622917889846756414e-03,3.764570880355029830e-03,3.797413451582463181e-03,3.646047738199415141e-03,3.688143114976872271e-03,3.613311249832368028e-03,3.676283872129093144e-03,3.698227307518794395e-03
3.714930528392786091e-03,3.583261445675437872e-03,0.000000000000000000e+00,3.685983044365707603e-03,3.682646226581953210e-03,3.879828850738120238e-03,3.570502387049835896e-03,3.717641192282025199e-03,3.658278089052728350e-03,3.628327221551511279e-03,3.629733312243795060e-03,3.686318722224033242e-03,3.669409575809038249e-03,3.681496539598123376e-03,3.686564604272796544e-03,3.586043717560406623e-03,3.649736014791284729e-03,3.632631384457874705e-03,3.728498009283804857e-03,3.643251679535889059e-03,3.676295409322388481e-03,3.711353653040861972e-03,3.660836705953189347e-03,3.635251838422239555e-03,3.702336423901030679e-03,3.723218656625364251e-03,3.577186596692890404e-03,3.726630629812815055e-03,3.642250213242198293e-03,3.688354352581049451e-03,3.693609976393095323e-03,3.668586521274834651e-03,3.674111548508243903e-03,3.632692705131411893e-03,3.576200208041377393e-03,3.586286662119826142e-03,3.679117175097594387e-03,3.594167527039848504e-03,3.690231612579131498e-03,3.669080613828267640e-03,3.682761193129980865e-03,3.666600141961530966e-03,3.572743573303949205e-03,3.581300307615433495e-03,3.658658516513512479e-03,3.646365686133418681e-03,3.612994196440221309e-03,3.578180880198476421e-03,3.729489091198321359e-03,3.627065637555287273e-03,3.646560923418298069e-03,3.642873235573099687e-03,3.749372844358030490e-03,3.750585860178617861e-03,3.666625523340873855e-03,3.800680716707290595e-03,3.638657427370810618e-03,3.644642443871723252e-03,3.806376584995759937e-03,3.594890170198102464e-03,3.562705235310738988e-03,3.735248691756844555e-03,3.707677690747018112e-03,3.599988586407483915e-03,3.698430641807859409e-03,3.802406979866944890e-03,3.541003209656482745e-03,3.617377010748506431e-03,3.683695256451552987e-03,3.685041474385480562e-03,3.489268901381278442e-03,3.604038714468945758e-03,3.723014547851743756e-03,3.736975022337295227e-03,3.727213334462941771e-03,3.654573074801790999e-03,3.661998174835181131e-03,3.674114021248013791e-03,3.679274904913315894e-03,3.799651654607889405e-03,3.742012555980833276e-03,3.666007480630957549e-03,3.638555402273633589e-03,3.700039932966874348e-03,3.728588715771242318e-03,3.578010461940196122e-03,3.584806616860925898e-03,3.611090840379328586e-03,3.705131457766158709e-03,3.625824778138623129e-03,3.677485698599125465e-03,3.680743562502633223e-03,3.693257667619778174e-03,3.602870433643299859e-03,3.715459234188666238e-03,3.695310191760621532e-03,3.663299174850055077e-03,3.708561690433913576e-03,3.605971798085415379e-03,3.480134288242838197e-03,3.555240278503129722e-03,3.680908961723804856e-03,3.614026486243850523e-03,3.617229452190693761e-03,3.763758931711496877e-03,3.663295544053363998e-03,3.603540951956028023e-03,3.674287930292245621e-03,3.615934533661000708e-03,3.671621684842031087e-03,3.524464798552874156e-03,3.674398120696000230e-03,3.751126306519035006e-03,3.819360889303251207e-03,3.568002551185953455e-03,3.711783710260289134e-03,3.711907593702741450e-03,3.623798371686714516e-03,3.652106347615446860e-03,3.710876210613836372e-03,3.874108307185258372e-03,3.677206833478541530e-03,3.701151870307977342e-03,3.765954373935574521e-03,3.657253500614195997e-03,3.630987150921332739e-03,3.747223759598003034e-03,3.647285212936712210e-03,3.569926242761697205e-03,3.791722016155218197e-03,3.621072203925938555e-03,3.714198336957978165e-03,3.725947788800545134e-03,3.554524643179155213e-03,3.558995744449132675e-03,3.689836761410137788e-03,3.702486028117997138e-03,3.612068084001668865e-03,3.757463890119904816e-03,3.733966924828706693e-03,3.661486747993865018e-03,3.636316809754413810e-03,3.587091700737392308e-03,3.782910342804408563e-03,3.520424574644481601e-03,3.728816396032835680e-03,3.621947280375352202e-03,3.752231430319510029e-03,3.671816501599822931e-03,3.562189108579458686e-03,3.726514295900024750e-03,3.784706594554154268e-03,3.705221076391387435e-03,3.600832290891078143e-03,3.516684726661439744e-03,3.797365924497766564e-03,3.705879131141476615e-03,3.694185175251033307e-03,3.660458197043870050e-03,3.694655011217500701e-03,3.659632976463024056e-03,3.624201145920098559e-03,3.651420480083020486e-03,3.705484578005513886e-03,3.605113885070260638e-03,3.633613169569112171e-03,3.577168247935361839e-03,3.595947726840459293e-03,3.640453071363015415e-03,3.638098703404367071e-03,3.551260137364366503e-03,3.614443091386929877e-03,3.530939982485624840e-03,3.631129058060310767e-03,3.793556456494898317e-03,3.696248847697548509e-03,3.732223144477503536e-03,3.619768970688001970e-03,3.804267634673577647e-03,3.572321319746138250e-03,3.614351768639493655e-03,3.550067145820631678e-03,3.616985254216885468e-03,3.626080571960109758e-03,3.595986665945743229e-03,3.690624131175023522e-03,3.691878238992501570e-03,3.560110985505668402e-03,3.562361404770358723e-03,3.644473527420000539e-03,3.641681701969324159e-03,3.641927392581203755e-03
3.844845507654728531e-03,3.611910673175231130e-03,3.685983044365707603e-03,0.000000000000000000e+00,3.636483647316162294e-03,3.795556797901332522e-03,3.685138987441357108e-03,3.691785267856290045e-03,3.674578954079335893e-03,3.605825099609330335e-03,3.710552577531364086e-03,3.667174441862377024e-03,3.625918337844869811e-03,3.576671849888637348e-03,3.707149725390810214e-03,3.631325626250492787e-03,3.682421126263997913e-03,3.732757488767001006e-03,3.672123743632685171e-03,3.725453301112879954e-03,3.660850276073468121e-03,3.647200261233957391e-03,3.646055912769828947e-03,3.633271046892417016e-03,3.640363539241478919e-03,3.620204171619211594e-03,3.741104048728987296e-03,3.684424169641772797e-03,3.604156773601504323e-03,3.737701455266147221e-03,3.734683855976327072e-03,3.691539514326129621e-03,3.639080812644906061e-03,3.686148298255238851e-03,3.548163882851297721e-03,3.765530952193099981e-03,3.740461349741085097e-03,3.614356433937947199e-03,3.690569294751694721e-03,3.728716542196636521e-03,3.715530910720476771e-03,3.671387505416625566e-03,3.603356638048476734e-03,3.597516427987960865e-03,3.759004782383796456e-03,3.637225469741712115e-03,3.580819341570861281e-03,3.682743379746860300e-03,3.660482099936808887e-03,3.575869968915761175e-03,3.580410281485179799e-03,3.640935268173084091e-03,3.779245846721332458e-03,3.650547687966063104e-03,3.580449908999184822e-03,3.733815293423942399e-03,3.644560303360262939e-03,3.630586277910937635e-03,3.543820291122963453e-03,3.627477666719721577e-03,3.797203505904568101e-03,3.667203298711532028e-03,3.685532702758384082e-03,3.633409163486657142e-03,3.685908231659569892e-03,3.636804021251755555e-03,3.686102660096579522e-03,3.591372953580381985e-03,3.717899124481562848e-03,3.625099273739882440e-03,3.591752432246432796e-03,3.615043555463283952e-03,3.670538518114207886e-03,3.743393057579434517e-03,3.680109576636463823e-03,3.537667221523582445e-03,3.637145998674678159e-03,3.671192148070797148e-03,3.684634308118746229e-03,3.604197030579814245e-03,3.767883321511518880e-03,3.696795914168481481e-03,3.717830375640328398e-03,3.670540460813373918e-03,3.672596683662768518e-03,3.716155009525138556e-03,3.707478305592230069e-03,3.561849502496331615e-03,3.732238513424910795e-03,3.691235228027469912e-03,3.654881090976525807e-03,3.762875031418890220e-03,3.725496546635006373e-03,3.672826893809825327e-03,3.630381284021691815e-03,3.743938495505026373e-03,3.707505091819710084e-03,3.725749685782727902e-03,3.596303843009163691e-03,3.614826377275643255e-03,3.768271123484702185e-03,3.672352036010295261e-03,3.637901852269505212e-03,3.682078005237187073e-03,3.702667683960002547e-03,3.713558201817100841e-03,3.656149658410616423e-03,3.630653441469657884e-03,3.782258503202304625e-03,3.528638156794814285e-03,3.558216595437975298e-03,3.592605220814033742e-03,3.651983117977555381e-03,3.473815341601472692e-03,3.725045758750222553e-03,3.547409395415984743e-03,3.694326145341765046e-03,3.598103608879823796e-03,3.623699285852374948e-03,3.641242182974686447e-03,3.676318036219644939e-03,3.690656315394172642e-03,3.737190610433386174e-03,3.770797471926900981e-03,3.644762019707902586e-03,3.561253911780098372e-03,3.658546664727613598e-03,3.679362179273371145e-03,3.580605256430642504e-03,3.601734439161338903e-03,3.502952515966254680e-03,3.691562483201103056e-03,3.612393556127098133e-03,3.647950499159603038e-03,3.618495423853561842e-03,3.646059418980209573e-03,3.654992625797945285e-03,3.680795808892038581e-03,3.635283646100885471e-03,3.667773754587223909e-03,3.675947592775663346e-03,3.719610549144783829e-03,3.604548429364589843e-03,3.737639695562632730e-03,3.600561108825848459e-03,3.665860619264678984e-03,3.573613808650344826e-03,3.628327660292328394e-03,3.650816307842442380e-03,3.736812459675654691e-03,3.642082041044027597e-03,3.604695495118966000e-03,3.685654409055308736e-03,3.753734235532936361e-03,3.627627959360233637e-03,3.690971588345461681e-03,3.629276978634356568e-03,3.666852845228002131e-03,3.823088439870620057e-03,3.550328121029500388e-03,3.711005023014079217e-03,3.777089314576928276e-03,3.751466760201301390e-03,3.721303740608195455e-03,3.567854374194974563e-03,3.626989580920933487e-03,3.637510700798748074e-03,3.623332098121246746e-03,3.684914615572108983e-03,3.654930998326434786e-03,3.694343297118425021e-03,3.742685291250332381e-03,3.655703905817456363e-03,3.653121239965749154e-03,3.695201445466636189e-03,3.583262445931945702e-03,3.647217226671620183e-03,3.495890296712474230e-03,3.619625562729725677e-03,3.701029608875138453e-03,3.638906071718790106e-03,3.712105368290217165e-03,3.603277379548805795e-03,3.646609316589265529e-03,3.630894092524806788e-03,3.592480142012586912e-03,3.700946490756263415e-03,3.722298461518837656e-03,3.736836332839975957e-03,3.555129824434252826e-03,3.635126080501138550e-03,3.716068674448097953e-03
3.632343070377644801e-03,3.681628603390892530e-03,3.682646226581953210e-03,3.636483647316162294e-03,0.000000000000000000e+00,3.779235766449159060e-03,3.732415219750081625e-03,3.685592213944655950e-03,3.609592560565905335e-03,3.633059102279083321e-03,3.728103889037423513e-03,3.652638798615710607e-03,3.679079088388616768e-03,3.730365241478559614e-03,3.698175467214040186e-03,3.639330753314040569e-03,3.704537761912578102e-03,3.641969156109459236e-03,3.648390229361029788e-03,3.557687412085463324e-03,3.830108211660009868e-03,3.575852078405082797e-03,3.664953989935320223e-03,3.678736569266944940e-03,3.646412463589315724e-03,3.657387916976194420e-03,3.636844021754449558e-03,3.684143846505558324e-03,3.602414448633616331e-03,3.707159440892713632e-03,3.743451186949983342e-03,3.592033720851547842e-03,3.632913195587314775e-03,3.718817000941230730e-03,3.670468081958396748e-03,3.714354789703579011e-03,3.699973626274984193e-03,3.692445867132404438e-03,3.594294408260199133e-03,3.759971536374498609e-03,3.636519392498779955e-03,3.591993143990043335e-03,3.642597170029696942e-03,3.668384396584059657e-03,3.646284979968033441e-03,3.761761450379636114e-03,3.698593284664253127e-03,3.705254660494881717e-03,3.601870431437772732e-03,3.777653675107016905e-03,3.629305698635181161e-03,3.676423105264241611e-03,3.664620735717880225e-03,3.664109719897700509e-03,3.698462007082364660e-03,3.649157700940214386e-03,3.737654964218505363e-03,3.729302645194847079e-03,3.640079483513621126e-03,3.569385561006994771e-03,3.593668843393688171e-03,3.756939838014573037e-03,3.585825966443054874e-03,3.608313053614896088e-03,3.657885415799808256e-03,3.655887149868302256e-03,3.597895744272931306e-03,3.768191077721411500e-03,3.718261509188987030e-03,3.675057823535801422e-03,3.656560754568300743e-03,3.567000110843098013e-03,3.651727515861894445e-03,3.571479153707781112e-03,3.725427796820678789e-03,3.655349377214132771e-03,3.783980368084768117e-03,3.697565264880539691e-03,3.601999629339327873e-03,3.720182116514265513e-03,3.657323230563546638e-03,3.672992240769696638e-03,3.683183674578528483e-03,3.593137420567230067e-03,3.612661960645139041e-03,3.655755605278420382e-03,3.743603023851049469e-03,3.590871564350311962e-03,3.632376219628300450e-03,3.648229787912035758e-03,3.698049233703696714e-03,3.578009704293155097e-03,3.731426068116426055e-03,3.640683482293852451e-03,3.560629971671329386e-03,3.645296080644493380e-03,3.712127076185936861e-03,3.576424492820865636e-03,3.741931121527060974e-03,3.590982507644218270e-03,3.614890440545062179e-03,3.600390244628300009e-03,3.646192170828612897e-03,3.641771705577209750e-03,3.742571664237167965e-03,3.667891657652854864e-03,3.567539031410955647e-03,3.656177947916719115e-03,3.591901350511389219e-03,3.660068159729041020e-03,3.639368945698572434e-03,3.596553173035041753e-03,3.699749787586871161e-03,3.636292168839211879e-03,3.589742993674530612e-03,3.770166293025935256e-03,3.611321642240613791e-03,3.702970518783648291e-03,3.623162917719895820e-03,3.660295136700544155e-03,3.695679474181004683e-03,3.731728572259066217e-03,3.624036321107926457e-03,3.711939360188154947e-03,3.727682312504984954e-03,3.638340789143742864e-03,3.754861991761782470e-03,3.628784000534781770e-03,3.524786322214581644e-03,3.659688882271486254e-03,3.636171595382611810e-03,3.693275774958943141e-03,3.594360297078981643e-03,3.700435241604047715e-03,3.789792403180876432e-03,3.610648235881330683e-03,3.636385528475249897e-03,3.645828030273828412e-03,3.602414970636810040e-03,3.642494361919538636e-03,3.660403182768259302e-03,3.636960325651421039e-03,3.842585516627061801e-03,3.632507380745260504e-03,3.708278846880401491e-03,3.600617613754143395e-03,3.665925751715194865e-03,3.549033519982335884e-03,3.700313708201603043e-03,3.619738354630855446e-03,3.744923258499094354e-03,3.629581023430246238e-03,3.708524663124423363e-03,3.553606031380134121e-03,3.655919698889841928e-03,3.717764016798433442e-03,3.602434959621073421e-03,3.644220235495617029e-03,3.584344423943519771e-03,3.687985158825608876e-03,3.678097614086633504e-03,3.706004127940305641e-03,3.562021106660208727e-03,3.652106636744725972e-03,3.749847416424404670e-03,3.719817092274092709e-03,3.663521274740468535e-03,3.690677106227052175e-03,3.675062498939607718e-03,3.757942736452663836e-03,3.667225368499211699e-03,3.668119451140820948e-03,3.658880911539494699e-03,3.731461198596829672e-03,3.756172369879380926e-03,3.731755635479005583e-03,3.645577815224284885e-03,3.625247409721650983e-03,3.624049005888541237e-03,3.581770298018096925e-03,3.660854803378086556e-03,3.629211953717076909e-03,3.630854579013132778e-03,3.615897472642001786e-03,3.644452759833998953e-03,3.689986834736352656e-03,3.754128521591820321e-03,3.703888686842151962e-03,3.613666018525075324e-03,3.595551282430991570e-03,3.601112442120373795e-03,3.707809482614376258e-03
3.729334352993708430e-03,3.688048186664606275e-03,3.879828850738120238e-03,3.795556797901332522e-03,3.779235766449159060e-03,0.000000000000000000e+00,3.678022916274282551e-03,3.613597508232153054e-03,3.530879848558109418e-03,3.488291053266446076e-03,3.670278988129715547e-03,3.718086444577141814e-03,3.543266210168516048e-03,3.623368201081334818e-03,3.650375626590969189e-03,3.597681933080921265e-03,3.616757707099178213e-03,3.570576214288792224e-03,3.630653703553889805e-03,3.643410761744159641e-03,3.759374774310771539e-03,3.664934108149270689e-03,3.611835382541677027e-03,3.645736703835089285e-03,3.545392281816048437e-03,3.792064951328383629e-03,3.663960081860594218e-03,3.661561067372178391e-03,3.648972075925550028e-03,3.634600374566166695e-03,3.884174384209275292e-03,3.537000094720747952e-03,3.594866022846859334e-03,3.769182603678405703e-03,3.522815100695538167e-03,3.687250275297872595e-03,3.563881579512879604e-03,3.713332637191386638e-03,3.517672550523459184e-03,3.807827190307614025e-03,3.707883606354352071e-03,3.566100694743978058e-03,3.586764049180725129e-03,3.534144925588740983e-03,3.601819624118921502e-03,3.754472514721067435e-03,3.525569484870843661e-03,3.532771710529296078e-03,3.742111177906009591e-03,3.508567333635719074e-03,3.624192147412985069e-03,3.637718762429656156e-03,3.718945065552146587e-03,3.604219681036309898e-03,3.726776970568291755e-03,3.608456933653404058e-03,3.657851186872597849e-03,3.640684431130466765e-03,3.612240822951589322e-03,3.612209292529439814e-03,3.678857415711621164e-03,3.803818628311771578e-03,3.715607797042292087e-03,3.636826732756554773e-03,3.661021505952351176e-03,3.681116186756591430e-03,3.657413664953533625e-03,3.625467217115755768e-03,3.723066428402783002e-03,3.731546645299310162e-03,3.609805934584027140e-03,3.640898548961494802e-03,3.705057407011471717e-03,3.794511034896576925e-03,3.680292568111339594e-03,3.602745754665163339e-03,3.682511699609416263e-03,3.691959956344552027e-03,3.634020421339360495e-03,3.664982335644437379e-03,3.790825530167523869e-03,3.789408010027167650e-03,3.617831728347369567e-03,3.679101363729406129e-03,3.602799059084214363e-03,3.663765536908908209e-03,3.699654541326296425e-03,3.642893551007429700e-03,3.792572879315369780e-03,3.628048354376156494e-03,3.568554113726987286e-03,3.757242373639462299e-03,3.695769348501745915e-03,3.748717051929276352e-03,3.643617802894385561e-03,3.689400369499744835e-03,3.775539564407676043e-03,3.755141498927769359e-03,3.729117597380792078e-03,3.626345564657037276e-03,3.705901236020527068e-03,3.703220828086905593e-03,3.784494105468920715e-03,3.625886557990223944e-03,3.724907203480210503e-03,3.616321983749924435e-03,3.521073553567492190e-03,3.650450407268603786e-03,3.673162168633175781e-03,3.578555522174500444e-03,3.654665072897828482e-03,3.620791312284580080e-03,3.547294156913487293e-03,3.572765531179414571e-03,3.622100065482997990e-03,3.713967834285051076e-03,3.683322531169355186e-03,3.625083433020920200e-03,3.768140883033151492e-03,3.621908440535437628e-03,3.666373969633850323e-03,3.626867299879212806e-03,3.660708180620298163e-03,3.679264491987883825e-03,3.680686141572289335e-03,3.660550903267795024e-03,3.707647092951215848e-03,3.701132760514128876e-03,3.616520273998393657e-03,3.590642962926669617e-03,3.602859235944398490e-03,3.578967306148829117e-03,3.632828765117091484e-03,3.540661687452803952e-03,3.672851381840998037e-03,3.633986971693558155e-03,3.637548219609980371e-03,3.649809052889388568e-03,3.721574572083620989e-03,3.699394761501146375e-03,3.674051368670315856e-03,3.863266707526929588e-03,3.774984044426394313e-03,3.762619642184795391e-03,3.602311769669142624e-03,3.708529050763671384e-03,3.723910346222193257e-03,3.672391568001466718e-03,3.652218274967789034e-03,3.624723077691608623e-03,3.844227363995254051e-03,3.634132951370040460e-03,3.663766789831002409e-03,3.676796186696043144e-03,3.592256493969665787e-03,3.732348712496814935e-03,3.660434918242333902e-03,3.681972885974788261e-03,3.690870486969793224e-03,3.620767409649322706e-03,3.604596210362879301e-03,3.819759150346525422e-03,3.634575221280212168e-03,3.675964281565724176e-03,3.506970439815686787e-03,3.616558931047772051e-03,3.604565470312368590e-03,3.591311353853333596e-03,3.661559671371236811e-03,3.598468778396189151e-03,3.607446418689793603e-03,3.744749722848220424e-03,3.596508760126162964e-03,3.707733235962942277e-03,3.667935651044589972e-03,3.728746889011309244e-03,3.647885446381102237e-03,3.561441595801370739e-03,3.696141237105955539e-03,3.631271092046684662e-03,3.692870643497224263e-03,3.617810281377523227e-03,3.698298702020441382e-03,3.502307239461174056e-03,3.663288706745993981e-03,3.731080508106590123e-03,3.765282542932960313e-03,3.693908039538429909e-03,3.640983567889798534e-03,3.552297225055371308e-03,3.650622504393572117e-03,3.644557789873396382e-03
3.562872896878466374e-03,3.677407533776066474e-03,3.570502387049835896e-03,3.685138987441357108e-03,3.732415219750081625e-03,3.678022916274282551e-03,0.000000000000000000e+00,3.565608032392823291e-03,3.688738407376736077e-03,3.689512525863826702e-03,3.687703172146734008e-03,3.637301534345409836e-03,3.712043326223304820e-03,3.662160478321656830e-03,3.717094370742008054e-03,3.680149026041236188e-03,3.694893576181617918e-03,3.642809434229840777e-03,3.622071452198764689e-03,3.689881567131477087e-03,3.668576028019722608e-03,3.638409242856538699e-03,3.635806406865359653e-03,3.693873041141345834e-03,3.590547298885696063e-03,3.633521956165800416e-03,3.718577364267448490e-03,3.674162767180718606e-03,3.650985301299106579e-03,3.722824474363118242e-03,3.719926691776630472e-03,3.677206563118096995e-03,3.590725768359628433e-03,3.746624182806454484e-03,3.579808053320787751e-03,3.670724632521149382e-03,3.767996463752764508e-03,3.558187193496531280e-03,3.710580581069373388e-03,3.613548447084437027e-03,3.671414015851684563e-03,3.680964035325411977e-03,3.617523020451676469e-03,3.648284743200815028e-03,3.680301886696248949e-03,3.638423536446291472e-03,3.697574022750051322e-03,3.624881552032862501e-03,3.594365658316790810e-03,3.783935361091092346e-03,3.602828351859210798e-03,3.734831412357963835e-03,3.644319961601729697e-03,3.658328363546646967e-03,3.707098609906322312e-03,3.664257522559856688e-03,3.643269340492142488e-03,3.724680843877066928e-03,3.627175728858027595e-03,3.606494539761699331e-03,3.695853090304401355e-03,3.725579443630207786e-03,3.620283503209464730e-03,3.541967692876848810e-03,3.750995202886223470e-03,3.652390834255661231e-03,3.638900855914006804e-03,3.717143112787136411e-03,3.739665583252318060e-03,3.641286197062369983e-03,3.708937562804688094e-03,3.613441696055881124e-03,3.750271517819686335e-03,3.639399500640688821e-03,3.700129337184606543e-03,3.582672068502867294e-03,3.781949643633705088e-03,3.640277883999886235e-03,3.648747634095210295e-03,3.674494573561272633e-03,3.692335290592787395e-03,3.673647467994867188e-03,3.673749695329267713e-03,3.686371571355630261e-03,3.641841476214728937e-03,3.597680916319255951e-03,3.764357801596077135e-03,3.677273993288929840e-03,3.700725722812135427e-03,3.742199006712074345e-03,3.615922667551755339e-03,3.702051279986357489e-03,3.678676681159380284e-03,3.733126408404863553e-03,3.790280129532379218e-03,3.567565938460404845e-03,3.644383285483664657e-03,3.750205625528976218e-03,3.623371776063872684e-03,3.705031553780348524e-03,3.794279158480138962e-03,3.632127213540693126e-03,3.670914973567298342e-03,3.608305332960168570e-03,3.654354786527962400e-03,3.595017848473983611e-03,3.659954323807272647e-03,3.696112395823869436e-03,3.686026817833244935e-03,3.634823299903847116e-03,3.645206193120644703e-03,3.535042173441534964e-03,3.577142528641152723e-03,3.640768634214786546e-03,3.711773357833531278e-03,3.525612891266273474e-03,3.724848931458767543e-03,3.631803526372829726e-03,3.646622484324599928e-03,3.641048234632289320e-03,3.642567972723657031e-03,3.666845703586575460e-03,3.676778702445658836e-03,3.792607079034480272e-03,3.589240156842732430e-03,3.678868871030497797e-03,3.558171545140324105e-03,3.617371872665341766e-03,3.564612903247307667e-03,3.587657851095186687e-03,3.574247065026732277e-03,3.792366993348260992e-03,3.805529974456756809e-03,3.707344427286474002e-03,3.733369293123023954e-03,3.713092303557563936e-03,3.583836957562719621e-03,3.668433029828411466e-03,3.695806590756573265e-03,3.670629392049006446e-03,3.650726046932134799e-03,3.707723795233906511e-03,3.817270556454953941e-03,3.536939009480805259e-03,3.662825148738609298e-03,3.664919713592969860e-03,3.708466388557098928e-03,3.591339844818880033e-03,3.623171069074050416e-03,3.629758337583704770e-03,3.592924738406504722e-03,3.616228444457761371e-03,3.606859065864114963e-03,3.661307514600795066e-03,3.695771135118094269e-03,3.723188544552295288e-03,3.558006022093942403e-03,3.758619794417707768e-03,3.623015168829888701e-03,3.713191083383515171e-03,3.735258116563122417e-03,3.646777400424518114e-03,3.645828563155318214e-03,3.697622729006207198e-03,3.657366358690443669e-03,3.655609557661686562e-03,3.655209627493276933e-03,3.563194539148388258e-03,3.760725934224861886e-03,3.706356503028643973e-03,3.603533429881090704e-03,3.729775084004158508e-03,3.601682731675356734e-03,3.564898075870531584e-03,3.606245388902609011e-03,3.602331389412473904e-03,3.655295272974428897e-03,3.703599142093307733e-03,3.649224839792555766e-03,3.685737174132844990e-03,3.653487150824944081e-03,3.648700230187248116e-03,3.706484476070015348e-03,3.665941081044031980e-03,3.668611918846453792e-03,3.645328762259886050e-03,3.706722713408326739e-03,3.648529808645291101e-03,3.628197990739399914e-03,3.597736815351544343e-03,3.625390737878863082e-03,3.635375226771430344e-03
3.683332967026809856e-03,3.740137124706980135e-03,3.717641192282025199e-03,3.691785267856290045e-03,3.685592213944655950e-03,3.613597508232153054e-03,3.565608032392823291e-03,0.000000000000000000e+00,3.600691750049112277e-03,3.649809889987157708e-03,3.621366810949282113e-03,3.711735181640053553e-03,3.689709464899506262e-03,3.600092040340839659e-03,3.625902387781445267e-03,3.744630684435508363e-03,3.697315246227892739e-03,3.617177100780650384e-03,3.615109037193706479e-03,3.720664659548622577e-03,3.653352540973037969e-03,3.550664104957937123e-03,3.785282905940560039e-03,3.574959147279713548e-03,3.647319173375037412e-03,3.641046353406898143e-03,3.603678764808108254e-03,3.656774944515163352e-03,3.667184159789320646e-03,3.598430512959369110e-03,3.787229475534738352e-03,3.746597083980820076e-03,3.619863203890624510e-03,3.679367126673170878e-03,3.683525729628796177e-03,3.623823194086513329e-03,3.723194813377370647e-03,3.646841291201940657e-03,3.672419229796789787e-03,3.615253374935910573e-03,3.697706707459371724e-03,3.636236397025759213e-03,3.825153492320046249e-03,3.772841031721684175e-03,3.584552922769780256e-03,3.704143938039898814e-03,3.606262316225443670e-03,3.658583892198652172e-03,3.655386901251348776e-03,3.756089087300398463e-03,3.711830083173491262e-03,3.631392457668786329e-03,3.644432308588620335e-03,3.571240770085728523e-03,3.662804918942610781e-03,3.719697704326307454e-03,3.661922763196722580e-03,3.661319917931537757e-03,3.667138890586034514e-03,3.594230702280347065e-03,3.711722511833990320e-03,3.607501336106519723e-03,3.660199173336535928e-03,3.703479239727388954e-03,3.640584290313747529e-03,3.653686441089914333e-03,3.658686153587508132e-03,3.600891837478302580e-03,3.574295455324612986e-03,3.625096918019936072e-03,3.556893421246509236e-03,3.611923432112236140e-03,3.693041588058468445e-03,3.650700724058812685e-03,3.592173297520614202e-03,3.802809241681843252e-03,3.909252724631843458e-03,3.671446092788833993e-03,3.619522102952698033e-03,3.742784175893121117e-03,3.637306301356963128e-03,3.605819233994710452e-03,3.653160852190554149e-03,3.636798590985929145e-03,3.711456972740786921e-03,3.710930358071851121e-03,3.618573022928992401e-03,3.710018950551200075e-03,3.696323663277312037e-03,3.765290307974120728e-03,3.632638922810207689e-03,3.655041819040799091e-03,3.636190387081107700e-03,3.601246630795490282e-03,3.700989091609622247e-03,3.692343736329500251e-03,3.680147571730833182e-03,3.609412178394918840e-03,3.562329396620672866e-03,3.621759639946926183e-03,3.671681905596001824e-03,3.704187701602851181e-03,3.592269277433268997e-03,3.595591546583266906e-03,3.551271235052822633e-03,3.676025418617024157e-03,3.642022077396808114e-03,3.536961336094009752e-03,3.609158483446734799e-03,3.696312324923553983e-03,3.700176806832852598e-03,3.672798277929964755e-03,3.701193095858017462e-03,3.683732178196976164e-03,3.818618262327201380e-03,3.662862081961384096e-03,3.700779639327078652e-03,3.671387708654177354e-03,3.661849438198176970e-03,3.697260157690090542e-03,3.701686028745833877e-03,3.595461372435397943e-03,3.706326741188898689e-03,3.587644683899921146e-03,3.616223652289776887e-03,3.672504453935581011e-03,3.668300395401081875e-03,3.692356123498699485e-03,3.598376806000776456e-03,3.715111667533254041e-03,3.734427562038350121e-03,3.682065306579129262e-03,3.694166487859820713e-03,3.644084096587427418e-03,3.677384797640852795e-03,3.613106624897216481e-03,3.760352867095421731e-03,3.566599702206724350e-03,3.695369796920637117e-03,3.648997274350047632e-03,3.714897064060492145e-03,3.613463653463920913e-03,3.746485500406250644e-03,3.671210505654973026e-03,3.661346802193426488e-03,3.717070146386476127e-03,3.508666862521506603e-03,3.687310227833463100e-03,3.636397699189650601e-03,3.696214853062790729e-03,3.595051547745205245e-03,3.731511272334963897e-03,3.638961408694451997e-03,3.724941049096600326e-03,3.646743613022358603e-03,3.719969781295615063e-03,3.742327614827323755e-03,3.642738795174419765e-03,3.580792060798571215e-03,3.556554609476348262e-03,3.700395925511503360e-03,3.560234265310097904e-03,3.651182601913133263e-03,3.662542542010718827e-03,3.651667536267689043e-03,3.700843300761977057e-03,3.709681382596695907e-03,3.730551428236810081e-03,3.638698589785965831e-03,3.669778411577268203e-03,3.655547396230236432e-03,3.651413821040855150e-03,3.770467277236391832e-03,3.624518856963022430e-03,3.693241638129625849e-03,3.664012064507876816e-03,3.740552626198553800e-03,3.591001924442127798e-03,3.637509943587231929e-03,3.651424530525802445e-03,3.689240778634175679e-03,3.654423368227100247e-03,3.702001249833043479e-03,3.592838072144026104e-03,3.696236611980434524e-03,3.647366976366957746e-03,3.634210276888615899e-03,3.639661467623946274e-03,3.569564763017093415e-03,3.662889849375869453e-03,3.665675062067197051e-03,3.683366874678659347e-03
3.491823497101479139e-03,3.694138290059838150e-03,3.658278089052728350e-03,3.674578954079335893e-03,3.609592560565905335e-03,3.530879848558109418e-03,3.688738407376736077e-03,3.600691750049112277e-03,0.000000000000000000e+00,3.713278032798624038e-03,3.737246139003110729e-03,3.705664525527642677e-03,3.685179071546436542e-03,3.619590343689576585e-03,3.628658318337915373e-03,3.648945409300500837e-03,3.720859985914197910e-03,3.673029497917055641e-03,3.828750406978183914e-03,3.665509043294339856e-03,3.606101294469977493e-03,3.626798130455282081e-03,3.629269314760767869e-03,3.598514675325906013e-03,3.778663100345190304e-03,3.582046125250697155e-03,3.644666958691472960e-03,3.625199355816089656e-03,3.770158306043676962e-03,3.716387921036469998e-03,3.432211696754213035e-03,3.690011780092702660e-03,3.687706200198222813e-03,3.644547449337121048e-03,3.664728362773859039e-03,3.594462155940571745e-03,3.645228170106548562e-03,3.716913744162234513e-03,3.741035540218368063e-03,3.646816488167302795e-03,3.621102202888905070e-03,3.623243892973175822e-03,3.706682795293837936e-03,3.771865912858241802e-03,3.713741516529763410e-03,3.632108259444514695e-03,3.705127570784126460e-03,3.696645735323456777e-03,3.615479563770759245e-03,3.789363760975822306e-03,3.793668874529745102e-03,3.668832651983758124e-03,3.538804191943298490e-03,3.772073580433629031e-03,3.559577894403277102e-03,3.657209290167236400e-03,3.614786870955244164e-03,3.555832721926063290e-03,3.617045343019074238e-03,3.715920337076969362e-03,3.575709564667141870e-03,3.570963866198311777e-03,3.650488313282919048e-03,3.815265471704096332e-03,3.576960179767575080e-03,3.787250981412613321e-03,3.648198702737589106e-03,3.571095419410464083e-03,3.681720024972418535e-03,3.634566024298870306e-03,3.634509295988148665e-03,3.676251030640705422e-03,3.665811312398510862e-03,3.556077262514163988e-03,3.708674650881901673e-03,3.714856528526648983e-03,3.634330365593249970e-03,3.726837941772415033e-03,3.737910468404560468e-03,3.638752267611650593e-03,3.608659480295914324e-03,3.595636982887303809e-03,3.677135192182897847e-03,3.666790747022790047e-03,3.665004614492650692e-03,3.681509890091488706e-03,3.730988651885561343e-03,3.723140665716641751e-03,3.554060875767979348e-03,3.657567283443994861e-03,3.750691395173731419e-03,3.671722077040019423e-03,3.632989008850427866e-03,3.614488372990105284e-03,3.712721345970829666e-03,3.717157887085153611e-03,3.548099633054916085e-03,3.587016995272800969e-03,3.619379437820008805e-03,3.669593893719231940e-03,3.540142312536686230e-03,3.511736650832340389e-03,3.583873114737024575e-03,3.711536974874181036e-03,3.582718632011211088e-03,3.664524208466475152e-03,3.674983250723037539e-03,3.575786287880395372e-03,3.758695664910579118e-03,3.584295820624819329e-03,3.665332187591877240e-03,3.667294161564588727e-03,3.763629526532375966e-03,3.795482577440392139e-03,3.716140868587737046e-03,3.684689044567578033e-03,3.572027231208741577e-03,3.735758853780276993e-03,3.621842813844811972e-03,3.648273887226579585e-03,3.651087742838456020e-03,3.637190482237379584e-03,3.664653021179631754e-03,3.610059699556377334e-03,3.613123973782057796e-03,3.690214932133758455e-03,3.639515543211437922e-03,3.645763932441874796e-03,3.668326494121693180e-03,3.646591562115877958e-03,3.694288490264499136e-03,3.743641463306056089e-03,3.660279764629007903e-03,3.652086516110513836e-03,3.699208529457789513e-03,3.702248581512843084e-03,3.781036755526251143e-03,3.690162840706596222e-03,3.594153522452477219e-03,3.633440983906850892e-03,3.757910846616321042e-03,3.659394922690622099e-03,3.672831470989865264e-03,3.685227799142682704e-03,3.690466571895535154e-03,3.651393684901001972e-03,3.592117378804374293e-03,3.678454487313846666e-03,3.622065457264819592e-03,3.646974902480310844e-03,3.624621658772979056e-03,3.702701233115045145e-03,3.681497531658312582e-03,3.671205704543551405e-03,3.747565543592232002e-03,3.704659378607465161e-03,3.655931547975191983e-03,3.750971862758977187e-03,3.693524187080964548e-03,3.697631519913094182e-03,3.657841985286692296e-03,3.544370807408088117e-03,3.689756188616888366e-03,3.663932424108157834e-03,3.682522111759397448e-03,3.665927477323178193e-03,3.633015681842253954e-03,3.714357697649846909e-03,3.723283009643260991e-03,3.676320627661720190e-03,3.733988977357855388e-03,3.602499535406266957e-03,3.625467531242958751e-03,3.605191489526337213e-03,3.588030880687417823e-03,3.676444661612183942e-03,3.616555197699373829e-03,3.644329371576892490e-03,3.624251647063449905e-03,3.777183150488312279e-03,3.714317846278874635e-03,3.683505100846909495e-03,3.682966397001725088e-03,3.769552805570043630e-03,3.672385704927209286e-03,3.695122277048482149e-03,3.604764925029721109e-03,3.583940173053827213e-03,3.666052522547335636e-03,3.659411835451118009e-03,3.728060654418410575e-03,3.635831306727869625e-03
3.641387356083286824e-03,3.593255268049645040e-03,3.628327221551511279e-03,3.605825099609330335e-03,3.633059102279083321e-03,3.488291053266446076e-03,3.689512525863826702e-03,3.649809889987157708e-03,3.713278032798624038e-03,0.000000000000000000e+00,3.732426714954459844e-03,3.565582691152875249e-03,3.714626597735532464e-03,3.735010222888193124e-03,3.805617346775648415e-03,3.824785658898978164e-03,3.664565370538044094e-03,3.857038812770073165e-03,3.613091346861115917e-03,3.667593625918302673e-03,3.503875864505563101e-03,3.644219375957144947e-03,3.651001410954832736e-03,3.700230847355454999e-03,3.607781339086033566e-03,3.573071037428920786e-03,3.689943800053025781e-03,3.605660884840154821e-03,3.566497687641274287e-03,3.661182599877215848e-03,3.506064536381895639e-03,3.599602831855008411e-03,3.666923156767056685e-03,3.747326028594640587e-03,3.679751877174849885e-03,3.607494714183747883e-03,3.569855121830652154e-03,3.662667819127213200e-03,3.688971014256169252e-03,3.647419113522104312e-03,3.580530448523381801e-03,3.732910771328882150e-03,3.706428284861543968e-03,3.578807494593092865e-03,3.708031178076526702e-03,3.658271689441869312e-03,3.654108230400902879e-03,3.681234043158326981e-03,3.535956572800085396e-03,3.734041250166495168e-03,3.712138992429940554e-03,3.661084352841694877e-03,3.727467671815914464e-03,3.650216971382021659e-03,3.705217204073625852e-03,3.621479405571428802e-03,3.649390473042141668e-03,3.569711185360898223e-03,3.780429270129551621e-03,3.657571839070420869e-03,3.747147405118046899e-03,3.612231794476675022e-03,3.731223791632851377e-03,3.695421216052667025e-03,3.628893792914520289e-03,3.666385204612513868e-03,3.793895844414134355e-03,3.651028099998877841e-03,3.560918847140671570e-03,3.619769151255974871e-03,3.723163470141339741e-03,3.667473273972714828e-03,3.653660832977662087e-03,3.559657521904872543e-03,3.711488596804255521e-03,3.611155683936693745e-03,3.724060963597846437e-03,3.594476436038277194e-03,3.767823413959466104e-03,3.617968251832093425e-03,3.643621481213449396e-03,3.583748751661015430e-03,3.639207106337290741e-03,3.674963406360439496e-03,3.663578294193471033e-03,3.617203700431123516e-03,3.761924927299474877e-03,3.562788239784400127e-03,3.702365360404991871e-03,3.564350626238709310e-03,3.589186257076401685e-03,3.670830445315131918e-03,3.575251286214469002e-03,3.728123032662605980e-03,3.716070530820399925e-03,3.652186033032952649e-03,3.644101366178157091e-03,3.629935802733614755e-03,3.688287851407089958e-03,3.609192048523018718e-03,3.660041007436807842e-03,3.536631462627011935e-03,3.740363681122732889e-03,3.708898735469932321e-03,3.664811881325185598e-03,3.665999123815330031e-03,3.718836089310626272e-03,3.599902705045523142e-03,3.600173167171427657e-03,3.646553981609952470e-03,3.728887956927314038e-03,3.619901329482477781e-03,3.712960815209874390e-03,3.623177985318009903e-03,3.710016754243589902e-03,3.787427467461554169e-03,3.680149525277313580e-03,3.701554799560921941e-03,3.731935843581345863e-03,3.759501761641316150e-03,3.719599586136263739e-03,3.804795089898553584e-03,3.599992245679496487e-03,3.625609683946967327e-03,3.676498800758836241e-03,3.608322086563428913e-03,3.662818351306292627e-03,3.652429177471959009e-03,3.719022704518684923e-03,3.627873317324386161e-03,3.589392531442684407e-03,3.781031356047428321e-03,3.705262198654846878e-03,3.623474252561482804e-03,3.711842654657590210e-03,3.633386451998998727e-03,3.616097678044858516e-03,3.729521634303141660e-03,3.595243550214222844e-03,3.618764994408525584e-03,3.664075387005666373e-03,3.609968099167021674e-03,3.565639830563672313e-03,3.564150949760432497e-03,3.629308367469815354e-03,3.664837195733907163e-03,3.702043581797884089e-03,3.604730437516235047e-03,3.700460271105653585e-03,3.701807555318303161e-03,3.617348618900556936e-03,3.618333724386370385e-03,3.601674516425023859e-03,3.635951005714847979e-03,3.655475093370184891e-03,3.593626944593053887e-03,3.639427229102088195e-03,3.638556558057426914e-03,3.626029144004566315e-03,3.776320739554153705e-03,3.699331587199526563e-03,3.626419135863846732e-03,3.659299924226692112e-03,3.707506482344832214e-03,3.682557456045879377e-03,3.754934166989160917e-03,3.687517396883976603e-03,3.708902162371841699e-03,3.592642292183323600e-03,3.639680675634525929e-03,3.715317502622718718e-03,3.632623233362783279e-03,3.628507048758303384e-03,3.669300872061849288e-03,3.713056647238034604e-03,3.526435335846856475e-03,3.714123311252270215e-03,3.622558509855355532e-03,3.697793444714852183e-03,3.745408948243693185e-03,3.695987993621277674e-03,3.703397831666255160e-03,3.580918698445362518e-03,3.797517522560954397e-03,3.571236782540275403e-03,3.764557487740427446e-03,3.613649486194627555e-03,3.606953205094655650e-03,3.803616700531690497e-03,3.813505626170441039e-03,3.744728092052550163e-03,3.642982379137496042e-03
3.540271301413637321e-03,3.644538120720438538e-03,3.629733312243795060e-03,3.710552577531364086e-03,3.728103889037423513e-03,3.670278988129715547e-03,3.687703172146734008e-03,3.621366810949282113e-03,3.737246139003110729e-03,3.732426714954459844e-03,0.000000000000000000e+00,3.656906595815334268e-03,3.694002067493649174e-03,3.685237588931224596e-03,3.629257940089429361e-03,3.709733381799813334e-03,3.653264927255045133e-03,3.625944965224117082e-03,3.611543643733615069e-03,3.609120988247024962e-03,3.665257169144417980e-03,3.575318079422634340e-03,3.680648123193174318e-03,3.569342585855336553e-03,3.645302198993122765e-03,3.667397048967478701e-03,3.678324095764038803e-03,3.724390388986825555e-03,3.602230839842638244e-03,3.649725361305234360e-03,3.628717135366245176e-03,3.694843297223154247e-03,3.669794587324146443e-03,3.622908911405563637e-03,3.700107555568223593e-03,3.638108506232735993e-03,3.728391225765058294e-03,3.677393431670462551e-03,3.564745659190901757e-03,3.604763491140702304e-03,3.588892114148463028e-03,3.774603938587918397e-03,3.609599534521308085e-03,3.719446652789316909e-03,3.722809175587757976e-03,3.625867612811056306e-03,3.806239067398040164e-03,3.699479988117664823e-03,3.671340372458072564e-03,3.652935853135733015e-03,3.637998126026558039e-03,3.607075032042911245e-03,3.692137169759122841e-03,3.694649581479047141e-03,3.739190051448021065e-03,3.598079095083024041e-03,3.606597204312893008e-03,3.676745977833227510e-03,3.629752408869583134e-03,3.630512775667632357e-03,3.749532720079607351e-03,3.612086647206125527e-03,3.706802142091038949e-03,3.678208428200583583e-03,3.753218062911596944e-03,3.668694155539442992e-03,3.636737137348145573e-03,3.657057112217246362e-03,3.717502233323009050e-03,3.551189063206022182e-03,3.717800829294576424e-03,3.621473804330855879e-03,3.700958651787697885e-03,3.671416064426333021e-03,3.732549725741389230e-03,3.720048753788916373e-03,3.752158086263425885e-03,3.663993130974022364e-03,3.745400156985552453e-03,3.696871813551903373e-03,3.714396627709061396e-03,3.615752561486606197e-03,3.683547488468186595e-03,3.605093381263507930e-03,3.632119902215979069e-03,3.695996863511326249e-03,3.625442710835385333e-03,3.696769906815865377e-03,3.692869447968969310e-03,3.597869415439086411e-03,3.777923704661624495e-03,3.644191811418688500e-03,3.713069146303848208e-03,3.697214282989946463e-03,3.668707099725611234e-03,3.740190756534700778e-03,3.711648081064425255e-03,3.593261806572096376e-03,3.509064937247140682e-03,3.638617401433045465e-03,3.593473063350902021e-03,3.691110675133460906e-03,3.641768294043473686e-03,3.684071168992212285e-03,3.749801503476511873e-03,3.663064476403854897e-03,3.734607692530621855e-03,3.615601694243553675e-03,3.589834964933119599e-03,3.597208348652168510e-03,3.670944035423237030e-03,3.676446835839336427e-03,3.760389404709593361e-03,3.543986409085942910e-03,3.598769809752983776e-03,3.699186227712464043e-03,3.652380182073628086e-03,3.838749873253523119e-03,3.622761062017380764e-03,3.609627449457911662e-03,3.676829742332828402e-03,3.820870060920705628e-03,3.707395283115264787e-03,3.709490227289764016e-03,3.744639672861425125e-03,3.628523978579903560e-03,3.498791174442524889e-03,3.602978162402539937e-03,3.568720408353100518e-03,3.618124973983573821e-03,3.608029971019844837e-03,3.716486423080174809e-03,3.676050872230129420e-03,3.688167575814244818e-03,3.636756015699780988e-03,3.596624739574390099e-03,3.586756297225681105e-03,3.667010287008489518e-03,3.610235059132827808e-03,3.654861902215396276e-03,3.782815005185278558e-03,3.664301832068810570e-03,3.650106732405640226e-03,3.713624102273444492e-03,3.576919054866757423e-03,3.539136285726490663e-03,3.650884410592121574e-03,3.663659317335890737e-03,3.738545341506624431e-03,3.754210350833041016e-03,3.723115102781231808e-03,3.637336131484168733e-03,3.682694635804269288e-03,3.572880733068911196e-03,3.733746541510580327e-03,3.654815565737899730e-03,3.694463848581241994e-03,3.619347553556637783e-03,3.608252554159031324e-03,3.741212208486603252e-03,3.653979946835756408e-03,3.750706637255309204e-03,3.657106216322974970e-03,3.640429205698265426e-03,3.596567838448771950e-03,3.645046481983434377e-03,3.611492178064973357e-03,3.704620319388770254e-03,3.661948713250528890e-03,3.557509037309186054e-03,3.641844105932732188e-03,3.741449080245023290e-03,3.740740981962001072e-03,3.717527229612154361e-03,3.660573567120846243e-03,3.569842582496084507e-03,3.607420180261581340e-03,3.733648037177763040e-03,3.714750806199648443e-03,3.675022995610800845e-03,3.643304151684305728e-03,3.641283305662590224e-03,3.674243516897926585e-03,3.554033449023817973e-03,3.673088673846376835e-03,3.690807203230104562e-03,3.638938579020722409e-03,3.556159350443479066e-03,3.683304125110960746e-03,3.667779739480378325e-03,3.591437655750431661e-03,3.639484906024201966e-03
3.631377176204570768e-03,3.709220738797968601e-03,3.686318722224033242e-03,3.667174441862377024e-03,3.652638798615710607e-03,3.718086444577141814e-03,3.637301534345409836e-03,3.711735181640053553e-03,3.705664525527642677e-03,3.565582691152875249e-03,3.656906595815334268e-03,0.000000000000000000e+00,3.563973528597020983e-03,3.555901660822066105e-03,3.600515110651303537e-03,3.650787876298595275e-03,3.698800377481924109e-03,3.681148748439262361e-03,3.496908662869240361e-03,3.664747051513359433e-03,3.683192234286818308e-03,3.586324607516483843e-03,3.585809915232505800e-03,3.727388072870885423e-03,3.686508818256085084e-03,3.641907713863321971e-03,3.679461953272053498e-03,3.748044636367177124e-03,3.767955766263686532e-03,3.710888758596044782e-03,3.728262907561081391e-03,3.618208692577326580e-03,3.669780529017337405e-03,3.535699088439493362e-03,3.601893260615570466e-03,3.719371486319653346e-03,3.713430148540840855e-03,3.821183038584033236e-03,3.658951369917905032e-03,3.621914496781755873e-03,3.721906119940899746e-03,3.694995568902374392e-03,3.636312735145356100e-03,3.745118542270266422e-03,3.622416014687965084e-03,3.643391985573460681e-03,3.683146530090388240e-03,3.562298605439479134e-03,3.690990573945427539e-03,3.616845566289640223e-03,3.617609772608292810e-03,3.587973313686751431e-03,3.772834153656846878e-03,3.608314507508945945e-03,3.657451071266983132e-03,3.633911447257213989e-03,3.536816498689894853e-03,3.659350825043390393e-03,3.673309661874014399e-03,3.658308598607094321e-03,3.564742811545425129e-03,3.704308339662099568e-03,3.626477818896323493e-03,3.680251869949466032e-03,3.653789584960022430e-03,3.672080648481072969e-03,3.641080113639365810e-03,3.731129434505876287e-03,3.664468782268701791e-03,3.592465359104462293e-03,3.655629209372989082e-03,3.741089885706487279e-03,3.630469831802007798e-03,3.693812245580792557e-03,3.684635778336560908e-03,3.575468942666857816e-03,3.629181515632585661e-03,3.769867153491002123e-03,3.660472769846500468e-03,3.711903767355885769e-03,3.595524536514646194e-03,3.771771373432912782e-03,3.769932281369693314e-03,3.558099309935159899e-03,3.685231470501697682e-03,3.702023708337894015e-03,3.574613497554481913e-03,3.701496230854104796e-03,3.677193835847720072e-03,3.655501576115980679e-03,3.814987342126163923e-03,3.586883275210009641e-03,3.788533937276645364e-03,3.576882871485202991e-03,3.633954063344257794e-03,3.710574797462145268e-03,3.672018640894153703e-03,3.676055021971226609e-03,3.596926061168461645e-03,3.668442457394728486e-03,3.536945847696836009e-03,3.651175426809351744e-03,3.478124479822943503e-03,3.739373395353230451e-03,3.683222584253390778e-03,3.649146188845940001e-03,3.732173806341125034e-03,3.699335671490262042e-03,3.552044570348679604e-03,3.651891548699224502e-03,3.760849018588317653e-03,3.640880842414708288e-03,3.642766808533976289e-03,3.687044802051188484e-03,3.639506364338051733e-03,3.566442987920340549e-03,3.651913259424958633e-03,3.708223393051932656e-03,3.635376917052255373e-03,3.614996715665042080e-03,3.591697900868235944e-03,3.557221818629831625e-03,3.809432659807558599e-03,3.722833252958156203e-03,3.690718046906910164e-03,3.684716169408004324e-03,3.688271357667932075e-03,3.649223956780365923e-03,3.529102322320178033e-03,3.604466533717379066e-03,3.686929362291818755e-03,3.717212696781791673e-03,3.670097867033831219e-03,3.686108655723039241e-03,3.701604487774982563e-03,3.595495483385315050e-03,3.689202893092475340e-03,3.661331737377893428e-03,3.659852601281977664e-03,3.706103168562850832e-03,3.595904427813657357e-03,3.622668282951401787e-03,3.690813381438877699e-03,3.659901469397469371e-03,3.643100515221888401e-03,3.667171965753665726e-03,3.618382875461695174e-03,3.728334829664287607e-03,3.603795591757497519e-03,3.750044169787412115e-03,3.661280198739312597e-03,3.723481097250840033e-03,3.744454075277534998e-03,3.636385401709089395e-03,3.707238754848238456e-03,3.734016804162817657e-03,3.661504163441286867e-03,3.588435706010480175e-03,3.691960363307854494e-03,3.719285785822965852e-03,3.678462974867339162e-03,3.661752203638058995e-03,3.700854793578785100e-03,3.552291476900063232e-03,3.665539580257600426e-03,3.800403908481294474e-03,3.806325807727711265e-03,3.616609734826755230e-03,3.647033342393489041e-03,3.621461550728435810e-03,3.667927899652393894e-03,3.649302111888306013e-03,3.786717572341161651e-03,3.617959954794279249e-03,3.626559588608867062e-03,3.670061569742988101e-03,3.698632657562557231e-03,3.729515671469642562e-03,3.526620324142032935e-03,3.690055419216410094e-03,3.585727805908996580e-03,3.694209265321352943e-03,3.686224244652206144e-03,3.561707570953148803e-03,3.795336293459909000e-03,3.653644679894598683e-03,3.589068722238080052e-03,3.623016295630010659e-03,3.663306498717916210e-03,3.657857433224894362e-03,3.713579249282399682e-03,3.689904271042217243e-03
3.607564715022170548e-03,3.634121759204447279e-03,3.669409575809038249e-03,3.625918337844869811e-03,3.679079088388616768e-03,3.543266210168516048e-03,3.712043326223304820e-03,3.689709464899506262e-03,3.685179071546436542e-03,3.714626597735532464e-03,3.694002067493649174e-03,3.563973528597020983e-03,0.000000000000000000e+00,3.564546743239506432e-03,3.598043649456249618e-03,3.691881919024988645e-03,3.683067108988703851e-03,3.757595810021578317e-03,3.702832514189803234e-03,3.669621012414402486e-03,3.639527690180176505e-03,3.723740079874165564e-03,3.639900392542330838e-03,3.645800274234061930e-03,3.653886925924088990e-03,3.737367574490316983e-03,3.604797089132327683e-03,3.592233239728502905e-03,3.681491454495221683e-03,3.677791876744484004e-03,3.653361601871608477e-03,3.663004892192141433e-03,3.670973273853621321e-03,3.635995616294994143e-03,3.640513735996537322e-03,3.611472029276852763e-03,3.642389948037988608e-03,3.663151972725425289e-03,3.628790112100548255e-03,3.643802055719848679e-03,3.631091661478681211e-03,3.715208838114789167e-03,3.672603229066770305e-03,3.661684136862035713e-03,3.613360818318114148e-03,3.635904254597835568e-03,3.697238576778357540e-03,3.700805430126021325e-03,3.643830390324954895e-03,3.541007687678272928e-03,3.627064961934516572e-03,3.690064384563613870e-03,3.535458067692833113e-03,3.721682202950581282e-03,3.697028456429633878e-03,3.762616619934830344e-03,3.686919380531813398e-03,3.721545956794226461e-03,3.635046749525863100e-03,3.710419556373615538e-03,3.603119529476118878e-03,3.707585160620932574e-03,3.642310977822779509e-03,3.730219795472669402e-03,3.714621070420368737e-03,3.707740854896723458e-03,3.636743680025874594e-03,3.705388369041520431e-03,3.578461012151327482e-03,3.702670980756757411e-03,3.682423929106458643e-03,3.645682778084620955e-03,3.730525328560461984e-03,3.701792320658563694e-03,3.595560164032167872e-03,3.737048914790574213e-03,3.744092482550783266e-03,3.727412326428237565e-03,3.730562553647599755e-03,3.604935593048546119e-03,3.551871934382677849e-03,3.680476185047036088e-03,3.594636429609353312e-03,3.717747011883572664e-03,3.675559231382007422e-03,3.610103113763571837e-03,3.729339772895746453e-03,3.632674464487358531e-03,3.682102003789019043e-03,3.689791788804607561e-03,3.597501404129142821e-03,3.666705901516558157e-03,3.640493633589653687e-03,3.620996783971815874e-03,3.676010728352317215e-03,3.691935504873530925e-03,3.655410205658740901e-03,3.690299760216877480e-03,3.668129885693003321e-03,3.633788236435503329e-03,3.618392653131594604e-03,3.678473011026927014e-03,3.637942353189654952e-03,3.652730300161985411e-03,3.687311263927286684e-03,3.624662497177370737e-03,3.767933771070880108e-03,3.729284300702292738e-03,3.670513431949287350e-03,3.639176833016078902e-03,3.575586184690805573e-03,3.644670053785095329e-03,3.686282049350495405e-03,3.716296839612160622e-03,3.694329297404073259e-03,3.659506380553960610e-03,3.670528829047848326e-03,3.669529954871909774e-03,3.725490644316757204e-03,3.728586917561033543e-03,3.585596340849068510e-03,3.757306128068134410e-03,3.652594246213860391e-03,3.592824742703528123e-03,3.603491268248448093e-03,3.606794889491389371e-03,3.588920309582325704e-03,3.644364865480533792e-03,3.566314652801580269e-03,3.768392863568778735e-03,3.695912164332724060e-03,3.595619188213832525e-03,3.573814094716000478e-03,3.640975765958710374e-03,3.717610493555926696e-03,3.689038979784251514e-03,3.582134059882410935e-03,3.653258728962442432e-03,3.614849545546657168e-03,3.649017419006023513e-03,3.704136283800170664e-03,3.669548173631232129e-03,3.689752806288628447e-03,3.540672036201420250e-03,3.663525869418810758e-03,3.611502691634514359e-03,3.623916102731891600e-03,3.616843390917878591e-03,3.717648462973837699e-03,3.691204328239152017e-03,3.687806953412208627e-03,3.685497073489448286e-03,3.737383475406678805e-03,3.648707350880530092e-03,3.666673779677592521e-03,3.686443952688700249e-03,3.639695539493733190e-03,3.699167919643394156e-03,3.670168465856097750e-03,3.646710685564517104e-03,3.728853807521671782e-03,3.630383148906230276e-03,3.660900871418526666e-03,3.726524997390400027e-03,3.722831093112507084e-03,3.664716449079342010e-03,3.662762883004596053e-03,3.692196834103083063e-03,3.614779988535407867e-03,3.653181911716903499e-03,3.555281243427190277e-03,3.659549926061894925e-03,3.626672816536694217e-03,3.700356388642442578e-03,3.687411348035262316e-03,3.665465116961204740e-03,3.732791999291033228e-03,3.611628699886874991e-03,3.765108315039161942e-03,3.756455482776904081e-03,3.675345165206961827e-03,3.696126171337361932e-03,3.651563979944501444e-03,3.710805636730054279e-03,3.757133469661113993e-03,3.563408074600888948e-03,3.631356426461143823e-03,3.721955252841830687e-03,3.605751227917306043e-03,3.700769479203013228e-03,3.642636834356635742e-03,3.665561120517474378e-03
3.632685343673270912e-03,3.687879756286981201e-03,3.681496539598123376e-03,3.576671849888637348e-03,3.730365241478559614e-03,3.623368201081334818e-03,3.662160478321656830e-03,3.600092040340839659e-03,3.619590343689576585e-03,3.735010222888193124e-03,3.685237588931224596e-03,3.555901660822066105e-03,3.564546743239506432e-03,0.000000000000000000e+00,3.817859429414930967e-03,3.466071992349719147e-03,3.646029247461405384e-03,3.598996251509111854e-03,3.656663397619517274e-03,3.626347166471665696e-03,3.636175867345224459e-03,3.660585482098408991e-03,3.713623837692816686e-03,3.761157401077389398e-03,3.647138852749045711e-03,3.736078048848898332e-03,3.623121808922941632e-03,3.689731082910526882e-03,3.665828994033538957e-03,3.576269142642409578e-03,3.732210661612154947e-03,3.682096924084873879e-03,3.664236573523892409e-03,3.724055924156835246e-03,3.651449494053659716e-03,3.602391433146861187e-03,3.604902456265132987e-03,3.572418137118678338e-03,3.663607233686695143e-03,3.637992670329045358e-03,3.631792079007144583e-03,3.648509847742217871e-03,3.720127964670740146e-03,3.663887843487321008e-03,3.749961965448122062e-03,3.626572694393435329e-03,3.630566218065365246e-03,3.652738501853893937e-03,3.706290972332580008e-03,3.776022193334507230e-03,3.782909787971991140e-03,3.755395080312774140e-03,3.712341865164709050e-03,3.720939609641833040e-03,3.668586011452726944e-03,3.614163474229250585e-03,3.684711806515051594e-03,3.675080145779405748e-03,3.688744342343992875e-03,3.702563163442924420e-03,3.637003224511536729e-03,3.631230267693187543e-03,3.711746120071279884e-03,3.565815772970231615e-03,3.839015996051629940e-03,3.648744362259639159e-03,3.646308529469025495e-03,3.586608291287617968e-03,3.630598598069440398e-03,3.730817559395919764e-03,3.714405847690381048e-03,3.699838278736997891e-03,3.551079064865980597e-03,3.636398337423158312e-03,3.702494494568820977e-03,3.686776578078879586e-03,3.693972834364348239e-03,3.569828612693606504e-03,3.579755608665162979e-03,3.717661724582511321e-03,3.783465860749776755e-03,3.598429817362597521e-03,3.610991699123508678e-03,3.631719893314379333e-03,3.790956560204489408e-03,3.739961616318073813e-03,3.692331042515216259e-03,3.622932178812416412e-03,3.636330469366926086e-03,3.614116894175388797e-03,3.673852959524421310e-03,3.620042840025790645e-03,3.641821255788463274e-03,3.670930170793841076e-03,3.600839492403783756e-03,3.621442612430053609e-03,3.672822128626116768e-03,3.657843171962611283e-03,3.709062725347521579e-03,3.612851649656897545e-03,3.610079987435022616e-03,3.610272938597715916e-03,3.789501387688044669e-03,3.704848295881781051e-03,3.612311438480378736e-03,3.655625744119898098e-03,3.730962028669528984e-03,3.534799381033704516e-03,3.749606029463700956e-03,3.716151605250808676e-03,3.628726299121385734e-03,3.668863136441844440e-03,3.741584352939467638e-03,3.600473175855945993e-03,3.624864832817227284e-03,3.838662439904054220e-03,3.593808374256923181e-03,3.694304806286902079e-03,3.656191421319576057e-03,3.586668162156633494e-03,3.671498571603995509e-03,3.647193940259786660e-03,3.724522528910358728e-03,3.707093035638005848e-03,3.720032930497420287e-03,3.771522804843907908e-03,3.563813949872342117e-03,3.703577374003343050e-03,3.739686850233994633e-03,3.664686222158860217e-03,3.619109166394989929e-03,3.701762345786320952e-03,3.599835612304022603e-03,3.640841730550173870e-03,3.597039523093433812e-03,3.608111879467632618e-03,3.620805746784386010e-03,3.698253321759217664e-03,3.781746655378968001e-03,3.588132883404864838e-03,3.657825093397163232e-03,3.570470261331078806e-03,3.752930818720154413e-03,3.725131496739063960e-03,3.642565255289959697e-03,3.711182179105589670e-03,3.708907046800657102e-03,3.728981030130933908e-03,3.586582267072446675e-03,3.654725436007203159e-03,3.576149385978132523e-03,3.631847150584020193e-03,3.614397050139623452e-03,3.661532131145359657e-03,3.725110527574298711e-03,3.614366694434337657e-03,3.664074880390636932e-03,3.585349535015189531e-03,3.668743945843583494e-03,3.681217881511448121e-03,3.529751251249455945e-03,3.740746332188428763e-03,3.687147154410067625e-03,3.777366232271628897e-03,3.660150706530363330e-03,3.638259106686375470e-03,3.634618284900108763e-03,3.649904539332826051e-03,3.637343768163244298e-03,3.603587282124736443e-03,3.676500318839225501e-03,3.654420472278828696e-03,3.628592909596627981e-03,3.713250075816625084e-03,3.789083265943626010e-03,3.681321326638973667e-03,3.589223824220396687e-03,3.621141513225074882e-03,3.571714825570417723e-03,3.652856028100519639e-03,3.733622380947968292e-03,3.731603928256853331e-03,3.632301527944390134e-03,3.677044440648867193e-03,3.554065423058251107e-03,3.749078967219255949e-03,3.581675624729886188e-03,3.596217879378957750e-03,3.691784674387588779e-03,3.604371197458633522e-03,3.557713896134967555e-03,3.747232987610091010e-03
3.654350968917708872e-03,3.625535044527205750e-03,3.686564604272796544e-03,3.707149725390810214e-03,3.698175467214040186e-03,3.650375626590969189e-03,3.717094370742008054e-03,3.625902387781445267e-03,3.628658318337915373e-03,3.805617346775648415e-03,3.629257940089429361e-03,3.600515110651303537e-03,3.598043649456249618e-03,3.817859429414930967e-03,0.000000000000000000e+00,3.686520453852655966e-03,3.572467739255076168e-03,3.799879102891437922e-03,3.700431893807487344e-03,3.853197307480207140e-03,3.655978364236104651e-03,3.674037178547326452e-03,3.665392526996281205e-03,3.647218786666860373e-03,3.609822066385454369e-03,3.597737390286520273e-03,3.625079016412312716e-03,3.611824250573815627e-03,3.584798317637755659e-03,3.701539652093260684e-03,3.622336540762594297e-03,3.711954726570303870e-03,3.624209531671628796e-03,3.753123415174457449e-03,3.705037151329860102e-03,3.563802418499947833e-03,3.700540437708300153e-03,3.576021390621797035e-03,3.622705646306439292e-03,3.671742597399125802e-03,3.697536370506541211e-03,3.680757501525837565e-03,3.595653593074104887e-03,3.739023126422655070e-03,3.695870406908053230e-03,3.689432112705581281e-03,3.684063509194711143e-03,3.710122123863858999e-03,3.595626006795223876e-03,3.675753820714468094e-03,3.555381406281625783e-03,3.695468761543232485e-03,3.593153743445765859e-03,3.601565692424587867e-03,3.642075488624101944e-03,3.682686821665778504e-03,3.760080663437656220e-03,3.586340747809575909e-03,3.723827613641401881e-03,3.636858619915429511e-03,3.733426309468225110e-03,3.754742531323469745e-03,3.732202811763545708e-03,3.649763632338284911e-03,3.701331158317763825e-03,3.723130232397011633e-03,3.691844837507703061e-03,3.616531863483344374e-03,3.635681999931490022e-03,3.649976578084642743e-03,3.651149815521512101e-03,3.664009632833028357e-03,3.580137833878220977e-03,3.563621185482749275e-03,3.654895833100767644e-03,3.596888414027067746e-03,3.624271670129556103e-03,3.602684556928963978e-03,3.694825214394464527e-03,3.717214370424610191e-03,3.729941944314580163e-03,3.612537477264685971e-03,3.592159655481140870e-03,3.641494666813100290e-03,3.542463750285410658e-03,3.651286114561714830e-03,3.690027399538841485e-03,3.570775565694873747e-03,3.606456559765873048e-03,3.644279725510153958e-03,3.749891505657694957e-03,3.653729122344335275e-03,3.632731764367844347e-03,3.650764288974878233e-03,3.772431124252657777e-03,3.660338299838549782e-03,3.679832139324870719e-03,3.640098685731836363e-03,3.795263229474195397e-03,3.572837273192944977e-03,3.769919361640303689e-03,3.697979429404497313e-03,3.731108958333606389e-03,3.697305368012813922e-03,3.704581311470043093e-03,3.729732723328168988e-03,3.833423451362088195e-03,3.695988752974937487e-03,3.722307362509745966e-03,3.601973776977077796e-03,3.759611127017518407e-03,3.557747962544184541e-03,3.664294745221357511e-03,3.625391449377212034e-03,3.585175724880465022e-03,3.671225575232644686e-03,3.691670066445482123e-03,3.591487807495075991e-03,3.709322017364243863e-03,3.774359836496432585e-03,3.677870292334298880e-03,3.721236164705454298e-03,3.729054639585619151e-03,3.694299886048176516e-03,3.793969392440552178e-03,3.573976258835060565e-03,3.636646835556073872e-03,3.799312800493148765e-03,3.693944696163038895e-03,3.685435673209037054e-03,3.568955726962088574e-03,3.649792421510367636e-03,3.713770211673403116e-03,3.643748171821952538e-03,3.654931560034439548e-03,3.759464057133829907e-03,3.788934879411791530e-03,3.705594254711696602e-03,3.622208719364142931e-03,3.617059008842325469e-03,3.729574759719599553e-03,3.555962406761974115e-03,3.654493046663301672e-03,3.664480177216005666e-03,3.573388601057573329e-03,3.703470211578410113e-03,3.664502687634237348e-03,3.639904505969851316e-03,3.560179832232518264e-03,3.599123123677884853e-03,3.566970864690212698e-03,3.527888451476488430e-03,3.607633784327527685e-03,3.601689197352926034e-03,3.602237448041326583e-03,3.635547801439765938e-03,3.573692909142717113e-03,3.641344954208125193e-03,3.658993977748035455e-03,3.631642022911462254e-03,3.643322699671953241e-03,3.734917299036743642e-03,3.699181523363783038e-03,3.675524783188985345e-03,3.672091904979824743e-03,3.617241233064977246e-03,3.645808783342475903e-03,3.712241392632320124e-03,3.664998641135803776e-03,3.670325426730312434e-03,3.661089950639066781e-03,3.651823459244368450e-03,3.666023423931235193e-03,3.723674212708181098e-03,3.787273664387264243e-03,3.639232520501391611e-03,3.574252909807131093e-03,3.645430278291480423e-03,3.662058023672718453e-03,3.663757826013594454e-03,3.755509948252812834e-03,3.624507339580601822e-03,3.578265476404792530e-03,3.675486681388459055e-03,3.552231358764589095e-03,3.722277235010804184e-03,3.590652050826721470e-03,3.611038514858231577e-03,3.680028777583324237e-03,3.638561790545050655e-03,3.574231040152858665e-03,3.578906171914453347e-03
3.678895476963264626e-03,3.603467967291837729e-03,3.586043717560406623e-03,3.631325626250492787e-03,3.639330753314040569e-03,3.597681933080921265e-03,3.680149026041236188e-03,3.744630684435508363e-03,3.648945409300500837e-03,3.824785658898978164e-03,3.709733381799813334e-03,3.650787876298595275e-03,3.691881919024988645e-03,3.466071992349719147e-03,3.686520453852655966e-03,0.000000000000000000e+00,3.751378337699543767e-03,3.697525727957942307e-03,3.598376388888215385e-03,3.742423901172649888e-03,3.650892441080808362e-03,3.677973871739688427e-03,3.643104259989281279e-03,3.677329090205433849e-03,3.592321293802882946e-03,3.746231442341370170e-03,3.591609150388911775e-03,3.662557268518884090e-03,3.515271510555870952e-03,3.749923971603928013e-03,3.607913195157971733e-03,3.728947181935645186e-03,3.612432028292262686e-03,3.684266275920617794e-03,3.676807443848306885e-03,3.613567016388699246e-03,3.703639219460865602e-03,3.678507781339713546e-03,3.708815368702105160e-03,3.615509157802534752e-03,3.679166635688842484e-03,3.783898479838242006e-03,3.746718218459798872e-03,3.664751288084723991e-03,3.613298482758888885e-03,3.689116019004360682e-03,3.696685903072269644e-03,3.781615604305160923e-03,3.544875090882532252e-03,3.556131520878118117e-03,3.619334623864004820e-03,3.546454292167045864e-03,3.612080419545624522e-03,3.510842676986576302e-03,3.603104344403724492e-03,3.638756692328395069e-03,3.775614119483051978e-03,3.762553447785400851e-03,3.759698681943276707e-03,3.588347280952249290e-03,3.738140449292608799e-03,3.576883958957587269e-03,3.737270951984054956e-03,3.653117619782089796e-03,3.704120951857671658e-03,3.603043408567895445e-03,3.662088889082119967e-03,3.642143532710466480e-03,3.655149430858035346e-03,3.580281312441169553e-03,3.733221300949198396e-03,3.715739652556979827e-03,3.721133462434911277e-03,3.608138463692886922e-03,3.649648209551049818e-03,3.557398722185681293e-03,3.613320807345206907e-03,3.641959110558612347e-03,3.790859908948929734e-03,3.607989504783703800e-03,3.567186292265129600e-03,3.654810437266716849e-03,3.622199128892167764e-03,3.664392222335400781e-03,3.632616185996523275e-03,3.512636345346560780e-03,3.747612531619115474e-03,3.668160984137961399e-03,3.563304821627064772e-03,3.658109541484868762e-03,3.658261820492390067e-03,3.628816959007163164e-03,3.600966860469336558e-03,3.552084716796699310e-03,3.704518368967821100e-03,3.591829135748548629e-03,3.610954783470106920e-03,3.625729603442252608e-03,3.721871992784603084e-03,3.681361830202796448e-03,3.752728803953167373e-03,3.723627423903285924e-03,3.583476686346833470e-03,3.704698147877295671e-03,3.723070524310667130e-03,3.650455357718435968e-03,3.773816207212501214e-03,3.725704352102285951e-03,3.576881365051078412e-03,3.643090561440135572e-03,3.727233882526785527e-03,3.508541870663703897e-03,3.717751043716363904e-03,3.583563964084722324e-03,3.547908708907030959e-03,3.580383684028349504e-03,3.748430006248587663e-03,3.608699977694395430e-03,3.649213903961096624e-03,3.723677986710486210e-03,3.644561953048471026e-03,3.680472731331821661e-03,3.692814870332905564e-03,3.537744340039068302e-03,3.631753942352732890e-03,3.640642172123689790e-03,3.601145751422190136e-03,3.627735946762662179e-03,3.562168631982080922e-03,3.630693606595722378e-03,3.696553376406483665e-03,3.563421624092240770e-03,3.824075472441537411e-03,3.866455291492483775e-03,3.669861708249829834e-03,3.680356943257607517e-03,3.597428935272374475e-03,3.695452016562826743e-03,3.550578519986254122e-03,3.653515594992427697e-03,3.727737570624826535e-03,3.780949569988925878e-03,3.787753625198366208e-03,3.564514547678853187e-03,3.627061080681769859e-03,3.717952527926569276e-03,3.624932135627355681e-03,3.583655220562419284e-03,3.655282180031927449e-03,3.632071362981377765e-03,3.638946721495807217e-03,3.624221647135843997e-03,3.743202534212911482e-03,3.659509688700983421e-03,3.626236859215787190e-03,3.632878556538834090e-03,3.656784179655443463e-03,3.686413909286566544e-03,3.635690923044455989e-03,3.824454290598204922e-03,3.724097941757234260e-03,3.767437123110469951e-03,3.600895919692068386e-03,3.602071182656205357e-03,3.763912273744928101e-03,3.626757723123770483e-03,3.640655065457719126e-03,3.667182790567579450e-03,3.691782142405418410e-03,3.641231581327393756e-03,3.655871043973991322e-03,3.592346821038136084e-03,3.789130108137776873e-03,3.712120539879975537e-03,3.674901534016946497e-03,3.682032093215877738e-03,3.736746191826431033e-03,3.760904122870247206e-03,3.588859836423843614e-03,3.683511143859582657e-03,3.676925820878637358e-03,3.757688243634737298e-03,3.666156037352245704e-03,3.640671887269896281e-03,3.722578020633474788e-03,3.571029852626382561e-03,3.633846400126342253e-03,3.725828914291072578e-03,3.631059387861193966e-03,3.752629171630187006e-03,3.764319100368893230e-03,3.693824965098853764e-03
3.736860936234050624e-03,3.659976674439739414e-03,3.649736014791284729e-03,3.682421126263997913e-03,3.704537761912578102e-03,3.616757707099178213e-03,3.694893576181617918e-03,3.697315246227892739e-03,3.720859985914197910e-03,3.664565370538044094e-03,3.653264927255045133e-03,3.698800377481924109e-03,3.683067108988703851e-03,3.646029247461405384e-03,3.572467739255076168e-03,3.751378337699543767e-03,0.000000000000000000e+00,3.598823943657097468e-03,3.625244382234625584e-03,3.688161927230430587e-03,3.607720868717435685e-03,3.602421683848054321e-03,3.564205458828937929e-03,3.627673157388533291e-03,3.599771329261414448e-03,3.656397325791044348e-03,3.657259188274824928e-03,3.625334824230471657e-03,3.635776537607581134e-03,3.741921411985695608e-03,3.581029714026500149e-03,3.721596698319324867e-03,3.610247341594990163e-03,3.577158627722603051e-03,3.675683716354781819e-03,3.600398868195482834e-03,3.697860352930625993e-03,3.689103721813199056e-03,3.743919986583166357e-03,3.659857774689875918e-03,3.837105246122445284e-03,3.640814019049221865e-03,3.742168981281475057e-03,3.803208163704986829e-03,3.594861830993136258e-03,3.624694619954393297e-03,3.713086961089321833e-03,3.685444446106375758e-03,3.745439245052025259e-03,3.595020711329491390e-03,3.598313379638094518e-03,3.656478910276594017e-03,3.626102464271772040e-03,3.686536688276622134e-03,3.644137126929940067e-03,3.726298740166015568e-03,3.586704964393262317e-03,3.710876799413740604e-03,3.612127216017461864e-03,3.550806496024252589e-03,3.635548309581769239e-03,3.715904823568634639e-03,3.642204401071723156e-03,3.714608136874195023e-03,3.730991403659913563e-03,3.682088455155406014e-03,3.654716585098525747e-03,3.591044335294397115e-03,3.717604410737655046e-03,3.671885123041498597e-03,3.715194727974197204e-03,3.584617816333277029e-03,3.715328646249884716e-03,3.718973783128988724e-03,3.579746593042344802e-03,3.704245725829722821e-03,3.632776011567674223e-03,3.580162337685673709e-03,3.588906357434553090e-03,3.607171749238273148e-03,3.726436808116523423e-03,3.667095163518172950e-03,3.594496771724943907e-03,3.581156478458483606e-03,3.521914318220781877e-03,3.661323647736174774e-03,3.577864972110080411e-03,3.645252752242217602e-03,3.704305217190850992e-03,3.675989424056430328e-03,3.691779198617245548e-03,3.708338562994456435e-03,3.631703133240118172e-03,3.651241560269500013e-03,3.620108082977835026e-03,3.706555511381523331e-03,3.606553182895152337e-03,3.654401821142128949e-03,3.662022064235592993e-03,3.745735102722825508e-03,3.610211348769481934e-03,3.676874808622575264e-03,3.558897584304934400e-03,3.755803093484372853e-03,3.629090959055031752e-03,3.541335093950257785e-03,3.641559493619283844e-03,3.585797488340492119e-03,3.696820834442394489e-03,3.541849556942483143e-03,3.684983664053116063e-03,3.652336694725591242e-03,3.621479577966683558e-03,3.625297916249568386e-03,3.651330750605257143e-03,3.712657236382114253e-03,3.618576318792534555e-03,3.716423722557723238e-03,3.633466254230505264e-03,3.695512952021719894e-03,3.518179988622340427e-03,3.505359625043869085e-03,3.645094439502172701e-03,3.578621469366278195e-03,3.628298871203929164e-03,3.629276672913894167e-03,3.678758096683320926e-03,3.678707126985636660e-03,3.680881327416125458e-03,3.734771840662052568e-03,3.608468927285955578e-03,3.629177743594497532e-03,3.734795525909355516e-03,3.626955302258844105e-03,3.607978924764760394e-03,3.601671397321181030e-03,3.601807111276993968e-03,3.632828679282805191e-03,3.697167863650261451e-03,3.807449679894505789e-03,3.595455282400026112e-03,3.711590287283262572e-03,3.710069951520406605e-03,3.619340781585872382e-03,3.632135303529994419e-03,3.630649660007402146e-03,3.683601145641023002e-03,3.756952516105636127e-03,3.657132492547579116e-03,3.647888943445179357e-03,3.775627380158458248e-03,3.646516845087434313e-03,3.702279092372286629e-03,3.698347154753350591e-03,3.707277266836130156e-03,3.582371516593766889e-03,3.697051408285786499e-03,3.695196138953890479e-03,3.680314261206285402e-03,3.665780789009413787e-03,3.690514305866994266e-03,3.728442445738080341e-03,3.693595459318565425e-03,3.681448328646354413e-03,3.675373291903386019e-03,3.733466305801358149e-03,3.801108307800667857e-03,3.677062734076019194e-03,3.792019026332890501e-03,3.571436903555831599e-03,3.676439918428137457e-03,3.641235105736750563e-03,3.657575383986203226e-03,3.717913135013468495e-03,3.648544739253048626e-03,3.686492001154601569e-03,3.681483151527490359e-03,3.643716914845847483e-03,3.645375708821968746e-03,3.748649526832130170e-03,3.698136104515446082e-03,3.704466020497423646e-03,3.708217899761292145e-03,3.709438205096182457e-03,3.775899998501747526e-03,3.650440939447952612e-03,3.612232464694133810e-03,3.780846796981413623e-03,3.655528521410004485e-03,3.641253308793331294e-03,3.737459580252126996e-03,3.693377464767998684e-03
3.703567859556238743e-03,3.606008307721858801e-03,3.632631384457874705e-03,3.732757488767001006e-03,3.641969156109459236e-03,3.570576214288792224e-03,3.642809434229840777e-03,3.617177100780650384e-03,3.673029497917055641e-03,3.857038812770073165e-03,3.625944965224117082e-03,3.681148748439262361e-03,3.757595810021578317e-03,3.598996251509111854e-03,3.799879102891437922e-03,3.697525727957942307e-03,3.598823943657097468e-03,0.000000000000000000e+00,3.730537159946336473e-03,3.574456432704959264e-03,3.626304424623457388e-03,3.643954748369897332e-03,3.639044909743517197e-03,3.725634772569166864e-03,3.742264829982432962e-03,3.629093833960046755e-03,3.679190652980033043e-03,3.581144668783569403e-03,3.727398198217640474e-03,3.608719423673875312e-03,3.620232050004898363e-03,3.759644627120865140e-03,3.655000943917673453e-03,3.762813859194726485e-03,3.719753786602685887e-03,3.632704369189485461e-03,3.682198780824419253e-03,3.662016234289194958e-03,3.747084365334325644e-03,3.696068538669684215e-03,3.664329492246317516e-03,3.733304454039691918e-03,3.602935817724346821e-03,3.608921649652703772e-03,3.652265639154294620e-03,3.594390938430205764e-03,3.722943818477948870e-03,3.684317876290055596e-03,3.602702238025863937e-03,3.670182000331655408e-03,3.634782358787418208e-03,3.643693064811054892e-03,3.630087462655227654e-03,3.562426525831966125e-03,3.551809177661114075e-03,3.684083783788746468e-03,3.683028687809756715e-03,3.664457856751339448e-03,3.668857300694195432e-03,3.690514851792612780e-03,3.684149345268553609e-03,3.560861775361774586e-03,3.749763393755677077e-03,3.552392156304332027e-03,3.711774364488905353e-03,3.724984215824055003e-03,3.783046130309284175e-03,3.600470157426956166e-03,3.650932944732438942e-03,3.611622112319763829e-03,3.717337255213629989e-03,3.616006913868531365e-03,3.606148190134045219e-03,3.660822073925861734e-03,3.653492195213526705e-03,3.508603944703860174e-03,3.747260517254958571e-03,3.625043632293160640e-03,3.708686544493476015e-03,3.699450270214474888e-03,3.578454382424410725e-03,3.625474577892086672e-03,3.695310285903499053e-03,3.730597510671665538e-03,3.669652781848910077e-03,3.590795753385331041e-03,3.639573224413143564e-03,3.621989254753869413e-03,3.645791926749453009e-03,3.550303498948285345e-03,3.650343728077403392e-03,3.591238925409265779e-03,3.756589514057669110e-03,3.691561996846939083e-03,3.758383554061516408e-03,3.735119942238523168e-03,3.537074432414240126e-03,3.588857189758169666e-03,3.672586591787841640e-03,3.637703601302557169e-03,3.648195768689912414e-03,3.737699025731215478e-03,3.700196880313675468e-03,3.739022734058496979e-03,3.799865100021088127e-03,3.711272123208042562e-03,3.715947631428099737e-03,3.672364179069907350e-03,3.783230346784549700e-03,3.653476501910494188e-03,3.604303495411795462e-03,3.591605319361828100e-03,3.764277940813760132e-03,3.651117864888081023e-03,3.715022977486076572e-03,3.644528860430260205e-03,3.608120846670593261e-03,3.604602229150493439e-03,3.677035380997323473e-03,3.796865597127497584e-03,3.593974914897447078e-03,3.686595873886746796e-03,3.720185874557337125e-03,3.760740284167134531e-03,3.667838387081437737e-03,3.602671659928238356e-03,3.637032490160780132e-03,3.704129740919093888e-03,3.722339609305207707e-03,3.586149286847379897e-03,3.619453421075891509e-03,3.664552996213193709e-03,3.562311969680856307e-03,3.640366534211556416e-03,3.828125796346032016e-03,3.773953922123121380e-03,3.698861799861108673e-03,3.658054185434758254e-03,3.595110944370955887e-03,3.666901188389392816e-03,3.810285471698625099e-03,3.647972739292665040e-03,3.657944040955276276e-03,3.615109338082756266e-03,3.700743402928786951e-03,3.630832571259960413e-03,3.656150305793672006e-03,3.721169492082912911e-03,3.602523450512180349e-03,3.688896796276772919e-03,3.642896315496523939e-03,3.593661676384492416e-03,3.662602410491695368e-03,3.660243193077438676e-03,3.582885945338578747e-03,3.556974503310438105e-03,3.540931654903732573e-03,3.650528023778502711e-03,3.770631782956284858e-03,3.548143529015522057e-03,3.579994675750036194e-03,3.662612754832535438e-03,3.611863553732193657e-03,3.647537262487386168e-03,3.669591609147455392e-03,3.708023582172753543e-03,3.633389647057156009e-03,3.738795519732885254e-03,3.650682096103857657e-03,3.742028174784916249e-03,3.639208171136825744e-03,3.702331025295129384e-03,3.628346009451666188e-03,3.667547953540731352e-03,3.653173851385414436e-03,3.550512136540412249e-03,3.656760677820840473e-03,3.697257692469983498e-03,3.739510237841639755e-03,3.656911566219509750e-03,3.726382974058315214e-03,3.652001796236723895e-03,3.539377268751085423e-03,3.691619208377177642e-03,3.514233403220380549e-03,3.600764095952659234e-03,3.669168280820644945e-03,3.520119501535275055e-03,3.690829821623038774e-03,3.714927987493949271e-03,3.746692594191900361e-03,3.630640204386039425e-03
3.748782829035241914e-03,3.681032395950653222e-03,3.728498009283804857e-03,3.672123743632685171e-03,3.648390229361029788e-03,3.630653703553889805e-03,3.622071452198764689e-03,3.615109037193706479e-03,3.828750406978183914e-03,3.613091346861115917e-03,3.611543643733615069e-03,3.496908662869240361e-03,3.702832514189803234e-03,3.656663397619517274e-03,3.700431893807487344e-03,3.598376388888215385e-03,3.625244382234625584e-03,3.730537159946336473e-03,0.000000000000000000e+00,3.556645716388015955e-03,3.647387801982425112e-03,3.722433863317637249e-03,3.696124035151925058e-03,3.652827543394073211e-03,3.671651149199882651e-03,3.691602103328115152e-03,3.645028148032418164e-03,3.550730826911946674e-03,3.610111564590359756e-03,3.743246905455137070e-03,3.477075062769417312e-03,3.724537434273166893e-03,3.659414869462487840e-03,3.746037901177126216e-03,3.678587977861098608e-03,3.640014625732653636e-03,3.723113565037715084e-03,3.660069107717207285e-03,3.785670297192070960e-03,3.534070778163340455e-03,3.686906855188555165e-03,3.590000439039687727e-03,3.623919548983401892e-03,3.693753628495645425e-03,3.622128673189011980e-03,3.506686353027023591e-03,3.641175620742945294e-03,3.734361958341714856e-03,3.685759560935509237e-03,3.649088518655327872e-03,3.621735079439971586e-03,3.695993528904716312e-03,3.519522476234082306e-03,3.724668594740877196e-03,3.666520495952759265e-03,3.624951988417291111e-03,3.777446035688355325e-03,3.619236981202497792e-03,3.649753668932853058e-03,3.566914461359362628e-03,3.612057395969545896e-03,3.648261559020023713e-03,3.627962185731393573e-03,3.676789888109870119e-03,3.652073683340061223e-03,3.679694190660237878e-03,3.594478986254574879e-03,3.633723471947404929e-03,3.664981961947234423e-03,3.697373335912093606e-03,3.667599284065019890e-03,3.648813981409130928e-03,3.683355615823995233e-03,3.629848370170716317e-03,3.750560942727295104e-03,3.709410383206836279e-03,3.645323243233818296e-03,3.681539583986285710e-03,3.703318357101678237e-03,3.587552779751703239e-03,3.634210439589482134e-03,3.703792734681415118e-03,3.681176610683324635e-03,3.684307794598210527e-03,3.626382661557273415e-03,3.686466645498313443e-03,3.663129172100745325e-03,3.720433381815299850e-03,3.535275971595118211e-03,3.809498324824354618e-03,3.727637634053827895e-03,3.576564638070196030e-03,3.581734273267609108e-03,3.669224145286956954e-03,3.728250956583266384e-03,3.603291330432658451e-03,3.535739237342137679e-03,3.697155639804682904e-03,3.579277127923847796e-03,3.795896397296797883e-03,3.727898915666355128e-03,3.655018556554531090e-03,3.651315997361928318e-03,3.545680191304625192e-03,3.600609770388969906e-03,3.690174160396294829e-03,3.691250956895960125e-03,3.632301052664777593e-03,3.755887246470981499e-03,3.643267491117685528e-03,3.521473183991908739e-03,3.658400709166865009e-03,3.701030183992294175e-03,3.797666860300359052e-03,3.748330252832389377e-03,3.645213768714043821e-03,3.616570740044551622e-03,3.591996824000184569e-03,3.623999516551321392e-03,3.680970566046689544e-03,3.687005405922119845e-03,3.684987177496509055e-03,3.658276167052785903e-03,3.653142337519896862e-03,3.594847818771964264e-03,3.615710264620963441e-03,3.668306758433173987e-03,3.599598566630935609e-03,3.788644385609662556e-03,3.724240905478860917e-03,3.687275899045356665e-03,3.683993587564372146e-03,3.604785149679458171e-03,3.584572174985900181e-03,3.654401621304015878e-03,3.666740085075542895e-03,3.822362006642057719e-03,3.664153863347820173e-03,3.665477132674730895e-03,3.694749816134390314e-03,3.816805856886484015e-03,3.764147610219675810e-03,3.637041460756345983e-03,3.645807716685291883e-03,3.757821477041056995e-03,3.615620497131666940e-03,3.599951465813652513e-03,3.714968845406081428e-03,3.710483493424335776e-03,3.738294003573425488e-03,3.568334127239134856e-03,3.617741921847100230e-03,3.654658999909521366e-03,3.686900866438018020e-03,3.684785233298661523e-03,3.604454746255614586e-03,3.579158348803332824e-03,3.648849104869787783e-03,3.633668388166796936e-03,3.633570238007670025e-03,3.737986645194886232e-03,3.628190962160825293e-03,3.637110819774827704e-03,3.690935229469032540e-03,3.635388230953387739e-03,3.606542974932505728e-03,3.688415790836864321e-03,3.664269376358093074e-03,3.621336690543587762e-03,3.725251740953183094e-03,3.706691427068447686e-03,3.764885341437220877e-03,3.587904878723900768e-03,3.711254613767733020e-03,3.725312606876477178e-03,3.665454587932181086e-03,3.562160430301183119e-03,3.668686612393287551e-03,3.649700344474811169e-03,3.658867027829989724e-03,3.667410385046350994e-03,3.721294336493089026e-03,3.707103493893798042e-03,3.797882944091322301e-03,3.608664374590874954e-03,3.568600411029002831e-03,3.727351768694213158e-03,3.732964259300993945e-03,3.626651357923764678e-03,3.692956568008656012e-03,3.647551111476086787e-03,3.683067820172856652e-03
3.778900188910815777e-03,3.524634864162984674e-03,3.643251679535889059e-03,3.725453301112879954e-03,3.557687412085463324e-03,3.643410761744159641e-03,3.689881567131477087e-03,3.720664659548622577e-03,3.665509043294339856e-03,3.667593625918302673e-03,3.609120988247024962e-03,3.664747051513359433e-03,3.669621012414402486e-03,3.626347166471665696e-03,3.853197307480207140e-03,3.742423901172649888e-03,3.688161927230430587e-03,3.574456432704959264e-03,3.556645716388015955e-03,0.000000000000000000e+00,3.672691333945159349e-03,3.683622049217818734e-03,3.645222801465214987e-03,3.623829147019795062e-03,3.579588070139259285e-03,3.591336815793635864e-03,3.662754007049741269e-03,3.621295136239068273e-03,3.554242290952796569e-03,3.627815347773186930e-03,3.676171874070743081e-03,3.704239393089408475e-03,3.673668223286092899e-03,3.631603049966959131e-03,3.695304164318032655e-03,3.632624477465018573e-03,3.625041203926010480e-03,3.591195828251091560e-03,3.551453370248779107e-03,3.620917379215426828e-03,3.746778619494911186e-03,3.650933340295736337e-03,3.596311320712350813e-03,3.744281829471769827e-03,3.705075654249530368e-03,3.701232301088489256e-03,3.685728245709893065e-03,3.721510955551582660e-03,3.644007872236218904e-03,3.586277150446161733e-03,3.614702906794417352e-03,3.619820466096517874e-03,3.785155303507856551e-03,3.581740521471190805e-03,3.669582718225980218e-03,3.686936599336114190e-03,3.706401878779271367e-03,3.739630711265128690e-03,3.613176336386878049e-03,3.667009613210893675e-03,3.862893869340707984e-03,3.564758589005115417e-03,3.778734354849895734e-03,3.645211980329902523e-03,3.558123500229796662e-03,3.653976093030023107e-03,3.734633199038986905e-03,3.639669580327452650e-03,3.637867907087147506e-03,3.551913555402024577e-03,3.688175456997040171e-03,3.761320680157390333e-03,3.714649739098875407e-03,3.646217140326994590e-03,3.652673982009036965e-03,3.724534195942219312e-03,3.646225331573508133e-03,3.697522969671215680e-03,3.617029760589493201e-03,3.635358925080261518e-03,3.621901009388610836e-03,3.601668972472058753e-03,3.563741861445072871e-03,3.636792559667272398e-03,3.574743041553848054e-03,3.589893695077210449e-03,3.695716639939158454e-03,3.584029440242053610e-03,3.759102096218754595e-03,3.708227803970475835e-03,3.649970719965548328e-03,3.797474257163947157e-03,3.604198661908981915e-03,3.640190858702911907e-03,3.632073897528935273e-03,3.671949321051352477e-03,3.670545282071998022e-03,3.668777960573522436e-03,3.728114232673831411e-03,3.491717328246074937e-03,3.732627604501611174e-03,3.687933150470806831e-03,3.578244425573522125e-03,3.545807480635475208e-03,3.663235148847491986e-03,3.685769765343009218e-03,3.738064023828809729e-03,3.690598539852867933e-03,3.675589898488355704e-03,3.622347481510095838e-03,3.688187865051045008e-03,3.684977415938624993e-03,3.604561122730574017e-03,3.669917445597642956e-03,3.547685624431432851e-03,3.774264406102985272e-03,3.854203365871040985e-03,3.649472156567324602e-03,3.636212148229809715e-03,3.733646227101363076e-03,3.705508839409523379e-03,3.730816024045968855e-03,3.757786840013193925e-03,3.671980912830320049e-03,3.643651223120229245e-03,3.667306103846010301e-03,3.540551353672731581e-03,3.774477863301087342e-03,3.622132277417754696e-03,3.640820950266535939e-03,3.566794405994029929e-03,3.679457574935703773e-03,3.858570254632660412e-03,3.649444517489536417e-03,3.579011394843673814e-03,3.679276695592280377e-03,3.617102749133851818e-03,3.722787128481938167e-03,3.650440377272346198e-03,3.673637197493466455e-03,3.632385668401801049e-03,3.657402547260267187e-03,3.574208342672977826e-03,3.713381963464415427e-03,3.598712383210452524e-03,3.742454031483471739e-03,3.733938701283310083e-03,3.665034551806906332e-03,3.697345411815363813e-03,3.618680654751873799e-03,3.572020637341294727e-03,3.564798974079513329e-03,3.728676245159726066e-03,3.778333861814035105e-03,3.730642843742785434e-03,3.771646633508054201e-03,3.773866015933427173e-03,3.725608896229999547e-03,3.677630119001825196e-03,3.621569206099622008e-03,3.703108986521020350e-03,3.623479306418997143e-03,3.838632110401902706e-03,3.736085183603094200e-03,3.753159551793456249e-03,3.612295842311406130e-03,3.675996323209287844e-03,3.701122358035831283e-03,3.722037203713393031e-03,3.738712459391781064e-03,3.675021858903124508e-03,3.552639854904187603e-03,3.679656933576702389e-03,3.720357656773573551e-03,3.562909281484070382e-03,3.542740049606429593e-03,3.775869712341002431e-03,3.524794199051593281e-03,3.582855335432824553e-03,3.706971130066835218e-03,3.648097487076404702e-03,3.592746393757253760e-03,3.616027182189746319e-03,3.613655555776175421e-03,3.616985914145149847e-03,3.606256989618973532e-03,3.558903030169902580e-03,3.633889693856880761e-03,3.676216032703706442e-03,3.719979563978671484e-03,3.516956180445892505e-03,3.628466752540270013e-03
3.605276413217431766e-03,3.645779084487338166e-03,3.676295409322388481e-03,3.660850276073468121e-03,3.830108211660009868e-03,3.759374774310771539e-03,3.668576028019722608e-03,3.653352540973037969e-03,3.606101294469977493e-03,3.503875864505563101e-03,3.665257169144417980e-03,3.683192234286818308e-03,3.639527690180176505e-03,3.636175867345224459e-03,3.655978364236104651e-03,3.650892441080808362e-03,3.607720868717435685e-03,3.626304424623457388e-03,3.647387801982425112e-03,3.672691333945159349e-03,0.000000000000000000e+00,3.632770844217014447e-03,3.669653281849004790e-03,3.658869255319568362e-03,3.636563357508013419e-03,3.691312074193755285e-03,3.681745358764676110e-03,3.745960318551153773e-03,3.637122558349014170e-03,3.675748969656247173e-03,3.765165474552321923e-03,3.662450000340883825e-03,3.642545483059918092e-03,3.646950075839687760e-03,3.625371372986312905e-03,3.732593034183171680e-03,3.613764072446737623e-03,3.697273455420883349e-03,3.572633052074911195e-03,3.780736840953615157e-03,3.653011672545123170e-03,3.663481460525094737e-03,3.688519111044193718e-03,3.654407227770762028e-03,3.698476909060775461e-03,3.745831500335395324e-03,3.571069234948793126e-03,3.688878871862382672e-03,3.738801297901943495e-03,3.680520486389896734e-03,3.600319194605773598e-03,3.699261785838088307e-03,3.604481746482712540e-03,3.605124101514004583e-03,3.659874828643291163e-03,3.561665162479963828e-03,3.623094635513141992e-03,3.745391370101930264e-03,3.617393193268419928e-03,3.736944278397143736e-03,3.656223885566587620e-03,3.683613949067377717e-03,3.635252119260323246e-03,3.593617961758789701e-03,3.762803985152868465e-03,3.713104884238325413e-03,3.618418907375209673e-03,3.646192100319117519e-03,3.692809209796288870e-03,3.659032168129305179e-03,3.615445320117822124e-03,3.671664288108715535e-03,3.679028149874611839e-03,3.643638009397614456e-03,3.752064944593986196e-03,3.637221887440186818e-03,3.593115269471094334e-03,3.618185369021663378e-03,3.600404276625360830e-03,3.606497077891894932e-03,3.611487095304115758e-03,3.609258737619845149e-03,3.781263871742442540e-03,3.602086526844132126e-03,3.643016522817719028e-03,3.613605239691110044e-03,3.721157903788306024e-03,3.791137225644397243e-03,3.740626500969732645e-03,3.640158671829709595e-03,3.764859217574346734e-03,3.615445236421202177e-03,3.703407437768877711e-03,3.652779101824892797e-03,3.553140084254180660e-03,3.622174179377174712e-03,3.724075593411581026e-03,3.744800309242092388e-03,3.782697488899079436e-03,3.671293362881609696e-03,3.673782961714852722e-03,3.690049702987583009e-03,3.644558341838112937e-03,3.691568235952284727e-03,3.609673545459689877e-03,3.735957527323783851e-03,3.723165217319857924e-03,3.578817515580738889e-03,3.634418949495536386e-03,3.653480028128428588e-03,3.668630104044856479e-03,3.678950235958606662e-03,3.659276823533882950e-03,3.660869151102721670e-03,3.601846689772547367e-03,3.569903619807991094e-03,3.621463874464696947e-03,3.723412215785034968e-03,3.771987583196126891e-03,3.679599901004508393e-03,3.692457036726220273e-03,3.569980206511047353e-03,3.697553733083877581e-03,3.578607738796763058e-03,3.806689658616795036e-03,3.729944395931570744e-03,3.663024646912057310e-03,3.728767865540823061e-03,3.602745433803576473e-03,3.649573041292048046e-03,3.733845197019379069e-03,3.704717415790569242e-03,3.657068231861716756e-03,3.644852325337073762e-03,3.662410077730928089e-03,3.675013606842824233e-03,3.639145855282967159e-03,3.740356533277337022e-03,3.606728299675344886e-03,3.629591397728918964e-03,3.526787358911289555e-03,3.748547582065177818e-03,3.655530412052811727e-03,3.713119852928018980e-03,3.696407763921647806e-03,3.631820380732421298e-03,3.682477000757058885e-03,3.618493462925761496e-03,3.588364174899253637e-03,3.660228442091302114e-03,3.620308944674810198e-03,3.596893441151849738e-03,3.688105456450438326e-03,3.684581772789490093e-03,3.692736576752255612e-03,3.711050207161172357e-03,3.646373591900618424e-03,3.670821789945479148e-03,3.671627147425998283e-03,3.631916907972818249e-03,3.790296864031494212e-03,3.684206479074959156e-03,3.568405514798488748e-03,3.705407795475190464e-03,3.644276314983484286e-03,3.495625850213740591e-03,3.649674030184170588e-03,3.762228336899593132e-03,3.673557005508577139e-03,3.670967737757006768e-03,3.673358293861902525e-03,3.607091714418800363e-03,3.712247819156963731e-03,3.625815912576150612e-03,3.529829929375926864e-03,3.653401064534352819e-03,3.620296669716014260e-03,3.782533545848329459e-03,3.598112874280276745e-03,3.592025703052868953e-03,3.645198384881253272e-03,3.589980855411117801e-03,3.677080734630657193e-03,3.707750254930640508e-03,3.672060550247266582e-03,3.667410713471653573e-03,3.635349775180565530e-03,3.723288740186389122e-03,3.718836955475572029e-03,3.680067656667998163e-03,3.548316325733914377e-03,3.668006670742608721e-03
3.645571286629082676e-03,3.532092898611702107e-03,3.711353653040861972e-03,3.647200261233957391e-03,3.575852078405082797e-03,3.664934108149270689e-03,3.638409242856538699e-03,3.550664104957937123e-03,3.626798130455282081e-03,3.644219375957144947e-03,3.575318079422634340e-03,3.586324607516483843e-03,3.723740079874165564e-03,3.660585482098408991e-03,3.674037178547326452e-03,3.677973871739688427e-03,3.602421683848054321e-03,3.643954748369897332e-03,3.722433863317637249e-03,3.683622049217818734e-03,3.632770844217014447e-03,0.000000000000000000e+00,3.728069763313033962e-03,3.695122455003327019e-03,3.644929015342249050e-03,3.648129827398218904e-03,3.637840252205771282e-03,3.643105529322938994e-03,3.770697237384677391e-03,3.578492066758520544e-03,3.655034334730447934e-03,3.682586182840519046e-03,3.627877759966201352e-03,3.627418615714898646e-03,3.534245198709619600e-03,3.538113987551110614e-03,3.688374181878601062e-03,3.742617752736958434e-03,3.678928200945012945e-03,3.592455769035750486e-03,3.644622607783572742e-03,3.665786991982703750e-03,3.677480897455780162e-03,3.697091988590448658e-03,3.743719145966694414e-03,3.583150353860637630e-03,3.694084856284931672e-03,3.591442628069573158e-03,3.662112841085921749e-03,3.714229968278040528e-03,3.643204756496707438e-03,3.679540558884487975e-03,3.589850292296286466e-03,3.667087269290730204e-03,3.601651016983914259e-03,3.683082815078989828e-03,3.646342877585118623e-03,3.644186395506616386e-03,3.636972982076607137e-03,3.669258068045617646e-03,3.660385976032368583e-03,3.709586276523318092e-03,3.772420011703239793e-03,3.628642530900198435e-03,3.626348135495637004e-03,3.697982138925741402e-03,3.677199027194594152e-03,3.676291842950533094e-03,3.688096234181943017e-03,3.661271424273737467e-03,3.683339320068165865e-03,3.682553691252455751e-03,3.669562676855502546e-03,3.643004732376855376e-03,3.644784675713116841e-03,3.672977584968297338e-03,3.668347358905132364e-03,3.619390255203298271e-03,3.598562339546950914e-03,3.591251050867244176e-03,3.666252161045310820e-03,3.820297579969076079e-03,3.683447804484725648e-03,3.780455834547920193e-03,3.802211160270556594e-03,3.586650640387874928e-03,3.682236623890317202e-03,3.671305318500055464e-03,3.655508695532376506e-03,3.660559959183522834e-03,3.672502963038853756e-03,3.589035758808338181e-03,3.651806836155126971e-03,3.580895535707597811e-03,3.699111269270235602e-03,3.578574017643343114e-03,3.682780444938048292e-03,3.738854716431445208e-03,3.654511680427157804e-03,3.556016278675677104e-03,3.680370192929452444e-03,3.594022169608662720e-03,3.756831059297924616e-03,3.633725010784593680e-03,3.624096590904585507e-03,3.630595440215995950e-03,3.735021366919652475e-03,3.731627401090070826e-03,3.618907229175177299e-03,3.674200586968520525e-03,3.681220506568918995e-03,3.745663600812655907e-03,3.663576318474837199e-03,3.749953596517779063e-03,3.633358618031598715e-03,3.664151610275420082e-03,3.670096295315810730e-03,3.633313783087709255e-03,3.738869607352873423e-03,3.712658829110598076e-03,3.680959861876208130e-03,3.725052803288516831e-03,3.621629663753167788e-03,3.619196324470993348e-03,3.603780475236934878e-03,3.733401378913785238e-03,3.718312400043588626e-03,3.660687543489247672e-03,3.698150258770827991e-03,3.745980794871940286e-03,3.661418115073448651e-03,3.569487117531124250e-03,3.612562821458257904e-03,3.594108298309844646e-03,3.711727745743109794e-03,3.754670941500360629e-03,3.640895137622652319e-03,3.758256881724492647e-03,3.629380278058267576e-03,3.787066535023412249e-03,3.575330097052254515e-03,3.687222633565405416e-03,3.654067205518975528e-03,3.640811400547854307e-03,3.551019432389412346e-03,3.563454085747113590e-03,3.750058867848732672e-03,3.680075356878915408e-03,3.625008069370205636e-03,3.662264421544496069e-03,3.689670203438976965e-03,3.753942677843898328e-03,3.739746954513403169e-03,3.742537744079326573e-03,3.497153120991684794e-03,3.570700202154960309e-03,3.691736837285252565e-03,3.706209128484383962e-03,3.632004776706771691e-03,3.689856332012443185e-03,3.725750946492562173e-03,3.732950087547160997e-03,3.632966069367909046e-03,3.816961095507556082e-03,3.682114326800631481e-03,3.686130310697910244e-03,3.660333481193430577e-03,3.570870874265009206e-03,3.554148662732383758e-03,3.594218928399723137e-03,3.631694462832738262e-03,3.734999318441556675e-03,3.602577302841317164e-03,3.671719934289848115e-03,3.764900269558599678e-03,3.657408769698664627e-03,3.662710546334363611e-03,3.645200566030319320e-03,3.765629679603227798e-03,3.710209176866458448e-03,3.701106809650973883e-03,3.676062761273878911e-03,3.718715322024060670e-03,3.645076880702870573e-03,3.733583367776530972e-03,3.657670256607347802e-03,3.527769522537650779e-03,3.603024349390130786e-03,3.675548645604464690e-03,3.644660782600432896e-03,3.605135753247982414e-03,3.701001889467663789e-03
3.619795324424210457e-03,3.760903528357309195e-03,3.660836705953189347e-03,3.646055912769828947e-03,3.664953989935320223e-03,3.611835382541677027e-03,3.635806406865359653e-03,3.785282905940560039e-03,3.629269314760767869e-03,3.651001410954832736e-03,3.680648123193174318e-03,3.585809915232505800e-03,3.639900392542330838e-03,3.713623837692816686e-03,3.665392526996281205e-03,3.643104259989281279e-03,3.564205458828937929e-03,3.639044909743517197e-03,3.696124035151925058e-03,3.645222801465214987e-03,3.669653281849004790e-03,3.728069763313033962e-03,0.000000000000000000e+00,3.714602399993455033e-03,3.622468753504436579e-03,3.606737507646158233e-03,3.562234332977570056e-03,3.679034608676789823e-03,3.646032157278447216e-03,3.629160753112546049e-03,3.626875425141853470e-03,3.685678692144324885e-03,3.693093243623787100e-03,3.650351214941393273e-03,3.691954277016058859e-03,3.701137174818197855e-03,3.624944727925766708e-03,3.638540904646779799e-03,3.662296019647772339e-03,3.686855783087217200e-03,3.555158263451444790e-03,3.730653786976935015e-03,3.678468472085064025e-03,3.623161352450397603e-03,3.640913563381193221e-03,3.638717461124870572e-03,3.682636916162450574e-03,3.701656115699892592e-03,3.645959471043880816e-03,3.694237266595035065e-03,3.882827619351450921e-03,3.653060392180640902e-03,3.655782750745763948e-03,3.628264592764929124e-03,3.724373615758670188e-03,3.619044037875396476e-03,3.769762191212196537e-03,3.666620144805278654e-03,3.669163046183053500e-03,3.690505999728257817e-03,3.640726055388717429e-03,3.611548511351126822e-03,3.572709703463537723e-03,3.662379295877105263e-03,3.783781798993411747e-03,3.718908866755329772e-03,3.596415093464720280e-03,3.703382610440707819e-03,3.662325317783804175e-03,3.658188838518466185e-03,3.612162552160971818e-03,3.705232946093858781e-03,3.608086132326084917e-03,3.600775208331950718e-03,3.717537999384715099e-03,3.768979279473696348e-03,3.751745781065027666e-03,3.661963797624492780e-03,3.667267066187207287e-03,3.731298919549424099e-03,3.667529662090273333e-03,3.704028020447015009e-03,3.691946385544779899e-03,3.649478869916291182e-03,3.727249906598516932e-03,3.690417045433191153e-03,3.602256728120643934e-03,3.701371254859863857e-03,3.738255665185763899e-03,3.648301527977063172e-03,3.565033594326242304e-03,3.683764387065606525e-03,3.642967864245902267e-03,3.691476935998212056e-03,3.619822591206412355e-03,3.697058230082756695e-03,3.761522332129308213e-03,3.618488868682841805e-03,3.577031937283923699e-03,3.524296328522617643e-03,3.645973767703054175e-03,3.607307008932994236e-03,3.737442477472985736e-03,3.669457784715398230e-03,3.635406139721387118e-03,3.722546117316250219e-03,3.622166163043432502e-03,3.583573038740421515e-03,3.714286210306064033e-03,3.672224117508348078e-03,3.681701471890023048e-03,3.769891847257068797e-03,3.671217604953385186e-03,3.747843496353576130e-03,3.674666548757869050e-03,3.588388814315261136e-03,3.651134606321001976e-03,3.698026438962622852e-03,3.670515889191374673e-03,3.807087699120872536e-03,3.760083523599276785e-03,3.734391882547431936e-03,3.626582869418766304e-03,3.565690558291939420e-03,3.632198664686658255e-03,3.616633390180690015e-03,3.642721833537122811e-03,3.671556065478847903e-03,3.802730602253120897e-03,3.685586527662699802e-03,3.628893765768425456e-03,3.640070566949432738e-03,3.696010595960292841e-03,3.640325068617288311e-03,3.545392193522058262e-03,3.619407903883147416e-03,3.640736012464856723e-03,3.612972268957116012e-03,3.639555321710302108e-03,3.663881037854988150e-03,3.593325800381867632e-03,3.647276723433462951e-03,3.692484072839237030e-03,3.700645249464768523e-03,3.580712246759908297e-03,3.713391540863586037e-03,3.552912701349410923e-03,3.737470465456088718e-03,3.689335985657459915e-03,3.704095197210151985e-03,3.709813693044113590e-03,3.758223848338182894e-03,3.624879180745755724e-03,3.682022515941720843e-03,3.686685865081652889e-03,3.578494033833908971e-03,3.651843365401246690e-03,3.591108791644152115e-03,3.574725408217789384e-03,3.710609396641910418e-03,3.597444002628671141e-03,3.510125632703470135e-03,3.672468825719539098e-03,3.708895360874465107e-03,3.569982490204453608e-03,3.680659901492517976e-03,3.692893702950392817e-03,3.742721362342567044e-03,3.685683653228934414e-03,3.596773275700369376e-03,3.591090023453863758e-03,3.618796278415688152e-03,3.643080745765853948e-03,3.699621084711821051e-03,3.668836351323436894e-03,3.674778074921444988e-03,3.677296083176725527e-03,3.609991772076247881e-03,3.672173430219381751e-03,3.675319641192085780e-03,3.671775498796264227e-03,3.617927723471643219e-03,3.695009802576906376e-03,3.580177282460673266e-03,3.561850685382668240e-03,3.679837112751570705e-03,3.658786035212855444e-03,3.617464855190192889e-03,3.689178076770217342e-03,3.705437564509192223e-03,3.686391118292764273e-03,3.764114466046829862e-03
3.692879011391948622e-03,3.571756049938047337e-03,3.635251838422239555e-03,3.633271046892417016e-03,3.678736569266944940e-03,3.645736703835089285e-03,3.693873041141345834e-03,3.574959147279713548e-03,3.598514675325906013e-03,3.700230847355454999e-03,3.569342585855336553e-03,3.727388072870885423e-03,3.645800274234061930e-03,3.761157401077389398e-03,3.647218786666860373e-03,3.677329090205433849e-03,3.627673157388533291e-03,3.725634772569166864e-03,3.652827543394073211e-03,3.623829147019795062e-03,3.658869255319568362e-03,3.695122455003327019e-03,3.714602399993455033e-03,0.000000000000000000e+00,3.741868264416446394e-03,3.665028560648854461e-03,3.746762035916589417e-03,3.596962267380016121e-03,3.687739134570357236e-03,3.734541722977159552e-03,3.635033660200716332e-03,3.697209632753400369e-03,3.632817782336700621e-03,3.746682758074082985e-03,3.587673195661573739e-03,3.590179682652577895e-03,3.633246907415117136e-03,3.674717283315128823e-03,3.654486309951556801e-03,3.627113595518813034e-03,3.593599889312546185e-03,3.741812516446288688e-03,3.783431929672600481e-03,3.678433432557983405e-03,3.714842418293543783e-03,3.624046117190154407e-03,3.712797712430914929e-03,3.628595430598176557e-03,3.574939595067481036e-03,3.666938067897512494e-03,3.712913677083015500e-03,3.665402201752031210e-03,3.670899374433486857e-03,3.757095279475753530e-03,3.663899527002700569e-03,3.645148538054604741e-03,3.689775842644974369e-03,3.674881520772219686e-03,3.740593613096238230e-03,3.710489017020899422e-03,3.600713734942911394e-03,3.728207449011871830e-03,3.621505876295096071e-03,3.635084357596730670e-03,3.632157641932420855e-03,3.628618811504711640e-03,3.651242709887929979e-03,3.641710074798165751e-03,3.600117291627397912e-03,3.673374265155264148e-03,3.644918520369484945e-03,3.617638500503884708e-03,3.627745848002275533e-03,3.590832623354529417e-03,3.627359228450377244e-03,3.523850293615207914e-03,3.638084179177860679e-03,3.658780386531412711e-03,3.661367892562404202e-03,3.516719150645318884e-03,3.518083207218877882e-03,3.652582172680959947e-03,3.661706317618687243e-03,3.670187315028885892e-03,3.653397985044687379e-03,3.673785515573093491e-03,3.635249854382062180e-03,3.595534120775176808e-03,3.688878272815550568e-03,3.573104698363565018e-03,3.750643878552807446e-03,3.592049574714602667e-03,3.518047627280693809e-03,3.575440265018583943e-03,3.500772728527378266e-03,3.691830029069568045e-03,3.730120134769503680e-03,3.591518578749526742e-03,3.828660258352390919e-03,3.671919685678653664e-03,3.735697729707948209e-03,3.619966394085185560e-03,3.689199345058488937e-03,3.741848188737917098e-03,3.669499724683348597e-03,3.660157714360951723e-03,3.753064779453112697e-03,3.580250909954197595e-03,3.631222693642409925e-03,3.846723557538627922e-03,3.717380813111883543e-03,3.676908281330411657e-03,3.665869923707652453e-03,3.746015547826862975e-03,3.569160442733954140e-03,3.655846273249688423e-03,3.732286954435149427e-03,3.664723125231877758e-03,3.618958685248499681e-03,3.583393366560431569e-03,3.734276370525702483e-03,3.666638203169425136e-03,3.616354801235260874e-03,3.642758936324798358e-03,3.675119211955485410e-03,3.711372960934801891e-03,3.590128556112926264e-03,3.887357234487843344e-03,3.692862047420015711e-03,3.621438692148606052e-03,3.681632793719497899e-03,3.679754737358627206e-03,3.718123501228698998e-03,3.697677687958200298e-03,3.784883836130613268e-03,3.865105404128550692e-03,3.667321946397629831e-03,3.667434677095909087e-03,3.690021021420486838e-03,3.645233103840484715e-03,3.595187299992092054e-03,3.695437774331329292e-03,3.597373607406165359e-03,3.539603341477818351e-03,3.654335082974934524e-03,3.726014875650581273e-03,3.740682307870339847e-03,3.711411923013836767e-03,3.630572032339564933e-03,3.584524929608923650e-03,3.693374514748329167e-03,3.839719327977459979e-03,3.745854773608089331e-03,3.616995374589820119e-03,3.618126988267337477e-03,3.604172278053891648e-03,3.661639531360601739e-03,3.669808031935412312e-03,3.650088360058451054e-03,3.623649888901467244e-03,3.608374820515352407e-03,3.706564595293166189e-03,3.522892480005646032e-03,3.648921319144335807e-03,3.655176308061101800e-03,3.647002276983567475e-03,3.721522966431302284e-03,3.591570741789513587e-03,3.664773807504045043e-03,3.652791931876016307e-03,3.789480032342826786e-03,3.559284823932691837e-03,3.633724225910945401e-03,3.654612357171124933e-03,3.668776792743375613e-03,3.678386475952287200e-03,3.763600151845033267e-03,3.586573638333043559e-03,3.717677608027685886e-03,3.664122513651291331e-03,3.560348297563451815e-03,3.734541130951628089e-03,3.655661638855721950e-03,3.648606618388145796e-03,3.559362682858722201e-03,3.615282875980080617e-03,3.748368494895510175e-03,3.664373450430519989e-03,3.628711654669790343e-03,3.748435181367181738e-03,3.677443360957027580e-03,3.636975026565887701e-03
3.577352528661422587e-03,3.629225723957789362e-03,3.702336423901030679e-03,3.640363539241478919e-03,3.646412463589315724e-03,3.545392281816048437e-03,3.590547298885696063e-03,3.647319173375037412e-03,3.778663100345190304e-03,3.607781339086033566e-03,3.645302198993122765e-03,3.686508818256085084e-03,3.653886925924088990e-03,3.647138852749045711e-03,3.609822066385454369e-03,3.592321293802882946e-03,3.599771329261414448e-03,3.742264829982432962e-03,3.671651149199882651e-03,3.579588070139259285e-03,3.636563357508013419e-03,3.644929015342249050e-03,3.622468753504436579e-03,3.741868264416446394e-03,0.000000000000000000e+00,3.507107707446563763e-03,3.707093431893188160e-03,3.678931178405953507e-03,3.640455027078370268e-03,3.637648579363318875e-03,3.743565627830513620e-03,3.808993771114284506e-03,3.680442131703014728e-03,3.612056896242545230e-03,3.624964771519494176e-03,3.673921366417568727e-03,3.686452399340976738e-03,3.701107542004486786e-03,3.611156137126006645e-03,3.599150693990759136e-03,3.791277772753487950e-03,3.639429918875810958e-03,3.530391304602300759e-03,3.713039225815380293e-03,3.683559843581629342e-03,3.689698706504133778e-03,3.807401600690484087e-03,3.652658774400999956e-03,3.755691567927915437e-03,3.793651538096476112e-03,3.705596839904986076e-03,3.596944217617627833e-03,3.621337805779338732e-03,3.688152985731604078e-03,3.609283232500841085e-03,3.715910851189709648e-03,3.571551582664329611e-03,3.622696363776779001e-03,3.704206800579823607e-03,3.710500709875421722e-03,3.540543342724101865e-03,3.635552977891933456e-03,3.622586648585255070e-03,3.685586512103128376e-03,3.563642382729397765e-03,3.685707389555707876e-03,3.577386068721478702e-03,3.673344507511765947e-03,3.673110413734393363e-03,3.622655492633227413e-03,3.613319242627565861e-03,3.626460276535772766e-03,3.553460465358101485e-03,3.559103412423190310e-03,3.674391453253985501e-03,3.777630310350117704e-03,3.593336285812831661e-03,3.633987505661984054e-03,3.738907910302334027e-03,3.864187881600127366e-03,3.538729276213758903e-03,3.706398542619145434e-03,3.617707792738393113e-03,3.613745026820909447e-03,3.711858636654051698e-03,3.631191275567045938e-03,3.611065378797890732e-03,3.637370779717474193e-03,3.574343913988691813e-03,3.681698838746542014e-03,3.766022864097856148e-03,3.557794700272461086e-03,3.603813890220751263e-03,3.708727480379672876e-03,3.667818839511608007e-03,3.654456607368522601e-03,3.633060083806047193e-03,3.594705003931172784e-03,3.671179860185839767e-03,3.613491336383199432e-03,3.574322174597150976e-03,3.595627734583317463e-03,3.659983710505884929e-03,3.711267983178181094e-03,3.715794337388654035e-03,3.707458852191056285e-03,3.661619360060033076e-03,3.692111895730643394e-03,3.653838301746019628e-03,3.712429522747517311e-03,3.603736809780017526e-03,3.712896422337603076e-03,3.751015996780842666e-03,3.734758670310253399e-03,3.750938048076414479e-03,3.647991804784889939e-03,3.691509984399109039e-03,3.703917816368041457e-03,3.600609186625468392e-03,3.666388628543122089e-03,3.845161522268543235e-03,3.751840780491434713e-03,3.749427868092337652e-03,3.624732324562972285e-03,3.622104267827494246e-03,3.668668646218788479e-03,3.711582602764011609e-03,3.614389794572421283e-03,3.608160032930685535e-03,3.785504262370289856e-03,3.684080956090297811e-03,3.763393548546844526e-03,3.519148552867425173e-03,3.761453252991332850e-03,3.613188164139072810e-03,3.604481836475806247e-03,3.745083141924501844e-03,3.625938174027727116e-03,3.603448196822726501e-03,3.660263301715523197e-03,3.666453520466391412e-03,3.688174871207407224e-03,3.571339320121791252e-03,3.729059681180054483e-03,3.680706691046131511e-03,3.620949929421366301e-03,3.653521327198569740e-03,3.593016758103899626e-03,3.812337500827308288e-03,3.602277177110386336e-03,3.661861719333790212e-03,3.769559493288165107e-03,3.695655158377586166e-03,3.624216316076941079e-03,3.765866629707468553e-03,3.590905967846936848e-03,3.674189273713142009e-03,3.615869798890899468e-03,3.612247265151506941e-03,3.653595141207517400e-03,3.592170337076966598e-03,3.603485713747544596e-03,3.619670287950870792e-03,3.503128484928894233e-03,3.703037330128332392e-03,3.570511492999486024e-03,3.607083325548786357e-03,3.648002351661311631e-03,3.747453676600416301e-03,3.831127127110742214e-03,3.683123396900199725e-03,3.627998489967425473e-03,3.783268110464161043e-03,3.627860891059827599e-03,3.745922891159895931e-03,3.744564694337443149e-03,3.677546050700164406e-03,3.682054596883959068e-03,3.793247380913137862e-03,3.698247046217876307e-03,3.584996719249642499e-03,3.663399443429151379e-03,3.644217012423706537e-03,3.660797085030754495e-03,3.634968291980814233e-03,3.633501095100731028e-03,3.671578253397202521e-03,3.663268879397502207e-03,3.657664120105021989e-03,3.704058544634495145e-03,3.708466115845983953e-03,3.644898442016581905e-03
3.719538675429965094e-03,3.680478953178424259e-03,3.723218656625364251e-03,3.620204171619211594e-03,3.657387916976194420e-03,3.792064951328383629e-03,3.633521956165800416e-03,3.641046353406898143e-03,3.582046125250697155e-03,3.573071037428920786e-03,3.667397048967478701e-03,3.641907713863321971e-03,3.737367574490316983e-03,3.736078048848898332e-03,3.597737390286520273e-03,3.746231442341370170e-03,3.656397325791044348e-03,3.629093833960046755e-03,3.691602103328115152e-03,3.591336815793635864e-03,3.691312074193755285e-03,3.648129827398218904e-03,3.606737507646158233e-03,3.665028560648854461e-03,3.507107707446563763e-03,0.000000000000000000e+00,3.562576862774817325e-03,3.622288394020920042e-03,3.673859165934208020e-03,3.756242905001842044e-03,3.720597672358055049e-03,3.635181178053898798e-03,3.662382174376521519e-03,3.635597492268659824e-03,3.655728316486456415e-03,3.684307676643793026e-03,3.628860261699874690e-03,3.643551324454821164e-03,3.727773676214040689e-03,3.666058131290162152e-03,3.656184950538281589e-03,3.716976319291551405e-03,3.622629622937668936e-03,3.691550617779498604e-03,3.533846991743453628e-03,3.665684752469778544e-03,3.604300893308345650e-03,3.511175876029591376e-03,3.638197566499315905e-03,3.589634136955630831e-03,3.586263883828585530e-03,3.674473768361178217e-03,3.668470101663537462e-03,3.534644202568835818e-03,3.601567476645878112e-03,3.687145582040986767e-03,3.749474174479070551e-03,3.768566280861095335e-03,3.753423887903887656e-03,3.704830967579370894e-03,3.631168646060980911e-03,3.725876421723493728e-03,3.749573694876170028e-03,3.540958523598245356e-03,3.726328970819188166e-03,3.709679589576172620e-03,3.699427349696373345e-03,3.475634639404132087e-03,3.764833455761369164e-03,3.750573538137783134e-03,3.612039980188618254e-03,3.643789852133190975e-03,3.723269976171873774e-03,3.728784960807612035e-03,3.640492217244768128e-03,3.479288816628412113e-03,3.607091271926361840e-03,3.622432612364198494e-03,3.737050518435930477e-03,3.576588038533033871e-03,3.623431940150149445e-03,3.667759838667681346e-03,3.547622747247590035e-03,3.795739851609236486e-03,3.724203934864961200e-03,3.664367895978538729e-03,3.654987729723606794e-03,3.579144423028180443e-03,3.724563486219504942e-03,3.690246877101774781e-03,3.554117605583305591e-03,3.650269710575047843e-03,3.724958052185038844e-03,3.658897301731508199e-03,3.711093181154320221e-03,3.675146078074754356e-03,3.716163933237317911e-03,3.793997997569037699e-03,3.658686597633507755e-03,3.592437857790117990e-03,3.745513176979881498e-03,3.705360288735002477e-03,3.664362021131668899e-03,3.700409979937644041e-03,3.673818611703943710e-03,3.671950573817432586e-03,3.658005550097195423e-03,3.618933031928010541e-03,3.706359145079100425e-03,3.547522691465400130e-03,3.623914878608535534e-03,3.570665078060455879e-03,3.677877323913849705e-03,3.576891095262333623e-03,3.688986495761960565e-03,3.607314156509128060e-03,3.716571631724158338e-03,3.579952983706627401e-03,3.647343269036405940e-03,3.508260493569434046e-03,3.589677102915084326e-03,3.775944061788170329e-03,3.641981271163828235e-03,3.636452215938877110e-03,3.601992027588807148e-03,3.670900347563140539e-03,3.712268629264981606e-03,3.690318022436946555e-03,3.711016729792480928e-03,3.689092394609487166e-03,3.679824702494997879e-03,3.528044702818041757e-03,3.749670157841830404e-03,3.667602255868768722e-03,3.630548472273290722e-03,3.676238771846733738e-03,3.624693954616320900e-03,3.712190205327441008e-03,3.757384377930842768e-03,3.758499648970053692e-03,3.601399120910583548e-03,3.908457449547045152e-03,3.775317364877787962e-03,3.576231852332543548e-03,3.607125196921762405e-03,3.799369756857401761e-03,3.710506510284194807e-03,3.718751875128424762e-03,3.539421435077117189e-03,3.603274477828184632e-03,3.665846403683573930e-03,3.658408761057280710e-03,3.628010617667092041e-03,3.735687150441363916e-03,3.680633575498802688e-03,3.565416185223266050e-03,3.664983044861049467e-03,3.585239925199097070e-03,3.783750298573912776e-03,3.682254385889657724e-03,3.640506859146798793e-03,3.706389450185726409e-03,3.653507246239501727e-03,3.771357894001567141e-03,3.639277086580190723e-03,3.580777476675447643e-03,3.588937168053604829e-03,3.703398576392193629e-03,3.608007837787156370e-03,3.511900330284946185e-03,3.580265039110550312e-03,3.648833350282741812e-03,3.563028552728831223e-03,3.721163134648547074e-03,3.671260583116393687e-03,3.699263283657790776e-03,3.525313885026150861e-03,3.805653616856976076e-03,3.792312189608900569e-03,3.765973194786289679e-03,3.844328089354377784e-03,3.551720071607391421e-03,3.643838117180209051e-03,3.668002919332950980e-03,3.796181802925166493e-03,3.663490732135015523e-03,3.684109609423666561e-03,3.678817435813789595e-03,3.636942921980685153e-03,3.546000787986546346e-03,3.641923730246630127e-03,3.681336522688248049e-03
3.765643025946339203e-03,3.661955339803717006e-03,3.577186596692890404e-03,3.741104048728987296e-03,3.636844021754449558e-03,3.663960081860594218e-03,3.718577364267448490e-03,3.603678764808108254e-03,3.644666958691472960e-03,3.689943800053025781e-03,3.678324095764038803e-03,3.679461953272053498e-03,3.604797089132327683e-03,3.623121808922941632e-03,3.625079016412312716e-03,3.591609150388911775e-03,3.657259188274824928e-03,3.679190652980033043e-03,3.645028148032418164e-03,3.662754007049741269e-03,3.681745358764676110e-03,3.637840252205771282e-03,3.562234332977570056e-03,3.746762035916589417e-03,3.707093431893188160e-03,3.562576862774817325e-03,0.000000000000000000e+00,3.660693211268188293e-03,3.676797159555723112e-03,3.606430954707177776e-03,3.619060159838457039e-03,3.759419791215982010e-03,3.584375139110425323e-03,3.637381406308569983e-03,3.662996008563083362e-03,3.664712010346496320e-03,3.736818528848686021e-03,3.685556715521834045e-03,3.718852084731780108e-03,3.743895045555738123e-03,3.649281841638450218e-03,3.693453805075768391e-03,3.641986392065627194e-03,3.629074666845422126e-03,3.700245905538016543e-03,3.667705619998360214e-03,3.682221093419101293e-03,3.558758641048363237e-03,3.720969830136759866e-03,3.608889485344637851e-03,3.709018600547472119e-03,3.712486225569233082e-03,3.681492181602996714e-03,3.699335014434571803e-03,3.667603457635701652e-03,3.592196966278648432e-03,3.550360016919901045e-03,3.650311683271467884e-03,3.650665949143145576e-03,3.635245605256272675e-03,3.636540285497159072e-03,3.597715792576409045e-03,3.683288264880660214e-03,3.620782753836234661e-03,3.593090467943067714e-03,3.637542355344208604e-03,3.714763251351128545e-03,3.665629848896758986e-03,3.683700900428680224e-03,3.705420208818228835e-03,3.671412198259831929e-03,3.667312551690518618e-03,3.577182897509730529e-03,3.524001720788187512e-03,3.665388879900684758e-03,3.604933206071277933e-03,3.658747351082587869e-03,3.672094906761974847e-03,3.621916835586027218e-03,3.503300400304611498e-03,3.735433103996476604e-03,3.555457058553576632e-03,3.668121148792912768e-03,3.679710755387703442e-03,3.617825692374503077e-03,3.771248148080535729e-03,3.569567130603813841e-03,3.630843041625873239e-03,3.661796247686342938e-03,3.738145761117157156e-03,3.737236055343904923e-03,3.593604842718567047e-03,3.733064971265313749e-03,3.700202111066823365e-03,3.600642628545253424e-03,3.677172570692810102e-03,3.753106046599197568e-03,3.689395633190606979e-03,3.689252718780558580e-03,3.749473376187304093e-03,3.738171207925951832e-03,3.719610870106568323e-03,3.639597293588231041e-03,3.609465029463287348e-03,3.612381086608458698e-03,3.644029208644779423e-03,3.637839524339122384e-03,3.656839628100999433e-03,3.764295108702740353e-03,3.705165959966770419e-03,3.671331928811473813e-03,3.687148651112762132e-03,3.577615748260678814e-03,3.617797163872091531e-03,3.632203177176500548e-03,3.739870169358400741e-03,3.645407832471627037e-03,3.622832773116725462e-03,3.696685187686785286e-03,3.652030621825645348e-03,3.716414042604123270e-03,3.630870597794173121e-03,3.671548378411984646e-03,3.697521841775941974e-03,3.680272828759233606e-03,3.739514554196202156e-03,3.693964735786163436e-03,3.702477703063599551e-03,3.740898327246879214e-03,3.622903574380624027e-03,3.680799509912020383e-03,3.707245971404367606e-03,3.602401547920250271e-03,3.652418436632571402e-03,3.617190621768694853e-03,3.665872497987809116e-03,3.677595352264593880e-03,3.667385256319113940e-03,3.647205985822151927e-03,3.598919213568302702e-03,3.568809248886629232e-03,3.633650291492253933e-03,3.579472978798593167e-03,3.658424557455578624e-03,3.719642043466952260e-03,3.647141962884675650e-03,3.601840240652061029e-03,3.646060551042388815e-03,3.699031096884043950e-03,3.690688123751803204e-03,3.779346204855720329e-03,3.664692758795431212e-03,3.642945425471476491e-03,3.642570363808967249e-03,3.769967601383214864e-03,3.707362299501683073e-03,3.705186041760222520e-03,3.776775016513390492e-03,3.783827004971542299e-03,3.608303169375910637e-03,3.687451635555371362e-03,3.631435229260465344e-03,3.692365191715413046e-03,3.698157688687967858e-03,3.589914301696332452e-03,3.590328897460290814e-03,3.712405428496584354e-03,3.638783400194534230e-03,3.642580269931149344e-03,3.626050404959320871e-03,3.827735002326722227e-03,3.667407100442808716e-03,3.707475815314725462e-03,3.627183089354978681e-03,3.600986761398759610e-03,3.640521193982000463e-03,3.653337380892110377e-03,3.682682223761126871e-03,3.602458806136448616e-03,3.689909055073211513e-03,3.617634802545390167e-03,3.776681554514084004e-03,3.651127666866134467e-03,3.649264592899089353e-03,3.643250066461832786e-03,3.610722667357606479e-03,3.628161517592564268e-03,3.585151637808572846e-03,3.717657301852932052e-03,3.603570630536307145e-03,3.724108695101711712e-03,3.811446876628543212e-03
3.685105901449552742e-03,3.625801755982969912e-03,3.726630629812815055e-03,3.684424169641772797e-03,3.684143846505558324e-03,3.661561067372178391e-03,3.674162767180718606e-03,3.656774944515163352e-03,3.625199355816089656e-03,3.605660884840154821e-03,3.724390388986825555e-03,3.748044636367177124e-03,3.592233239728502905e-03,3.689731082910526882e-03,3.611824250573815627e-03,3.662557268518884090e-03,3.625334824230471657e-03,3.581144668783569403e-03,3.550730826911946674e-03,3.621295136239068273e-03,3.745960318551153773e-03,3.643105529322938994e-03,3.679034608676789823e-03,3.596962267380016121e-03,3.678931178405953507e-03,3.622288394020920042e-03,3.660693211268188293e-03,0.000000000000000000e+00,3.666176713509368065e-03,3.694502143020673979e-03,3.727241710789738760e-03,3.698151624589652783e-03,3.604476217220381994e-03,3.567369174504534442e-03,3.590310427366609318e-03,3.738805835570992598e-03,3.645859073598684864e-03,3.723907817078941224e-03,3.624792302662140087e-03,3.650262774141672679e-03,3.653289500581741959e-03,3.636864667062182904e-03,3.697508505549468999e-03,3.609827992099731275e-03,3.684728687634608070e-03,3.762399633047008082e-03,3.628093802156441734e-03,3.590431105821546235e-03,3.752476984981459058e-03,3.621286248344633522e-03,3.578117460055472900e-03,3.685849934428770194e-03,3.720300152493991562e-03,3.628274535559009376e-03,3.621074328273725645e-03,3.660135039368554982e-03,3.546892690000000986e-03,3.662195108232481604e-03,3.705276352840514154e-03,3.704657392495931678e-03,3.695049591596435198e-03,3.769565454252917294e-03,3.666023925807674038e-03,3.758318453602182366e-03,3.710275885821884886e-03,3.672626452248151270e-03,3.606990280932361598e-03,3.660292443393300694e-03,3.685782456159405248e-03,3.653093007943467117e-03,3.609792227266812262e-03,3.726232138929050017e-03,3.666045311254737850e-03,3.641791540921321749e-03,3.621435415985794094e-03,3.717667238370787105e-03,3.646046891349744457e-03,3.671741310276041038e-03,3.614915562830626084e-03,3.638576713123278447e-03,3.690740736442097922e-03,3.630759149904879204e-03,3.741425445788251411e-03,3.614591980133375401e-03,3.685178478027134694e-03,3.611086176002963402e-03,3.727965355642826138e-03,3.776742954769338710e-03,3.619941981969659450e-03,3.633462063338123438e-03,3.746186748029678871e-03,3.716432592995821699e-03,3.770915481135718623e-03,3.610931021675263964e-03,3.611411394474952404e-03,3.647292069033225212e-03,3.825806542278408114e-03,3.718645625177752472e-03,3.629956433399748102e-03,3.681808540493410400e-03,3.750734297828387746e-03,3.715188458954311965e-03,3.685859242832038862e-03,3.738640799261398057e-03,3.675601079700498500e-03,3.603994116082530862e-03,3.595108417362926408e-03,3.679845417353905940e-03,3.632386718533349608e-03,3.687754729399167486e-03,3.650441559135956648e-03,3.694876621428204617e-03,3.665188636900129637e-03,3.610730333205870377e-03,3.651554561375227985e-03,3.604082860121977754e-03,3.706129645828629138e-03,3.756193829487577702e-03,3.690427304221326980e-03,3.570980800631325634e-03,3.697828226262346758e-03,3.615067914886307791e-03,3.734061450946433297e-03,3.575653974960929949e-03,3.732565066129266314e-03,3.634932025928439957e-03,3.676863938903316038e-03,3.662762771970284534e-03,3.583627924261311836e-03,3.658829704742157154e-03,3.722237743835513785e-03,3.797517628040622366e-03,3.713739149156842882e-03,3.674977142931094756e-03,3.588390429421431903e-03,3.665764412783540597e-03,3.552039132801705287e-03,3.549329922463441509e-03,3.678737736461231474e-03,3.640403335190570567e-03,3.647653825423736139e-03,3.624165066528363920e-03,3.762276168698927385e-03,3.669375554035332696e-03,3.625947208727049124e-03,3.681568894689783711e-03,3.587647302272894880e-03,3.739405816184743388e-03,3.648674189713733192e-03,3.632715187789814417e-03,3.658100778718378042e-03,3.700289611624348659e-03,3.637813962310010914e-03,3.641273474252752947e-03,3.649236100517927461e-03,3.823017056406134706e-03,3.725353105593314298e-03,3.644242644018324574e-03,3.578346003477366876e-03,3.682021708253916184e-03,3.637756480271841630e-03,3.642298848672740567e-03,3.648950891718523871e-03,3.591197613936458494e-03,3.689265363028428231e-03,3.606877178565273765e-03,3.591360955302279594e-03,3.711871092895078182e-03,3.626700494895438061e-03,3.539975671661001449e-03,3.571815530568565097e-03,3.652922860063849853e-03,3.785050237078212837e-03,3.652202681499223599e-03,3.648147309912398283e-03,3.704426843913727341e-03,3.695560193853806349e-03,3.721582714793189237e-03,3.673104929190916870e-03,3.601676137922771997e-03,3.652112111035690951e-03,3.661223573601667808e-03,3.669896965213389865e-03,3.632392823015984703e-03,3.649942794442659431e-03,3.569575761260895212e-03,3.700941589268507814e-03,3.733840186412570265e-03,3.637656536255409398e-03,3.585930324118663960e-03,3.682375350372697319e-03,3.688178568170069008e-03
3.578182570872039375e-03,3.702304569493631084e-03,3.642250213242198293e-03,3.604156773601504323e-03,3.602414448633616331e-03,3.648972075925550028e-03,3.650985301299106579e-03,3.667184159789320646e-03,3.770158306043676962e-03,3.566497687641274287e-03,3.602230839842638244e-03,3.767955766263686532e-03,3.681491454495221683e-03,3.665828994033538957e-03,3.584798317637755659e-03,3.515271510555870952e-03,3.635776537607581134e-03,3.727398198217640474e-03,3.610111564590359756e-03,3.554242290952796569e-03,3.637122558349014170e-03,3.770697237384677391e-03,3.646032157278447216e-03,3.687739134570357236e-03,3.640455027078370268e-03,3.673859165934208020e-03,3.676797159555723112e-03,3.666176713509368065e-03,0.000000000000000000e+00,3.666868129861257375e-03,3.824550590566063411e-03,3.643453658522529965e-03,3.607521622963545151e-03,3.671578303313823271e-03,3.673119330274054930e-03,3.617301303169778628e-03,3.721397827317887361e-03,3.640881317404893493e-03,3.845362141379652949e-03,3.683857944993927311e-03,3.577479433431240280e-03,3.590862752897690593e-03,3.621234236912508793e-03,3.638084218971352965e-03,3.580471856664272940e-03,3.534942822015726006e-03,3.587350341489652095e-03,3.583660100183556560e-03,3.750735742055022297e-03,3.625664424102817765e-03,3.735263475116802189e-03,3.733025456454467598e-03,3.622333806641597417e-03,3.668024552324254239e-03,3.724548784708475984e-03,3.724521414043278997e-03,3.706262720597297642e-03,3.701807695429473223e-03,3.625249978094325243e-03,3.768010766167689211e-03,3.605836391895571834e-03,3.610308574714753225e-03,3.607898001446964518e-03,3.588179644657418961e-03,3.678627512049659903e-03,3.744686168901036928e-03,3.655571349302313023e-03,3.768844233703644037e-03,3.660744009054031026e-03,3.727761628898990185e-03,3.623046344074486343e-03,3.742013715618903308e-03,3.653612889995110254e-03,3.710080609911666025e-03,3.617806441794617703e-03,3.563921848928423061e-03,3.697812430493997628e-03,3.785631228857250664e-03,3.574117027062326691e-03,3.655415950436243129e-03,3.745115038401391257e-03,3.756143525765467169e-03,3.668790055567926894e-03,3.707811187063001033e-03,3.714623958347585547e-03,3.621736715931462951e-03,3.618101131998153596e-03,3.686988473636603446e-03,3.664891342832705783e-03,3.711117082518149320e-03,3.653450921880896200e-03,3.559111197434261867e-03,3.708049176098568173e-03,3.522557806966912508e-03,3.667084850918192387e-03,3.627351114987522988e-03,3.772281702431256548e-03,3.720671505614446192e-03,3.581823765230765077e-03,3.834750529176990906e-03,3.666838967627142863e-03,3.667729583321958659e-03,3.592909439546799165e-03,3.590050802529185913e-03,3.601920649334131811e-03,3.597423467939744445e-03,3.549169342448507507e-03,3.772052967436080161e-03,3.721995362557524445e-03,3.625321329160374230e-03,3.665502335122697557e-03,3.630100295391614201e-03,3.677113868813037655e-03,3.623938537487369875e-03,3.637613826233431977e-03,3.644546833209196326e-03,3.649529672600700277e-03,3.576409778702729480e-03,3.611555967545104599e-03,3.623254086223218467e-03,3.588640704028496671e-03,3.557919901643929756e-03,3.719780699268579027e-03,3.707206702485106760e-03,3.674961542403869241e-03,3.693716635543999906e-03,3.732810974421848799e-03,3.641506555255802791e-03,3.672153991945380919e-03,3.603176442199917777e-03,3.737591673152837034e-03,3.638944909094932005e-03,3.598059610413351615e-03,3.718018301329599744e-03,3.782793974865884638e-03,3.767588383237683008e-03,3.640498409415748957e-03,3.667258288421133827e-03,3.575752019053505051e-03,3.707946750630431235e-03,3.668299871625949234e-03,3.532587630193915942e-03,3.609098302741898211e-03,3.658993776957589119e-03,3.691736951692510538e-03,3.611915030095415140e-03,3.610644455645373087e-03,3.736471788314730657e-03,3.617838452223359844e-03,3.674023724856824956e-03,3.717027835364456346e-03,3.740194754900414385e-03,3.689587545132587756e-03,3.632180606221128462e-03,3.589156529990327263e-03,3.619039995716969056e-03,3.612295697023137735e-03,3.628352782971844531e-03,3.688469508262227654e-03,3.687483371307054194e-03,3.645892793774013069e-03,3.597992872906092404e-03,3.665246613849199378e-03,3.754036535800885956e-03,3.600182899933350878e-03,3.776503547146363438e-03,3.699556168200179157e-03,3.641865174290632914e-03,3.629616702972243356e-03,3.600448557791475351e-03,3.567474361431869408e-03,3.730600005196879100e-03,3.700431789419740200e-03,3.622557046203371631e-03,3.709126605402056701e-03,3.638589103328654026e-03,3.643524466948300754e-03,3.693540594833996660e-03,3.734679959637936253e-03,3.714333527264634949e-03,3.711598754312358649e-03,3.650032186412112845e-03,3.714227388662788218e-03,3.695780179995127382e-03,3.744723789741908736e-03,3.687343112097783791e-03,3.710755965390773008e-03,3.711910839563665240e-03,3.662439696404861701e-03,3.657314608871229528e-03,3.697948839750192507e-03,3.633814350266436483e-03
3.576159113145189160e-03,3.578787340748018717e-03,3.688354352581049451e-03,3.737701455266147221e-03,3.707159440892713632e-03,3.634600374566166695e-03,3.722824474363118242e-03,3.598430512959369110e-03,3.716387921036469998e-03,3.661182599877215848e-03,3.649725361305234360e-03,3.710888758596044782e-03,3.677791876744484004e-03,3.576269142642409578e-03,3.701539652093260684e-03,3.749923971603928013e-03,3.741921411985695608e-03,3.608719423673875312e-03,3.743246905455137070e-03,3.627815347773186930e-03,3.675748969656247173e-03,3.578492066758520544e-03,3.629160753112546049e-03,3.734541722977159552e-03,3.637648579363318875e-03,3.756242905001842044e-03,3.606430954707177776e-03,3.694502143020673979e-03,3.666868129861257375e-03,0.000000000000000000e+00,3.576514190728873055e-03,3.715093012930528217e-03,3.581266336291817360e-03,3.671027938164748462e-03,3.674755914633994446e-03,3.737625337685836820e-03,3.654341337308102209e-03,3.594389738206623351e-03,3.665266254123837782e-03,3.618901611872347383e-03,3.694832152764174031e-03,3.687490184514183311e-03,3.687602815713544348e-03,3.609872201147169314e-03,3.666981440603943668e-03,3.657344120709275347e-03,3.697925490281951666e-03,3.648121612684742613e-03,3.592325254891368808e-03,3.615872428940170719e-03,3.610666563846484049e-03,3.647766790491267265e-03,3.728038328114155996e-03,3.721267118737244754e-03,3.625029435982543569e-03,3.686354911026987549e-03,3.666114983204574011e-03,3.561228716121908350e-03,3.593050438172870360e-03,3.662950546145269520e-03,3.641518739591283454e-03,3.622215416405725683e-03,3.743344615324851847e-03,3.763503238942981360e-03,3.767451539047480483e-03,3.698663706939755037e-03,3.677369397180856557e-03,3.666091721190034569e-03,3.730506932604627391e-03,3.674708250068042716e-03,3.704121551472060181e-03,3.659292858117672159e-03,3.585940329142060096e-03,3.628158193947305949e-03,3.637653649458794710e-03,3.644840911727599119e-03,3.534443725017036384e-03,3.705306176644212936e-03,3.692247283587146885e-03,3.624269400987552465e-03,3.654369615988508659e-03,3.624827021502516518e-03,3.674349761074822886e-03,3.612317303733920265e-03,3.628019021849585198e-03,3.607514403791431748e-03,3.704393758160779218e-03,3.636235974046203752e-03,3.612707368568674436e-03,3.661486567819002141e-03,3.697270174620180191e-03,3.634681366595479083e-03,3.593547567967032234e-03,3.656467492237693365e-03,3.599895399380216056e-03,3.669912616581772185e-03,3.616165420247461140e-03,3.711649358550232498e-03,3.728284814605217160e-03,3.740200236290251203e-03,3.796344100370286842e-03,3.566358923618222210e-03,3.612896752504371738e-03,3.807680306555175694e-03,3.766490136748766333e-03,3.748511331723590381e-03,3.743100890068689832e-03,3.650955212782554162e-03,3.642590736515063585e-03,3.679404845832259970e-03,3.596939881644154770e-03,3.659445128575496923e-03,3.626616077585700492e-03,3.642427430519333889e-03,3.703804493759356962e-03,3.654522202954204983e-03,3.710011254738652519e-03,3.760029275580063779e-03,3.666764937282343626e-03,3.548075786442268873e-03,3.662026063494917740e-03,3.658743811466855841e-03,3.689533941964221516e-03,3.686933444253411712e-03,3.705312757839198615e-03,3.607550601926844472e-03,3.651502870134944612e-03,3.647491236304527262e-03,3.643199767095914310e-03,3.654505726300110065e-03,3.632711065371490612e-03,3.611072757860568465e-03,3.736282810097564609e-03,3.695772488499921883e-03,3.633982752333741323e-03,3.684037809386895429e-03,3.752315626633966061e-03,3.641711830169847095e-03,3.645037300619747254e-03,3.773701972289314564e-03,3.624892139218902250e-03,3.651598581729414462e-03,3.688097183186894029e-03,3.580866826240057098e-03,3.708194390319105756e-03,3.630108020099654092e-03,3.641322796914276978e-03,3.727507786299825293e-03,3.663026068460293206e-03,3.707738349698491871e-03,3.777644601431118590e-03,3.558903617722705432e-03,3.577816416706681036e-03,3.503055610607732923e-03,3.676218864958742411e-03,3.663739018990749569e-03,3.655833789642579448e-03,3.637391959203140328e-03,3.645474171776292519e-03,3.619402424023802477e-03,3.729849786948533606e-03,3.659358042953269555e-03,3.568079982063459676e-03,3.602652605016930243e-03,3.707570230015143093e-03,3.631509208237216312e-03,3.629020912106999900e-03,3.608597681650710549e-03,3.672417033848673299e-03,3.682231336344642461e-03,3.672691578255844747e-03,3.565934997885272448e-03,3.630335960697401998e-03,3.703256234009012510e-03,3.688425071390037929e-03,3.765430743547122042e-03,3.735244839665477316e-03,3.705100730411996311e-03,3.709281095549671944e-03,3.692943282998805126e-03,3.638233078235776630e-03,3.626713061445756194e-03,3.648210359784650678e-03,3.754522835829299590e-03,3.677037067873814829e-03,3.589785391592907257e-03,3.796000020028463158e-03,3.668636164847686575e-03,3.638625923092474353e-03,3.575740347531850515e-03,3.667826952100009842e-03,3.616359095180578676e-03
3.630992166785845972e-03,3.620205291724275850e-03,3.693609976393095323e-03,3.734683855976327072e-03,3.743451186949983342e-03,3.884174384209275292e-03,3.719926691776630472e-03,3.787229475534738352e-03,3.432211696754213035e-03,3.506064536381895639e-03,3.628717135366245176e-03,3.728262907561081391e-03,3.653361601871608477e-03,3.732210661612154947e-03,3.622336540762594297e-03,3.607913195157971733e-03,3.581029714026500149e-03,3.620232050004898363e-03,3.477075062769417312e-03,3.676171874070743081e-03,3.765165474552321923e-03,3.655034334730447934e-03,3.626875425141853470e-03,3.635033660200716332e-03,3.743565627830513620e-03,3.720597672358055049e-03,3.619060159838457039e-03,3.727241710789738760e-03,3.824550590566063411e-03,3.576514190728873055e-03,0.000000000000000000e+00,3.564692628838888027e-03,3.570137104371270010e-03,3.707687029905520210e-03,3.529021206923982964e-03,3.679361851403609857e-03,3.735491919111354805e-03,3.622784694179049733e-03,3.693075579052433697e-03,3.775502517207265755e-03,3.672340846932300833e-03,3.605482157119724480e-03,3.602274820629157437e-03,3.630549530857258168e-03,3.535331200132680891e-03,3.674665219542753904e-03,3.655800277111860216e-03,3.553224289590709278e-03,3.811368924801043345e-03,3.659015973792859120e-03,3.794378004534680517e-03,3.611065713948228770e-03,3.788607289468772562e-03,3.589436439401369125e-03,3.742289246201442685e-03,3.622896513080000377e-03,3.712503024413363502e-03,3.694055377539610593e-03,3.682123331154709377e-03,3.714288295077429990e-03,3.650666389366247905e-03,3.649198624181948947e-03,3.676988984329220521e-03,3.607111666172778484e-03,3.689443857390316446e-03,3.573637480221126487e-03,3.503951694712476722e-03,3.771486012630533881e-03,3.645481796343609440e-03,3.669552616422194075e-03,3.559186020416536290e-03,3.662589555508661589e-03,3.673682329263824268e-03,3.661769257364609273e-03,3.643407426889064878e-03,3.666293738420444738e-03,3.763512690833408815e-03,3.741506174812030648e-03,3.565346176624284262e-03,3.646986598471573145e-03,3.760971929669345518e-03,3.724516862942305485e-03,3.624701416631271721e-03,3.823398081694509652e-03,3.696232838568073737e-03,3.654078583059681973e-03,3.616925746427300178e-03,3.597418022526232845e-03,3.669870691299631244e-03,3.653767627938945238e-03,3.568212708844274803e-03,3.667163688112257472e-03,3.625522311267758910e-03,3.563749825755231290e-03,3.728007163269157070e-03,3.631115277934010739e-03,3.807350094744296753e-03,3.770967013983216563e-03,3.699822170972179303e-03,3.639264831335690953e-03,3.666188935825894120e-03,3.748802179068660371e-03,3.693577102248709471e-03,3.542648239982216195e-03,3.698921505514928508e-03,3.616619849221467189e-03,3.540038362018816526e-03,3.750790987531484912e-03,3.594274835929938718e-03,3.567076803866444084e-03,3.672704596429478881e-03,3.675646451917568766e-03,3.570436782134978927e-03,3.578934075912467479e-03,3.659180103795111119e-03,3.681343332943085109e-03,3.764288828290864031e-03,3.639588048923474237e-03,3.650297557600551499e-03,3.644397163691571757e-03,3.721379563166822557e-03,3.616310467825695468e-03,3.679274251299568567e-03,3.621597264112979154e-03,3.762068252381705735e-03,3.727989077013299079e-03,3.669820111999998972e-03,3.599602363835588750e-03,3.644192731413261645e-03,3.564305854533390480e-03,3.671120779898319041e-03,3.622927075858155439e-03,3.702704097774307986e-03,3.652675681711234964e-03,3.627030102625256654e-03,3.701793286051989918e-03,3.531306392289516958e-03,3.643818288885621211e-03,3.718548112172369389e-03,3.634055740109689864e-03,3.709498937224082939e-03,3.634978648501660872e-03,3.819675766014590541e-03,3.765284858761072054e-03,3.658105631946120036e-03,3.741152178136154024e-03,3.656848669128841180e-03,3.623010357699579884e-03,3.596715043310122744e-03,3.684126770258901607e-03,3.741995423926802213e-03,3.703380540249348769e-03,3.561665565827528378e-03,3.566720136828726521e-03,3.614351979487198403e-03,3.693598768745204840e-03,3.648373550975653450e-03,3.659934192640735932e-03,3.601509558707257676e-03,3.552349656449300952e-03,3.743566632402335181e-03,3.742178813191624365e-03,3.619696919280418219e-03,3.656232451953476091e-03,3.619080529912000344e-03,3.618605794795537109e-03,3.609090513864498823e-03,3.705314336401816476e-03,3.656033265363437326e-03,3.736173278035798129e-03,3.539250295769236221e-03,3.691450127161895363e-03,3.800381894187433111e-03,3.690227474519498264e-03,3.701372628276442239e-03,3.749993928934955076e-03,3.706150044120248323e-03,3.786224725681563812e-03,3.606175401142773605e-03,3.617205055945265420e-03,3.565024525518007120e-03,3.557475821124257611e-03,3.746975945728858552e-03,3.514289213676843882e-03,3.565546683522351299e-03,3.582746610168182407e-03,3.722476495248616592e-03,3.733351844867116576e-03,3.704970737086114504e-03,3.667773439783103637e-03,3.654952434951910800e-03,3.635099467133488717e-03
3.789539740236741016e-03,3.589306653277287741e-03,3.668586521274834651e-03,3.691539514326129621e-03,3.592033720851547842e-03,3.537000094720747952e-03,3.677206563118096995e-03,3.746597083980820076e-03,3.690011780092702660e-03,3.599602831855008411e-03,3.694843297223154247e-03,3.618208692577326580e-03,3.663004892192141433e-03,3.682096924084873879e-03,3.711954726570303870e-03,3.728947181935645186e-03,3.721596698319324867e-03,3.759644627120865140e-03,3.724537434273166893e-03,3.704239393089408475e-03,3.662450000340883825e-03,3.682586182840519046e-03,3.685678692144324885e-03,3.697209632753400369e-03,3.808993771114284506e-03,3.635181178053898798e-03,3.759419791215982010e-03,3.698151624589652783e-03,3.643453658522529965e-03,3.715093012930528217e-03,3.564692628838888027e-03,0.000000000000000000e+00,3.680982259468361037e-03,3.523278967654381016e-03,3.740579250687587828e-03,3.668589690965071929e-03,3.778611219261559726e-03,3.602853999697979825e-03,3.624553963256347926e-03,3.632665031056357772e-03,3.739504005764307699e-03,3.662410709727483438e-03,3.589019473834459666e-03,3.809946269419951879e-03,3.680323960079009016e-03,3.612961119286888564e-03,3.744231879872795491e-03,3.758028852013299385e-03,3.642410642048003744e-03,3.629731766686344809e-03,3.605368485848679718e-03,3.621099143212790170e-03,3.544518874709112841e-03,3.730544513628939428e-03,3.481547656012929509e-03,3.695498924526088250e-03,3.732053889447862517e-03,3.749135157032313596e-03,3.657570375382455333e-03,3.591961123349500604e-03,3.602435107159903532e-03,3.641098337309857293e-03,3.740438813370786098e-03,3.654639462753720217e-03,3.529893129159182141e-03,3.750671843707973838e-03,3.661728442198120947e-03,3.674041467877360405e-03,3.693808861193831339e-03,3.644561280618557192e-03,3.647137864569731727e-03,3.730740012888974361e-03,3.547261653726126954e-03,3.602871461963114141e-03,3.650192067570701224e-03,3.697444268074255753e-03,3.619290901839084147e-03,3.726668590760414800e-03,3.570556374472528410e-03,3.617834182144257036e-03,3.652668818781615399e-03,3.601070784838644213e-03,3.623496971639113707e-03,3.596954729874174417e-03,3.630960624328511983e-03,3.719730229660562788e-03,3.587797118149487364e-03,3.688477187970588649e-03,3.666281757626518780e-03,3.705784434640797907e-03,3.700619926037263842e-03,3.563378863154757163e-03,3.658293478368157547e-03,3.578925825717850593e-03,3.661721511036100749e-03,3.700198562108811783e-03,3.714790437050779180e-03,3.642271602828099381e-03,3.690873380221182561e-03,3.632155062194282035e-03,3.629277415476512766e-03,3.769723869208371075e-03,3.590997289572934060e-03,3.695215863516724663e-03,3.575505670456866330e-03,3.658542145428488566e-03,3.815098831021314103e-03,3.590291498968515606e-03,3.637855014382853584e-03,3.664589338920845596e-03,3.592841623315949900e-03,3.782150820195240033e-03,3.723479910009019119e-03,3.729893057843543507e-03,3.589775609957055694e-03,3.735329010774943344e-03,3.736421636649457298e-03,3.616669150013926935e-03,3.696295761223333549e-03,3.640492424605342586e-03,3.745714491867994933e-03,3.734692323126979126e-03,3.641177449453920044e-03,3.594328029932271872e-03,3.654794773528219614e-03,3.712071469824790131e-03,3.629964723468338903e-03,3.724958320284650366e-03,3.657775727710098172e-03,3.741801495445065077e-03,3.539469651484718551e-03,3.687042587896267442e-03,3.671878195598880356e-03,3.628741289410588374e-03,3.654108754737040755e-03,3.732234697639847439e-03,3.708538049706387382e-03,3.510899140465117453e-03,3.639835044304780016e-03,3.627769257422125155e-03,3.605200864155768889e-03,3.585679572042898330e-03,3.603376921208393136e-03,3.712165805611513172e-03,3.699897340784947305e-03,3.552283133225871570e-03,3.618833582391541796e-03,3.768465999156775468e-03,3.661974272770009402e-03,3.656276910197344548e-03,3.691736655374603694e-03,3.626745055781973454e-03,3.704648306833624970e-03,3.688880984609377821e-03,3.768360700012848580e-03,3.567955475008744836e-03,3.617470372237843648e-03,3.533889454260643551e-03,3.652762309159117947e-03,3.737547383332977691e-03,3.762104657815897729e-03,3.610396256348439963e-03,3.604529081467328089e-03,3.630765154106442658e-03,3.678786549866976466e-03,3.571374623690070933e-03,3.670765447867537206e-03,3.706249392611194425e-03,3.677204339145991995e-03,3.662342451008386741e-03,3.693936670172732074e-03,3.535198073750422249e-03,3.765007034625278675e-03,3.695032355366556498e-03,3.742973739557615802e-03,3.718590282667073692e-03,3.678777458319833302e-03,3.651101805303642693e-03,3.635441954836021120e-03,3.756626381611176142e-03,3.670217141700769098e-03,3.657881152650741853e-03,3.675639177112389067e-03,3.748370327462401813e-03,3.573526339920740473e-03,3.570520501797340863e-03,3.639181833498915733e-03,3.623266806834969482e-03,3.658296616517083162e-03,3.539617989431010758e-03,3.546522046386413243e-03,3.646607807750788625e-03
3.598298136042949250e-03,3.711311035719247128e-03,3.674111548508243903e-03,3.639080812644906061e-03,3.632913195587314775e-03,3.594866022846859334e-03,3.590725768359628433e-03,3.619863203890624510e-03,3.687706200198222813e-03,3.666923156767056685e-03,3.669794587324146443e-03,3.669780529017337405e-03,3.670973273853621321e-03,3.664236573523892409e-03,3.624209531671628796e-03,3.612432028292262686e-03,3.610247341594990163e-03,3.655000943917673453e-03,3.659414869462487840e-03,3.673668223286092899e-03,3.642545483059918092e-03,3.627877759966201352e-03,3.693093243623787100e-03,3.632817782336700621e-03,3.680442131703014728e-03,3.662382174376521519e-03,3.584375139110425323e-03,3.604476217220381994e-03,3.607521622963545151e-03,3.581266336291817360e-03,3.570137104371270010e-03,3.680982259468361037e-03,0.000000000000000000e+00,3.577493407882475791e-03,3.752366915943116093e-03,3.754537333157020700e-03,3.648409673839332883e-03,3.683950523981521872e-03,3.601874970310400305e-03,3.578751468475269235e-03,3.703598934211459279e-03,3.627226383610967098e-03,3.721039761640097549e-03,3.605941326719993168e-03,3.568417306203559847e-03,3.642963440377295758e-03,3.626106050326610968e-03,3.803616062805201693e-03,3.608933944862044874e-03,3.786917209390288416e-03,3.732636616106341839e-03,3.686048254007070080e-03,3.593657839755414179e-03,3.821726294515807257e-03,3.576847192674825933e-03,3.623838903033754430e-03,3.711782080897589684e-03,3.753350103160576785e-03,3.756621719335270955e-03,3.651937458382047228e-03,3.564156279583805507e-03,3.676528142166343889e-03,3.582161507992964906e-03,3.734303109756908871e-03,3.576376406887576184e-03,3.563236360065997858e-03,3.720924134225056003e-03,3.723947605228700077e-03,3.542547490942631657e-03,3.712237251660532866e-03,3.672695758916081146e-03,3.626731855812254188e-03,3.771539419210991409e-03,3.696707461904711559e-03,3.677195912388396028e-03,3.750136499687985701e-03,3.685868992554997090e-03,3.639442645217494995e-03,3.649404789954057652e-03,3.816776479724831497e-03,3.703104503365227135e-03,3.582602638166155172e-03,3.712300185280216491e-03,3.641034343307157032e-03,3.625667925851882526e-03,3.644234742206247518e-03,3.582359915762747121e-03,3.777051089889024629e-03,3.736199937129628182e-03,3.583376521681292011e-03,3.623353367380996448e-03,3.677753380215403618e-03,3.631334333192064168e-03,3.598548442005794403e-03,3.750939174698727716e-03,3.713445232764895580e-03,3.635173299837608958e-03,3.571365362111431074e-03,3.578209928846692433e-03,3.693901397704908371e-03,3.620857442009330074e-03,3.617359534198144599e-03,3.584595606471306217e-03,3.722255796679058929e-03,3.676090569356672399e-03,3.654911289347410452e-03,3.867859585662851082e-03,3.550253301801231318e-03,3.682766662507754030e-03,3.753642184517204210e-03,3.651061980880619933e-03,3.717302779673235715e-03,3.659617144844285862e-03,3.683275245653515936e-03,3.572538243109482300e-03,3.711628454957250928e-03,3.655298148882516092e-03,3.629710438360274696e-03,3.593483012419012180e-03,3.735609056236605628e-03,3.599585579507198069e-03,3.701295142061562012e-03,3.603498798837216979e-03,3.604433307256130030e-03,3.647052995235046304e-03,3.750957535693004354e-03,3.634264348080297122e-03,3.665141408049584805e-03,3.667554972248720287e-03,3.639759526466664757e-03,3.745806925867702347e-03,3.651924056593669390e-03,3.636674364262288631e-03,3.542008557048433124e-03,3.662806292405106426e-03,3.591628618381422812e-03,3.545736193015089441e-03,3.652376304863077204e-03,3.586342191432373601e-03,3.670310181012825367e-03,3.692398296592363464e-03,3.656808921836804914e-03,3.610689663861635628e-03,3.816793657171986716e-03,3.726276835512072443e-03,3.693236889459163789e-03,3.649478468509321019e-03,3.728102754534372981e-03,3.746822572564695222e-03,3.762766728452716404e-03,3.612623910937138791e-03,3.595836177089253242e-03,3.713682391371074271e-03,3.705082675675452821e-03,3.736873373150140058e-03,3.581374614762497435e-03,3.568988876680173269e-03,3.605010206659628718e-03,3.709932993467507465e-03,3.837801444435774700e-03,3.585712139278416938e-03,3.585365567834530778e-03,3.698402485784598685e-03,3.601471174799631119e-03,3.752335040537600058e-03,3.714728629521460174e-03,3.780936504031542130e-03,3.852636455217010782e-03,3.677698509511690729e-03,3.640623903236002434e-03,3.720980663070723796e-03,3.692975940517896887e-03,3.677503133299959547e-03,3.769397198970107169e-03,3.669287161458782785e-03,3.654165718418680032e-03,3.647005213490316176e-03,3.618881554714014313e-03,3.580424318512928725e-03,3.591589512480105727e-03,3.569051265491863471e-03,3.759472213189072112e-03,3.677416408125820657e-03,3.649390105253826674e-03,3.597849537571847899e-03,3.794894591803207179e-03,3.661178012569189788e-03,3.596059483921637545e-03,3.672329197419219645e-03,3.705749787755102838e-03,3.624148188125820690e-03,3.583992946146525096e-03
3.643090744200935555e-03,3.667793194783460116e-03,3.632692705131411893e-03,3.686148298255238851e-03,3.718817000941230730e-03,3.769182603678405703e-03,3.746624182806454484e-03,3.679367126673170878e-03,3.644547449337121048e-03,3.747326028594640587e-03,3.622908911405563637e-03,3.535699088439493362e-03,3.635995616294994143e-03,3.724055924156835246e-03,3.753123415174457449e-03,3.684266275920617794e-03,3.577158627722603051e-03,3.762813859194726485e-03,3.746037901177126216e-03,3.631603049966959131e-03,3.646950075839687760e-03,3.627418615714898646e-03,3.650351214941393273e-03,3.746682758074082985e-03,3.612056896242545230e-03,3.635597492268659824e-03,3.637381406308569983e-03,3.567369174504534442e-03,3.671578303313823271e-03,3.671027938164748462e-03,3.707687029905520210e-03,3.523278967654381016e-03,3.577493407882475791e-03,0.000000000000000000e+00,3.576245282018630268e-03,3.703019449159245056e-03,3.659602960530741397e-03,3.584356874755076014e-03,3.661423598330525771e-03,3.762225161717249518e-03,3.578619833643338719e-03,3.643987129102657825e-03,3.657712308295871500e-03,3.567053110954463650e-03,3.621318543264247496e-03,3.661110221238084248e-03,3.552574785901584011e-03,3.698820160243947684e-03,3.606075127093965813e-03,3.633169240785258814e-03,3.688567255669797634e-03,3.586474141554270127e-03,3.724972499457108489e-03,3.590364627976814615e-03,3.801120783924704944e-03,3.697282096232764898e-03,3.723267195308460533e-03,3.618922746218603947e-03,3.606854590042995849e-03,3.658167753240059231e-03,3.778832855895657497e-03,3.688287507184775244e-03,3.682842016568782777e-03,3.573291000657154593e-03,3.658976864262917291e-03,3.684874115383361595e-03,3.739173287286833361e-03,3.694301737265085449e-03,3.758447688437121376e-03,3.612100408875259204e-03,3.637675971896762225e-03,3.646356765740600605e-03,3.630774523496642977e-03,3.637211159621940668e-03,3.774091309498227645e-03,3.640280347051798402e-03,3.699876346504233238e-03,3.697629832428152470e-03,3.670207061073021623e-03,3.557947018026909498e-03,3.599280531653359632e-03,3.674591680043334634e-03,3.689090928415834133e-03,3.793844323930616047e-03,3.643392097427321490e-03,3.567759720916725396e-03,3.721150484699486602e-03,3.604503754216166304e-03,3.650169322921122984e-03,3.635652826000812087e-03,3.483595033801044783e-03,3.658848908271265625e-03,3.630996201803810258e-03,3.588028756665036234e-03,3.731582461773160289e-03,3.672247758874057789e-03,3.656923554219020361e-03,3.727529771305010571e-03,3.637739499990853050e-03,3.681684990401138877e-03,3.808720366581824172e-03,3.730547342364423560e-03,3.791909575991419482e-03,3.665948176304344858e-03,3.643779097258829664e-03,3.690603180293648266e-03,3.536307358879261196e-03,3.707885033239907095e-03,3.800805124362560596e-03,3.594049805389093293e-03,3.682618382480254415e-03,3.634956747523799322e-03,3.641906573594551506e-03,3.659483509678375292e-03,3.623474709887393886e-03,3.744632547632242847e-03,3.717651595933003667e-03,3.591116564015644184e-03,3.715599692807355307e-03,3.699975375023089718e-03,3.777489057296996768e-03,3.726609146299703339e-03,3.573394372984234346e-03,3.636586644785608398e-03,3.603549836320016440e-03,3.686886119750580441e-03,3.576497407246868269e-03,3.739861222994468083e-03,3.650555332603095879e-03,3.548337933977745769e-03,3.581561471241880620e-03,3.728617597978510501e-03,3.674399464282016546e-03,3.621438408128875141e-03,3.795351418166429194e-03,3.747170435429401057e-03,3.756323815400865532e-03,3.740564832342532179e-03,3.729581160616047848e-03,3.537033797417694567e-03,3.661023279751986995e-03,3.688877570901960817e-03,3.686542179696289650e-03,3.714471310782424974e-03,3.671032449185297319e-03,3.689141238041809736e-03,3.687336349537903221e-03,3.592550042936869682e-03,3.666795659722843666e-03,3.607133135644774273e-03,3.639342637973328951e-03,3.635224322369462122e-03,3.762562852317484930e-03,3.690645630368885773e-03,3.658235013905753417e-03,3.687554795802013702e-03,3.615337287543548151e-03,3.756458223706825045e-03,3.628281679646433010e-03,3.563661849365303436e-03,3.698254541124385529e-03,3.672580088825341989e-03,3.648650283593355206e-03,3.730154327080859641e-03,3.588501812486107057e-03,3.656268440249261370e-03,3.585348733180669743e-03,3.652545041873516470e-03,3.655147765339711828e-03,3.713703333367182873e-03,3.655892645328952164e-03,3.686476814619528680e-03,3.571994152817801159e-03,3.725089483293678953e-03,3.659445569831003449e-03,3.582784636074849791e-03,3.633458516585736427e-03,3.526705523020770561e-03,3.573641017445432482e-03,3.693692435513074111e-03,3.714518324154333570e-03,3.634968287236574076e-03,3.522349367599871255e-03,3.676735668744897552e-03,3.594860349376914621e-03,3.695877125893329805e-03,3.694299404160238109e-03,3.676214926866254451e-03,3.701474303024152382e-03,3.681984611086935952e-03,3.703953470320141619e-03,3.594744610417195500e-03
3.684186191470119592e-03,3.674253916815851690e-03,3.576200208041377393e-03,3.548163882851297721e-03,3.670468081958396748e-03,3.522815100695538167e-03,3.579808053320787751e-03,3.683525729628796177e-03,3.664728362773859039e-03,3.679751877174849885e-03,3.700107555568223593e-03,3.601893260615570466e-03,3.640513735996537322e-03,3.651449494053659716e-03,3.705037151329860102e-03,3.676807443848306885e-03,3.675683716354781819e-03,3.719753786602685887e-03,3.678587977861098608e-03,3.695304164318032655e-03,3.625371372986312905e-03,3.534245198709619600e-03,3.691954277016058859e-03,3.587673195661573739e-03,3.624964771519494176e-03,3.655728316486456415e-03,3.662996008563083362e-03,3.590310427366609318e-03,3.673119330274054930e-03,3.674755914633994446e-03,3.529021206923982964e-03,3.740579250687587828e-03,3.752366915943116093e-03,3.576245282018630268e-03,0.000000000000000000e+00,3.588215744903460597e-03,3.731816031205953833e-03,3.587487529701573283e-03,3.643514625760823408e-03,3.641394926442407219e-03,3.614183069220258410e-03,3.679095714813266152e-03,3.711533563023838422e-03,3.675773030503944223e-03,3.650487219895609103e-03,3.744285154971407643e-03,3.785028549347028114e-03,3.676045531197396580e-03,3.644801539539511623e-03,3.698816595010646826e-03,3.788395789393377445e-03,3.650308092376845000e-03,3.698059433344375209e-03,3.705798895083340511e-03,3.628415797973576825e-03,3.702094229433725014e-03,3.728469950675769758e-03,3.869194525540199745e-03,3.757175306421770087e-03,3.631424585998154798e-03,3.689457085184607351e-03,3.602528216825853086e-03,3.668377795617401398e-03,3.696096972125637644e-03,3.648444318477253069e-03,3.855713620907782850e-03,3.688762879860012917e-03,3.710664250186915692e-03,3.620308432492861002e-03,3.712745890106072550e-03,3.581370153842609611e-03,3.730810019801563803e-03,3.670283627670232508e-03,3.627092900829726949e-03,3.679411192024849633e-03,3.726120670360458850e-03,3.626802011776500065e-03,3.697565144013518438e-03,3.692662913485033910e-03,3.634584727894233768e-03,3.701704760132404175e-03,3.686891027387237309e-03,3.675092936031591675e-03,3.739664453443165143e-03,3.646108385332406075e-03,3.730951785453471073e-03,3.567697706908361157e-03,3.773648748668236453e-03,3.617950402889932773e-03,3.672281642988539044e-03,3.633424763356613279e-03,3.597316949128209762e-03,3.562904900056567889e-03,3.679654791533225767e-03,3.713038333535611558e-03,3.781783071082676570e-03,3.549544129876051717e-03,3.420962439532691107e-03,3.623943009241732509e-03,3.661123705238838750e-03,3.628243176571961225e-03,3.716974405337803312e-03,3.653233301810462127e-03,3.700747037854727056e-03,3.644243241509814019e-03,3.841025793814966532e-03,3.692763497688005773e-03,3.685306091878013182e-03,3.628660690987313506e-03,3.675881191332473936e-03,3.642083230328530506e-03,3.781636680710263442e-03,3.640217455895697340e-03,3.590464939192584623e-03,3.585774024782819799e-03,3.662461636994042685e-03,3.650868796020318927e-03,3.583573660332229054e-03,3.614474201611598408e-03,3.810919236650715802e-03,3.596405694688279558e-03,3.631917136379587008e-03,3.622964170379349303e-03,3.576176646849638010e-03,3.780318111413179423e-03,3.658798116976141879e-03,3.584234194856818125e-03,3.647410633868729875e-03,3.747685404974284741e-03,3.658074640449691852e-03,3.623321428181235787e-03,3.584951520043031491e-03,3.669843928771880908e-03,3.638589457768127457e-03,3.631901223431129814e-03,3.620610596334827673e-03,3.701448028823444043e-03,3.598739124464601490e-03,3.689442214341059467e-03,3.571115244363150081e-03,3.709966407913562175e-03,3.559862986660110393e-03,3.621499240476902092e-03,3.571648399682268368e-03,3.681143497547192684e-03,3.628491180010505815e-03,3.619404322574887919e-03,3.759384029368104032e-03,3.676046973390743964e-03,3.655406229516201116e-03,3.713897852483779172e-03,3.597902442341545815e-03,3.631365172451532335e-03,3.648399886941970476e-03,3.727370477058690110e-03,3.489127555935228695e-03,3.593307420620817268e-03,3.601686300360130207e-03,3.693779059511636403e-03,3.715616586539790839e-03,3.649299202539123439e-03,3.548710540847102406e-03,3.692710562530524421e-03,3.661545091964961678e-03,3.695456406322091599e-03,3.685694568913104336e-03,3.690970457609785149e-03,3.766818755646860091e-03,3.630253098276366164e-03,3.604244475905342415e-03,3.741571400698908041e-03,3.521266393621987328e-03,3.680449024580977144e-03,3.710115451989903345e-03,3.634963419023536958e-03,3.570175980397136822e-03,3.693058841193304614e-03,3.802256017364268829e-03,3.712932649665200060e-03,3.629386523073359003e-03,3.736067847798943495e-03,3.767306995411113125e-03,3.655313711049606659e-03,3.716976672866950399e-03,3.725249951193982442e-03,3.775682256102300648e-03,3.632851417144816394e-03,3.629462832208466602e-03,3.546525973550981609e-03,3.706473475238107173e-03,3.665816951405938100e-03,3.610309122609768606e-03
3.784425149066077739e-03,3.811166157083083466e-03,3.586286662119826142e-03,3.765530952193099981e-03,3.714354789703579011e-03,3.687250275297872595e-03,3.670724632521149382e-03,3.623823194086513329e-03,3.594462155940571745e-03,3.607494714183747883e-03,3.638108506232735993e-03,3.719371486319653346e-03,3.611472029276852763e-03,3.602391433146861187e-03,3.563802418499947833e-03,3.613567016388699246e-03,3.600398868195482834e-03,3.632704369189485461e-03,3.640014625732653636e-03,3.632624477465018573e-03,3.732593034183171680e-03,3.538113987551110614e-03,3.701137174818197855e-03,3.590179682652577895e-03,3.673921366417568727e-03,3.684307676643793026e-03,3.664712010346496320e-03,3.738805835570992598e-03,3.617301303169778628e-03,3.737625337685836820e-03,3.679361851403609857e-03,3.668589690965071929e-03,3.754537333157020700e-03,3.703019449159245056e-03,3.588215744903460597e-03,0.000000000000000000e+00,3.606102693751678853e-03,3.714491816769670014e-03,3.592305996477572396e-03,3.666252878660245743e-03,3.634413968029012384e-03,3.580869217984137230e-03,3.594413425026544203e-03,3.602772092585564828e-03,3.659993220009754612e-03,3.711915637401843205e-03,3.617593033685487670e-03,3.603381693846881978e-03,3.651086497328041164e-03,3.599227299877854735e-03,3.651440835393315442e-03,3.593002802819263413e-03,3.734230104641642414e-03,3.672231432477249084e-03,3.705084051946855219e-03,3.626975066922314209e-03,3.609496720583098631e-03,3.613756018870342441e-03,3.677481101922222204e-03,3.722899085004030290e-03,3.716530627792530642e-03,3.684163953946282492e-03,3.659204266425200580e-03,3.709007747921396966e-03,3.622376390492118743e-03,3.572564739606102352e-03,3.699614248511056726e-03,3.792198026307917313e-03,3.685112709923872229e-03,3.622430549442071969e-03,3.757990688887811494e-03,3.718614462619505932e-03,3.746995638610458711e-03,3.666631144409190825e-03,3.656846121267168671e-03,3.723245519379588409e-03,3.555801444413486407e-03,3.678804606637989770e-03,3.616775110047940403e-03,3.647201439097440354e-03,3.658801951887560681e-03,3.642061274612217337e-03,3.686264328079283652e-03,3.637890825337371323e-03,3.617557936401730439e-03,3.630493792802740819e-03,3.667698370476242618e-03,3.691471116666120763e-03,3.644859890664763156e-03,3.622667115437643373e-03,3.559308992181753166e-03,3.671001552333488099e-03,3.767279377939727371e-03,3.822779316126634092e-03,3.677525700447294415e-03,3.673176709410724394e-03,3.627070505095469823e-03,3.765030857735959455e-03,3.572125910924116299e-03,3.711654268948295487e-03,3.671237831619398283e-03,3.684771603615987802e-03,3.631070223993126261e-03,3.613283080430779344e-03,3.684197455244276470e-03,3.694740948892248807e-03,3.601041617391060722e-03,3.587099573409362804e-03,3.723589646316639769e-03,3.613216085148852636e-03,3.773781892205078838e-03,3.756224924962632376e-03,3.616076552023786243e-03,3.602255862850541838e-03,3.733465188652780944e-03,3.620919817032681315e-03,3.651205904628690782e-03,3.674017384437206369e-03,3.638714122130133621e-03,3.624983437777095415e-03,3.705446910294351442e-03,3.751300955902065349e-03,3.637641628496667522e-03,3.628902195033194278e-03,3.714841010469820733e-03,3.732465749209318631e-03,3.649264018312440259e-03,3.565863582504014053e-03,3.629642728804739846e-03,3.545922093960929711e-03,3.642839522709072787e-03,3.612195395105486859e-03,3.649676758939593164e-03,3.671689405980789900e-03,3.656762084234213388e-03,3.560303900370114741e-03,3.646251760254101953e-03,3.612238940602187105e-03,3.639072108216631976e-03,3.638389589407020706e-03,3.624014301699692627e-03,3.730325717652331272e-03,3.644721602986383119e-03,3.707103879827961575e-03,3.893897902188497417e-03,3.701751482705062640e-03,3.620195622805468753e-03,3.607514310831319050e-03,3.745395938820329524e-03,3.684527785452736213e-03,3.683788258365246638e-03,3.620261300905044857e-03,3.647851844528986372e-03,3.724951950113548817e-03,3.821591217938937780e-03,3.690503375701912649e-03,3.656210501683466486e-03,3.661236912757188846e-03,3.640096897300792913e-03,3.714473142296911921e-03,3.588531664149202920e-03,3.667528674467106925e-03,3.682889737188185450e-03,3.549536105782126819e-03,3.658823376234780593e-03,3.693784360378949642e-03,3.650374063026483405e-03,3.655360771475821887e-03,3.663695349548413017e-03,3.771086581616766350e-03,3.675271844710994214e-03,3.690933068668139725e-03,3.826004214334680683e-03,3.757323355195780253e-03,3.626582154912716491e-03,3.632376144433609264e-03,3.705319289805717071e-03,3.595795172899893342e-03,3.668555225927545328e-03,3.736973196994983031e-03,3.608882206064781013e-03,3.635976520776215953e-03,3.700386593391149104e-03,3.573362488594832628e-03,3.586743044058002348e-03,3.611442540205004725e-03,3.708322322456730595e-03,3.633003404408735766e-03,3.688345918386601568e-03,3.591824010023976412e-03,3.635240646186946919e-03,3.663347400755293058e-03
3.680317434681617747e-03,3.536922315780420111e-03,3.679117175097594387e-03,3.740461349741085097e-03,3.699973626274984193e-03,3.563881579512879604e-03,3.767996463752764508e-03,3.723194813377370647e-03,3.645228170106548562e-03,3.569855121830652154e-03,3.728391225765058294e-03,3.713430148540840855e-03,3.642389948037988608e-03,3.604902456265132987e-03,3.700540437708300153e-03,3.703639219460865602e-03,3.697860352930625993e-03,3.682198780824419253e-03,3.723113565037715084e-03,3.625041203926010480e-03,3.613764072446737623e-03,3.688374181878601062e-03,3.624944727925766708e-03,3.633246907415117136e-03,3.686452399340976738e-03,3.628860261699874690e-03,3.736818528848686021e-03,3.645859073598684864e-03,3.721397827317887361e-03,3.654341337308102209e-03,3.735491919111354805e-03,3.778611219261559726e-03,3.648409673839332883e-03,3.659602960530741397e-03,3.731816031205953833e-03,3.606102693751678853e-03,0.000000000000000000e+00,3.683768113560607557e-03,3.700157252064571398e-03,3.632528298526203642e-03,3.710385872046335388e-03,3.648753318026945729e-03,3.610985903988250725e-03,3.691647247656812750e-03,3.707791107764464231e-03,3.629135508878279272e-03,3.730397934739329655e-03,3.679463049278662318e-03,3.629403261191506587e-03,3.717537428903718022e-03,3.543519919863762167e-03,3.660351823971249793e-03,3.637148501134606238e-03,3.739126260982850516e-03,3.628060296007016433e-03,3.645887781332381606e-03,3.642517543434550895e-03,3.712937692270381132e-03,3.705932790209104204e-03,3.650616942570833207e-03,3.800442698585976622e-03,3.601183074854570013e-03,3.624823937005056552e-03,3.648946852764657633e-03,3.556799128143407589e-03,3.640321057577735730e-03,3.607400401290069072e-03,3.727129534926797334e-03,3.587776717858320950e-03,3.574662868121903942e-03,3.587254501017989473e-03,3.551474345826874726e-03,3.656742179923429606e-03,3.783084063056116678e-03,3.622401422184968762e-03,3.666395892410178551e-03,3.695415752381863046e-03,3.747490677468374391e-03,3.685193339200983076e-03,3.607688699209809363e-03,3.629361658988564457e-03,3.615563947741688537e-03,3.640254326223107441e-03,3.690028391161645320e-03,3.603311941432018380e-03,3.523979110581137129e-03,3.554640961349633550e-03,3.546808480039963327e-03,3.632385458132513824e-03,3.743935699261541350e-03,3.788244727286850608e-03,3.582977104250410164e-03,3.725435190787199438e-03,3.622839603686877491e-03,3.809757370748605848e-03,3.774959017153988339e-03,3.672705102625606430e-03,3.692426680197309023e-03,3.662482905083963396e-03,3.710564731333040964e-03,3.655058332005745470e-03,3.702714155588793764e-03,3.574614697975357462e-03,3.694137679708384744e-03,3.697386161030595097e-03,3.594562320190035441e-03,3.667261382558982975e-03,3.741826772174007207e-03,3.683325223607078480e-03,3.623948313096844991e-03,3.673776028865049798e-03,3.569972031440943848e-03,3.683426733183186100e-03,3.694229269173256430e-03,3.706158993785498099e-03,3.621764035725308535e-03,3.699616814932551751e-03,3.636080512277034462e-03,3.625250739628678616e-03,3.633567740518512702e-03,3.675334208449840875e-03,3.719270761863176494e-03,3.750819691933964840e-03,3.698670331085506489e-03,3.683872960583871054e-03,3.693810143563421629e-03,3.638398501726897161e-03,3.631599896662350817e-03,3.526762941259923428e-03,3.710102895277506054e-03,3.596575100174347409e-03,3.737642461170791446e-03,3.726787491316765118e-03,3.698089636473728212e-03,3.597928833086274682e-03,3.683082399050364650e-03,3.641798157011422871e-03,3.702045874589986532e-03,3.675782918570953944e-03,3.631165030026460919e-03,3.724878065535446470e-03,3.604754399534986636e-03,3.721644349159219413e-03,3.599143350982508642e-03,3.599646543240101089e-03,3.577830111336570331e-03,3.638317630747271974e-03,3.709408447712711932e-03,3.600253842997651593e-03,3.632475331396293680e-03,3.685974670754031592e-03,3.802021687680611287e-03,3.732593883580343202e-03,3.591401303289166059e-03,3.671474053273988177e-03,3.660106488249180445e-03,3.655000180647354109e-03,3.657785973003990516e-03,3.721844895221001689e-03,3.681718206955314921e-03,3.672272993167078822e-03,3.626051813495091963e-03,3.724308442079982389e-03,3.590279172518390672e-03,3.699998137446439128e-03,3.631372992845423829e-03,3.717890108249095188e-03,3.687315471196249157e-03,3.696654718097098884e-03,3.627970253772537165e-03,3.676667859378925009e-03,3.695421768525198724e-03,3.651873712727947332e-03,3.597372852077893642e-03,3.681294969169753451e-03,3.622150065909092182e-03,3.656579873814580668e-03,3.604126407798849841e-03,3.672452639322987007e-03,3.652776501239018113e-03,3.607638824783358181e-03,3.690943505809151422e-03,3.657889761184357404e-03,3.577199152423775515e-03,3.623564930606118766e-03,3.615466788499263184e-03,3.679394670724885682e-03,3.652471013438168563e-03,3.691019606845349823e-03,3.691461927726717978e-03,3.653550598227284750e-03,3.643803256080053142e-03
3.707469156943009065e-03,3.655527445620179207e-03,3.594167527039848504e-03,3.614356433937947199e-03,3.692445867132404438e-03,3.713332637191386638e-03,3.558187193496531280e-03,3.646841291201940657e-03,3.716913744162234513e-03,3.662667819127213200e-03,3.677393431670462551e-03,3.821183038584033236e-03,3.663151972725425289e-03,3.572418137118678338e-03,3.576021390621797035e-03,3.678507781339713546e-03,3.689103721813199056e-03,3.662016234289194958e-03,3.660069107717207285e-03,3.591195828251091560e-03,3.697273455420883349e-03,3.742617752736958434e-03,3.638540904646779799e-03,3.674717283315128823e-03,3.701107542004486786e-03,3.643551324454821164e-03,3.685556715521834045e-03,3.723907817078941224e-03,3.640881317404893493e-03,3.594389738206623351e-03,3.622784694179049733e-03,3.602853999697979825e-03,3.683950523981521872e-03,3.584356874755076014e-03,3.587487529701573283e-03,3.714491816769670014e-03,3.683768113560607557e-03,0.000000000000000000e+00,3.659084276897741662e-03,3.721471148193825334e-03,3.607254670889304890e-03,3.666270869670087799e-03,3.664812729753304157e-03,3.612146013349454461e-03,3.637142670775663639e-03,3.726518709056183837e-03,3.676998561014595355e-03,3.600248925382124564e-03,3.670781738079689511e-03,3.732674222183331256e-03,3.545350226135160574e-03,3.730291846517055834e-03,3.652825760610065118e-03,3.606955351399404163e-03,3.632329367429949427e-03,3.663186155952076906e-03,3.623319933559606201e-03,3.729690934321682871e-03,3.604292778354467510e-03,3.545166154298368989e-03,3.743580452903337921e-03,3.684978967514224765e-03,3.658720388664292878e-03,3.726843120371475891e-03,3.659303933909318404e-03,3.655712294280802181e-03,3.727061594124404451e-03,3.692039440674576515e-03,3.681284527059951184e-03,3.666837578414215010e-03,3.692105631037111667e-03,3.630991190565029114e-03,3.718540938991239577e-03,3.641448791552475729e-03,3.558149340807563194e-03,3.522700755317740347e-03,3.555469244866747442e-03,3.631776181731927872e-03,3.595647931790946477e-03,3.599226638524890588e-03,3.595406942542061970e-03,3.624067480545739399e-03,3.725860147032834368e-03,3.585337891628372770e-03,3.587640307989801644e-03,3.733440736143440238e-03,3.672038984064912321e-03,3.768745765037839496e-03,3.711133325285832264e-03,3.627863826268577698e-03,3.676035123750177446e-03,3.657944070556882164e-03,3.775424242246485772e-03,3.645193841951060651e-03,3.708438440987088958e-03,3.727360926789678296e-03,3.715799654670563085e-03,3.639435699207825212e-03,3.723534816292459106e-03,3.707776097953685394e-03,3.588757363070613649e-03,3.633886385472506145e-03,3.666849056646464232e-03,3.620993394679871552e-03,3.679824028893050655e-03,3.591777612897154026e-03,3.589652642303208917e-03,3.569916969816767059e-03,3.548791685496551808e-03,3.612902048151019931e-03,3.712891730950552971e-03,3.791603135285782303e-03,3.746238276956154883e-03,3.674477574012040802e-03,3.645503415307040519e-03,3.727651169692065749e-03,3.665432154274665243e-03,3.656947124532923706e-03,3.822237869984197994e-03,3.669745665577607216e-03,3.691995127235950074e-03,3.598329845610719838e-03,3.723267690573204679e-03,3.511328491648759223e-03,3.715492957640242639e-03,3.753769773209914180e-03,3.744313957191486211e-03,3.645292945892206638e-03,3.707700650587804087e-03,3.586315064630459914e-03,3.592887165691489512e-03,3.656180670916903824e-03,3.560703954046789185e-03,3.657338846638073446e-03,3.677412620872454706e-03,3.672216372166859678e-03,3.603623348692789729e-03,3.638211083894729407e-03,3.688738930483391291e-03,3.682890475140481942e-03,3.620618753932501859e-03,3.679406174181850449e-03,3.594080700660991397e-03,3.606837757621017028e-03,3.786729744382728597e-03,3.570278932160537641e-03,3.667658630677043865e-03,3.664737740607089053e-03,3.670177543776137995e-03,3.631898437299164919e-03,3.654763340706717288e-03,3.690711272754731726e-03,3.838053049364164790e-03,3.687992681213484673e-03,3.791996212008017213e-03,3.626146621005734913e-03,3.696564110549558930e-03,3.655676205872918170e-03,3.743703189714537617e-03,3.719363803371037933e-03,3.613142828691957679e-03,3.668589367885348364e-03,3.603769233161009753e-03,3.552718638175128910e-03,3.734524278823763040e-03,3.571366630114397589e-03,3.770940890907282812e-03,3.668362734890117608e-03,3.678919817400886239e-03,3.657481259988757706e-03,3.647849647348457274e-03,3.600582969410307411e-03,3.713474762967812655e-03,3.696692207380565965e-03,3.675026912705491120e-03,3.676346297192505889e-03,3.669810716195920624e-03,3.703013697609659066e-03,3.725458003552669511e-03,3.729052114921077056e-03,3.589158285439138750e-03,3.716748028635248006e-03,3.668294016174594979e-03,3.591868324312049669e-03,3.680850934376898604e-03,3.655482416162426831e-03,3.596151434652652967e-03,3.674961732217796838e-03,3.637239654861522658e-03,3.707054415873771176e-03,3.737501718133855611e-03,3.674026103776653011e-03
3.591788143514469678e-03,3.679747228995001920e-03,3.690231612579131498e-03,3.690569294751694721e-03,3.594294408260199133e-03,3.517672550523459184e-03,3.710580581069373388e-03,3.672419229796789787e-03,3.741035540218368063e-03,3.688971014256169252e-03,3.564745659190901757e-03,3.658951369917905032e-03,3.628790112100548255e-03,3.663607233686695143e-03,3.622705646306439292e-03,3.708815368702105160e-03,3.743919986583166357e-03,3.747084365334325644e-03,3.785670297192070960e-03,3.551453370248779107e-03,3.572633052074911195e-03,3.678928200945012945e-03,3.662296019647772339e-03,3.654486309951556801e-03,3.611156137126006645e-03,3.727773676214040689e-03,3.718852084731780108e-03,3.624792302662140087e-03,3.845362141379652949e-03,3.665266254123837782e-03,3.693075579052433697e-03,3.624553963256347926e-03,3.601874970310400305e-03,3.661423598330525771e-03,3.643514625760823408e-03,3.592305996477572396e-03,3.700157252064571398e-03,3.659084276897741662e-03,0.000000000000000000e+00,3.617876214342774770e-03,3.531554923371977520e-03,3.628487810006054970e-03,3.654927328829654133e-03,3.632329016296936570e-03,3.654024686695600630e-03,3.596556082592232417e-03,3.629681244094835543e-03,3.569215035581870064e-03,3.593367770288432086e-03,3.710012977015148417e-03,3.678323249858421115e-03,3.842620970652940119e-03,3.582379986130324219e-03,3.656371833558285604e-03,3.608327183708362040e-03,3.755962760881405467e-03,3.793992785656470374e-03,3.703316513108953663e-03,3.675931952994977107e-03,3.574006020561256488e-03,3.669605320685537849e-03,3.730919204373244532e-03,3.581456525951133996e-03,3.610277372612648045e-03,3.656222341577225043e-03,3.705572067171267105e-03,3.612182625480341806e-03,3.626774548208790139e-03,3.641443125845587707e-03,3.712842763462044504e-03,3.698608571919318258e-03,3.605014506285660232e-03,3.629457151555775304e-03,3.621885157622670593e-03,3.562303801068152954e-03,3.642652156015509235e-03,3.568370277769007410e-03,3.774703311932330572e-03,3.630882268277439099e-03,3.559315685881836097e-03,3.636037952624268915e-03,3.686786427282972081e-03,3.775407225955094634e-03,3.814466043408854500e-03,3.604510194142827254e-03,3.601929305496786964e-03,3.664341828327991480e-03,3.710722302930072585e-03,3.548838004996008721e-03,3.854413517620422329e-03,3.712012795870169024e-03,3.485354472527359658e-03,3.654778865106693767e-03,3.636650948611643182e-03,3.756402023545179526e-03,3.637434479529333495e-03,3.650047998608603808e-03,3.653928442226365200e-03,3.602331521512236023e-03,3.733894212562674248e-03,3.658327643694927935e-03,3.613697846958002780e-03,3.691885064731315579e-03,3.675344098674918156e-03,3.619876550509347046e-03,3.662348995532823878e-03,3.588586004741693529e-03,3.731631784596576955e-03,3.714611846742635250e-03,3.644154861494699506e-03,3.583651178914510575e-03,3.615994880219023516e-03,3.691720501332530074e-03,3.711792580914503349e-03,3.712854061149285963e-03,3.516979785075414339e-03,3.649508806075484231e-03,3.587679449484312052e-03,3.579302484386653101e-03,3.619872215122210517e-03,3.540050887616926888e-03,3.572958725777425782e-03,3.702362764326688153e-03,3.576141251091512728e-03,3.611839456403385072e-03,3.615832767011208267e-03,3.751945159080066847e-03,3.571621111214500367e-03,3.867019890749623552e-03,3.648832027377973009e-03,3.697288996692633337e-03,3.780621549695330555e-03,3.661323062490248401e-03,3.816995216045833677e-03,3.654309245470178154e-03,3.702322632054768844e-03,3.668810401078456251e-03,3.672594096152161699e-03,3.683605599227637514e-03,3.622365739665599389e-03,3.748076394508764123e-03,3.712126520395234771e-03,3.651633220172101086e-03,3.549039563971929847e-03,3.694050868864423489e-03,3.678728591173161672e-03,3.506325100815478168e-03,3.738900198896116887e-03,3.603748452770854163e-03,3.646537056938408891e-03,3.656584240496304344e-03,3.774629457131072844e-03,3.707783086035740250e-03,3.609201410885951814e-03,3.710591959659256638e-03,3.587319666260150620e-03,3.696014380704111535e-03,3.743496047869213604e-03,3.747118468478735642e-03,3.657946989003109470e-03,3.623170111258231137e-03,3.645531416718962754e-03,3.717587543011565895e-03,3.591071131374360108e-03,3.656467246410030451e-03,3.731846011862165798e-03,3.752078356946592780e-03,3.618515470058071993e-03,3.582358256039472506e-03,3.723103136253352527e-03,3.653957032704399730e-03,3.689810457964791922e-03,3.603086850983025936e-03,3.594485800916029806e-03,3.706779186282601214e-03,3.705418072566497769e-03,3.629575709860547849e-03,3.774743733945453567e-03,3.712874007062828309e-03,3.618804621932854380e-03,3.742154086285979370e-03,3.663625205182364369e-03,3.637616417441328666e-03,3.803885925945532827e-03,3.730906967677926917e-03,3.598813052677088571e-03,3.665839396677443227e-03,3.730600651568093031e-03,3.641610511183359083e-03,3.495531099351609911e-03,3.759960065044079622e-03,3.719747479172477115e-03
3.655572130296136889e-03,3.646341177238767491e-03,3.669080613828267640e-03,3.728716542196636521e-03,3.759971536374498609e-03,3.807827190307614025e-03,3.613548447084437027e-03,3.615253374935910573e-03,3.646816488167302795e-03,3.647419113522104312e-03,3.604763491140702304e-03,3.621914496781755873e-03,3.643802055719848679e-03,3.637992670329045358e-03,3.671742597399125802e-03,3.615509157802534752e-03,3.659857774689875918e-03,3.696068538669684215e-03,3.534070778163340455e-03,3.620917379215426828e-03,3.780736840953615157e-03,3.592455769035750486e-03,3.686855783087217200e-03,3.627113595518813034e-03,3.599150693990759136e-03,3.666058131290162152e-03,3.743895045555738123e-03,3.650262774141672679e-03,3.683857944993927311e-03,3.618901611872347383e-03,3.775502517207265755e-03,3.632665031056357772e-03,3.578751468475269235e-03,3.762225161717249518e-03,3.641394926442407219e-03,3.666252878660245743e-03,3.632528298526203642e-03,3.721471148193825334e-03,3.617876214342774770e-03,0.000000000000000000e+00,3.673730361727318289e-03,3.737983324898364133e-03,3.678300536536516837e-03,3.573659153325809378e-03,3.710791456591702991e-03,3.773507398132162384e-03,3.617190486538978539e-03,3.637479035706864434e-03,3.770657532187211575e-03,3.572080772974475706e-03,3.638430361489014726e-03,3.729204679965146541e-03,3.667340054487004154e-03,3.653723011982962145e-03,3.671303759104306216e-03,3.683486804309537080e-03,3.631834190634032015e-03,3.685545696117520538e-03,3.662901194636838855e-03,3.681835346933465519e-03,3.619522118800054446e-03,3.611077552561138635e-03,3.693456789961178412e-03,3.663396651808283316e-03,3.653939157435875246e-03,3.609762935144951359e-03,3.612054663437317195e-03,3.672725166834960291e-03,3.675750422903730462e-03,3.739275246573261179e-03,3.621274267322360709e-03,3.685640473363395366e-03,3.610215799885600416e-03,3.725493567341313979e-03,3.668868053834245697e-03,3.612812211644562954e-03,3.695936544109286199e-03,3.715008524217699309e-03,3.559912299230435281e-03,3.689592515246685814e-03,3.752045576464661022e-03,3.699920747469366989e-03,3.661027128497930903e-03,3.742607904381389013e-03,3.576501484897251851e-03,3.687860239632018925e-03,3.700656208276278253e-03,3.626115987840814858e-03,3.601223200396855978e-03,3.635344621303611412e-03,3.640314218872589287e-03,3.720513941016622642e-03,3.615826626873275881e-03,3.738933002290508335e-03,3.634686610873636651e-03,3.729936184579593032e-03,3.709770638404461928e-03,3.799858699997861900e-03,3.773680664446909996e-03,3.671442760090345286e-03,3.736266950991885306e-03,3.708658588129538653e-03,3.687270129309751145e-03,3.653175238101723926e-03,3.645160788539592283e-03,3.702566127477818249e-03,3.519531358944400900e-03,3.640582783719432513e-03,3.712130456800763131e-03,3.632121321676108801e-03,3.686839925444463598e-03,3.596814522948402724e-03,3.707699251802881995e-03,3.623299424186198284e-03,3.639151683521970986e-03,3.679259569843270055e-03,3.697237111080294621e-03,3.620767618719009616e-03,3.752183400467628323e-03,3.712853966673624728e-03,3.645321451953148495e-03,3.626435609897734648e-03,3.707686747343027708e-03,3.711798847645520275e-03,3.710798652619805380e-03,3.643079632049716840e-03,3.719790592432298260e-03,3.751305302343845623e-03,3.625745943553158879e-03,3.639087198351422144e-03,3.633541439741034933e-03,3.720535543852089306e-03,3.705632874848264514e-03,3.725369170579040119e-03,3.721955710798364059e-03,3.674736387004709590e-03,3.600467642015060896e-03,3.593557847298517200e-03,3.508771765059798438e-03,3.637145172868115270e-03,3.566033870883977049e-03,3.663333717602326907e-03,3.607633811116384842e-03,3.607361541884197137e-03,3.708278954171261282e-03,3.620750546442178669e-03,3.677294777574760445e-03,3.654010358113264807e-03,3.623535643837593259e-03,3.568617909029452029e-03,3.693307079221214498e-03,3.689860334045478446e-03,3.661929338478561117e-03,3.633960209749301142e-03,3.586735988910949840e-03,3.700447484662150194e-03,3.682593036926619812e-03,3.775141836962458627e-03,3.816525366808040404e-03,3.619426905245116521e-03,3.670144584423946487e-03,3.718945768237677876e-03,3.728079543622335110e-03,3.645516703857408676e-03,3.662526580180744742e-03,3.586120757886695608e-03,3.597374348009621525e-03,3.639273301429377279e-03,3.572189018496849805e-03,3.620099006453199406e-03,3.644661107544393090e-03,3.623698537165863723e-03,3.570562808005967037e-03,3.709322046535286181e-03,3.701627944042749658e-03,3.576902980633351291e-03,3.659664307389926853e-03,3.636575962263107267e-03,3.703642065976497314e-03,3.630526692708306753e-03,3.591690490385786045e-03,3.711768787441701526e-03,3.647138173934155129e-03,3.604984167886124153e-03,3.592495024283731946e-03,3.689911908931220799e-03,3.671331061782229840e-03,3.795615935607489499e-03,3.711719746261237744e-03,3.585316357752969460e-03,3.576314286204106997e-03,3.612245756462180261e-03
3.673617326038468040e-03,3.618212620025104166e-03,3.682761193129980865e-03,3.715530910720476771e-03,3.636519392498779955e-03,3.707883606354352071e-03,3.671414015851684563e-03,3.697706707459371724e-03,3.621102202888905070e-03,3.580530448523381801e-03,3.588892114148463028e-03,3.721906119940899746e-03,3.631091661478681211e-03,3.631792079007144583e-03,3.697536370506541211e-03,3.679166635688842484e-03,3.837105246122445284e-03,3.664329492246317516e-03,3.686906855188555165e-03,3.746778619494911186e-03,3.653011672545123170e-03,3.644622607783572742e-03,3.555158263451444790e-03,3.593599889312546185e-03,3.791277772753487950e-03,3.656184950538281589e-03,3.649281841638450218e-03,3.653289500581741959e-03,3.577479433431240280e-03,3.694832152764174031e-03,3.672340846932300833e-03,3.739504005764307699e-03,3.703598934211459279e-03,3.578619833643338719e-03,3.614183069220258410e-03,3.634413968029012384e-03,3.710385872046335388e-03,3.607254670889304890e-03,3.531554923371977520e-03,3.673730361727318289e-03,0.000000000000000000e+00,3.621492188958183762e-03,3.655608334459999921e-03,3.692264075478389820e-03,3.611355166276766348e-03,3.694088613346717051e-03,3.609764254490116595e-03,3.673944320107777693e-03,3.708402228534865910e-03,3.609033817872574559e-03,3.532898828620758842e-03,3.639447865534206454e-03,3.625691465898113822e-03,3.701997482474720606e-03,3.592775506243535248e-03,3.667480361054157364e-03,3.596535665578047634e-03,3.544122562242469840e-03,3.614112724302723321e-03,3.623814666753500009e-03,3.604954755012771545e-03,3.644314113482479984e-03,3.577167062302629656e-03,3.721980730652709943e-03,3.592386662821868068e-03,3.664127455408424609e-03,3.607621019908022805e-03,3.647549001722403400e-03,3.714530833657097089e-03,3.778728120991874800e-03,3.696249027556768475e-03,3.658107653760094089e-03,3.598226234393017958e-03,3.751102745382318016e-03,3.651577098619386130e-03,3.798679706146934447e-03,3.743313043564880718e-03,3.565001634581172266e-03,3.557124169646592397e-03,3.758781292348488401e-03,3.627362442171102111e-03,3.605819189593683326e-03,3.605518467445123238e-03,3.582647118874288886e-03,3.652198692152318696e-03,3.674732614645647311e-03,3.558452883737420625e-03,3.694182678240726016e-03,3.706709355420887038e-03,3.659244444753909347e-03,3.675408856398958059e-03,3.737291612292508152e-03,3.589883068027646760e-03,3.673793574726825009e-03,3.647419735974838199e-03,3.761308833488583806e-03,3.675294572581083632e-03,3.694885804531634205e-03,3.647375853334310775e-03,3.609893080646956864e-03,3.746289113920552982e-03,3.647193407872325287e-03,3.598918452915880577e-03,3.664526382081048639e-03,3.749913386814957353e-03,3.704886578712996911e-03,3.774275584062432645e-03,3.625306030580324745e-03,3.632317870496772679e-03,3.665029247289810794e-03,3.687205334241688837e-03,3.708424466354472496e-03,3.718121720558529957e-03,3.739051702707251075e-03,3.712156195991505453e-03,3.700963190826497221e-03,3.666915779600360154e-03,3.634377914060665099e-03,3.632870194830810189e-03,3.789184290523886760e-03,3.640505623714560511e-03,3.631907027790826688e-03,3.747970985263494263e-03,3.687109699488342295e-03,3.687812502123289076e-03,3.649037696507691740e-03,3.728175192534876302e-03,3.652244285957140582e-03,3.559897358267654927e-03,3.734886511256959706e-03,3.719161496323594544e-03,3.589984447848942883e-03,3.684788088011344345e-03,3.633271539720542981e-03,3.637211958864718531e-03,3.547745578866720335e-03,3.709525206851923152e-03,3.684443931685262279e-03,3.734659763690965049e-03,3.721291983181871255e-03,3.731191933734564949e-03,3.621651115002361837e-03,3.674569347580446555e-03,3.749432732207938837e-03,3.639890320175461023e-03,3.679005230315949421e-03,3.711260070607563279e-03,3.642735018568614338e-03,3.708433718709832228e-03,3.689997392887857212e-03,3.743983268433380765e-03,3.569606767342213549e-03,3.633601949785146557e-03,3.706600865423236545e-03,3.621499808645572190e-03,3.543300685639289797e-03,3.618033967414457670e-03,3.571468825867900494e-03,3.711511747225928939e-03,3.697779688467541653e-03,3.797798792729027619e-03,3.720294797006867479e-03,3.649912881029488028e-03,3.538951871441074499e-03,3.706582628120822214e-03,3.577500224115226328e-03,3.584579906612574141e-03,3.696079277634334477e-03,3.712686361271582292e-03,3.703806737704321700e-03,3.659208218068002623e-03,3.712335622357344246e-03,3.652670697087617886e-03,3.678231026463119144e-03,3.610914951903436507e-03,3.683009671593188723e-03,3.720781696302935277e-03,3.759165946840129380e-03,3.570262996423454859e-03,3.644187536423815644e-03,3.612820953275925305e-03,3.704394268285981714e-03,3.691632049695908659e-03,3.634758007812273050e-03,3.662675972545804525e-03,3.733448888142543338e-03,3.597322435907258226e-03,3.670890861712698596e-03,3.628094873683450784e-03,3.601652636232067790e-03,3.661236282857834382e-03,3.672301831886298339e-03
3.670496027544756495e-03,3.562876948584155646e-03,3.666600141961530966e-03,3.671387505416625566e-03,3.591993143990043335e-03,3.566100694743978058e-03,3.680964035325411977e-03,3.636236397025759213e-03,3.623243892973175822e-03,3.732910771328882150e-03,3.774603938587918397e-03,3.694995568902374392e-03,3.715208838114789167e-03,3.648509847742217871e-03,3.680757501525837565e-03,3.783898479838242006e-03,3.640814019049221865e-03,3.733304454039691918e-03,3.590000439039687727e-03,3.650933340295736337e-03,3.663481460525094737e-03,3.665786991982703750e-03,3.730653786976935015e-03,3.741812516446288688e-03,3.639429918875810958e-03,3.716976319291551405e-03,3.693453805075768391e-03,3.636864667062182904e-03,3.590862752897690593e-03,3.687490184514183311e-03,3.605482157119724480e-03,3.662410709727483438e-03,3.627226383610967098e-03,3.643987129102657825e-03,3.679095714813266152e-03,3.580869217984137230e-03,3.648753318026945729e-03,3.666270869670087799e-03,3.628487810006054970e-03,3.737983324898364133e-03,3.621492188958183762e-03,0.000000000000000000e+00,3.742335210176798554e-03,3.695640186934556846e-03,3.702793686071145004e-03,3.704834145186884815e-03,3.782184012940805612e-03,3.633423476467495875e-03,3.620919329380389504e-03,3.634166908311271121e-03,3.587947016144149136e-03,3.636975945735541286e-03,3.618384802066416852e-03,3.632279129609462462e-03,3.624579283155609372e-03,3.778412896356702928e-03,3.628538515050117735e-03,3.618893208833381774e-03,3.716708009160926782e-03,3.704141312449159198e-03,3.599780694799129595e-03,3.585168183485790052e-03,3.722807588356101972e-03,3.634493763598480379e-03,3.755742332240394766e-03,3.671309983242151530e-03,3.613474916367529367e-03,3.702097352698416159e-03,3.659514490435676008e-03,3.704694833420626911e-03,3.715398690131879993e-03,3.688807539415870154e-03,3.727272849904914032e-03,3.770342456090564499e-03,3.655492182093387013e-03,3.661477752627545577e-03,3.700582788458266995e-03,3.593975105612107722e-03,3.700956612341271910e-03,3.647710309360775466e-03,3.585193417070614563e-03,3.723429397965574879e-03,3.689435790814387956e-03,3.622805767772283025e-03,3.686464491507697363e-03,3.644936172286901855e-03,3.644507955138197655e-03,3.569633033931329108e-03,3.664124066072312492e-03,3.525079846688665766e-03,3.821433519169072264e-03,3.644905034516309882e-03,3.653389750414306591e-03,3.698087319977097411e-03,3.599796651743016919e-03,3.731793818521626522e-03,3.717262325754271037e-03,3.610792703432201198e-03,3.695178356504966524e-03,3.690124293141123710e-03,3.713216002039207864e-03,3.640905586037327443e-03,3.571571929994667594e-03,3.701037788076440380e-03,3.757141056223035208e-03,3.721134100389641118e-03,3.728270453753776414e-03,3.654511712335001793e-03,3.695578941966890050e-03,3.702813877461342846e-03,3.767619073159895939e-03,3.580720131280683283e-03,3.730916389245881540e-03,3.658660345558612751e-03,3.640284452225394859e-03,3.605484629155667180e-03,3.686321480415236888e-03,3.763142879315704587e-03,3.600255248051916369e-03,3.682837931575559751e-03,3.719213218241622983e-03,3.585266176177966460e-03,3.787371142608288773e-03,3.620910516695428384e-03,3.636660059081666101e-03,3.662496204471388499e-03,3.592269383593719653e-03,3.651418882517130579e-03,3.595792911653537382e-03,3.610185436748271793e-03,3.707143964059037011e-03,3.652146387111863176e-03,3.610986892893717787e-03,3.744970716293092791e-03,3.610007941918978724e-03,3.649280304515263237e-03,3.656696990078341005e-03,3.691131650302671794e-03,3.591239606259409405e-03,3.583158996711040874e-03,3.717924333720701736e-03,3.670357970703433392e-03,3.672175816868494466e-03,3.663827502040552936e-03,3.464457414885415299e-03,3.705539478193294739e-03,3.672136696219160338e-03,3.646651184746162264e-03,3.601324864270945541e-03,3.690224709117560006e-03,3.586038260994356061e-03,3.654040265214545096e-03,3.674168881423073209e-03,3.618114614334398422e-03,3.548945632168763482e-03,3.712148954121942662e-03,3.689905405116262419e-03,3.686057991250497011e-03,3.725454165630914371e-03,3.695285189173014469e-03,3.610082450517789875e-03,3.696386455646129623e-03,3.819053369401847423e-03,3.679285596704249834e-03,3.679387229498251675e-03,3.637822728797136113e-03,3.635215475714083811e-03,3.793614953554505162e-03,3.561593292060050240e-03,3.593829767573491953e-03,3.626841988073703157e-03,3.597013874531562651e-03,3.679855719260372721e-03,3.661409913252796321e-03,3.686815512681007861e-03,3.547720522490496482e-03,3.703021658352254140e-03,3.702343659216916164e-03,3.686823227058203499e-03,3.708870276892614701e-03,3.607899546906433250e-03,3.714291249855707078e-03,3.644676575519222462e-03,3.498972343121141675e-03,3.638572632433827170e-03,3.672406730270022426e-03,3.580984896537660247e-03,3.692689171509480964e-03,3.482513675129362152e-03,3.832128641241464191e-03,3.634363210378735529e-03,3.576638844490613329e-03
3.554548558752047924e-03,3.662198704558439558e-03,3.572743573303949205e-03,3.603356638048476734e-03,3.642597170029696942e-03,3.586764049180725129e-03,3.617523020451676469e-03,3.825153492320046249e-03,3.706682795293837936e-03,3.706428284861543968e-03,3.609599534521308085e-03,3.636312735145356100e-03,3.672603229066770305e-03,3.720127964670740146e-03,3.595653593074104887e-03,3.746718218459798872e-03,3.742168981281475057e-03,3.602935817724346821e-03,3.623919548983401892e-03,3.596311320712350813e-03,3.688519111044193718e-03,3.677480897455780162e-03,3.678468472085064025e-03,3.783431929672600481e-03,3.530391304602300759e-03,3.622629622937668936e-03,3.641986392065627194e-03,3.697508505549468999e-03,3.621234236912508793e-03,3.687602815713544348e-03,3.602274820629157437e-03,3.589019473834459666e-03,3.721039761640097549e-03,3.657712308295871500e-03,3.711533563023838422e-03,3.594413425026544203e-03,3.610985903988250725e-03,3.664812729753304157e-03,3.654927328829654133e-03,3.678300536536516837e-03,3.655608334459999921e-03,3.742335210176798554e-03,0.000000000000000000e+00,3.636238648067651163e-03,3.604747655706518755e-03,3.811995755191854244e-03,3.668314786794646138e-03,3.657201367155575589e-03,3.621678652114979774e-03,3.688597231834047242e-03,3.779723822008501221e-03,3.699350856636725651e-03,3.568009928220960188e-03,3.706916786469648291e-03,3.709294214300903978e-03,3.636371819170184164e-03,3.594277733720468819e-03,3.705161940885477387e-03,3.659101806481304155e-03,3.730797605494989323e-03,3.597616080738262091e-03,3.664777617322618943e-03,3.627217311539235670e-03,3.738478929373888985e-03,3.696605483147273868e-03,3.591096762026801687e-03,3.667886824191086883e-03,3.666558894069994138e-03,3.646684957359459366e-03,3.692130997484688228e-03,3.641509118663747904e-03,3.650527154519044026e-03,3.699503846362257441e-03,3.642309698129923487e-03,3.676971319246904318e-03,3.669563322381215291e-03,3.746396946821435418e-03,3.597071925216295801e-03,3.699851532254377819e-03,3.629837211593832207e-03,3.696873076761121157e-03,3.601928249078483000e-03,3.634745929391796585e-03,3.715341433407683917e-03,3.740501345790511484e-03,3.683509292497287417e-03,3.640272960976482369e-03,3.741308030193056435e-03,3.635273440232997255e-03,3.698536885400286172e-03,3.602853133505770720e-03,3.729013562731689577e-03,3.635142399944225368e-03,3.617121513784077400e-03,3.559426432752418185e-03,3.725833101796931571e-03,3.597476741571195569e-03,3.592767882550383218e-03,3.737023493718693440e-03,3.717935869446120905e-03,3.672016487124425167e-03,3.666378989980286201e-03,3.650584078885549255e-03,3.662090840572410945e-03,3.569668473529729550e-03,3.692927470078947484e-03,3.669841604907281458e-03,3.544586148463801326e-03,3.644231858192902105e-03,3.639490678007341676e-03,3.631479220494918288e-03,3.610162471316994207e-03,3.651228670124530805e-03,3.639481164486117835e-03,3.765090075246007358e-03,3.722460825100794030e-03,3.641383955902862280e-03,3.632648069349036102e-03,3.712656177201300450e-03,3.680554521961586743e-03,3.636041781445787432e-03,3.569056005588770036e-03,3.579921911729766135e-03,3.623232163622904390e-03,3.565444430085878448e-03,3.683335511898468747e-03,3.688917578674892617e-03,3.678031915028222472e-03,3.635721678760185822e-03,3.607966365606567801e-03,3.776787399529248860e-03,3.625916241364675070e-03,3.665206321015879523e-03,3.638646373853738486e-03,3.660147812162119554e-03,3.661182269890833445e-03,3.683300437173436370e-03,3.611803104364966124e-03,3.642882630313613868e-03,3.669500711697721174e-03,3.745653159861485424e-03,3.654810925783436980e-03,3.733422467234887628e-03,3.671458853842400269e-03,3.606463878076693677e-03,3.815241408529158884e-03,3.728711233296986335e-03,3.642346072106623055e-03,3.651596999423313214e-03,3.669263997964684280e-03,3.612584952517369514e-03,3.721090335797127332e-03,3.539657932435329342e-03,3.673037656883718517e-03,3.601321872960759011e-03,3.668483360172287988e-03,3.659836730501210382e-03,3.590621780369846437e-03,3.649512832908583838e-03,3.568556293221013080e-03,3.685734649422761633e-03,3.655665322662702763e-03,3.638645033892742593e-03,3.734351978081931756e-03,3.630261659005643102e-03,3.654145403254874941e-03,3.761433657760620067e-03,3.753563212707354026e-03,3.699368771353746688e-03,3.578310371136085750e-03,3.769030565356830832e-03,3.739098445191883519e-03,3.621500345892845769e-03,3.717896900000294824e-03,3.647378270101421863e-03,3.740661179728371234e-03,3.643325935340687490e-03,3.702594654014032625e-03,3.734716161188234105e-03,3.609720881203799889e-03,3.630804021333305844e-03,3.621158738425890936e-03,3.669257248409365114e-03,3.760190470592306503e-03,3.653191257929627820e-03,3.709009232741308955e-03,3.671894766920029852e-03,3.635724596071341491e-03,3.612677687106866532e-03,3.756173791155037120e-03,3.768340362617468402e-03,3.611122171268770463e-03
3.684965177458129470e-03,3.628736549750605309e-03,3.581300307615433495e-03,3.597516427987960865e-03,3.668384396584059657e-03,3.534144925588740983e-03,3.648284743200815028e-03,3.772841031721684175e-03,3.771865912858241802e-03,3.578807494593092865e-03,3.719446652789316909e-03,3.745118542270266422e-03,3.661684136862035713e-03,3.663887843487321008e-03,3.739023126422655070e-03,3.664751288084723991e-03,3.803208163704986829e-03,3.608921649652703772e-03,3.693753628495645425e-03,3.744281829471769827e-03,3.654407227770762028e-03,3.697091988590448658e-03,3.623161352450397603e-03,3.678433432557983405e-03,3.713039225815380293e-03,3.691550617779498604e-03,3.629074666845422126e-03,3.609827992099731275e-03,3.638084218971352965e-03,3.609872201147169314e-03,3.630549530857258168e-03,3.809946269419951879e-03,3.605941326719993168e-03,3.567053110954463650e-03,3.675773030503944223e-03,3.602772092585564828e-03,3.691647247656812750e-03,3.612146013349454461e-03,3.632329016296936570e-03,3.573659153325809378e-03,3.692264075478389820e-03,3.695640186934556846e-03,3.636238648067651163e-03,0.000000000000000000e+00,3.834165510068926388e-03,3.614336687524987574e-03,3.736145356199944284e-03,3.719493648895821122e-03,3.564363647126853919e-03,3.713452531278689777e-03,3.597805598333531519e-03,3.636028045869070177e-03,3.696181992715004156e-03,3.634861297393365658e-03,3.640995270413689006e-03,3.701843286999414485e-03,3.694488452222162607e-03,3.691683393199140205e-03,3.614885892087094706e-03,3.613660826262312786e-03,3.657334959629001628e-03,3.554894068496918923e-03,3.726081885799668435e-03,3.678857985783184469e-03,3.670910579750434177e-03,3.679076716459781567e-03,3.582078146104065736e-03,3.645897121198116587e-03,3.611344988445008408e-03,3.716514586075571076e-03,3.668475488750469818e-03,3.658064300677107278e-03,3.679626723976465660e-03,3.572510889041082167e-03,3.612240206264027195e-03,3.669658873099087074e-03,3.689924215754570268e-03,3.636003832529874965e-03,3.612097099401254466e-03,3.613974104691518308e-03,3.646711307929100150e-03,3.605407676333285093e-03,3.555099389207536358e-03,3.682165978073066812e-03,3.606435614921216660e-03,3.757984951664132284e-03,3.690153983984905978e-03,3.617597922092174925e-03,3.634272579796601378e-03,3.719894777232821137e-03,3.796271919827318847e-03,3.520639821662401633e-03,3.639071764791424867e-03,3.613901191313204520e-03,3.714161711858332375e-03,3.613321791643605771e-03,3.665047378678542352e-03,3.770174016974850613e-03,3.633233034131386988e-03,3.631820492482445029e-03,3.630367908616595387e-03,3.799461688833684174e-03,3.642106928312463347e-03,3.689106216668890451e-03,3.714097956689228677e-03,3.690828100041516902e-03,3.716154550261844495e-03,3.649924753263764435e-03,3.616629103361959294e-03,3.716440364548103184e-03,3.675056056330435004e-03,3.600095860506567248e-03,3.659809790038610899e-03,3.718336305493308638e-03,3.604768867698122502e-03,3.635973721031293075e-03,3.653266366076708509e-03,3.689890041652331681e-03,3.601094757307199152e-03,3.694243081113788695e-03,3.616034681469517276e-03,3.667405081172319618e-03,3.669066787227647126e-03,3.607375738846603595e-03,3.639110508269427502e-03,3.671375680643653144e-03,3.695880005720843416e-03,3.714860633270920462e-03,3.669380317569301015e-03,3.807484087333030866e-03,3.641539820703592386e-03,3.608657811883214227e-03,3.683340940610235325e-03,3.702340946938862103e-03,3.691964336351369769e-03,3.659179600331803183e-03,3.687029953834642000e-03,3.587803036417413008e-03,3.724903336511689502e-03,3.789226737560511503e-03,3.690518717916220232e-03,3.716183601106892633e-03,3.802847773559341407e-03,3.626216742314072004e-03,3.713125992462445839e-03,3.626999976934415851e-03,3.658061562166302436e-03,3.676303106380965358e-03,3.576101431646098137e-03,3.672535671065163716e-03,3.609021678192107091e-03,3.573845458245690932e-03,3.598501187877173931e-03,3.698297421048352129e-03,3.635023815271621293e-03,3.593637373226762650e-03,3.677203162907527294e-03,3.653349429116834260e-03,3.665551497503001434e-03,3.683836881176342625e-03,3.694364201972978167e-03,3.706503708818554080e-03,3.630565075824851700e-03,3.681164645939587199e-03,3.597535261158441890e-03,3.650496515975756515e-03,3.692825157498534454e-03,3.694390250417033984e-03,3.705424046865134300e-03,3.683595008696630233e-03,3.728789641158038268e-03,3.545927996898681593e-03,3.689601263674505225e-03,3.670960049897112505e-03,3.743306244240371915e-03,3.645477085608329719e-03,3.556525888804449361e-03,3.685004283965476971e-03,3.671547786138353898e-03,3.732548786637997825e-03,3.629272415752032854e-03,3.704005629417655380e-03,3.642207493357554633e-03,3.677508167054261388e-03,3.770834203180384227e-03,3.527685502581666844e-03,3.554521409067689600e-03,3.734661815393228428e-03,3.633223318919519794e-03,3.635589607578793968e-03,3.675153764402979296e-03,3.656144281632406692e-03
3.705151356085960475e-03,3.613086582801161659e-03,3.658658516513512479e-03,3.759004782383796456e-03,3.646284979968033441e-03,3.601819624118921502e-03,3.680301886696248949e-03,3.584552922769780256e-03,3.713741516529763410e-03,3.708031178076526702e-03,3.722809175587757976e-03,3.622416014687965084e-03,3.613360818318114148e-03,3.749961965448122062e-03,3.695870406908053230e-03,3.613298482758888885e-03,3.594861830993136258e-03,3.652265639154294620e-03,3.622128673189011980e-03,3.705075654249530368e-03,3.698476909060775461e-03,3.743719145966694414e-03,3.640913563381193221e-03,3.714842418293543783e-03,3.683559843581629342e-03,3.533846991743453628e-03,3.700245905538016543e-03,3.684728687634608070e-03,3.580471856664272940e-03,3.666981440603943668e-03,3.535331200132680891e-03,3.680323960079009016e-03,3.568417306203559847e-03,3.621318543264247496e-03,3.650487219895609103e-03,3.659993220009754612e-03,3.707791107764464231e-03,3.637142670775663639e-03,3.654024686695600630e-03,3.710791456591702991e-03,3.611355166276766348e-03,3.702793686071145004e-03,3.604747655706518755e-03,3.834165510068926388e-03,0.000000000000000000e+00,3.596464295451285570e-03,3.635621235246879173e-03,3.733666287124176933e-03,3.657582405714567345e-03,3.747265991225441194e-03,3.669036981009155506e-03,3.792236206600671511e-03,3.715477103266445324e-03,3.666495136040671000e-03,3.578371733077975389e-03,3.616576134059118226e-03,3.564279779456250036e-03,3.642888049526203393e-03,3.554335812019999465e-03,3.689704326221332313e-03,3.678646893432896067e-03,3.655864043330461170e-03,3.647791230228384588e-03,3.623910125095000049e-03,3.712182681038420171e-03,3.658622263562901367e-03,3.711053488548245877e-03,3.693960079676493306e-03,3.694682595307213161e-03,3.748902376223495637e-03,3.594172853435131671e-03,3.690917784438625324e-03,3.638389489046239822e-03,3.630906585318396333e-03,3.761373111082360037e-03,3.657500300385123186e-03,3.635743032580378373e-03,3.611854454609560346e-03,3.571943788019154437e-03,3.730433059608415872e-03,3.785940551245903316e-03,3.642360093676584587e-03,3.660478698148040243e-03,3.689243830098793992e-03,3.684666399792659551e-03,3.597400022607169338e-03,3.664990879100890955e-03,3.554301453979755859e-03,3.633852704489627140e-03,3.665538421710099869e-03,3.757960042745789840e-03,3.601081516229322210e-03,3.713853297037575125e-03,3.643886072768390098e-03,3.598514312283656539e-03,3.593672440368062774e-03,3.692973226247474317e-03,3.739588383330406333e-03,3.707952708838065537e-03,3.593557570012167069e-03,3.684100997896479473e-03,3.629124040883271660e-03,3.688275352273517188e-03,3.758231247003713821e-03,3.714060810313974271e-03,3.668812292434797326e-03,3.711083694210731872e-03,3.697610812239224710e-03,3.622202916181306749e-03,3.734346439169101625e-03,3.635372214469777437e-03,3.602713814532189970e-03,3.718912385305399564e-03,3.646430497932398856e-03,3.639131491319300658e-03,3.548756657849468175e-03,3.668548922830470235e-03,3.716161711070184448e-03,3.568667034223971073e-03,3.697128571222246633e-03,3.758413906552454577e-03,3.638882797515450348e-03,3.748457266082847340e-03,3.760223747229297139e-03,3.698647317501230821e-03,3.598670706299387026e-03,3.682757362548426654e-03,3.681364308921637307e-03,3.470611921146254941e-03,3.626330082601975698e-03,3.657525800238820533e-03,3.810839801434124253e-03,3.612067889284930472e-03,3.717360341626685990e-03,3.720922122410809559e-03,3.698977903415672126e-03,3.725902207310622348e-03,3.701536751193675034e-03,3.701261319001870453e-03,3.730600382108928848e-03,3.684064972896668091e-03,3.687259491643961676e-03,3.678447519942172270e-03,3.527111514235828273e-03,3.683144542464902166e-03,3.621455222648061866e-03,3.683194137202041706e-03,3.555661501282109029e-03,3.693429637367800708e-03,3.604088060875727719e-03,3.581318946215744214e-03,3.623626889152705040e-03,3.630419609414820437e-03,3.662102446226556118e-03,3.606810064149637649e-03,3.659340794414973549e-03,3.651043944864523945e-03,3.736978280011644688e-03,3.698344154535000358e-03,3.665029051240323819e-03,3.700254217493421319e-03,3.641071038570774677e-03,3.723010997339898289e-03,3.693652185252778788e-03,3.779326119676594542e-03,3.540254384411060766e-03,3.611805209895963074e-03,3.578439197881659942e-03,3.677601851120997859e-03,3.686605603059028846e-03,3.695388309811820267e-03,3.615576001624511409e-03,3.576828335263715439e-03,3.634895494024775048e-03,3.737482187737646913e-03,3.580428067462347423e-03,3.757927998496352322e-03,3.645389269422377818e-03,3.746026602898470687e-03,3.634787076672787911e-03,3.567256431149281627e-03,3.778857071981344979e-03,3.570630657995038214e-03,3.757455942213256458e-03,3.661029601604246994e-03,3.559655719458363222e-03,3.588089221427678312e-03,3.680224201637021051e-03,3.647569555599764358e-03,3.616406845103043496e-03,3.662620509459873705e-03,3.627532788206349300e-03
3.640693472670424469e-03,3.677670122366017563e-03,3.646365686133418681e-03,3.637225469741712115e-03,3.761761450379636114e-03,3.754472514721067435e-03,3.638423536446291472e-03,3.704143938039898814e-03,3.632108259444514695e-03,3.658271689441869312e-03,3.625867612811056306e-03,3.643391985573460681e-03,3.635904254597835568e-03,3.626572694393435329e-03,3.689432112705581281e-03,3.689116019004360682e-03,3.624694619954393297e-03,3.594390938430205764e-03,3.506686353027023591e-03,3.701232301088489256e-03,3.745831500335395324e-03,3.583150353860637630e-03,3.638717461124870572e-03,3.624046117190154407e-03,3.689698706504133778e-03,3.665684752469778544e-03,3.667705619998360214e-03,3.762399633047008082e-03,3.534942822015726006e-03,3.657344120709275347e-03,3.674665219542753904e-03,3.612961119286888564e-03,3.642963440377295758e-03,3.661110221238084248e-03,3.744285154971407643e-03,3.711915637401843205e-03,3.629135508878279272e-03,3.726518709056183837e-03,3.596556082592232417e-03,3.773507398132162384e-03,3.694088613346717051e-03,3.704834145186884815e-03,3.811995755191854244e-03,3.614336687524987574e-03,3.596464295451285570e-03,0.000000000000000000e+00,3.624618878178912425e-03,3.723407450794543813e-03,3.651385021838321129e-03,3.626351252208457557e-03,3.634823890038258506e-03,3.628879352164223783e-03,3.765174356445328153e-03,3.682990867151834848e-03,3.665685440248209540e-03,3.670876936705133597e-03,3.622978388559683349e-03,3.693416273890246133e-03,3.767793274661871989e-03,3.692835012643607730e-03,3.655132175737015824e-03,3.731699276090080265e-03,3.645101953439343519e-03,3.774067540514687569e-03,3.693662299742140297e-03,3.616463663093427271e-03,3.617273326763541848e-03,3.697144329640395140e-03,3.735422664149361336e-03,3.642529174673641255e-03,3.607446906314226622e-03,3.689293885662229926e-03,3.635818023032901837e-03,3.678587586407573197e-03,3.630347674473510811e-03,3.675362407188965865e-03,3.746904596779557315e-03,3.675301767973946331e-03,3.677355381944589878e-03,3.719630782483277637e-03,3.672445785877877407e-03,3.639474968417543820e-03,3.599589209346310947e-03,3.649819998452041858e-03,3.602681892013566249e-03,3.736258821694660344e-03,3.716075808310722282e-03,3.694143794358728961e-03,3.726961599830829527e-03,3.590100397227092080e-03,3.593237002892088472e-03,3.620035514719779999e-03,3.650276162991124111e-03,3.699587232794276318e-03,3.735844654139493758e-03,3.695042549372630665e-03,3.769927862871951148e-03,3.607506427993981309e-03,3.669428592133464843e-03,3.607225319229529891e-03,3.717587693941704942e-03,3.774271069962549692e-03,3.708800896947580389e-03,3.762357907063656852e-03,3.670925155621024543e-03,3.704976363579915756e-03,3.610618405943489227e-03,3.674836379272822685e-03,3.667287470320075397e-03,3.633836275175492733e-03,3.652285315676247635e-03,3.699758725246303590e-03,3.662379107310717499e-03,3.601449110601098215e-03,3.592227617433817102e-03,3.541007317641901592e-03,3.697197567084818063e-03,3.741799506475232059e-03,3.714792918648664698e-03,3.597468487565142273e-03,3.615623358162562643e-03,3.704582016382111914e-03,3.605088271707961901e-03,3.559093623439896648e-03,3.701110214132392450e-03,3.722872474818558070e-03,3.609842751977525646e-03,3.675813667114621788e-03,3.572777511119594202e-03,3.599045630798655433e-03,3.627685031433830216e-03,3.609631124547864507e-03,3.660580430494638719e-03,3.682311581781666423e-03,3.661092735407301367e-03,3.576473561166093780e-03,3.561183835678598687e-03,3.644604047413730567e-03,3.597630424215653589e-03,3.610791019354873087e-03,3.618074394307789748e-03,3.626799203846175178e-03,3.708584060851212536e-03,3.709236018893166415e-03,3.615077006488098214e-03,3.751711933502667549e-03,3.604154138030611718e-03,3.702968235651845751e-03,3.684558612882260237e-03,3.638867884234188530e-03,3.719478542294806303e-03,3.722660967209920693e-03,3.665978723923493492e-03,3.645282928949771829e-03,3.660883812122210385e-03,3.671771142315258425e-03,3.734031963669418638e-03,3.644144029156254003e-03,3.674681436796252768e-03,3.698587999452055981e-03,3.620180226043488367e-03,3.546557215643554757e-03,3.731480070406815487e-03,3.535864898897960948e-03,3.656521223996290083e-03,3.706945511058503361e-03,3.640096183711737880e-03,3.740553948502226608e-03,3.640671647566933507e-03,3.646072826846233177e-03,3.670007076567823566e-03,3.617219325705972686e-03,3.743550420931805473e-03,3.635597263536620438e-03,3.663289075447962242e-03,3.685749896701400949e-03,3.635954505323532419e-03,3.630097295070986406e-03,3.674717040167533883e-03,3.641908982817987708e-03,3.610415766092018447e-03,3.651877960138836914e-03,3.618140305546428161e-03,3.624678139985589194e-03,3.586224822798454639e-03,3.838796066029657658e-03,3.663829062519257523e-03,3.697505649595722935e-03,3.562990631702316145e-03,3.634807740234899300e-03,3.693683923195399156e-03,3.708584045313566280e-03
3.748777013585460026e-03,3.675365078573367313e-03,3.612994196440221309e-03,3.580819341570861281e-03,3.698593284664253127e-03,3.525569484870843661e-03,3.697574022750051322e-03,3.606262316225443670e-03,3.705127570784126460e-03,3.654108230400902879e-03,3.806239067398040164e-03,3.683146530090388240e-03,3.697238576778357540e-03,3.630566218065365246e-03,3.684063509194711143e-03,3.696685903072269644e-03,3.713086961089321833e-03,3.722943818477948870e-03,3.641175620742945294e-03,3.685728245709893065e-03,3.571069234948793126e-03,3.694084856284931672e-03,3.682636916162450574e-03,3.712797712430914929e-03,3.807401600690484087e-03,3.604300893308345650e-03,3.682221093419101293e-03,3.628093802156441734e-03,3.587350341489652095e-03,3.697925490281951666e-03,3.655800277111860216e-03,3.744231879872795491e-03,3.626106050326610968e-03,3.552574785901584011e-03,3.785028549347028114e-03,3.617593033685487670e-03,3.730397934739329655e-03,3.676998561014595355e-03,3.629681244094835543e-03,3.617190486538978539e-03,3.609764254490116595e-03,3.782184012940805612e-03,3.668314786794646138e-03,3.736145356199944284e-03,3.635621235246879173e-03,3.624618878178912425e-03,0.000000000000000000e+00,3.650210731313391875e-03,3.692325880209390825e-03,3.698188592257089981e-03,3.645013542247642954e-03,3.585508080022554826e-03,3.650964235957499231e-03,3.695807924169116840e-03,3.679198891821828035e-03,3.721831028929951848e-03,3.694863697150350089e-03,3.692290915647027365e-03,3.607917983541594504e-03,3.713467483127670492e-03,3.660885845827695217e-03,3.648101570371046348e-03,3.691258431705379556e-03,3.647853661204960955e-03,3.666828398066813901e-03,3.597517155440423716e-03,3.634144909382184315e-03,3.747918999025879206e-03,3.661674757140599961e-03,3.667684552317090549e-03,3.735680684408933944e-03,3.687142042238866942e-03,3.692104198294268898e-03,3.642663148329105920e-03,3.653313208995429516e-03,3.680355284708771053e-03,3.731205637963419097e-03,3.674955867510657209e-03,3.715120839926806633e-03,3.671665939767132340e-03,3.641329383233633636e-03,3.660749554432424051e-03,3.596755517427408736e-03,3.530568708483762096e-03,3.674531411104024065e-03,3.702672141053972056e-03,3.693256223449730737e-03,3.528812342155914807e-03,3.674329518740419593e-03,3.729717424954866450e-03,3.693829602586535827e-03,3.666154679701391986e-03,3.641215963846788136e-03,3.630039725128707349e-03,3.616683006961156788e-03,3.658157024354259917e-03,3.611904259022476627e-03,3.597184573341524229e-03,3.745786042686024934e-03,3.661803245322782421e-03,3.611435558192199139e-03,3.624066145622531401e-03,3.635068106002772512e-03,3.585672766052795668e-03,3.667322471530670182e-03,3.651215156664402561e-03,3.684061402082034961e-03,3.702093397612163730e-03,3.723242172525073959e-03,3.724570051013295115e-03,3.779774454406472153e-03,3.734980095447119550e-03,3.642029624444722245e-03,3.624596462549866793e-03,3.601324653086904800e-03,3.661378404697808106e-03,3.674419084768995158e-03,3.640430227329770514e-03,3.664697441825144359e-03,3.662553348502012654e-03,3.623214039425116852e-03,3.619689701435448940e-03,3.707774267255121731e-03,3.683768117790386411e-03,3.664791790591009468e-03,3.643450969579404078e-03,3.527258591476188036e-03,3.772160502599817330e-03,3.779812613316034693e-03,3.652348289447243223e-03,3.608077921848125078e-03,3.686684001935273958e-03,3.653415789509005616e-03,3.723605754348991749e-03,3.589824456808535583e-03,3.608013962010733419e-03,3.546087147386434938e-03,3.608418819407805452e-03,3.659300003769556161e-03,3.762611822566681342e-03,3.634090127091743356e-03,3.759599710211744637e-03,3.620827173659670051e-03,3.657710154568345751e-03,3.643617130566747554e-03,3.574416320689398179e-03,3.713124982687670758e-03,3.592550275311966277e-03,3.523403807603582138e-03,3.762146572528900224e-03,3.635260564856644065e-03,3.733137293545958028e-03,3.690806528442593538e-03,3.577402681055563000e-03,3.631877198649693418e-03,3.666698214556027811e-03,3.698583228837078705e-03,3.658919037877384015e-03,3.674511658371969018e-03,3.691315110797335416e-03,3.581175521520220482e-03,3.758215005398193257e-03,3.637718222495730895e-03,3.561736191493867013e-03,3.683286318253688185e-03,3.686004905504590683e-03,3.650603582597346328e-03,3.596724757353515767e-03,3.741947715949962752e-03,3.706202287172421280e-03,3.713329219911723402e-03,3.641365279659768573e-03,3.706188204821156146e-03,3.635445094200323926e-03,3.658077329020157070e-03,3.799589593144930659e-03,3.636588855834944640e-03,3.733830622080284468e-03,3.712937703948824501e-03,3.665949678678284522e-03,3.589929387736110096e-03,3.664386353198668175e-03,3.699700995103854563e-03,3.492263541426228295e-03,3.634036769589296580e-03,3.521935232058180740e-03,3.663189431779650517e-03,3.561802994865128410e-03,3.645743446549423641e-03,3.733263450794753642e-03,3.608441287602571525e-03,3.662499806755237751e-03
3.708233622266410290e-03,3.661254072197770403e-03,3.578180880198476421e-03,3.682743379746860300e-03,3.705254660494881717e-03,3.532771710529296078e-03,3.624881552032862501e-03,3.658583892198652172e-03,3.696645735323456777e-03,3.681234043158326981e-03,3.699479988117664823e-03,3.562298605439479134e-03,3.700805430126021325e-03,3.652738501853893937e-03,3.710122123863858999e-03,3.781615604305160923e-03,3.685444446106375758e-03,3.684317876290055596e-03,3.734361958341714856e-03,3.721510955551582660e-03,3.688878871862382672e-03,3.591442628069573158e-03,3.701656115699892592e-03,3.628595430598176557e-03,3.652658774400999956e-03,3.511175876029591376e-03,3.558758641048363237e-03,3.590431105821546235e-03,3.583660100183556560e-03,3.648121612684742613e-03,3.553224289590709278e-03,3.758028852013299385e-03,3.803616062805201693e-03,3.698820160243947684e-03,3.676045531197396580e-03,3.603381693846881978e-03,3.679463049278662318e-03,3.600248925382124564e-03,3.569215035581870064e-03,3.637479035706864434e-03,3.673944320107777693e-03,3.633423476467495875e-03,3.657201367155575589e-03,3.719493648895821122e-03,3.733666287124176933e-03,3.723407450794543813e-03,3.650210731313391875e-03,0.000000000000000000e+00,3.586778004157601448e-03,3.698672649061378066e-03,3.705689826848174422e-03,3.601120311184436481e-03,3.601001934393148734e-03,3.623135966610040257e-03,3.580391839198264741e-03,3.670999571755353443e-03,3.719857085496191314e-03,3.836621029634721455e-03,3.656525236087541757e-03,3.665272051682339632e-03,3.702040007156850825e-03,3.682352281580438067e-03,3.652162227017551489e-03,3.676326657617667078e-03,3.622286956845117197e-03,3.619888422254081018e-03,3.780573968411433255e-03,3.727215076284467760e-03,3.559973960163141399e-03,3.631921727939581637e-03,3.749064216865940005e-03,3.640245572349369140e-03,3.626708189587666935e-03,3.693464399369685361e-03,3.674446540877683402e-03,3.842192056710109615e-03,3.675259771415627721e-03,3.580309989634472296e-03,3.764791274484565690e-03,3.712559539896533554e-03,3.607682777194719248e-03,3.543853614983231894e-03,3.691731449297036387e-03,3.660634594578041599e-03,3.613716987868944089e-03,3.561750355127961138e-03,3.735902248199024847e-03,3.686654853634355623e-03,3.629368853712202064e-03,3.707998297063236966e-03,3.726403547179951183e-03,3.709308891720934642e-03,3.663576277636417747e-03,3.629242456806410812e-03,3.601005134746367714e-03,3.696928797122089189e-03,3.608618432717143002e-03,3.666756442200541557e-03,3.729427507563698972e-03,3.735452738885452172e-03,3.726557107780058015e-03,3.695899246121245232e-03,3.619961737117429693e-03,3.770306096598179287e-03,3.598285755168338131e-03,3.652688537585551450e-03,3.835133727682759654e-03,3.626409318314967409e-03,3.730309015188522110e-03,3.606048726985632003e-03,3.656206321471205511e-03,3.616716910916090242e-03,3.708823332356599688e-03,3.623753884621683588e-03,3.528894129093876949e-03,3.659281627597562366e-03,3.572893914926542243e-03,3.661578122159822590e-03,3.590172801279616424e-03,3.777238622134733090e-03,3.688242422332265076e-03,3.726100693796737928e-03,3.655623870428941803e-03,3.583529173260107878e-03,3.668143239694939255e-03,3.596176984065528690e-03,3.577965394019897664e-03,3.604750999319824688e-03,3.646628384547657021e-03,3.667705827717330710e-03,3.598809828988497762e-03,3.700584204798941946e-03,3.583009558240957213e-03,3.631861045979253074e-03,3.748706343346613380e-03,3.559703458852132071e-03,3.606049772990932174e-03,3.672702399279080630e-03,3.626411638006169988e-03,3.755594616028312249e-03,3.732121958636894395e-03,3.615450401033328594e-03,3.613547038113429886e-03,3.737790563296219514e-03,3.654454561279621861e-03,3.586066219986650590e-03,3.627181458859840904e-03,3.602738687587023203e-03,3.643202453278869633e-03,3.787340361715687068e-03,3.593019054878438846e-03,3.652730864019095285e-03,3.687141880110048758e-03,3.694607742644256780e-03,3.658027771547236583e-03,3.585715873796997601e-03,3.568453917365966687e-03,3.719615817886879651e-03,3.778740937231221935e-03,3.682254739406212295e-03,3.679522310982392356e-03,3.633777594489539554e-03,3.742263900125164522e-03,3.704639714577128394e-03,3.789402958568103674e-03,3.688250988253416723e-03,3.707876188037526229e-03,3.686462360766668868e-03,3.752687904334694579e-03,3.756362529034404027e-03,3.776839420970301738e-03,3.621838924425835847e-03,3.774624365006174018e-03,3.617617544016718881e-03,3.620777196130423904e-03,3.613896626137471420e-03,3.591950248899320429e-03,3.571149943554783376e-03,3.539766647863423678e-03,3.602767623145491580e-03,3.617022021574868747e-03,3.810384562678242968e-03,3.624209750739067464e-03,3.696584928277745190e-03,3.643524310980524299e-03,3.586474151811681367e-03,3.650169201266003846e-03,3.695534345612699802e-03,3.657371128558952085e-03,3.665092195446797204e-03,3.627234895768864913e-03,3.574147541901968352e-03
3.634270629039146067e-03,3.707772713575979793e-03,3.729489091198321359e-03,3.660482099936808887e-03,3.601870431437772732e-03,3.742111177906009591e-03,3.594365658316790810e-03,3.655386901251348776e-03,3.615479563770759245e-03,3.535956572800085396e-03,3.671340372458072564e-03,3.690990573945427539e-03,3.643830390324954895e-03,3.706290972332580008e-03,3.595626006795223876e-03,3.544875090882532252e-03,3.745439245052025259e-03,3.602702238025863937e-03,3.685759560935509237e-03,3.644007872236218904e-03,3.738801297901943495e-03,3.662112841085921749e-03,3.645959471043880816e-03,3.574939595067481036e-03,3.755691567927915437e-03,3.638197566499315905e-03,3.720969830136759866e-03,3.752476984981459058e-03,3.750735742055022297e-03,3.592325254891368808e-03,3.811368924801043345e-03,3.642410642048003744e-03,3.608933944862044874e-03,3.606075127093965813e-03,3.644801539539511623e-03,3.651086497328041164e-03,3.629403261191506587e-03,3.670781738079689511e-03,3.593367770288432086e-03,3.770657532187211575e-03,3.708402228534865910e-03,3.620919329380389504e-03,3.621678652114979774e-03,3.564363647126853919e-03,3.657582405714567345e-03,3.651385021838321129e-03,3.692325880209390825e-03,3.586778004157601448e-03,0.000000000000000000e+00,3.666536067037589643e-03,3.666416216060198845e-03,3.655666467467765576e-03,3.583998405260530561e-03,3.703499060253658253e-03,3.746260469619386736e-03,3.622652783751590180e-03,3.569888288150313733e-03,3.564743974985219287e-03,3.613498044755065683e-03,3.654493447498946296e-03,3.573263908859139557e-03,3.787417652715788924e-03,3.609536273729599311e-03,3.737843667576883772e-03,3.673746361746051819e-03,3.582924121459212831e-03,3.634228131158411153e-03,3.680028621002080606e-03,3.639218406347614031e-03,3.657802871452404958e-03,3.646233247894559940e-03,3.776661202192332922e-03,3.675230065186112401e-03,3.590857030867204008e-03,3.690788067375134086e-03,3.778798201250482304e-03,3.693966156439414724e-03,3.644395380902127040e-03,3.581010630149473323e-03,3.709854910778312854e-03,3.692722426226095929e-03,3.714669274441769094e-03,3.616410136447742885e-03,3.640984485472591268e-03,3.737224199346318027e-03,3.723411448506667824e-03,3.538550175101910517e-03,3.577917341738597826e-03,3.735178557784614526e-03,3.581981354809924637e-03,3.674459890607662850e-03,3.695871382014527095e-03,3.617016106098733773e-03,3.637062430253899716e-03,3.588523741453816026e-03,3.591516040553684869e-03,3.631166973187828408e-03,3.683213390083540408e-03,3.682415924918987834e-03,3.570274975894622942e-03,3.613562353254363112e-03,3.715946144261080865e-03,3.610952328966572904e-03,3.653832018465988374e-03,3.535348343893516317e-03,3.696544028111823157e-03,3.577962998371441144e-03,3.725733652349957209e-03,3.715771526863313485e-03,3.684028546244043269e-03,3.712741361299347950e-03,3.755482280287263108e-03,3.762475963962245897e-03,3.717006142159030770e-03,3.684864853787906194e-03,3.768558372400587775e-03,3.620489718957370807e-03,3.616576242472121627e-03,3.783690245247228485e-03,3.712009941115529312e-03,3.693765213435771556e-03,3.571311656318824565e-03,3.679144280113605132e-03,3.676685869422887699e-03,3.692672568185042994e-03,3.597481025472099719e-03,3.679080334496420517e-03,3.671915138255774005e-03,3.630996438453422490e-03,3.616518525517208732e-03,3.733097637503747599e-03,3.727455753387598578e-03,3.631593031013819785e-03,3.604280497009196456e-03,3.597217498299478278e-03,3.577777133711813190e-03,3.685437505494152353e-03,3.596204248579060528e-03,3.744728890891862137e-03,3.579034173790475535e-03,3.577327538931495288e-03,3.566213104277261240e-03,3.596487609503511672e-03,3.740878702279903933e-03,3.749717163971849187e-03,3.630322020363191231e-03,3.847695471209435555e-03,3.608032238920110858e-03,3.694798382412458043e-03,3.738753937862669945e-03,3.827121945748441969e-03,3.762582486903175323e-03,3.661308252591013047e-03,3.736079254826764080e-03,3.698115688952136743e-03,3.717101309214333391e-03,3.642718527067533799e-03,3.740760708156236000e-03,3.632089745281406271e-03,3.636138848198084816e-03,3.746413212019733020e-03,3.569605759988816671e-03,3.613013087257192345e-03,3.731500294274739133e-03,3.543185119522423553e-03,3.555198557188577694e-03,3.617182847635541654e-03,3.667911405680405763e-03,3.708924117098653418e-03,3.700340164380820900e-03,3.627656644946796859e-03,3.616967331900939470e-03,3.724703592848287604e-03,3.703209832362651735e-03,3.630261037439477378e-03,3.735189684253286714e-03,3.695152300013034973e-03,3.715306912833786675e-03,3.707866584691132082e-03,3.626034031132243252e-03,3.585728083159293953e-03,3.631178678918357394e-03,3.738657408923582760e-03,3.623026018269324532e-03,3.692786923738585608e-03,3.579650177886848673e-03,3.678586554456731144e-03,3.704836224762650312e-03,3.743887026089311263e-03,3.640993529601224774e-03,3.562579202071026758e-03,3.689364966877187353e-03
3.616284728408948601e-03,3.693155745587595185e-03,3.627065637555287273e-03,3.575869968915761175e-03,3.777653675107016905e-03,3.508567333635719074e-03,3.783935361091092346e-03,3.756089087300398463e-03,3.789363760975822306e-03,3.734041250166495168e-03,3.652935853135733015e-03,3.616845566289640223e-03,3.541007687678272928e-03,3.776022193334507230e-03,3.675753820714468094e-03,3.556131520878118117e-03,3.595020711329491390e-03,3.670182000331655408e-03,3.649088518655327872e-03,3.586277150446161733e-03,3.680520486389896734e-03,3.714229968278040528e-03,3.694237266595035065e-03,3.666938067897512494e-03,3.793651538096476112e-03,3.589634136955630831e-03,3.608889485344637851e-03,3.621286248344633522e-03,3.625664424102817765e-03,3.615872428940170719e-03,3.659015973792859120e-03,3.629731766686344809e-03,3.786917209390288416e-03,3.633169240785258814e-03,3.698816595010646826e-03,3.599227299877854735e-03,3.717537428903718022e-03,3.732674222183331256e-03,3.710012977015148417e-03,3.572080772974475706e-03,3.609033817872574559e-03,3.634166908311271121e-03,3.688597231834047242e-03,3.713452531278689777e-03,3.747265991225441194e-03,3.626351252208457557e-03,3.698188592257089981e-03,3.698672649061378066e-03,3.666536067037589643e-03,0.000000000000000000e+00,3.832709451584681657e-03,3.777432631348248259e-03,3.676646229893261539e-03,3.704432556309091799e-03,3.601465893467606198e-03,3.612036197806281664e-03,3.688808662832100856e-03,3.613895506711212267e-03,3.682542810757014062e-03,3.661905125762516741e-03,3.584264397857738274e-03,3.669173000762233124e-03,3.636341201470466578e-03,3.693988701283388177e-03,3.594030359843336780e-03,3.732607404202127263e-03,3.592362801618337233e-03,3.714576569375512699e-03,3.618467369446739905e-03,3.657441272855425311e-03,3.656436704109555704e-03,3.512520980948229208e-03,3.696054882012822420e-03,3.532123769525760248e-03,3.739935258434959418e-03,3.734398149856569312e-03,3.704030046301008249e-03,3.569362038337645527e-03,3.763755427462258437e-03,3.715063486847810549e-03,3.681412524700737512e-03,3.630231349106464046e-03,3.665430550103024234e-03,3.660351862394193873e-03,3.698463800562926205e-03,3.691067761192736146e-03,3.664335403439892072e-03,3.723660948490797786e-03,3.602580770070655438e-03,3.609799384803347947e-03,3.629091353126800024e-03,3.599939108613411584e-03,3.683698120272675940e-03,3.646355325993868180e-03,3.694468416587940156e-03,3.659218485507790327e-03,3.560063439764870382e-03,3.567138595398137990e-03,3.659798053916866328e-03,3.628822940125835984e-03,3.586339158165826810e-03,3.587491216468182299e-03,3.779048313441204978e-03,3.808146566228808733e-03,3.675290483695733100e-03,3.701609825752286229e-03,3.700355979539533477e-03,3.595310569737913964e-03,3.619041843139263626e-03,3.697374790634278766e-03,3.660510114493823342e-03,3.772970475495549241e-03,3.696305064838867772e-03,3.641363119221647637e-03,3.798517235678007010e-03,3.660546267060138526e-03,3.563002558001240709e-03,3.672747542832371145e-03,3.702160268951052314e-03,3.654579513681528984e-03,3.679811184175255188e-03,3.792732093727485456e-03,3.673664015559718107e-03,3.616725868438977302e-03,3.692276001740003952e-03,3.807842056089625650e-03,3.733159773594767888e-03,3.633396907350260573e-03,3.720362455393320337e-03,3.633859505882712157e-03,3.641621522357372902e-03,3.714306633170784584e-03,3.688488817769109557e-03,3.651082766076496015e-03,3.688598834329329980e-03,3.562277372367985816e-03,3.711073446865361183e-03,3.587515836473347940e-03,3.683411812025336012e-03,3.550916278873156220e-03,3.678124178678578941e-03,3.637229798634054791e-03,3.725735354151271661e-03,3.662386631097795230e-03,3.662686818198577967e-03,3.697655436516893591e-03,3.673196648533548145e-03,3.692648172989506164e-03,3.648059899500857850e-03,3.606997303714367265e-03,3.543102143781681236e-03,3.691878919528619046e-03,3.599739084262347771e-03,3.644018216308660824e-03,3.611223588295942987e-03,3.530470538786032245e-03,3.565518372197765389e-03,3.595086224525776385e-03,3.581960170879833205e-03,3.729577280753749655e-03,3.648007178664269129e-03,3.581601866266202229e-03,3.530276620060817088e-03,3.584301912863841182e-03,3.678279706650430022e-03,3.642578359201520139e-03,3.663656623588048330e-03,3.670961625378547921e-03,3.632601409855682872e-03,3.770974722644527405e-03,3.684994623500452687e-03,3.725929551729794450e-03,3.693821929957505010e-03,3.513861299998114526e-03,3.630675448290019130e-03,3.679314742901324594e-03,3.609016010689084213e-03,3.780277925865144391e-03,3.620436146326039273e-03,3.799408418462413804e-03,3.670207592625855924e-03,3.626517054588487485e-03,3.709169158533714376e-03,3.584657622130411631e-03,3.587276871661438261e-03,3.747329787503505313e-03,3.602883975648504995e-03,3.632324875302620892e-03,3.642716535090090996e-03,3.679350360136228633e-03,3.746768198924930494e-03,3.720417772599327998e-03
3.617648648974506297e-03,3.771126105589652118e-03,3.646560923418298069e-03,3.580410281485179799e-03,3.629305698635181161e-03,3.624192147412985069e-03,3.602828351859210798e-03,3.711830083173491262e-03,3.793668874529745102e-03,3.712138992429940554e-03,3.637998126026558039e-03,3.617609772608292810e-03,3.627064961934516572e-03,3.782909787971991140e-03,3.555381406281625783e-03,3.619334623864004820e-03,3.598313379638094518e-03,3.634782358787418208e-03,3.621735079439971586e-03,3.614702906794417352e-03,3.600319194605773598e-03,3.643204756496707438e-03,3.882827619351450921e-03,3.712913677083015500e-03,3.705596839904986076e-03,3.586263883828585530e-03,3.709018600547472119e-03,3.578117460055472900e-03,3.735263475116802189e-03,3.610666563846484049e-03,3.794378004534680517e-03,3.605368485848679718e-03,3.732636616106341839e-03,3.688567255669797634e-03,3.788395789393377445e-03,3.651440835393315442e-03,3.543519919863762167e-03,3.545350226135160574e-03,3.678323249858421115e-03,3.638430361489014726e-03,3.532898828620758842e-03,3.587947016144149136e-03,3.779723822008501221e-03,3.597805598333531519e-03,3.669036981009155506e-03,3.634823890038258506e-03,3.645013542247642954e-03,3.705689826848174422e-03,3.666416216060198845e-03,3.832709451584681657e-03,0.000000000000000000e+00,3.711604105154463987e-03,3.663122237013952728e-03,3.756666921210195451e-03,3.780932697899274265e-03,3.602775998514447242e-03,3.672829484897317462e-03,3.592250254431897816e-03,3.752231711021448285e-03,3.814056085694964276e-03,3.583959967562146999e-03,3.622450438731011739e-03,3.638139591511698866e-03,3.722824188812770985e-03,3.588728997787468331e-03,3.694733864186357849e-03,3.760553591627256546e-03,3.666354013692596243e-03,3.554543834611395905e-03,3.634844613421115474e-03,3.602704520289866721e-03,3.647503444297421193e-03,3.608673128470379909e-03,3.641196162057614913e-03,3.797402362113893193e-03,3.803620346997697681e-03,3.706222939382386450e-03,3.610076152465502286e-03,3.633521405277073419e-03,3.735940010503866100e-03,3.692697555346847928e-03,3.650710360512895297e-03,3.669475766024090681e-03,3.704320821930261794e-03,3.714260267901399893e-03,3.697546572461433631e-03,3.587562724329165960e-03,3.740201236812597599e-03,3.678324025114491393e-03,3.563200386810387848e-03,3.629814246732506258e-03,3.797162784809146249e-03,3.586668351268769168e-03,3.563059252799565067e-03,3.682050600412859268e-03,3.695140317046936851e-03,3.573692003403848225e-03,3.595571156398141930e-03,3.692937777097427508e-03,3.690061110252000360e-03,3.546748213239738108e-03,3.612611052042472275e-03,3.715086212130598933e-03,3.696431868354932253e-03,3.562971926277817749e-03,3.659928185740743758e-03,3.620914409494980710e-03,3.573582563852218882e-03,3.714415936760928801e-03,3.693736377093675277e-03,3.668573451400414936e-03,3.804646133391011847e-03,3.596235208361562088e-03,3.773467079739837964e-03,3.673635981353875514e-03,3.735065736149173823e-03,3.549260366792853730e-03,3.693364515175305823e-03,3.663605378139278470e-03,3.701937540252626252e-03,3.661780224912431891e-03,3.724225567652392817e-03,3.526126235872088874e-03,3.583056413931426289e-03,3.713500357364145008e-03,3.705909396028037039e-03,3.678464469590024630e-03,3.533867155991072487e-03,3.794012843584043584e-03,3.635166506531419678e-03,3.687592867356175984e-03,3.597654455660432606e-03,3.727733430244847129e-03,3.547198141206426431e-03,3.639180746444121897e-03,3.580770310728695425e-03,3.719629548103315243e-03,3.606467183910369492e-03,3.698461135644419417e-03,3.537578893270255931e-03,3.657680412461014087e-03,3.532587444737639738e-03,3.671024639940683506e-03,3.813502354802323236e-03,3.695378705345661683e-03,3.742849244269573234e-03,3.608983682045856494e-03,3.700509013891494121e-03,3.637636364006800044e-03,3.770454322870126374e-03,3.711406653677981962e-03,3.678851991477825097e-03,3.495984007312635897e-03,3.624309516528112420e-03,3.613225825888903998e-03,3.598781030114884226e-03,3.669521493547707285e-03,3.632538192812677542e-03,3.518255350229875563e-03,3.677356633739881434e-03,3.555849544377019840e-03,3.510001346596007109e-03,3.530703979615704147e-03,3.670727864343949643e-03,3.551016666455480801e-03,3.751958815707328622e-03,3.808889463141616402e-03,3.646195014762833395e-03,3.638530920723657101e-03,3.682585492928793641e-03,3.680135251190290533e-03,3.674669388298672061e-03,3.631599552216106721e-03,3.709974796663784852e-03,3.631814934180715559e-03,3.668997988704513456e-03,3.552877557322463211e-03,3.648426717852284746e-03,3.575365690821087454e-03,3.741651347509092167e-03,3.704954356497615169e-03,3.611637505128073491e-03,3.731212728456315911e-03,3.674797873557408747e-03,3.604835299140103991e-03,3.819381087995266620e-03,3.705636932780288773e-03,3.540696656688581846e-03,3.750324498924098842e-03,3.676527226030137496e-03,3.722831565248259887e-03,3.781216700150919884e-03
3.633713023233681692e-03,3.673176567749190328e-03,3.642873235573099687e-03,3.640935268173084091e-03,3.676423105264241611e-03,3.637718762429656156e-03,3.734831412357963835e-03,3.631392457668786329e-03,3.668832651983758124e-03,3.661084352841694877e-03,3.607075032042911245e-03,3.587973313686751431e-03,3.690064384563613870e-03,3.755395080312774140e-03,3.695468761543232485e-03,3.546454292167045864e-03,3.656478910276594017e-03,3.643693064811054892e-03,3.695993528904716312e-03,3.619820466096517874e-03,3.699261785838088307e-03,3.679540558884487975e-03,3.653060392180640902e-03,3.665402201752031210e-03,3.596944217617627833e-03,3.674473768361178217e-03,3.712486225569233082e-03,3.685849934428770194e-03,3.733025456454467598e-03,3.647766790491267265e-03,3.611065713948228770e-03,3.621099143212790170e-03,3.686048254007070080e-03,3.586474141554270127e-03,3.650308092376845000e-03,3.593002802819263413e-03,3.660351823971249793e-03,3.730291846517055834e-03,3.842620970652940119e-03,3.729204679965146541e-03,3.639447865534206454e-03,3.636975945735541286e-03,3.699350856636725651e-03,3.636028045869070177e-03,3.792236206600671511e-03,3.628879352164223783e-03,3.585508080022554826e-03,3.601120311184436481e-03,3.655666467467765576e-03,3.777432631348248259e-03,3.711604105154463987e-03,0.000000000000000000e+00,3.582515664908466919e-03,3.680597450141291724e-03,3.750882507242063544e-03,3.677719462080272783e-03,3.645591085456186941e-03,3.617373331387058535e-03,3.587262234679628944e-03,3.692833146875758484e-03,3.588758041231524757e-03,3.688421868099203953e-03,3.572649109791560616e-03,3.761723527591122069e-03,3.740145085976194755e-03,3.680856622729697814e-03,3.697544211617442844e-03,3.634628481451804630e-03,3.792874173811485068e-03,3.708176170749035230e-03,3.641635705908976943e-03,3.576356354205588190e-03,3.620717435847175918e-03,3.691310281098076403e-03,3.590966791112972564e-03,3.687892829378299018e-03,3.646021355103882654e-03,3.670779650925629686e-03,3.599901329440173027e-03,3.666601307329982011e-03,3.648854646481328526e-03,3.594171616205863416e-03,3.679218226615294397e-03,3.868168434933881832e-03,3.639666613549549443e-03,3.742978940670107883e-03,3.724387842812586225e-03,3.680332381558325001e-03,3.640328841105063169e-03,3.620988905511943971e-03,3.674128244300709032e-03,3.561406265969595773e-03,3.678904683051069900e-03,3.739166692787184755e-03,3.675663784084521723e-03,3.677157590780502552e-03,3.660342150875800157e-03,3.672487351851861769e-03,3.760155397196932297e-03,3.691464138517318479e-03,3.661003476583088879e-03,3.753523317296683214e-03,3.703437147603688782e-03,3.652985031339673130e-03,3.578852936912394443e-03,3.655708417648960689e-03,3.591823647212858892e-03,3.725821516802687704e-03,3.715703250628280604e-03,3.716680295886511456e-03,3.654657030560970812e-03,3.585411859096289486e-03,3.629392506989403099e-03,3.679437866088076069e-03,3.672762818044863174e-03,3.614485811108994820e-03,3.523868124232009107e-03,3.655356808583328128e-03,3.631346069095053170e-03,3.656172753990021528e-03,3.594247274656223613e-03,3.666949992249658816e-03,3.749575223397329498e-03,3.702797012367122810e-03,3.654517800388567411e-03,3.736165897332797102e-03,3.752327020248629342e-03,3.664304838774806294e-03,3.674153966579203710e-03,3.679018499885350173e-03,3.800584217825433552e-03,3.788089216491862758e-03,3.693069851491962655e-03,3.866131667760873587e-03,3.745320111249257969e-03,3.697910850499469462e-03,3.636128089142144811e-03,3.688125846459797651e-03,3.704456352654825549e-03,3.627958687378419946e-03,3.609104278074886166e-03,3.673876076726097228e-03,3.682396045440361650e-03,3.648249252630076257e-03,3.675902000081410128e-03,3.631583611546834300e-03,3.694150245145722076e-03,3.659731631467722564e-03,3.594758445466552949e-03,3.516131259100947759e-03,3.687618558261935957e-03,3.600799330257782940e-03,3.499348499572119131e-03,3.563583930549585246e-03,3.568322090571812277e-03,3.587788567339637250e-03,3.657125442331260381e-03,3.698049635530118676e-03,3.715070395482647937e-03,3.555874749969122062e-03,3.614338919049524344e-03,3.678688491465100224e-03,3.604718025574338031e-03,3.687380137379081720e-03,3.734905410072091470e-03,3.612993218830750069e-03,3.665006846281117399e-03,3.518356173320042607e-03,3.680665973166741267e-03,3.632064026044236598e-03,3.684177864618443533e-03,3.660295457230508705e-03,3.524441940314510836e-03,3.624084338960725012e-03,3.678445482302050967e-03,3.648486530533718349e-03,3.629282552332006254e-03,3.730147726816074837e-03,3.737011619452626499e-03,3.715120211008796514e-03,3.689307601590575275e-03,3.605088225301571019e-03,3.625754551135531439e-03,3.712575709650653422e-03,3.595306297642541626e-03,3.649288072872992894e-03,3.651324676886429348e-03,3.708768319068416960e-03,3.617244779710194341e-03,3.562289458079574873e-03,3.664659587542056472e-03,3.632119966082056426e-03
3.805357475473728629e-03,3.614316980886009799e-03,3.749372844358030490e-03,3.779245846721332458e-03,3.664620735717880225e-03,3.718945065552146587e-03,3.644319961601729697e-03,3.644432308588620335e-03,3.538804191943298490e-03,3.727467671815914464e-03,3.692137169759122841e-03,3.772834153656846878e-03,3.535458067692833113e-03,3.712341865164709050e-03,3.593153743445765859e-03,3.612080419545624522e-03,3.626102464271772040e-03,3.630087462655227654e-03,3.519522476234082306e-03,3.785155303507856551e-03,3.604481746482712540e-03,3.589850292296286466e-03,3.655782750745763948e-03,3.670899374433486857e-03,3.621337805779338732e-03,3.668470101663537462e-03,3.681492181602996714e-03,3.720300152493991562e-03,3.622333806641597417e-03,3.728038328114155996e-03,3.788607289468772562e-03,3.544518874709112841e-03,3.593657839755414179e-03,3.724972499457108489e-03,3.698059433344375209e-03,3.734230104641642414e-03,3.637148501134606238e-03,3.652825760610065118e-03,3.582379986130324219e-03,3.667340054487004154e-03,3.625691465898113822e-03,3.618384802066416852e-03,3.568009928220960188e-03,3.696181992715004156e-03,3.715477103266445324e-03,3.765174356445328153e-03,3.650964235957499231e-03,3.601001934393148734e-03,3.583998405260530561e-03,3.676646229893261539e-03,3.663122237013952728e-03,3.582515664908466919e-03,0.000000000000000000e+00,3.595228555233545564e-03,3.792340896910264322e-03,3.628035549663731572e-03,3.734705070224455647e-03,3.665141923329619592e-03,3.716025066397028471e-03,3.670329999847809100e-03,3.707297917266099904e-03,3.681137735149992221e-03,3.704543311409454892e-03,3.647414872313049783e-03,3.748788340077150762e-03,3.580481673974500716e-03,3.637381127289150869e-03,3.713896016907776779e-03,3.785517795394509333e-03,3.574854765297120953e-03,3.638633357034114571e-03,3.624161188322414396e-03,3.671000245213589669e-03,3.610562278854078603e-03,3.708598039372329631e-03,3.563399632022657380e-03,3.598216205041968648e-03,3.643291829087945324e-03,3.517888443557160016e-03,3.690385561811885661e-03,3.764286600206669456e-03,3.711748266059935325e-03,3.691027841997556683e-03,3.601511906528298123e-03,3.707652757968088117e-03,3.656445369844372930e-03,3.720899867956771728e-03,3.673546111293631618e-03,3.670231500615343378e-03,3.581652768808435590e-03,3.560994364780288492e-03,3.680938436371744647e-03,3.822869675197170750e-03,3.640514458171713753e-03,3.692489452355523453e-03,3.648715182022923935e-03,3.692814411060899287e-03,3.671069848740210386e-03,3.633933631904142942e-03,3.620228979038616311e-03,3.683346137676171781e-03,3.654762302939112365e-03,3.649147687830648495e-03,3.663079957300150683e-03,3.774343837159479641e-03,3.656297947577854049e-03,3.566100849657996303e-03,3.626573420274575681e-03,3.614634621134752823e-03,3.639830633637004126e-03,3.626088950648434506e-03,3.722978875144962192e-03,3.606727423499451763e-03,3.558161475314409582e-03,3.607484830708857382e-03,3.599617017299290740e-03,3.734029644832684031e-03,3.739792429177519507e-03,3.691297212669694856e-03,3.629608189597001607e-03,3.691919749643953787e-03,3.684110356814476826e-03,3.753522303972346881e-03,3.740820571427572964e-03,3.780018633862576149e-03,3.694850320170546716e-03,3.662431849665436813e-03,3.684814308571579110e-03,3.585325688854475949e-03,3.604854713944953288e-03,3.563268126315272122e-03,3.689697237061478115e-03,3.810344872411896427e-03,3.591666119351123038e-03,3.566803668767020829e-03,3.630963641127627189e-03,3.663030993309893384e-03,3.680857956836636885e-03,3.790126611821347490e-03,3.733754326496056906e-03,3.609656081706712726e-03,3.639948964524702783e-03,3.772409079296257933e-03,3.642467335843798878e-03,3.687906506472268982e-03,3.747576153001712720e-03,3.636979779363956871e-03,3.723399920759300034e-03,3.637796382922802840e-03,3.671285024630951185e-03,3.647816903924145943e-03,3.633006259359042311e-03,3.683619164489606787e-03,3.587770339038636250e-03,3.602384788893895230e-03,3.676635143740563869e-03,3.700472274035966017e-03,3.525525231277055072e-03,3.717742389491542326e-03,3.664176796853439895e-03,3.633288883379116527e-03,3.544353682553112207e-03,3.665772105316269895e-03,3.601120245529465871e-03,3.594865261860034130e-03,3.685077623479862501e-03,3.621396537200324839e-03,3.722685382225299471e-03,3.638694592249124352e-03,3.731763607215439742e-03,3.645758531999521070e-03,3.564984874260514885e-03,3.695124456429623415e-03,3.641459635907318658e-03,3.628788912433641208e-03,3.685904429838500126e-03,3.754612152910561437e-03,3.669478403903722857e-03,3.587383427926288133e-03,3.698218370503451782e-03,3.588473662111793788e-03,3.676071213136144090e-03,3.584806098204213701e-03,3.636366735562052057e-03,3.624992221402449383e-03,3.756272493375971324e-03,3.653427984444328896e-03,3.691905358955300046e-03,3.703478740312574329e-03,3.634531525173506118e-03,3.746895603187204698e-03,3.724398554457959871e-03
3.586530271866155122e-03,3.799439349265065595e-03,3.750585860178617861e-03,3.650547687966063104e-03,3.664109719897700509e-03,3.604219681036309898e-03,3.658328363546646967e-03,3.571240770085728523e-03,3.772073580433629031e-03,3.650216971382021659e-03,3.694649581479047141e-03,3.608314507508945945e-03,3.721682202950581282e-03,3.720939609641833040e-03,3.601565692424587867e-03,3.510842676986576302e-03,3.686536688276622134e-03,3.562426525831966125e-03,3.724668594740877196e-03,3.581740521471190805e-03,3.605124101514004583e-03,3.667087269290730204e-03,3.628264592764929124e-03,3.757095279475753530e-03,3.688152985731604078e-03,3.534644202568835818e-03,3.699335014434571803e-03,3.628274535559009376e-03,3.668024552324254239e-03,3.721267118737244754e-03,3.589436439401369125e-03,3.730544513628939428e-03,3.821726294515807257e-03,3.590364627976814615e-03,3.705798895083340511e-03,3.672231432477249084e-03,3.739126260982850516e-03,3.606955351399404163e-03,3.656371833558285604e-03,3.653723011982962145e-03,3.701997482474720606e-03,3.632279129609462462e-03,3.706916786469648291e-03,3.634861297393365658e-03,3.666495136040671000e-03,3.682990867151834848e-03,3.695807924169116840e-03,3.623135966610040257e-03,3.703499060253658253e-03,3.704432556309091799e-03,3.756666921210195451e-03,3.680597450141291724e-03,3.595228555233545564e-03,0.000000000000000000e+00,3.608161193114166505e-03,3.668196135018596867e-03,3.499978004739976150e-03,3.608147542073901308e-03,3.690305002174914823e-03,3.679743639045444676e-03,3.523719460583100982e-03,3.637249450031610886e-03,3.524543707198861744e-03,3.805193830515077834e-03,3.622431331425898186e-03,3.679607654840516551e-03,3.633582254755177675e-03,3.794784295564351904e-03,3.554055251168918537e-03,3.703490817624327004e-03,3.566924365732438221e-03,3.596232822332037522e-03,3.724394640630816853e-03,3.695156037844001592e-03,3.674629370603475428e-03,3.703209912833940656e-03,3.678428005077345308e-03,3.732413771740901182e-03,3.673322007976075228e-03,3.708196488991723390e-03,3.733576410433132094e-03,3.680434411867247995e-03,3.619641243198968173e-03,3.664730802554093652e-03,3.653037567604609619e-03,3.739128159328137038e-03,3.577719574744755732e-03,3.693201882095467972e-03,3.659193810161292474e-03,3.610247032108999509e-03,3.706541250491389612e-03,3.656062847548078882e-03,3.565132813213768397e-03,3.556478245984792067e-03,3.651689004691408350e-03,3.669396863087154379e-03,3.555032554131342445e-03,3.633032049622398219e-03,3.714512873250233518e-03,3.704404989148618599e-03,3.619133396939839577e-03,3.560821960481676002e-03,3.658913467046131553e-03,3.681171468343012818e-03,3.708162731990312638e-03,3.644500451359649045e-03,3.759576409695578828e-03,3.529583384828522113e-03,3.727414516635627582e-03,3.669395649116524195e-03,3.666673376137763798e-03,3.743789136139997250e-03,3.732362666529980867e-03,3.820568219795185405e-03,3.622492835626212916e-03,3.744778886238582776e-03,3.606375040820477412e-03,3.703291662643748514e-03,3.589223783855648685e-03,3.611724495685681921e-03,3.636505935323128789e-03,3.641742564187183846e-03,3.595708012042563104e-03,3.646525316741498334e-03,3.626725214142085922e-03,3.719743692998043246e-03,3.614625408622614694e-03,3.628307404984495478e-03,3.641061666898538687e-03,3.699836103723575919e-03,3.644011246302236370e-03,3.691431333613434413e-03,3.669258026841658131e-03,3.595113071030340939e-03,3.648471321383813144e-03,3.766568490915603393e-03,3.631050307644856021e-03,3.628303654374284617e-03,3.633540155685950016e-03,3.650215429591118811e-03,3.706851102502526155e-03,3.602417034151253993e-03,3.573619989354951364e-03,3.707175597766591488e-03,3.748389997250047272e-03,3.595228133923818441e-03,3.671375864309799238e-03,3.623582413100601227e-03,3.712843062560328405e-03,3.810871737950446807e-03,3.740510566709282642e-03,3.709699781516074407e-03,3.587404781168230996e-03,3.597749270776182205e-03,3.643017664074206779e-03,3.664433357721102666e-03,3.673548830783126325e-03,3.671792251045479655e-03,3.643574278774389108e-03,3.686835703353450421e-03,3.742498495731859994e-03,3.663045646849534195e-03,3.616934816597291123e-03,3.615833832616927382e-03,3.740114350930854800e-03,3.681053909455689246e-03,3.714836704274024955e-03,3.680256649462163542e-03,3.614750045098110483e-03,3.654579823864191092e-03,3.643718471334260467e-03,3.634232286060128971e-03,3.614781110696554424e-03,3.534793393035796667e-03,3.674109755351806332e-03,3.700799107944230653e-03,3.661791573351642383e-03,3.589957738552133903e-03,3.713922147340306765e-03,3.663175736943140044e-03,3.575394964818355385e-03,3.720870653587506419e-03,3.750004759792013084e-03,3.699158164919638843e-03,3.657900841521055050e-03,3.728086982858484083e-03,3.712252938559513615e-03,3.720785309295644543e-03,3.728509395384715062e-03,3.669344069292988179e-03,3.635136783410107802e-03,3.676446886823007271e-03
3.633052896454294373e-03,3.741312594998852381e-03,3.666625523340873855e-03,3.580449908999184822e-03,3.698462007082364660e-03,3.726776970568291755e-03,3.707098609906322312e-03,3.662804918942610781e-03,3.559577894403277102e-03,3.705217204073625852e-03,3.739190051448021065e-03,3.657451071266983132e-03,3.697028456429633878e-03,3.668586011452726944e-03,3.642075488624101944e-03,3.603104344403724492e-03,3.644137126929940067e-03,3.551809177661114075e-03,3.666520495952759265e-03,3.669582718225980218e-03,3.659874828643291163e-03,3.601651016983914259e-03,3.724373615758670188e-03,3.663899527002700569e-03,3.609283232500841085e-03,3.601567476645878112e-03,3.667603457635701652e-03,3.621074328273725645e-03,3.724548784708475984e-03,3.625029435982543569e-03,3.742289246201442685e-03,3.481547656012929509e-03,3.576847192674825933e-03,3.801120783924704944e-03,3.628415797973576825e-03,3.705084051946855219e-03,3.628060296007016433e-03,3.632329367429949427e-03,3.608327183708362040e-03,3.671303759104306216e-03,3.592775506243535248e-03,3.624579283155609372e-03,3.709294214300903978e-03,3.640995270413689006e-03,3.578371733077975389e-03,3.665685440248209540e-03,3.679198891821828035e-03,3.580391839198264741e-03,3.746260469619386736e-03,3.601465893467606198e-03,3.780932697899274265e-03,3.750882507242063544e-03,3.792340896910264322e-03,3.608161193114166505e-03,0.000000000000000000e+00,3.610447369093744852e-03,3.696160212319062922e-03,3.667711622709939751e-03,3.689533085251796990e-03,3.633740062356816212e-03,3.757876244886423911e-03,3.876340018713356206e-03,3.637132742404236129e-03,3.649553021892929568e-03,3.695927804076773807e-03,3.574321654428375301e-03,3.685249832716285066e-03,3.705922801820262479e-03,3.629526336661372497e-03,3.589576272643641743e-03,3.671504070940438333e-03,3.726193451737560593e-03,3.637349821011475175e-03,3.704035121147464509e-03,3.689895594951139030e-03,3.628708689340654457e-03,3.759488557814907612e-03,3.662019176681603674e-03,3.667050203978291980e-03,3.651481787012361355e-03,3.741106245281270240e-03,3.607207688565383825e-03,3.578193726748260441e-03,3.728338460162330861e-03,3.570464132901554968e-03,3.666969739800431376e-03,3.703669149494821615e-03,3.642095192735738968e-03,3.654283659264586422e-03,3.670286928652773638e-03,3.584598824780441898e-03,3.745120203074354861e-03,3.729076806026113047e-03,3.677644041484291141e-03,3.681937430132171344e-03,3.689768858304404934e-03,3.623030172160383346e-03,3.764653532756662754e-03,3.607346605693008759e-03,3.649229401586954590e-03,3.676072919814737244e-03,3.661143232594642714e-03,3.611521686658664305e-03,3.602249248210543774e-03,3.605723939056418477e-03,3.601981500480678795e-03,3.581103397595115229e-03,3.672105613143588580e-03,3.680618565474162371e-03,3.745017460595384106e-03,3.673085375870395984e-03,3.645580064313933780e-03,3.602163137294830259e-03,3.685536738347120530e-03,3.614401525312250021e-03,3.738915802020347911e-03,3.592273860606755558e-03,3.655880742292695433e-03,3.617259695931048305e-03,3.704954675323083365e-03,3.608723957754086421e-03,3.715743771817671490e-03,3.718695862966460604e-03,3.677153940983735655e-03,3.662085120607814354e-03,3.770517042559940087e-03,3.556623333884328247e-03,3.680377546566550567e-03,3.636680138149189778e-03,3.558394716015230060e-03,3.647494837857233069e-03,3.754953645472576974e-03,3.737332642649589688e-03,3.677616129619270483e-03,3.728020732862265523e-03,3.637867289650667524e-03,3.602386579755720384e-03,3.624031098736180904e-03,3.704135970445893676e-03,3.624556380412864535e-03,3.594528586500055165e-03,3.653546957459521093e-03,3.693387414816486948e-03,3.710953895974339334e-03,3.637727991718598189e-03,3.577047648238301011e-03,3.610883478803250581e-03,3.598276327609464809e-03,3.678934393837596240e-03,3.715663439228526072e-03,3.682941685861767893e-03,3.741571012052496113e-03,3.597202458612018452e-03,3.569639017949790844e-03,3.785724106233348367e-03,3.739486739996336108e-03,3.862953428867662870e-03,3.627080117722822784e-03,3.627576661262222040e-03,3.679948028699268816e-03,3.637676004161451409e-03,3.630320839772615410e-03,3.678621395146260738e-03,3.725250849936396699e-03,3.501488416358641657e-03,3.797309367726726254e-03,3.817098830429707743e-03,3.574679432999423086e-03,3.755406836042057828e-03,3.716892884762106747e-03,3.714892978188992067e-03,3.627959456264472429e-03,3.627195051334396094e-03,3.711901379726940519e-03,3.616249741035747287e-03,3.680685453137824085e-03,3.654081273470455478e-03,3.579781759155116570e-03,3.652656784736500392e-03,3.699622923731089950e-03,3.620139156425215311e-03,3.580985621040925354e-03,3.623064450558999457e-03,3.492990398448955758e-03,3.657367960430449923e-03,3.614427701620191117e-03,3.670725057069307296e-03,3.659403045286896503e-03,3.667868709610132717e-03,3.735767588820279941e-03,3.594080271923897393e-03,3.728836988565067609e-03
3.640224765920068318e-03,3.695348523269912418e-03,3.800680716707290595e-03,3.733815293423942399e-03,3.649157700940214386e-03,3.608456933653404058e-03,3.664257522559856688e-03,3.719697704326307454e-03,3.657209290167236400e-03,3.621479405571428802e-03,3.598079095083024041e-03,3.633911447257213989e-03,3.762616619934830344e-03,3.614163474229250585e-03,3.682686821665778504e-03,3.638756692328395069e-03,3.726298740166015568e-03,3.684083783788746468e-03,3.624951988417291111e-03,3.686936599336114190e-03,3.561665162479963828e-03,3.683082815078989828e-03,3.619044037875396476e-03,3.645148538054604741e-03,3.715910851189709648e-03,3.687145582040986767e-03,3.592196966278648432e-03,3.660135039368554982e-03,3.724521414043278997e-03,3.686354911026987549e-03,3.622896513080000377e-03,3.695498924526088250e-03,3.623838903033754430e-03,3.697282096232764898e-03,3.702094229433725014e-03,3.626975066922314209e-03,3.645887781332381606e-03,3.663186155952076906e-03,3.755962760881405467e-03,3.683486804309537080e-03,3.667480361054157364e-03,3.778412896356702928e-03,3.636371819170184164e-03,3.701843286999414485e-03,3.616576134059118226e-03,3.670876936705133597e-03,3.721831028929951848e-03,3.670999571755353443e-03,3.622652783751590180e-03,3.612036197806281664e-03,3.602775998514447242e-03,3.677719462080272783e-03,3.628035549663731572e-03,3.668196135018596867e-03,3.610447369093744852e-03,0.000000000000000000e+00,3.698672279504072301e-03,3.592801531940096639e-03,3.661204025431696613e-03,3.694716994962278164e-03,3.666514356077387252e-03,3.677115283651135463e-03,3.663178974091520126e-03,3.648765912162208608e-03,3.737222423668368730e-03,3.623012757809016167e-03,3.662860674229141255e-03,3.624100789409686382e-03,3.606279393761552439e-03,3.711352871153214897e-03,3.683092658298187452e-03,3.721770226770158320e-03,3.680106659932772754e-03,3.699492312629771001e-03,3.693190353409561439e-03,3.651737821271102292e-03,3.674643181982037952e-03,3.766976690074872684e-03,3.623890594321289935e-03,3.701203943171596945e-03,3.618528749871718735e-03,3.691166692979178880e-03,3.518250408937540191e-03,3.729726858018154404e-03,3.678225548843024224e-03,3.646430007203366793e-03,3.620633294482067475e-03,3.668445907713118424e-03,3.618497864456021989e-03,3.682622279522946001e-03,3.655701412666711048e-03,3.680348244746103979e-03,3.782667751563913074e-03,3.659581118351053642e-03,3.646791876336797321e-03,3.714182693949351875e-03,3.640053276425919346e-03,3.717157687196747870e-03,3.748388185633731544e-03,3.647763579834283499e-03,3.688239565751717450e-03,3.714383024521072593e-03,3.589119471217806952e-03,3.608870375897727141e-03,3.621778957218008826e-03,3.727212855049647118e-03,3.630098302339672834e-03,3.695659767315949504e-03,3.640041436243050474e-03,3.574848254367749781e-03,3.650379430548367828e-03,3.603918385630535109e-03,3.742872191866809719e-03,3.771315781092624518e-03,3.722640639899169827e-03,3.685648887173289829e-03,3.752879805597246227e-03,3.627666718254857377e-03,3.548171903834251070e-03,3.710566456058969446e-03,3.802351056983024891e-03,3.708246286349109033e-03,3.741794583847930615e-03,3.684858233635550633e-03,3.589820859020668043e-03,3.695897561128167873e-03,3.658244495931263669e-03,3.633753960303705895e-03,3.718265908331964010e-03,3.826085524744493854e-03,3.621479235427807822e-03,3.628733455638324685e-03,3.637285415859815418e-03,3.626151531123454445e-03,3.687661752411630460e-03,3.592861883450574126e-03,3.611328453576802874e-03,3.566739059207250841e-03,3.793453655409486681e-03,3.630819263890795040e-03,3.711623271534177787e-03,3.704432119762395871e-03,3.615197511827083435e-03,3.569407921394198487e-03,3.554246477769406557e-03,3.571627613094118837e-03,3.646706540517583375e-03,3.651560906360597561e-03,3.626616183702643850e-03,3.616533685479048858e-03,3.598994389220575366e-03,3.697519081090285768e-03,3.696122519415357549e-03,3.711113827186448069e-03,3.557236600452586169e-03,3.680394647113501266e-03,3.708209352787097349e-03,3.624310656626419415e-03,3.640747629512678697e-03,3.617418722351870009e-03,3.670357463575748495e-03,3.734031788559312101e-03,3.626728801080570438e-03,3.596044318699173452e-03,3.719143791350136303e-03,3.717817344677939399e-03,3.631281566332116711e-03,3.673289633718178349e-03,3.669694223741752810e-03,3.700030605143529456e-03,3.597323102737955223e-03,3.600656090444246098e-03,3.667535643528982685e-03,3.639578571028842784e-03,3.841648500323818424e-03,3.737528590720740496e-03,3.671186487360002509e-03,3.624327236310623951e-03,3.661885993220547180e-03,3.572315213437990324e-03,3.700576598775562678e-03,3.600896746094806294e-03,3.644284729790221982e-03,3.591750909336790219e-03,3.625676773372448099e-03,3.579223956650486559e-03,3.640092189976543765e-03,3.670260191919890412e-03,3.525013597455193843e-03,3.598084908761889182e-03,3.729531105811259833e-03,3.621822668108998916e-03
3.751944402093504004e-03,3.586890114217927781e-03,3.638657427370810618e-03,3.644560303360262939e-03,3.737654964218505363e-03,3.657851186872597849e-03,3.643269340492142488e-03,3.661922763196722580e-03,3.614786870955244164e-03,3.649390473042141668e-03,3.606597204312893008e-03,3.536816498689894853e-03,3.686919380531813398e-03,3.684711806515051594e-03,3.760080663437656220e-03,3.775614119483051978e-03,3.586704964393262317e-03,3.683028687809756715e-03,3.777446035688355325e-03,3.706401878779271367e-03,3.623094635513141992e-03,3.646342877585118623e-03,3.769762191212196537e-03,3.689775842644974369e-03,3.571551582664329611e-03,3.749474174479070551e-03,3.550360016919901045e-03,3.546892690000000986e-03,3.706262720597297642e-03,3.666114983204574011e-03,3.712503024413363502e-03,3.732053889447862517e-03,3.711782080897589684e-03,3.723267195308460533e-03,3.728469950675769758e-03,3.609496720583098631e-03,3.642517543434550895e-03,3.623319933559606201e-03,3.793992785656470374e-03,3.631834190634032015e-03,3.596535665578047634e-03,3.628538515050117735e-03,3.594277733720468819e-03,3.694488452222162607e-03,3.564279779456250036e-03,3.622978388559683349e-03,3.694863697150350089e-03,3.719857085496191314e-03,3.569888288150313733e-03,3.688808662832100856e-03,3.672829484897317462e-03,3.645591085456186941e-03,3.734705070224455647e-03,3.499978004739976150e-03,3.696160212319062922e-03,3.698672279504072301e-03,0.000000000000000000e+00,3.712421412797591285e-03,3.697780003163194003e-03,3.568308920234849330e-03,3.704962380632310405e-03,3.609156891347478548e-03,3.706386594960291853e-03,3.622449372545806512e-03,3.636577827638054223e-03,3.682401089273472806e-03,3.651236402564631348e-03,3.697386597877187851e-03,3.630482734172858338e-03,3.714795994141960930e-03,3.643513596277911729e-03,3.580686455839888864e-03,3.553575504342972990e-03,3.693634200373044005e-03,3.670678275005772196e-03,3.646794702425900075e-03,3.603889467365268759e-03,3.708622785033826533e-03,3.720084388405821198e-03,3.561318109720251063e-03,3.645134033732900115e-03,3.719638298649205563e-03,3.671024176530108835e-03,3.676870039866390622e-03,3.638227019804704705e-03,3.676927756489921893e-03,3.710380010349787969e-03,3.649583579557730446e-03,3.652586731361606460e-03,3.705354493971297139e-03,3.547793826620448347e-03,3.636667847378989137e-03,3.729881727698862101e-03,3.672308558459104477e-03,3.716209872456246836e-03,3.680873655747415006e-03,3.707862493693633420e-03,3.590137071075658135e-03,3.698052354634634876e-03,3.685857437358671697e-03,3.662961479460793719e-03,3.654212223841136163e-03,3.747549870957998189e-03,3.570131585599975021e-03,3.659185610592714973e-03,3.800974052892767355e-03,3.636029436808733972e-03,3.650024589467631801e-03,3.685446510629564448e-03,3.584607667313497500e-03,3.583547869528443033e-03,3.699526628158174638e-03,3.656778273158113601e-03,3.694454091638842575e-03,3.699961093847876827e-03,3.680725445910979290e-03,3.721088086707487544e-03,3.689202986009706541e-03,3.659375932426119690e-03,3.638193307714570040e-03,3.609280739704804654e-03,3.700264967104715304e-03,3.661752160671586168e-03,3.624095429603010204e-03,3.661931626515085251e-03,3.614248853242541751e-03,3.546954288713589660e-03,3.737777815218253866e-03,3.781989643177927508e-03,3.760711275047982135e-03,3.707832424281447530e-03,3.579052594621909104e-03,3.693227708666342937e-03,3.592205077272644237e-03,3.679735021676170791e-03,3.836204337418149153e-03,3.705119583295542283e-03,3.604489658773583211e-03,3.727543588733630685e-03,3.601534471244188622e-03,3.654710679952200263e-03,3.689538542594886575e-03,3.745076731544936133e-03,3.573439876836164743e-03,3.668372924685184364e-03,3.733705465631079624e-03,3.597039782462290499e-03,3.733534609794361865e-03,3.635361103826850477e-03,3.603128121618120669e-03,3.657935779036794455e-03,3.572959977667510001e-03,3.793387983657665798e-03,3.662864223548237697e-03,3.689142354041653055e-03,3.593359195443638233e-03,3.662121233366085957e-03,3.594374960602585763e-03,3.604058626989078973e-03,3.628597366840913014e-03,3.634128713543721863e-03,3.653202890204894967e-03,3.644264750521535902e-03,3.641424680312655912e-03,3.672589970429045256e-03,3.626980722238500043e-03,3.624929015122659894e-03,3.746882470231319151e-03,3.661983842875757636e-03,3.752315870596246994e-03,3.634678559459225168e-03,3.691923076809680310e-03,3.592483079554818510e-03,3.693215128736345929e-03,3.650906457849510678e-03,3.752184600873402671e-03,3.612080243132372893e-03,3.775287533385833331e-03,3.634346263941412667e-03,3.721971091009944072e-03,3.693496413975460788e-03,3.521020593920054769e-03,3.631227723327723998e-03,3.619426021245237147e-03,3.603535340204049552e-03,3.700504272523658014e-03,3.749485776452110824e-03,3.640410048868039129e-03,3.597918000386360511e-03,3.697812881777282675e-03,3.545709472223482726e-03,3.643478137259078577e-03
3.734833728733198688e-03,3.679647421291132054e-03,3.644642443871723252e-03,3.630586277910937635e-03,3.729302645194847079e-03,3.640684431130466765e-03,3.724680843877066928e-03,3.661319917931537757e-03,3.555832721926063290e-03,3.569711185360898223e-03,3.676745977833227510e-03,3.659350825043390393e-03,3.721545956794226461e-03,3.675080145779405748e-03,3.586340747809575909e-03,3.762553447785400851e-03,3.710876799413740604e-03,3.664457856751339448e-03,3.619236981202497792e-03,3.739630711265128690e-03,3.745391370101930264e-03,3.644186395506616386e-03,3.666620144805278654e-03,3.674881520772219686e-03,3.622696363776779001e-03,3.768566280861095335e-03,3.650311683271467884e-03,3.662195108232481604e-03,3.701807695429473223e-03,3.561228716121908350e-03,3.694055377539610593e-03,3.749135157032313596e-03,3.753350103160576785e-03,3.618922746218603947e-03,3.869194525540199745e-03,3.613756018870342441e-03,3.712937692270381132e-03,3.729690934321682871e-03,3.703316513108953663e-03,3.685545696117520538e-03,3.544122562242469840e-03,3.618893208833381774e-03,3.705161940885477387e-03,3.691683393199140205e-03,3.642888049526203393e-03,3.693416273890246133e-03,3.692290915647027365e-03,3.836621029634721455e-03,3.564743974985219287e-03,3.613895506711212267e-03,3.592250254431897816e-03,3.617373331387058535e-03,3.665141923329619592e-03,3.608147542073901308e-03,3.667711622709939751e-03,3.592801531940096639e-03,3.712421412797591285e-03,0.000000000000000000e+00,3.761839335330355392e-03,3.490593705121087121e-03,3.753586117673939765e-03,3.725532157849030870e-03,3.603299178571187696e-03,3.543251411784406352e-03,3.624705944318124765e-03,3.695998896498234841e-03,3.681983691070535216e-03,3.703449792627282969e-03,3.720030401471987203e-03,3.779171469804239788e-03,3.579176878071425351e-03,3.728391762651557962e-03,3.763641804028998623e-03,3.764246558887152441e-03,3.598746468696399723e-03,3.612910550281489639e-03,3.668096913081741323e-03,3.615310706564759877e-03,3.608942806736967560e-03,3.657675442992286939e-03,3.671787099869789663e-03,3.614389486281461249e-03,3.640220239808485570e-03,3.710778820849311779e-03,3.579614891095422771e-03,3.584532757160612503e-03,3.660942882812149267e-03,3.739273508815187889e-03,3.788894059234131171e-03,3.717814236274398325e-03,3.626899824129326249e-03,3.632791441404948848e-03,3.637389252486108396e-03,3.615251626702269388e-03,3.634120384121912028e-03,3.719056783156680229e-03,3.693390959504971090e-03,3.699285616239886883e-03,3.646480534885682308e-03,3.639202315179943144e-03,3.712520115107257896e-03,3.688740737860153433e-03,3.568725732248564323e-03,3.627945956527664408e-03,3.723201688151052836e-03,3.591822591673417449e-03,3.707520348587861440e-03,3.657400626108976184e-03,3.664568292151122297e-03,3.558487222116189092e-03,3.675825841982402822e-03,3.619373776038499468e-03,3.584808885810656688e-03,3.537531451656806148e-03,3.553129522462688920e-03,3.737836933161909746e-03,3.782452178368396391e-03,3.703336223169500455e-03,3.701738181975092103e-03,3.754259322134341145e-03,3.564492641444297685e-03,3.630029279717021141e-03,3.622824870291556885e-03,3.678255738176116219e-03,3.664737963181678888e-03,3.686011330525163551e-03,3.667534208064578225e-03,3.706104658066095535e-03,3.584430834634420165e-03,3.624682180008160452e-03,3.533375922845874862e-03,3.699214546648601533e-03,3.564168039759026303e-03,3.771375147884849753e-03,3.719386374559958876e-03,3.666720393695534555e-03,3.536755640365197000e-03,3.581822104106134434e-03,3.707845298996626047e-03,3.676836003183293639e-03,3.675277837344480877e-03,3.634766844268629178e-03,3.651350382445795774e-03,3.578335658739170613e-03,3.591762505522383148e-03,3.649481708857560316e-03,3.623820634978155812e-03,3.725725694785102758e-03,3.757914471006891695e-03,3.675166082327924102e-03,3.709635046039677034e-03,3.591848741465801000e-03,3.709070774474253901e-03,3.783014969344323467e-03,3.715756129803216099e-03,3.492155297224877782e-03,3.692315395812889676e-03,3.647002938482858583e-03,3.717321951085892327e-03,3.622311743967864331e-03,3.582217619941834366e-03,3.569053707627263625e-03,3.734504482158287723e-03,3.590898410934687673e-03,3.702501764217442769e-03,3.675881739799263283e-03,3.755616880353600598e-03,3.599191818440848796e-03,3.593152240194265584e-03,3.683269695626371042e-03,3.715863880202085936e-03,3.524858573381439188e-03,3.712150154530416239e-03,3.565676999588238832e-03,3.514607897191495897e-03,3.611368216390654744e-03,3.719940691851910536e-03,3.707465589057123891e-03,3.704633248019548620e-03,3.736256169085433020e-03,3.605974152266423934e-03,3.779224870613004297e-03,3.654805713212821820e-03,3.606718083332786495e-03,3.645236763495489970e-03,3.665627731095685588e-03,3.685172554741943801e-03,3.697696174257275158e-03,3.645508576397512614e-03,3.653444239596412204e-03,3.685118613975361251e-03,3.616087192994295492e-03
3.666937223090923660e-03,3.626844560423466476e-03,3.806376584995759937e-03,3.543820291122963453e-03,3.640079483513621126e-03,3.612240822951589322e-03,3.627175728858027595e-03,3.667138890586034514e-03,3.617045343019074238e-03,3.780429270129551621e-03,3.629752408869583134e-03,3.673309661874014399e-03,3.635046749525863100e-03,3.688744342343992875e-03,3.723827613641401881e-03,3.759698681943276707e-03,3.612127216017461864e-03,3.668857300694195432e-03,3.649753668932853058e-03,3.613176336386878049e-03,3.617393193268419928e-03,3.636972982076607137e-03,3.669163046183053500e-03,3.740593613096238230e-03,3.704206800579823607e-03,3.753423887903887656e-03,3.650665949143145576e-03,3.705276352840514154e-03,3.625249978094325243e-03,3.593050438172870360e-03,3.682123331154709377e-03,3.657570375382455333e-03,3.756621719335270955e-03,3.606854590042995849e-03,3.757175306421770087e-03,3.677481101922222204e-03,3.705932790209104204e-03,3.604292778354467510e-03,3.675931952994977107e-03,3.662901194636838855e-03,3.614112724302723321e-03,3.716708009160926782e-03,3.659101806481304155e-03,3.614885892087094706e-03,3.554335812019999465e-03,3.767793274661871989e-03,3.607917983541594504e-03,3.656525236087541757e-03,3.613498044755065683e-03,3.682542810757014062e-03,3.752231711021448285e-03,3.587262234679628944e-03,3.716025066397028471e-03,3.690305002174914823e-03,3.689533085251796990e-03,3.661204025431696613e-03,3.697780003163194003e-03,3.761839335330355392e-03,0.000000000000000000e+00,3.727587736381268984e-03,3.693995855309327534e-03,3.659435351384627937e-03,3.739625236189375677e-03,3.734475621570456250e-03,3.596369137430026862e-03,3.561800647803348673e-03,3.611583776203945544e-03,3.660975029357970822e-03,3.587044655881010263e-03,3.635866857195936379e-03,3.650373430198763491e-03,3.715976706830531346e-03,3.665735661444865720e-03,3.764603290374106750e-03,3.597801367512141676e-03,3.651338035753396837e-03,3.620108547476309866e-03,3.785461401639750919e-03,3.703936320793318679e-03,3.665188116694022280e-03,3.601924625057288751e-03,3.579831192721576009e-03,3.574736052360717991e-03,3.657200020618686653e-03,3.629504884272508926e-03,3.578660952110865844e-03,3.622352543434861471e-03,3.636888290607469959e-03,3.585160124289213900e-03,3.632391179458452444e-03,3.652020458372218833e-03,3.667610374379420227e-03,3.624855300150020034e-03,3.675036705766635253e-03,3.663500246978515420e-03,3.604215078132651413e-03,3.635996316646978883e-03,3.612602355747218056e-03,3.663285346026878223e-03,3.613318722559284019e-03,3.597758674633012160e-03,3.625454998554882187e-03,3.608709732018200705e-03,3.607576166762477884e-03,3.616644050573505041e-03,3.624759817522428627e-03,3.734485496106571684e-03,3.618202632740883610e-03,3.629524406665328006e-03,3.676730755088583689e-03,3.706909425786861050e-03,3.679490165608715214e-03,3.744345045627577723e-03,3.756716359729023701e-03,3.653184062281577757e-03,3.698502941719611792e-03,3.663355492254012809e-03,3.621472721112373519e-03,3.621793492233715481e-03,3.736608406737934335e-03,3.701369635787105615e-03,3.663735004996910433e-03,3.587167749420302771e-03,3.616517966631842360e-03,3.737353546670832416e-03,3.651766628139120445e-03,3.697952943125883390e-03,3.640247786454098994e-03,3.685814044795475853e-03,3.712437979742006563e-03,3.632453388802110630e-03,3.714559869181752270e-03,3.746758592195110430e-03,3.642118229605164487e-03,3.654101844853091443e-03,3.732581688356972124e-03,3.652462390679053327e-03,3.591357885966097244e-03,3.700987680127962396e-03,3.615176721099885426e-03,3.732112809964532180e-03,3.615076012437332034e-03,3.697639955489728097e-03,3.652156409849874243e-03,3.642096601896030027e-03,3.791155766777172184e-03,3.728343727980293516e-03,3.691462040206144792e-03,3.709636638864338264e-03,3.648181230118582082e-03,3.631495285303670655e-03,3.585697791695918995e-03,3.625062845642984966e-03,3.578289034796881644e-03,3.719561120578641824e-03,3.672763628674490834e-03,3.682744385226393701e-03,3.612920706803908737e-03,3.618746425031301329e-03,3.764080438018367614e-03,3.644611374129624708e-03,3.633053389871679015e-03,3.674435239497667559e-03,3.588272355018023215e-03,3.711988689339466851e-03,3.672853507530195183e-03,3.674599488571983399e-03,3.684208465152205830e-03,3.679947399196318615e-03,3.605599126270469038e-03,3.643577969874038126e-03,3.615118099826178204e-03,3.762947679915511472e-03,3.714919251165921948e-03,3.669861543034357455e-03,3.615181568596572467e-03,3.651155268086753430e-03,3.701587161051350747e-03,3.685488101300357210e-03,3.715625131010157327e-03,3.672763904401275988e-03,3.638314446957758696e-03,3.700136190393065166e-03,3.643038000005982113e-03,3.676023858107527794e-03,3.676848015610988552e-03,3.617458209523197448e-03,3.640160195925797645e-03,3.704352990114818424e-03,3.615815685733558132e-03,3.753512141122825312e-03,3.649668770425486871e-03
3.591041574085054779e-03,3.730154746393816827e-03,3.594890170198102464e-03,3.627477666719721577e-03,3.569385561006994771e-03,3.612209292529439814e-03,3.606494539761699331e-03,3.594230702280347065e-03,3.715920337076969362e-03,3.657571839070420869e-03,3.630512775667632357e-03,3.658308598607094321e-03,3.710419556373615538e-03,3.702563163442924420e-03,3.636858619915429511e-03,3.588347280952249290e-03,3.550806496024252589e-03,3.690514851792612780e-03,3.566914461359362628e-03,3.667009613210893675e-03,3.736944278397143736e-03,3.669258068045617646e-03,3.690505999728257817e-03,3.710489017020899422e-03,3.710500709875421722e-03,3.704830967579370894e-03,3.635245605256272675e-03,3.704657392495931678e-03,3.768010766167689211e-03,3.662950546145269520e-03,3.714288295077429990e-03,3.591961123349500604e-03,3.651937458382047228e-03,3.658167753240059231e-03,3.631424585998154798e-03,3.722899085004030290e-03,3.650616942570833207e-03,3.545166154298368989e-03,3.574006020561256488e-03,3.681835346933465519e-03,3.623814666753500009e-03,3.704141312449159198e-03,3.730797605494989323e-03,3.613660826262312786e-03,3.689704326221332313e-03,3.692835012643607730e-03,3.713467483127670492e-03,3.665272051682339632e-03,3.654493447498946296e-03,3.661905125762516741e-03,3.814056085694964276e-03,3.692833146875758484e-03,3.670329999847809100e-03,3.679743639045444676e-03,3.633740062356816212e-03,3.694716994962278164e-03,3.568308920234849330e-03,3.490593705121087121e-03,3.727587736381268984e-03,0.000000000000000000e+00,3.665979309446115199e-03,3.670641615913499984e-03,3.693334971653083453e-03,3.666285275030623306e-03,3.663199122770739117e-03,3.704551487248676674e-03,3.675962040946009236e-03,3.690833313785487745e-03,3.812321690932507848e-03,3.570313034369898726e-03,3.711530906542095509e-03,3.749373638763594391e-03,3.676733688305793609e-03,3.720227105534801813e-03,3.729692917379253455e-03,3.702876055890614530e-03,3.653070609069658872e-03,3.610625009484377812e-03,3.639484164852337198e-03,3.708955653242183327e-03,3.654428506085630364e-03,3.582020160665721174e-03,3.611137571433439136e-03,3.694686738639896620e-03,3.633350906691722604e-03,3.606731657522652817e-03,3.633767192469221537e-03,3.685124574587698293e-03,3.654294203118216462e-03,3.590098716050739002e-03,3.682514154058921449e-03,3.782959170277483320e-03,3.689440321742754395e-03,3.749318171418908763e-03,3.697197952551661837e-03,3.581556283533107645e-03,3.526798580585904265e-03,3.657167730574786228e-03,3.791426734355308418e-03,3.743574818473401847e-03,3.554644426361523377e-03,3.571561925634424584e-03,3.743099048058622352e-03,3.753315223555969866e-03,3.612392447500478374e-03,3.646059330579112800e-03,3.525012145468919139e-03,3.815500895299223962e-03,3.737336047514234257e-03,3.779607345425723113e-03,3.822973470690777930e-03,3.671136951023496256e-03,3.646206759292681607e-03,3.744551374717704391e-03,3.751530021378867309e-03,3.621376799651072724e-03,3.630704756676837730e-03,3.723760300038240784e-03,3.582033784137541449e-03,3.590048633966526175e-03,3.644007614336810912e-03,3.676960495888897604e-03,3.695803605620486595e-03,3.685872261413205946e-03,3.666922381438506625e-03,3.610364910047165251e-03,3.587503099209237312e-03,3.702945871303565777e-03,3.673942793734844264e-03,3.699718880687890947e-03,3.811132308464973244e-03,3.689372392374969545e-03,3.637888155022374857e-03,3.684493840312599942e-03,3.560596572499512714e-03,3.653469533528872458e-03,3.683217625907723135e-03,3.616944633284577965e-03,3.588030458559574292e-03,3.722745574116793996e-03,3.608000487550010443e-03,3.706489991842334703e-03,3.587919779564767084e-03,3.681305114578049473e-03,3.583542301410903505e-03,3.627793360840138835e-03,3.768800325740247811e-03,3.662744850960568399e-03,3.779257939047960761e-03,3.725731667507328846e-03,3.581707265924258254e-03,3.731071316731230953e-03,3.600768681469623204e-03,3.636190770955284070e-03,3.596567676561712636e-03,3.651132990019730767e-03,3.686307247069220330e-03,3.617584935243754480e-03,3.618506868554058169e-03,3.532382003218437379e-03,3.596667178300138549e-03,3.637319071839631001e-03,3.702937636389068074e-03,3.733296956407648054e-03,3.592697845640457563e-03,3.667384490270992302e-03,3.553841689292644955e-03,3.576883067016038871e-03,3.780624534568590572e-03,3.607262810928711736e-03,3.596335441827922755e-03,3.683147138047852993e-03,3.670125615223597104e-03,3.717660566373670854e-03,3.606162277432251213e-03,3.702963502772392817e-03,3.675591711003396104e-03,3.627524268651394559e-03,3.684545514255936887e-03,3.600973194465690447e-03,3.681858598071253638e-03,3.611271533095276789e-03,3.666913835486864098e-03,3.666087290725116889e-03,3.617665948158328704e-03,3.628262031418843375e-03,3.694018982761188702e-03,3.670841858399512703e-03,3.737691697044082193e-03,3.660735237082130434e-03,3.655230115774445350e-03,3.586716925416238207e-03
3.719256198125847537e-03,3.634290311117958742e-03,3.562705235310738988e-03,3.797203505904568101e-03,3.593668843393688171e-03,3.678857415711621164e-03,3.695853090304401355e-03,3.711722511833990320e-03,3.575709564667141870e-03,3.747147405118046899e-03,3.749532720079607351e-03,3.564742811545425129e-03,3.603119529476118878e-03,3.637003224511536729e-03,3.733426309468225110e-03,3.738140449292608799e-03,3.635548309581769239e-03,3.684149345268553609e-03,3.612057395969545896e-03,3.862893869340707984e-03,3.656223885566587620e-03,3.660385976032368583e-03,3.640726055388717429e-03,3.600713734942911394e-03,3.540543342724101865e-03,3.631168646060980911e-03,3.636540285497159072e-03,3.695049591596435198e-03,3.605836391895571834e-03,3.641518739591283454e-03,3.650666389366247905e-03,3.602435107159903532e-03,3.564156279583805507e-03,3.778832855895657497e-03,3.689457085184607351e-03,3.716530627792530642e-03,3.800442698585976622e-03,3.743580452903337921e-03,3.669605320685537849e-03,3.619522118800054446e-03,3.604954755012771545e-03,3.599780694799129595e-03,3.597616080738262091e-03,3.657334959629001628e-03,3.678646893432896067e-03,3.655132175737015824e-03,3.660885845827695217e-03,3.702040007156850825e-03,3.573263908859139557e-03,3.584264397857738274e-03,3.583959967562146999e-03,3.588758041231524757e-03,3.707297917266099904e-03,3.523719460583100982e-03,3.757876244886423911e-03,3.666514356077387252e-03,3.704962380632310405e-03,3.753586117673939765e-03,3.693995855309327534e-03,3.665979309446115199e-03,0.000000000000000000e+00,3.577872166282812776e-03,3.708862533397847862e-03,3.583093945227191959e-03,3.690401344994369282e-03,3.591246727498295307e-03,3.710541478326316849e-03,3.648608633882886084e-03,3.665601196427493297e-03,3.459315277772807059e-03,3.786927348970152516e-03,3.727705069530567062e-03,3.869690723197429308e-03,3.680740500354291039e-03,3.529459635181045329e-03,3.577492501124024046e-03,3.626592235871966153e-03,3.647183152204445250e-03,3.686985863972549581e-03,3.534733631949077241e-03,3.643613584470295052e-03,3.598995828459784947e-03,3.726782945600123909e-03,3.739276339351438588e-03,3.599511250024139963e-03,3.579510376857636834e-03,3.742365333417435689e-03,3.640626675601415195e-03,3.682700314411316116e-03,3.704011531510584352e-03,3.561770719780649706e-03,3.777613651203523375e-03,3.665177008636470810e-03,3.749908816986516347e-03,3.674688858979033041e-03,3.570319559011660929e-03,3.715117043216168043e-03,3.707989308440276435e-03,3.615407063554339911e-03,3.639068723911896217e-03,3.708212438388350587e-03,3.653473419184047680e-03,3.677664746037961202e-03,3.601303840705873983e-03,3.674128507528080356e-03,3.638274592976725817e-03,3.626049641381714778e-03,3.739489490539149585e-03,3.576566401473798423e-03,3.640460587386492620e-03,3.711686841165149752e-03,3.642871901246442709e-03,3.668074472627604922e-03,3.535366299464681207e-03,3.626262798580875794e-03,3.715491661330486920e-03,3.850347407688037033e-03,3.672712424522262247e-03,3.685800179011029885e-03,3.676639582916556813e-03,3.644059926118114762e-03,3.738347610720432063e-03,3.659330330904487973e-03,3.607534290881443846e-03,3.709511054254708770e-03,3.648094369531325841e-03,3.540252770563885511e-03,3.672840073332924067e-03,3.658642735628795870e-03,3.601233367474482826e-03,3.558728853031883129e-03,3.704973007892823841e-03,3.681030996080564884e-03,3.667482117556008885e-03,3.604111517165237838e-03,3.640863124736815754e-03,3.559596999921066460e-03,3.668498715211650826e-03,3.813046652969934690e-03,3.600080404769594872e-03,3.700968707241149552e-03,3.662025355148733081e-03,3.667272776875969004e-03,3.532805363624217081e-03,3.642723130210540755e-03,3.589713365210631720e-03,3.572272847794238926e-03,3.633972859003467819e-03,3.660790856022209851e-03,3.686449152214393062e-03,3.640526281314511881e-03,3.592615959992874215e-03,3.770900782930820209e-03,3.806236989324166594e-03,3.754616802926412974e-03,3.661677174036062372e-03,3.723163036313357523e-03,3.745574915639373562e-03,3.697489808419569986e-03,3.737948663495919716e-03,3.627832509061836627e-03,3.713241038905917921e-03,3.669884715655901287e-03,3.580425364501773743e-03,3.716397558161407041e-03,3.698889204270374396e-03,3.752674883466972870e-03,3.592397352202368176e-03,3.686038429498480606e-03,3.583074786539405549e-03,3.762210500730747004e-03,3.711294919539603280e-03,3.705755915043472230e-03,3.762201708663551625e-03,3.542393390069606841e-03,3.607425404518298240e-03,3.727808840117007201e-03,3.599867695482927843e-03,3.583601132016459891e-03,3.706502975455364026e-03,3.699956874788732242e-03,3.627416791340935115e-03,3.659514879764610550e-03,3.672691379930986474e-03,3.720260340681732364e-03,3.624833705141915392e-03,3.670169828427788643e-03,3.650671781903226925e-03,3.686132931870200746e-03,3.762026902029302726e-03,3.622164282535778393e-03,3.607439045139458188e-03
3.750061998205276095e-03,3.729094209143465639e-03,3.735248691756844555e-03,3.667203298711532028e-03,3.756939838014573037e-03,3.803818628311771578e-03,3.725579443630207786e-03,3.607501336106519723e-03,3.570963866198311777e-03,3.612231794476675022e-03,3.612086647206125527e-03,3.704308339662099568e-03,3.707585160620932574e-03,3.631230267693187543e-03,3.754742531323469745e-03,3.576883958957587269e-03,3.715904823568634639e-03,3.560861775361774586e-03,3.648261559020023713e-03,3.564758589005115417e-03,3.683613949067377717e-03,3.709586276523318092e-03,3.611548511351126822e-03,3.728207449011871830e-03,3.635552977891933456e-03,3.725876421723493728e-03,3.597715792576409045e-03,3.769565454252917294e-03,3.610308574714753225e-03,3.622215416405725683e-03,3.649198624181948947e-03,3.641098337309857293e-03,3.676528142166343889e-03,3.688287507184775244e-03,3.602528216825853086e-03,3.684163953946282492e-03,3.601183074854570013e-03,3.684978967514224765e-03,3.730919204373244532e-03,3.611077552561138635e-03,3.644314113482479984e-03,3.585168183485790052e-03,3.664777617322618943e-03,3.554894068496918923e-03,3.655864043330461170e-03,3.731699276090080265e-03,3.648101570371046348e-03,3.682352281580438067e-03,3.787417652715788924e-03,3.669173000762233124e-03,3.622450438731011739e-03,3.688421868099203953e-03,3.681137735149992221e-03,3.637249450031610886e-03,3.876340018713356206e-03,3.677115283651135463e-03,3.609156891347478548e-03,3.725532157849030870e-03,3.659435351384627937e-03,3.670641615913499984e-03,3.577872166282812776e-03,0.000000000000000000e+00,3.606534680465766848e-03,3.640183224642584009e-03,3.713299863428023290e-03,3.664456654707200309e-03,3.768173682435867894e-03,3.689708171541637976e-03,3.738530688439143691e-03,3.597450412659015766e-03,3.673402886169035379e-03,3.668997354470633632e-03,3.596115231155233832e-03,3.652058371184321254e-03,3.627156892953814493e-03,3.709404070048963938e-03,3.642486225460967071e-03,3.597315628771798751e-03,3.615898694520476488e-03,3.639892259462260745e-03,3.627849622067551381e-03,3.773053020180112960e-03,3.704384240548949919e-03,3.670040848890568363e-03,3.620532966551838223e-03,3.621459876510082013e-03,3.701918281108178190e-03,3.613324424739433518e-03,3.692310775328710819e-03,3.788774413088104049e-03,3.646215692845852265e-03,3.655566556437284120e-03,3.847135608188532313e-03,3.658834725322200436e-03,3.600536891055981271e-03,3.762266034740028783e-03,3.683686342297818814e-03,3.749804479466139345e-03,3.602901462223395343e-03,3.585494431304422133e-03,3.647593739925076260e-03,3.686905877406803332e-03,3.610215991320793634e-03,3.765947743715475447e-03,3.618258433900853679e-03,3.550133685411445503e-03,3.615795646665908528e-03,3.698452357937807942e-03,3.749681889744442987e-03,3.618392614121104453e-03,3.642694049318191598e-03,3.698306142670587746e-03,3.520036598220176779e-03,3.652858302541816832e-03,3.574620078957182513e-03,3.586480790667599932e-03,3.645260544648821696e-03,3.666918560296472760e-03,3.653568465307586131e-03,3.665881543080829180e-03,3.635472878860405294e-03,3.707458763180124846e-03,3.717094506100292964e-03,3.623164179513409678e-03,3.596188295838260301e-03,3.669737361795705980e-03,3.786627954914831111e-03,3.780228127910025947e-03,3.540176064776248514e-03,3.611689160518096169e-03,3.665858565567811905e-03,3.758365740898086428e-03,3.654940444753114730e-03,3.555917916525638389e-03,3.771767553778749942e-03,3.639065392906247823e-03,3.653947282568323178e-03,3.632319388376343411e-03,3.777454775996160960e-03,3.571003182941787264e-03,3.569333770020631513e-03,3.632710641428582490e-03,3.593510478879954635e-03,3.726025204118853761e-03,3.504199025841967397e-03,3.664833188009036444e-03,3.727453693615221612e-03,3.731396998138164674e-03,3.634044233380810240e-03,3.577014247723280579e-03,3.743516066266906576e-03,3.745867777304838931e-03,3.690915237129505609e-03,3.620624147859391635e-03,3.671927708533969954e-03,3.692422110982654382e-03,3.629068532597044209e-03,3.535609010838585559e-03,3.660003823594360460e-03,3.542747591947419204e-03,3.578041585021751216e-03,3.609113874979395092e-03,3.702139911520455594e-03,3.644867710189823168e-03,3.560560423947816029e-03,3.625636945835802264e-03,3.696964280122934463e-03,3.635450664206691957e-03,3.839641334911699476e-03,3.729215480232355318e-03,3.613695765381191687e-03,3.680050670541717885e-03,3.590989605772360819e-03,3.634739518875063254e-03,3.669910247080925350e-03,3.795865890102443838e-03,3.698564568760993702e-03,3.588675565483230058e-03,3.659507473467436909e-03,3.712370459868239402e-03,3.642784866006518272e-03,3.649285975305352481e-03,3.640251445780669053e-03,3.625894358168178441e-03,3.700266839574395047e-03,3.680408235163695838e-03,3.715587754675174145e-03,3.689013588777214584e-03,3.568886030192294258e-03,3.582609971642071543e-03,3.619353107449525906e-03,3.755885423902735869e-03
3.667241104334592952e-03,3.648411446502045248e-03,3.707677690747018112e-03,3.685532702758384082e-03,3.585825966443054874e-03,3.715607797042292087e-03,3.620283503209464730e-03,3.660199173336535928e-03,3.650488313282919048e-03,3.731223791632851377e-03,3.706802142091038949e-03,3.626477818896323493e-03,3.642310977822779509e-03,3.711746120071279884e-03,3.732202811763545708e-03,3.737270951984054956e-03,3.642204401071723156e-03,3.749763393755677077e-03,3.627962185731393573e-03,3.778734354849895734e-03,3.635252119260323246e-03,3.772420011703239793e-03,3.572709703463537723e-03,3.621505876295096071e-03,3.622586648585255070e-03,3.749573694876170028e-03,3.683288264880660214e-03,3.666023925807674038e-03,3.607898001446964518e-03,3.743344615324851847e-03,3.676988984329220521e-03,3.740438813370786098e-03,3.582161507992964906e-03,3.682842016568782777e-03,3.668377795617401398e-03,3.659204266425200580e-03,3.624823937005056552e-03,3.658720388664292878e-03,3.581456525951133996e-03,3.693456789961178412e-03,3.577167062302629656e-03,3.722807588356101972e-03,3.627217311539235670e-03,3.726081885799668435e-03,3.647791230228384588e-03,3.645101953439343519e-03,3.691258431705379556e-03,3.652162227017551489e-03,3.609536273729599311e-03,3.636341201470466578e-03,3.638139591511698866e-03,3.572649109791560616e-03,3.704543311409454892e-03,3.524543707198861744e-03,3.637132742404236129e-03,3.663178974091520126e-03,3.706386594960291853e-03,3.603299178571187696e-03,3.739625236189375677e-03,3.693334971653083453e-03,3.708862533397847862e-03,3.606534680465766848e-03,0.000000000000000000e+00,3.676104266366373753e-03,3.621084445657461997e-03,3.549593644487252821e-03,3.732982746106395990e-03,3.603669063927907555e-03,3.595936467826832492e-03,3.580757262374088552e-03,3.670071754285141302e-03,3.703549911596417700e-03,3.645764161137651522e-03,3.717179935798713402e-03,3.651005018723951778e-03,3.566094358117246049e-03,3.715394279324660091e-03,3.692094050744785909e-03,3.632049355762500664e-03,3.679019351548464337e-03,3.667389665539502047e-03,3.638634212946855861e-03,3.569449412614776260e-03,3.720263995825823407e-03,3.651819591513730517e-03,3.664117822449535714e-03,3.709400541807531416e-03,3.705999702400904986e-03,3.604794377374414410e-03,3.624884762881426092e-03,3.637255490319002676e-03,3.738788933061525880e-03,3.754556817404865621e-03,3.615945381689440220e-03,3.712304667222751913e-03,3.654825487092214654e-03,3.690892949591738879e-03,3.711782522784959262e-03,3.697869751102563288e-03,3.505746835113177952e-03,3.626813653173461497e-03,3.640900658272076471e-03,3.678757189018074577e-03,3.654931887414680086e-03,3.693310928402347617e-03,3.757885268935240702e-03,3.621933235748795409e-03,3.621804262875097727e-03,3.727256718940065005e-03,3.664828083781540048e-03,3.688113461640970484e-03,3.670797940153942493e-03,3.670259821231988163e-03,3.619688958230557647e-03,3.543248411292402190e-03,3.709828532130789169e-03,3.718569348233982576e-03,3.668728013649398458e-03,3.716253302458288974e-03,3.724239790994482435e-03,3.638600326440322337e-03,3.711507141914680702e-03,3.722779663308387228e-03,3.617417981453935859e-03,3.698559018132341683e-03,3.696660668795995631e-03,3.695923624971382201e-03,3.702085046487122669e-03,3.692052032838489661e-03,3.704438678720278332e-03,3.622896904077279635e-03,3.682268480156344198e-03,3.685799228893320116e-03,3.593663131228047071e-03,3.652557133480920613e-03,3.666822947254814221e-03,3.755466385613809386e-03,3.680159530810430887e-03,3.680244999389125759e-03,3.623977740042657811e-03,3.664095957814906841e-03,3.688108389035130337e-03,3.703462839771493910e-03,3.759804509710171910e-03,3.545149402373540780e-03,3.733754097421845917e-03,3.738819665341045276e-03,3.722482719191499805e-03,3.560850003426286985e-03,3.649698355233107518e-03,3.591949125900548764e-03,3.660517257610906416e-03,3.604840397059545180e-03,3.746436650000872261e-03,3.514610332556893525e-03,3.637240508470594106e-03,3.738929840283139721e-03,3.616892721554255605e-03,3.752652312403174494e-03,3.698582078542774886e-03,3.653667803218290690e-03,3.711681492363551934e-03,3.751085416376503511e-03,3.717639455796058895e-03,3.610416005084363458e-03,3.559416554418716374e-03,3.518941101490790854e-03,3.694589368138401567e-03,3.672334634490118186e-03,3.585906741429476657e-03,3.560367415305171809e-03,3.639076541114466372e-03,3.657459710045200645e-03,3.789289737984201899e-03,3.678833848342054434e-03,3.621240414810994977e-03,3.628558800130803671e-03,3.602765679286128609e-03,3.738884119043291761e-03,3.748673852088753831e-03,3.665956797657839248e-03,3.667104367205583672e-03,3.585191387338382014e-03,3.651858674640739121e-03,3.584437221789868802e-03,3.631088346152743385e-03,3.604527442068787991e-03,3.545071682439492836e-03,3.706811234299641281e-03,3.695547818175766268e-03,3.631224089325444347e-03,3.682564602634977226e-03
3.612374411151603876e-03,3.762141656951356692e-03,3.599988586407483915e-03,3.633409163486657142e-03,3.608313053614896088e-03,3.636826732756554773e-03,3.541967692876848810e-03,3.703479239727388954e-03,3.815265471704096332e-03,3.695421216052667025e-03,3.678208428200583583e-03,3.680251869949466032e-03,3.730219795472669402e-03,3.565815772970231615e-03,3.649763632338284911e-03,3.653117619782089796e-03,3.714608136874195023e-03,3.552392156304332027e-03,3.676789888109870119e-03,3.645211980329902523e-03,3.593617961758789701e-03,3.628642530900198435e-03,3.662379295877105263e-03,3.635084357596730670e-03,3.685586512103128376e-03,3.540958523598245356e-03,3.620782753836234661e-03,3.758318453602182366e-03,3.588179644657418961e-03,3.763503238942981360e-03,3.607111666172778484e-03,3.654639462753720217e-03,3.734303109756908871e-03,3.573291000657154593e-03,3.696096972125637644e-03,3.709007747921396966e-03,3.648946852764657633e-03,3.726843120371475891e-03,3.610277372612648045e-03,3.663396651808283316e-03,3.721980730652709943e-03,3.634493763598480379e-03,3.738478929373888985e-03,3.678857985783184469e-03,3.623910125095000049e-03,3.774067540514687569e-03,3.647853661204960955e-03,3.676326657617667078e-03,3.737843667576883772e-03,3.693988701283388177e-03,3.722824188812770985e-03,3.761723527591122069e-03,3.647414872313049783e-03,3.805193830515077834e-03,3.649553021892929568e-03,3.648765912162208608e-03,3.622449372545806512e-03,3.543251411784406352e-03,3.734475621570456250e-03,3.666285275030623306e-03,3.583093945227191959e-03,3.640183224642584009e-03,3.676104266366373753e-03,0.000000000000000000e+00,3.678644972777269772e-03,3.623275375356670245e-03,3.613057391340379187e-03,3.764013891436002353e-03,3.564024822123981143e-03,3.773075497947214578e-03,3.666655996409829213e-03,3.679091199393226107e-03,3.630401235285259706e-03,3.590105822770136863e-03,3.553806120519090433e-03,3.748092693202656478e-03,3.730571688090053920e-03,3.677216716254997665e-03,3.602564584244977424e-03,3.675446517799631913e-03,3.611215212777228647e-03,3.546858544264503213e-03,3.716458982275209696e-03,3.619426044823641567e-03,3.644591800517233207e-03,3.701652565808791033e-03,3.633259865872718371e-03,3.736245913537516918e-03,3.687487559214629174e-03,3.602324768860326598e-03,3.736000240970695392e-03,3.671013351842528083e-03,3.713755996465857752e-03,3.655366930408401969e-03,3.698033955097266342e-03,3.805862008367430580e-03,3.638521987324323890e-03,3.584165866178013696e-03,3.719546344006267272e-03,3.763204627169746720e-03,3.557605181163531801e-03,3.671674419036854032e-03,3.508863020931808456e-03,3.767707366142917114e-03,3.596972607790569106e-03,3.692340930270896025e-03,3.712905971061507531e-03,3.611006576739182825e-03,3.603507742648488863e-03,3.622907964564540517e-03,3.659483007316205200e-03,3.672552924354303971e-03,3.667064862173165588e-03,3.714811544292693102e-03,3.645219956551482877e-03,3.793246291273351476e-03,3.617079413687258535e-03,3.782549208512842043e-03,3.792286451492779108e-03,3.728731584231879340e-03,3.594054834995284893e-03,3.605945444141396561e-03,3.625016209241164761e-03,3.610586158918155375e-03,3.802490162575935303e-03,3.613397978203195058e-03,3.591156982882925518e-03,3.597871291537538783e-03,3.698175261828534274e-03,3.597921559614623756e-03,3.795655509625276650e-03,3.709797382141401343e-03,3.531344591082863707e-03,3.641965708982448317e-03,3.632923545224477253e-03,3.580370372994527879e-03,3.750483912752059900e-03,3.639127444923027487e-03,3.682154267975711482e-03,3.530656388666064682e-03,3.673513427757443828e-03,3.457810181667944106e-03,3.589301657359687987e-03,3.663354944957447536e-03,3.705802555741137799e-03,3.685039858285944249e-03,3.655606119174887453e-03,3.682630283643943941e-03,3.634594799266915345e-03,3.730773245059969007e-03,3.680291973762667319e-03,3.692559538925605303e-03,3.541682446015585132e-03,3.664629696676419655e-03,3.722297245655395177e-03,3.704860223161840060e-03,3.722814926364444860e-03,3.613841248622001907e-03,3.610936611490310564e-03,3.512503413566508883e-03,3.766325292823432657e-03,3.483654242711368455e-03,3.620054277570084258e-03,3.529981048086643352e-03,3.759214142686778497e-03,3.573073555843662725e-03,3.620629508076547622e-03,3.764814592465948705e-03,3.767951735226184908e-03,3.662755875468776210e-03,3.606372192826945433e-03,3.529646884980147756e-03,3.732820515289916180e-03,3.678670930335518462e-03,3.603730834483541597e-03,3.734920440678707581e-03,3.699257777100231886e-03,3.655484810316377009e-03,3.635954182763429226e-03,3.745041205648392147e-03,3.584243129266448218e-03,3.629804783309270241e-03,3.783139279711604172e-03,3.676699760407842448e-03,3.675442635227121023e-03,3.606029923703464590e-03,3.749970213943652764e-03,3.656207634471442692e-03,3.811337044006612301e-03,3.655111847246414903e-03,3.613933408108816435e-03,3.620333261428496791e-03
3.583408127749928857e-03,3.698445063138733249e-03,3.698430641807859409e-03,3.685908231659569892e-03,3.657885415799808256e-03,3.661021505952351176e-03,3.750995202886223470e-03,3.640584290313747529e-03,3.576960179767575080e-03,3.628893792914520289e-03,3.753218062911596944e-03,3.653789584960022430e-03,3.714621070420368737e-03,3.839015996051629940e-03,3.701331158317763825e-03,3.704120951857671658e-03,3.730991403659913563e-03,3.711774364488905353e-03,3.652073683340061223e-03,3.558123500229796662e-03,3.762803985152868465e-03,3.626348135495637004e-03,3.783781798993411747e-03,3.632157641932420855e-03,3.563642382729397765e-03,3.726328970819188166e-03,3.593090467943067714e-03,3.710275885821884886e-03,3.678627512049659903e-03,3.767451539047480483e-03,3.689443857390316446e-03,3.529893129159182141e-03,3.576376406887576184e-03,3.658976864262917291e-03,3.648444318477253069e-03,3.622376390492118743e-03,3.556799128143407589e-03,3.659303933909318404e-03,3.656222341577225043e-03,3.653939157435875246e-03,3.592386662821868068e-03,3.755742332240394766e-03,3.696605483147273868e-03,3.670910579750434177e-03,3.712182681038420171e-03,3.693662299742140297e-03,3.666828398066813901e-03,3.622286956845117197e-03,3.673746361746051819e-03,3.594030359843336780e-03,3.588728997787468331e-03,3.740145085976194755e-03,3.748788340077150762e-03,3.622431331425898186e-03,3.695927804076773807e-03,3.737222423668368730e-03,3.636577827638054223e-03,3.624705944318124765e-03,3.596369137430026862e-03,3.663199122770739117e-03,3.690401344994369282e-03,3.713299863428023290e-03,3.621084445657461997e-03,3.678644972777269772e-03,0.000000000000000000e+00,3.595013226060469157e-03,3.666426973871730194e-03,3.636904954028085096e-03,3.764797424450222647e-03,3.743444384172577282e-03,3.657372434699099513e-03,3.638617563576085345e-03,3.596973203142601102e-03,3.741144612829746651e-03,3.686912496559913936e-03,3.573570490723962205e-03,3.703039596262239219e-03,3.515966797401992670e-03,3.686742592379511126e-03,3.646635393503111239e-03,3.620822654624889555e-03,3.652926004444252608e-03,3.695986325738378608e-03,3.655574985939586026e-03,3.681917017750471928e-03,3.681885756238705964e-03,3.788710598878538595e-03,3.809606590884715392e-03,3.625846388185347859e-03,3.661754143883021954e-03,3.675188649887861213e-03,3.693782147838967252e-03,3.705932128991712600e-03,3.736763777103904813e-03,3.697984654208146503e-03,3.594948569640164186e-03,3.690768480630800437e-03,3.715431284343628012e-03,3.632647694640217875e-03,3.698649878906632403e-03,3.721481191370765162e-03,3.721890153322108749e-03,3.683416444933048425e-03,3.735686445965853437e-03,3.734529992941957276e-03,3.793713156550680612e-03,3.592541183335754007e-03,3.629855668771979176e-03,3.714615289992390448e-03,3.722318944488106282e-03,3.628929347519150965e-03,3.626188264382951103e-03,3.697185505568707092e-03,3.553294389341459057e-03,3.750281076572303026e-03,3.635271062551508059e-03,3.624589219219954798e-03,3.609956720184793414e-03,3.673160338543408551e-03,3.626380532087807636e-03,3.566427575726422751e-03,3.571965716714497942e-03,3.800591777621881249e-03,3.731196559547312556e-03,3.643065701743318854e-03,3.607171018978361145e-03,3.557844139811473273e-03,3.642795745657712546e-03,3.653525394877940591e-03,3.580063317974664042e-03,3.684163436208879629e-03,3.651398007769245460e-03,3.614717262071258722e-03,3.761393040702177334e-03,3.596523562386323616e-03,3.712826399875924274e-03,3.604408647849710427e-03,3.660958236515447599e-03,3.688478404393599145e-03,3.726239870113814013e-03,3.721129047041831037e-03,3.744957322588488621e-03,3.683609092809870481e-03,3.698307534352395735e-03,3.567343467325207341e-03,3.665801380415494026e-03,3.554062153652298543e-03,3.672638749439891860e-03,3.615770680683836474e-03,3.759465770376006072e-03,3.644638738224286346e-03,3.617488562791269617e-03,3.751886591993749877e-03,3.559651768175531045e-03,3.589985702299822428e-03,3.756349331773724352e-03,3.598295599155037702e-03,3.606140501013513529e-03,3.569019032082508622e-03,3.616849062539067346e-03,3.615457915725434155e-03,3.706653734385590392e-03,3.603312960679641314e-03,3.698890304117324890e-03,3.609081419482488770e-03,3.645601888708823162e-03,3.601804080297951564e-03,3.675707008191701937e-03,3.703986585098385798e-03,3.567534331533811932e-03,3.604801816257414450e-03,3.591359565447612041e-03,3.660618346174324914e-03,3.665901114194988590e-03,3.626272487271823414e-03,3.706070819134981743e-03,3.592638936048391570e-03,3.699915281028216558e-03,3.631286439038014340e-03,3.606327617489216326e-03,3.669785266046417596e-03,3.635085204998816238e-03,3.673912618005896122e-03,3.689998890527390867e-03,3.626936916543313776e-03,3.645270469166701516e-03,3.642905871760315079e-03,3.637312061190802609e-03,3.644082508588856236e-03,3.610940753898787565e-03,3.757696195303025528e-03,3.652777084212783729e-03
3.652863478489108695e-03,3.573720876293618679e-03,3.802406979866944890e-03,3.636804021251755555e-03,3.655887149868302256e-03,3.681116186756591430e-03,3.652390834255661231e-03,3.653686441089914333e-03,3.787250981412613321e-03,3.666385204612513868e-03,3.668694155539442992e-03,3.672080648481072969e-03,3.707740854896723458e-03,3.648744362259639159e-03,3.723130232397011633e-03,3.603043408567895445e-03,3.682088455155406014e-03,3.724984215824055003e-03,3.679694190660237878e-03,3.653976093030023107e-03,3.713104884238325413e-03,3.697982138925741402e-03,3.718908866755329772e-03,3.628618811504711640e-03,3.685707389555707876e-03,3.709679589576172620e-03,3.637542355344208604e-03,3.672626452248151270e-03,3.744686168901036928e-03,3.698663706939755037e-03,3.573637480221126487e-03,3.750671843707973838e-03,3.563236360065997858e-03,3.684874115383361595e-03,3.855713620907782850e-03,3.572564739606102352e-03,3.640321057577735730e-03,3.655712294280802181e-03,3.705572067171267105e-03,3.609762935144951359e-03,3.664127455408424609e-03,3.671309983242151530e-03,3.591096762026801687e-03,3.679076716459781567e-03,3.658622263562901367e-03,3.616463663093427271e-03,3.597517155440423716e-03,3.619888422254081018e-03,3.582924121459212831e-03,3.732607404202127263e-03,3.694733864186357849e-03,3.680856622729697814e-03,3.580481673974500716e-03,3.679607654840516551e-03,3.574321654428375301e-03,3.623012757809016167e-03,3.682401089273472806e-03,3.695998896498234841e-03,3.561800647803348673e-03,3.704551487248676674e-03,3.591246727498295307e-03,3.664456654707200309e-03,3.549593644487252821e-03,3.623275375356670245e-03,3.595013226060469157e-03,0.000000000000000000e+00,3.655969323603021348e-03,3.608972117318039619e-03,3.724196572145287241e-03,3.714794227222896743e-03,3.611275543810580062e-03,3.672433902775903199e-03,3.649104360240531652e-03,3.653145242452071010e-03,3.753487021942392143e-03,3.587607256172985638e-03,3.575233568166108922e-03,3.670094477830469250e-03,3.665814055962378273e-03,3.657667046862699781e-03,3.557992816264032333e-03,3.815361443107910793e-03,3.709904152587313424e-03,3.566626876827908282e-03,3.664281830304470279e-03,3.627804565493505853e-03,3.614331479720219852e-03,3.724105590784630108e-03,3.655707269377766414e-03,3.621873171039075977e-03,3.758502495786786128e-03,3.537194774074124692e-03,3.713883724484357343e-03,3.632375676351553076e-03,3.678454759469451576e-03,3.807156599795209935e-03,3.687508859301331411e-03,3.625456600708247025e-03,3.618079971973379994e-03,3.717729672334369080e-03,3.641891994344205897e-03,3.629520489400872053e-03,3.740558806227914888e-03,3.708898106062092238e-03,3.616866316050566191e-03,3.685612035208866641e-03,3.619406124908964607e-03,3.723050858392577388e-03,3.597628038371834640e-03,3.563381223816151390e-03,3.640923198227598735e-03,3.682208072231456675e-03,3.643937231078822180e-03,3.666862277036772762e-03,3.708393216999088769e-03,3.522281177876958325e-03,3.686162889584859541e-03,3.728376790545369010e-03,3.599845621779888382e-03,3.600899452092680853e-03,3.712426369154797449e-03,3.662069109291024149e-03,3.671170684513523196e-03,3.763694560088530396e-03,3.514961534353171560e-03,3.595469143896560908e-03,3.711859843411216379e-03,3.663740805921633648e-03,3.670550902624491497e-03,3.733857964409227105e-03,3.626899735546144660e-03,3.663468655476891534e-03,3.646486742828294100e-03,3.586507202970165044e-03,3.664086552179255437e-03,3.777207395129729157e-03,3.728583715276565132e-03,3.731777845400041562e-03,3.713431240104514506e-03,3.664844536209240639e-03,3.553788536925724367e-03,3.650328420046170148e-03,3.693772423650243473e-03,3.621989165748960935e-03,3.616454194802296105e-03,3.649228767000804469e-03,3.641844010473626291e-03,3.665991520676589038e-03,3.766175696528097430e-03,3.630757654461404856e-03,3.799110273413164578e-03,3.691086289205783126e-03,3.758852387205080092e-03,3.553701666858014377e-03,3.652603273593148063e-03,3.666739980939045292e-03,3.571921262463032248e-03,3.684947143135091936e-03,3.584635921573198908e-03,3.658830530855171955e-03,3.731036074456111924e-03,3.629826930761609338e-03,3.613674314364550329e-03,3.720381144256253245e-03,3.653897790634619541e-03,3.739307116368396564e-03,3.644010305081051612e-03,3.677411802187721419e-03,3.639796957171232729e-03,3.550509813288537080e-03,3.661068395367503888e-03,3.649166378849686559e-03,3.552537973352060119e-03,3.528170424582367706e-03,3.643179584949087293e-03,3.641064136340172071e-03,3.649890934619762911e-03,3.656919568275884911e-03,3.761599883393483817e-03,3.761862286848006217e-03,3.786566440886138685e-03,3.718126445044173372e-03,3.697286271310310738e-03,3.650865956703157333e-03,3.669241051639629374e-03,3.797495999257252588e-03,3.656755719325209888e-03,3.726096541137702712e-03,3.579692485856100781e-03,3.714769378397265488e-03,3.659369852336406305e-03,3.624709845888311483e-03
3.676521465045783435e-03,3.707194953816793804e-03,3.541003209656482745e-03,3.686102660096579522e-03,3.597895744272931306e-03,3.657413664953533625e-03,3.638900855914006804e-03,3.658686153587508132e-03,3.648198702737589106e-03,3.793895844414134355e-03,3.636737137348145573e-03,3.641080113639365810e-03,3.636743680025874594e-03,3.646308529469025495e-03,3.691844837507703061e-03,3.662088889082119967e-03,3.654716585098525747e-03,3.783046130309284175e-03,3.594478986254574879e-03,3.734633199038986905e-03,3.618418907375209673e-03,3.677199027194594152e-03,3.596415093464720280e-03,3.651242709887929979e-03,3.577386068721478702e-03,3.699427349696373345e-03,3.714763251351128545e-03,3.606990280932361598e-03,3.655571349302313023e-03,3.677369397180856557e-03,3.503951694712476722e-03,3.661728442198120947e-03,3.720924134225056003e-03,3.739173287286833361e-03,3.688762879860012917e-03,3.699614248511056726e-03,3.607400401290069072e-03,3.727061594124404451e-03,3.612182625480341806e-03,3.612054663437317195e-03,3.607621019908022805e-03,3.613474916367529367e-03,3.667886824191086883e-03,3.582078146104065736e-03,3.711053488548245877e-03,3.617273326763541848e-03,3.634144909382184315e-03,3.780573968411433255e-03,3.634228131158411153e-03,3.592362801618337233e-03,3.760553591627256546e-03,3.697544211617442844e-03,3.637381127289150869e-03,3.633582254755177675e-03,3.685249832716285066e-03,3.662860674229141255e-03,3.651236402564631348e-03,3.681983691070535216e-03,3.611583776203945544e-03,3.675962040946009236e-03,3.710541478326316849e-03,3.768173682435867894e-03,3.732982746106395990e-03,3.613057391340379187e-03,3.666426973871730194e-03,3.655969323603021348e-03,0.000000000000000000e+00,3.540609235659756583e-03,3.599594854060353486e-03,3.659898921079730253e-03,3.687361984529656262e-03,3.641608203278017854e-03,3.592819529622511780e-03,3.629130699829898402e-03,3.568717849488083939e-03,3.646348890158107158e-03,3.580663646296334580e-03,3.588089016323881084e-03,3.698748592589421510e-03,3.680676990167984410e-03,3.632588665984894365e-03,3.628585589135588547e-03,3.615465607150283173e-03,3.577181691183230466e-03,3.573146716990361314e-03,3.664386730925625960e-03,3.625815357737713265e-03,3.556786235204618084e-03,3.623668782636510315e-03,3.640265045813041028e-03,3.622275836918528290e-03,3.671675949492313878e-03,3.691538427343330712e-03,3.627549680017003089e-03,3.629875649767122341e-03,3.812744621424686738e-03,3.629384213582139210e-03,3.688396177418693054e-03,3.647087291875485398e-03,3.724707478654902884e-03,3.678067261012798756e-03,3.639522864684849399e-03,3.652574942850599689e-03,3.695699446888463940e-03,3.588164769101249724e-03,3.645908013999283725e-03,3.737680191181784115e-03,3.617212587275817678e-03,3.796529254475739402e-03,3.677276946798964039e-03,3.757672551319318852e-03,3.714665805663379134e-03,3.666482431471714248e-03,3.525880558878641616e-03,3.535100092407938294e-03,3.679694299017369306e-03,3.610054032137950415e-03,3.602921353131985707e-03,3.595054590574580863e-03,3.642753031330596847e-03,3.560210832148936414e-03,3.642663532137781733e-03,3.686629270224450750e-03,3.665551513113199031e-03,3.629490727781119197e-03,3.578997245528136011e-03,3.650534256316964165e-03,3.688930449686261305e-03,3.730622261657439483e-03,3.528483700523356130e-03,3.655846933449176384e-03,3.656403146982201494e-03,3.562408539364891706e-03,3.696228425151898249e-03,3.706389784353081220e-03,3.660812552493871667e-03,3.753818114576892156e-03,3.762253801305446167e-03,3.654318226574667164e-03,3.691534723750451719e-03,3.636178875349012352e-03,3.598590608761784940e-03,3.551787456045285996e-03,3.658899949158544041e-03,3.806396039669079304e-03,3.632925452012038866e-03,3.758080247222605683e-03,3.687465154635728715e-03,3.643587902897739862e-03,3.736661025091608107e-03,3.852713276321910896e-03,3.651804169222313060e-03,3.717991440114270900e-03,3.674308747453147381e-03,3.697056143839126154e-03,3.691641954356371120e-03,3.599784577907267150e-03,3.675493599464764449e-03,3.813689502350176095e-03,3.600354149538157952e-03,3.674885548699840469e-03,3.607935705277798884e-03,3.731568933414621415e-03,3.854941591045073744e-03,3.622883898363811212e-03,3.688705768470774450e-03,3.737138047711318495e-03,3.634495912279400200e-03,3.658577209697113936e-03,3.678242677070255300e-03,3.818107399184037659e-03,3.654438278528027769e-03,3.642860588059170738e-03,3.735823826464479414e-03,3.650453128932227426e-03,3.598224680926015787e-03,3.700092739745009483e-03,3.512073284074627641e-03,3.636751977215459727e-03,3.709669854082605495e-03,3.699279990265002573e-03,3.791721962725829245e-03,3.717666821844412949e-03,3.778435381384652719e-03,3.717492002038560485e-03,3.717950331249844642e-03,3.681533230884191828e-03,3.581466778200302972e-03,3.744164801861251789e-03,3.662087219323339939e-03,3.686118519926848483e-03,3.625785713561714349e-03
3.701725671145197905e-03,3.673421815103689904e-03,3.617377010748506431e-03,3.591372953580381985e-03,3.768191077721411500e-03,3.625467217115755768e-03,3.717143112787136411e-03,3.600891837478302580e-03,3.571095419410464083e-03,3.651028099998877841e-03,3.657057112217246362e-03,3.731129434505876287e-03,3.705388369041520431e-03,3.586608291287617968e-03,3.616531863483344374e-03,3.642143532710466480e-03,3.591044335294397115e-03,3.600470157426956166e-03,3.633723471947404929e-03,3.639669580327452650e-03,3.646192100319117519e-03,3.676291842950533094e-03,3.703382610440707819e-03,3.641710074798165751e-03,3.673344507511765947e-03,3.475634639404132087e-03,3.665629848896758986e-03,3.660292443393300694e-03,3.768844233703644037e-03,3.666091721190034569e-03,3.771486012630533881e-03,3.674041467877360405e-03,3.723947605228700077e-03,3.694301737265085449e-03,3.710664250186915692e-03,3.792198026307917313e-03,3.727129534926797334e-03,3.692039440674576515e-03,3.626774548208790139e-03,3.672725166834960291e-03,3.647549001722403400e-03,3.702097352698416159e-03,3.666558894069994138e-03,3.645897121198116587e-03,3.693960079676493306e-03,3.697144329640395140e-03,3.747918999025879206e-03,3.727215076284467760e-03,3.680028621002080606e-03,3.714576569375512699e-03,3.666354013692596243e-03,3.634628481451804630e-03,3.713896016907776779e-03,3.794784295564351904e-03,3.705922801820262479e-03,3.624100789409686382e-03,3.697386597877187851e-03,3.703449792627282969e-03,3.660975029357970822e-03,3.690833313785487745e-03,3.648608633882886084e-03,3.689708171541637976e-03,3.603669063927907555e-03,3.764013891436002353e-03,3.636904954028085096e-03,3.608972117318039619e-03,3.540609235659756583e-03,0.000000000000000000e+00,3.592588593625429920e-03,3.648165080928701762e-03,3.665692412730117353e-03,3.749256317754282378e-03,3.767734361870358779e-03,3.672286960445710242e-03,3.770043795172053468e-03,3.621301539821300888e-03,3.726037614010105966e-03,3.688634364828301780e-03,3.610284961071458590e-03,3.693592881185079214e-03,3.598915441218765356e-03,3.774585584597463760e-03,3.724503608050707976e-03,3.630062907260991466e-03,3.685475591648525433e-03,3.597093345610565332e-03,3.634634206564501049e-03,3.640589717237403648e-03,3.758953700006736811e-03,3.615182529577402534e-03,3.569111274180852746e-03,3.644881295243520159e-03,3.664266292740243295e-03,3.709163157719800891e-03,3.633608018909161540e-03,3.682162531818703333e-03,3.762148080037599693e-03,3.603640148847420469e-03,3.644693530451901652e-03,3.605422293266766394e-03,3.585012602893041314e-03,3.636700290757287693e-03,3.616233088598982699e-03,3.606922281755517608e-03,3.681017176515802812e-03,3.692082656469829628e-03,3.660923506274106794e-03,3.682525375130955240e-03,3.652901485568000803e-03,3.709010079058078224e-03,3.770443202336215549e-03,3.727833335268754874e-03,3.584419089017081179e-03,3.708360861919755141e-03,3.612152795696070649e-03,3.640727419014111888e-03,3.650090552511632731e-03,3.701357298542927530e-03,3.647231609116836307e-03,3.758974450818655406e-03,3.709461627478809632e-03,3.669873488362051898e-03,3.659293126935649586e-03,3.684848576749457771e-03,3.674562564649029063e-03,3.726858567420941390e-03,3.614705655503544848e-03,3.575677217333165982e-03,3.625976924177361747e-03,3.661625329150169309e-03,3.679382866913853776e-03,3.718745049241469272e-03,3.675564078030007457e-03,3.650273336152349765e-03,3.750399210249969525e-03,3.594230528647527571e-03,3.581404214904898402e-03,3.677935416610500236e-03,3.564878730490499744e-03,3.602750262848895910e-03,3.509394278190902054e-03,3.580447051855977468e-03,3.646281731151203732e-03,3.672913455253156659e-03,3.736784188765816719e-03,3.651519655882683874e-03,3.650451455331648123e-03,3.540399719858036524e-03,3.687483877307065182e-03,3.648290603995233815e-03,3.622516150819292489e-03,3.683753193639727631e-03,3.595221283920800506e-03,3.566746304157243207e-03,3.651640802699316572e-03,3.710620394472838920e-03,3.646693708607705395e-03,3.579142405185095979e-03,3.545407103982421183e-03,3.675424753254275846e-03,3.664102421991706580e-03,3.507301036461830512e-03,3.815299364274583882e-03,3.573131866524779671e-03,3.711132000200525593e-03,3.782711539815844601e-03,3.749311668519240796e-03,3.739479829914586252e-03,3.604287064982147556e-03,3.726056273582134971e-03,3.601927346634942965e-03,3.563000669623782833e-03,3.659344243857002004e-03,3.696423249280240877e-03,3.683342408117149924e-03,3.612870800086988212e-03,3.762627312574543231e-03,3.607961729668434422e-03,3.738603430394485307e-03,3.689291907985453676e-03,3.592567200109813338e-03,3.697447912416228916e-03,3.686752196926471395e-03,3.510221813722579770e-03,3.629786447710307926e-03,3.696039675575908071e-03,3.659144361498029886e-03,3.752787811701047572e-03,3.584480515212328227e-03,3.661213269988676782e-03,3.635611660198171270e-03,3.625495770136813109e-03
3.699781596770446504e-03,3.646814013776919668e-03,3.683695256451552987e-03,3.717899124481562848e-03,3.718261509188987030e-03,3.723066428402783002e-03,3.739665583252318060e-03,3.574295455324612986e-03,3.681720024972418535e-03,3.560918847140671570e-03,3.717502233323009050e-03,3.664468782268701791e-03,3.578461012151327482e-03,3.630598598069440398e-03,3.635681999931490022e-03,3.655149430858035346e-03,3.717604410737655046e-03,3.650932944732438942e-03,3.664981961947234423e-03,3.637867907087147506e-03,3.692809209796288870e-03,3.688096234181943017e-03,3.662325317783804175e-03,3.600117291627397912e-03,3.673110413734393363e-03,3.764833455761369164e-03,3.683700900428680224e-03,3.685782456159405248e-03,3.660744009054031026e-03,3.730506932604627391e-03,3.645481796343609440e-03,3.693808861193831339e-03,3.542547490942631657e-03,3.758447688437121376e-03,3.620308432492861002e-03,3.685112709923872229e-03,3.587776717858320950e-03,3.681284527059951184e-03,3.641443125845587707e-03,3.675750422903730462e-03,3.714530833657097089e-03,3.659514490435676008e-03,3.646684957359459366e-03,3.611344988445008408e-03,3.694682595307213161e-03,3.735422664149361336e-03,3.661674757140599961e-03,3.559973960163141399e-03,3.639218406347614031e-03,3.618467369446739905e-03,3.554543834611395905e-03,3.792874173811485068e-03,3.785517795394509333e-03,3.554055251168918537e-03,3.629526336661372497e-03,3.606279393761552439e-03,3.630482734172858338e-03,3.720030401471987203e-03,3.587044655881010263e-03,3.812321690932507848e-03,3.665601196427493297e-03,3.738530688439143691e-03,3.595936467826832492e-03,3.564024822123981143e-03,3.764797424450222647e-03,3.724196572145287241e-03,3.599594854060353486e-03,3.592588593625429920e-03,0.000000000000000000e+00,3.576995003373183591e-03,3.729757771621907206e-03,3.686801609482304870e-03,3.674156332477233715e-03,3.750837392982721806e-03,3.746034286566365338e-03,3.512106933887540298e-03,3.742157402376924610e-03,3.671786042985234529e-03,3.538985212408785139e-03,3.607910313523810409e-03,3.650723060108100604e-03,3.656938103079666099e-03,3.805187910499025373e-03,3.784962352986976242e-03,3.610572563987516671e-03,3.668091507106393829e-03,3.698566348299961708e-03,3.709660858935303566e-03,3.747368924540589105e-03,3.607193218909997626e-03,3.540378312529934932e-03,3.638259558058394225e-03,3.800313249399033585e-03,3.753055911510211427e-03,3.663953302173306951e-03,3.639776297504159711e-03,3.672272923020204836e-03,3.730561540137872223e-03,3.628424768817762811e-03,3.683605571142582399e-03,3.685290141119624586e-03,3.654436292873239171e-03,3.675448991915016700e-03,3.579469765364768144e-03,3.600400185240037847e-03,3.739145961473611807e-03,3.410659878096583206e-03,3.647339431747734662e-03,3.706280350660113958e-03,3.660966138198572251e-03,3.685626784987369817e-03,3.690643820995411807e-03,3.664249145361338483e-03,3.596496447373508272e-03,3.897072410260044809e-03,3.674990028644243168e-03,3.674653520564331605e-03,3.659676258710847178e-03,3.602818742504115736e-03,3.624034895992946440e-03,3.712892363408671834e-03,3.621180473417441419e-03,3.721592088557401992e-03,3.710882089233295648e-03,3.559009216036094960e-03,3.601733414774668796e-03,3.702961695254427220e-03,3.675118259749001609e-03,3.614991786342314738e-03,3.638920541407538508e-03,3.630629199015144443e-03,3.677127782033127144e-03,3.721275888321843184e-03,3.721121481927551228e-03,3.656824318971171883e-03,3.716529019557356268e-03,3.747503694850523159e-03,3.671256762843074211e-03,3.681148524125823877e-03,3.747649659237242952e-03,3.657285046669685614e-03,3.722611081584436491e-03,3.554526239947575390e-03,3.689249604113514769e-03,3.626447570051780610e-03,3.587603782225238982e-03,3.659426680887172077e-03,3.623403813051592932e-03,3.680603538135064894e-03,3.500974699518709030e-03,3.640054544587892349e-03,3.570872980767180686e-03,3.705768376962122017e-03,3.644538447896075381e-03,3.602825907367303293e-03,3.693809805533809949e-03,3.621070902416792872e-03,3.696178380541494200e-03,3.676448428528199166e-03,3.622939718542214811e-03,3.716998156517958753e-03,3.765366580281768842e-03,3.662069928146925637e-03,3.652912912017085463e-03,3.638526948974674883e-03,3.584197962972081753e-03,3.548089357695338557e-03,3.589643593384993052e-03,3.668121325828450040e-03,3.582292411223817093e-03,3.657092311406221798e-03,3.688014288414075918e-03,3.592795949273108660e-03,3.667786798461754316e-03,3.571984637564900884e-03,3.639854485217698579e-03,3.624698114521008978e-03,3.704288903202714468e-03,3.781966943454664540e-03,3.594122755294702157e-03,3.643881422765524701e-03,3.612292441207167176e-03,3.641924869477160785e-03,3.655634024820850290e-03,3.630461390234695877e-03,3.642394110584576405e-03,3.758142917051931261e-03,3.717290108762465010e-03,3.638082451051030675e-03,3.703625776358166009e-03,3.722457767344840643e-03,3.663035272518938654e-03
3.606573597905143869e-03,3.702360340846861612e-03,3.685041474385480562e-03,3.625099273739882440e-03,3.675057823535801422e-03,3.731546645299310162e-03,3.641286197062369983e-03,3.625096918019936072e-03,3.634566024298870306e-03,3.619769151255974871e-03,3.551189063206022182e-03,3.592465359104462293e-03,3.702670980756757411e-03,3.730817559395919764e-03,3.649976578084642743e-03,3.580281312441169553e-03,3.671885123041498597e-03,3.611622112319763829e-03,3.697373335912093606e-03,3.551913555402024577e-03,3.659032168129305179e-03,3.661271424273737467e-03,3.658188838518466185e-03,3.673374265155264148e-03,3.622655492633227413e-03,3.750573538137783134e-03,3.705420208818228835e-03,3.653093007943467117e-03,3.727761628898990185e-03,3.674708250068042716e-03,3.669552616422194075e-03,3.644561280618557192e-03,3.712237251660532866e-03,3.612100408875259204e-03,3.712745890106072550e-03,3.622430549442071969e-03,3.574662868121903942e-03,3.666837578414215010e-03,3.712842763462044504e-03,3.739275246573261179e-03,3.778728120991874800e-03,3.704694833420626911e-03,3.692130997484688228e-03,3.716514586075571076e-03,3.748902376223495637e-03,3.642529174673641255e-03,3.667684552317090549e-03,3.631921727939581637e-03,3.657802871452404958e-03,3.657441272855425311e-03,3.634844613421115474e-03,3.708176170749035230e-03,3.574854765297120953e-03,3.703490817624327004e-03,3.589576272643641743e-03,3.711352871153214897e-03,3.714795994141960930e-03,3.779171469804239788e-03,3.635866857195936379e-03,3.570313034369898726e-03,3.459315277772807059e-03,3.597450412659015766e-03,3.580757262374088552e-03,3.773075497947214578e-03,3.743444384172577282e-03,3.714794227222896743e-03,3.659898921079730253e-03,3.648165080928701762e-03,3.576995003373183591e-03,0.000000000000000000e+00,3.685134098475262732e-03,3.620347056592499672e-03,3.672303812189761651e-03,3.746750967326880569e-03,3.549362845828245034e-03,3.731930142509417951e-03,3.656756181818357401e-03,3.554417539493441060e-03,3.686137822317685220e-03,3.653826734215549678e-03,3.805348657667564135e-03,3.663418599604974929e-03,3.695107845924999745e-03,3.632972384158298425e-03,3.672868203739400057e-03,3.744985401913754602e-03,3.645902701079656045e-03,3.745550628488895743e-03,3.609413682163210152e-03,3.716231858198108459e-03,3.722784975456404702e-03,3.552234349407544598e-03,3.664392276711066643e-03,3.614005851966106166e-03,3.617879113244659370e-03,3.776366771015744923e-03,3.728498010865327096e-03,3.701616963103313701e-03,3.668862844145832827e-03,3.667160355788876263e-03,3.752958426086559513e-03,3.699833566841148700e-03,3.604746985844442791e-03,3.657143752853862870e-03,3.631422349032599733e-03,3.671280578481883345e-03,3.680060104052401432e-03,3.742841168486872681e-03,3.573335455607576806e-03,3.675348110177436341e-03,3.582634970200360060e-03,3.649469787553088519e-03,3.628575669602210254e-03,3.570287158407924478e-03,3.647977749243095247e-03,3.646654675998080904e-03,3.679917813198257861e-03,3.572212416819096122e-03,3.732034777104936349e-03,3.731967054101029309e-03,3.674177730904564128e-03,3.586402873703661322e-03,3.541384696490922079e-03,3.699319452989284929e-03,3.724744222784363758e-03,3.552179046230476405e-03,3.705573665210477614e-03,3.623360954886805426e-03,3.760281974740618816e-03,3.708819454168704732e-03,3.620276997100031410e-03,3.678449678073591068e-03,3.548993676479353290e-03,3.697097924933746664e-03,3.671732774407044601e-03,3.673508330289613610e-03,3.738933290438436596e-03,3.589244902540357236e-03,3.745838075486088766e-03,3.638813626945499712e-03,3.574474216907042468e-03,3.600029551798055415e-03,3.778341176610430438e-03,3.540954859215770818e-03,3.650514579963329634e-03,3.771051044998976424e-03,3.658926685853891320e-03,3.767553638893119273e-03,3.598023527241779856e-03,3.637856829158737839e-03,3.820427330280698995e-03,3.679971114789066470e-03,3.636154061053073136e-03,3.627671427789054461e-03,3.695233878255453630e-03,3.622146201158831912e-03,3.634703300841620691e-03,3.637424283735871816e-03,3.728871569758652072e-03,3.572107381748151900e-03,3.648496321572635044e-03,3.655180517396937421e-03,3.699889066544349934e-03,3.749509785000321085e-03,3.686184335348491933e-03,3.599662831930105535e-03,3.581642887097937541e-03,3.727996725574154492e-03,3.588363438247934700e-03,3.605388795609896276e-03,3.756739507469070063e-03,3.604442375333495423e-03,3.549676288878057199e-03,3.536152092831056516e-03,3.639810944479520902e-03,3.636728456163802140e-03,3.637781353041189252e-03,3.756702725699550584e-03,3.652558400845035743e-03,3.646158699566257825e-03,3.729976634935147726e-03,3.783718171140587096e-03,3.751469782442110566e-03,3.665615403265075085e-03,3.702353639697905565e-03,3.533813443427858466e-03,3.615449223564532084e-03,3.810876679448960136e-03,3.642435709823497580e-03,3.507732679942230942e-03,3.696917963466468584e-03,3.696330660627765875e-03
3.691712427761904662e-03,3.757018421046165804e-03,3.489268901381278442e-03,3.591752432246432796e-03,3.656560754568300743e-03,3.609805934584027140e-03,3.708937562804688094e-03,3.556893421246509236e-03,3.634509295988148665e-03,3.723163470141339741e-03,3.717800829294576424e-03,3.655629209372989082e-03,3.682423929106458643e-03,3.714405847690381048e-03,3.651149815521512101e-03,3.733221300949198396e-03,3.715194727974197204e-03,3.717337255213629989e-03,3.667599284065019890e-03,3.688175456997040171e-03,3.615445320117822124e-03,3.683339320068165865e-03,3.612162552160971818e-03,3.644918520369484945e-03,3.613319242627565861e-03,3.612039980188618254e-03,3.671412198259831929e-03,3.609792227266812262e-03,3.623046344074486343e-03,3.704121551472060181e-03,3.559186020416536290e-03,3.647137864569731727e-03,3.672695758916081146e-03,3.637675971896762225e-03,3.581370153842609611e-03,3.757990688887811494e-03,3.587254501017989473e-03,3.692105631037111667e-03,3.698608571919318258e-03,3.621274267322360709e-03,3.696249027556768475e-03,3.715398690131879993e-03,3.641509118663747904e-03,3.668475488750469818e-03,3.594172853435131671e-03,3.607446906314226622e-03,3.735680684408933944e-03,3.749064216865940005e-03,3.646233247894559940e-03,3.656436704109555704e-03,3.602704520289866721e-03,3.641635705908976943e-03,3.638633357034114571e-03,3.566924365732438221e-03,3.671504070940438333e-03,3.683092658298187452e-03,3.643513596277911729e-03,3.579176878071425351e-03,3.650373430198763491e-03,3.711530906542095509e-03,3.786927348970152516e-03,3.673402886169035379e-03,3.670071754285141302e-03,3.666655996409829213e-03,3.657372434699099513e-03,3.611275543810580062e-03,3.687361984529656262e-03,3.665692412730117353e-03,3.729757771621907206e-03,3.685134098475262732e-03,0.000000000000000000e+00,3.743528302769036711e-03,3.633814321009031824e-03,3.682130003580861340e-03,3.652537570067690073e-03,3.709436745492428189e-03,3.560997365651351419e-03,3.555567839074945738e-03,3.737194341521689507e-03,3.641795466993082847e-03,3.584640179125070727e-03,3.523730087632699799e-03,3.652069957941438821e-03,3.655786942170065768e-03,3.610474104957097936e-03,3.623085308060224313e-03,3.728020778309983161e-03,3.598904996107091334e-03,3.592179060496812886e-03,3.657548951377400520e-03,3.695664449189091285e-03,3.780758379123680315e-03,3.656218766286405998e-03,3.766375065270605952e-03,3.596939051766002027e-03,3.577440050302688537e-03,3.630642509799379258e-03,3.816091672558523818e-03,3.631453986453796016e-03,3.660661214790908967e-03,3.703832939379110307e-03,3.584885390978179414e-03,3.665109967111713357e-03,3.626211092507481554e-03,3.724342074916074923e-03,3.678695374280796949e-03,3.766665707150900540e-03,3.663729961573090367e-03,3.650746930380869421e-03,3.712783917829307664e-03,3.783278800267456631e-03,3.543735483143766428e-03,3.690761510818719223e-03,3.566111329669386255e-03,3.732783978793703574e-03,3.688494358909355855e-03,3.701388770015022565e-03,3.612631530403145712e-03,3.680428451025730564e-03,3.675623025036207740e-03,3.716968772825173829e-03,3.759041764140370195e-03,3.666205394434463895e-03,3.587620582531998899e-03,3.630929476125247923e-03,3.536943661358217181e-03,3.661195920881443050e-03,3.554061389340788194e-03,3.605349611961997016e-03,3.684715128904132893e-03,3.633907267493256734e-03,3.627916126488588827e-03,3.604821072389434965e-03,3.712066772706033250e-03,3.652599577755647441e-03,3.586659688712906871e-03,3.598205922972871462e-03,3.619854581196039253e-03,3.669880424711958241e-03,3.721540569831735795e-03,3.685184127197968940e-03,3.721414142769806973e-03,3.637274322352602746e-03,3.682287327689047138e-03,3.620225782848465225e-03,3.614621821476217498e-03,3.808333246398492439e-03,3.706516352343621271e-03,3.638170496775557788e-03,3.628163856561988226e-03,3.590538603103283783e-03,3.570973520274377689e-03,3.686441447466093195e-03,3.637503415616809028e-03,3.740098011164686657e-03,3.634610470230288659e-03,3.585450401087705592e-03,3.662881338986289335e-03,3.686147586399412829e-03,3.915951528138654318e-03,3.625471402237092060e-03,3.798849488342383868e-03,3.623559677876551921e-03,3.704466988134101895e-03,3.695516574496013947e-03,3.775879368949350452e-03,3.597349363644496145e-03,3.612061321042163084e-03,3.731806614525756075e-03,3.549302120687124629e-03,3.667484465657558021e-03,3.739129093552618667e-03,3.778550192332951526e-03,3.666646736711961369e-03,3.754509844968185323e-03,3.596577273586253586e-03,3.628780387090285459e-03,3.653102803520849335e-03,3.619856993764398317e-03,3.717747829100241565e-03,3.706530006433709883e-03,3.748537565986240216e-03,3.778511501267176661e-03,3.676540496768557122e-03,3.660801253625407120e-03,3.628555475665894148e-03,3.700345798477341821e-03,3.613880191117380906e-03,3.730335900596996272e-03,3.655004277915600581e-03,3.630352200908248689e-03,3.594760445597543468e-03
3.721537224014718689e-03,3.674012902448659575e-03,3.604038714468945758e-03,3.615043555463283952e-03,3.567000110843098013e-03,3.640898548961494802e-03,3.613441696055881124e-03,3.611923432112236140e-03,3.676251030640705422e-03,3.667473273972714828e-03,3.621473804330855879e-03,3.741089885706487279e-03,3.645682778084620955e-03,3.699838278736997891e-03,3.664009632833028357e-03,3.715739652556979827e-03,3.584617816333277029e-03,3.616006913868531365e-03,3.648813981409130928e-03,3.761320680157390333e-03,3.671664288108715535e-03,3.682553691252455751e-03,3.705232946093858781e-03,3.617638500503884708e-03,3.626460276535772766e-03,3.643789852133190975e-03,3.667312551690518618e-03,3.726232138929050017e-03,3.742013715618903308e-03,3.659292858117672159e-03,3.662589555508661589e-03,3.730740012888974361e-03,3.626731855812254188e-03,3.646356765740600605e-03,3.730810019801563803e-03,3.718614462619505932e-03,3.551474345826874726e-03,3.630991190565029114e-03,3.605014506285660232e-03,3.685640473363395366e-03,3.658107653760094089e-03,3.688807539415870154e-03,3.650527154519044026e-03,3.658064300677107278e-03,3.690917784438625324e-03,3.689293885662229926e-03,3.687142042238866942e-03,3.640245572349369140e-03,3.776661202192332922e-03,3.512520980948229208e-03,3.647503444297421193e-03,3.576356354205588190e-03,3.624161188322414396e-03,3.596232822332037522e-03,3.726193451737560593e-03,3.721770226770158320e-03,3.580686455839888864e-03,3.728391762651557962e-03,3.715976706830531346e-03,3.749373638763594391e-03,3.727705069530567062e-03,3.668997354470633632e-03,3.703549911596417700e-03,3.679091199393226107e-03,3.638617563576085345e-03,3.672433902775903199e-03,3.641608203278017854e-03,3.749256317754282378e-03,3.686801609482304870e-03,3.620347056592499672e-03,3.743528302769036711e-03,0.000000000000000000e+00,3.693241419107675533e-03,3.594610781032493273e-03,3.619281970196622060e-03,3.704983155532061423e-03,3.633435770000052398e-03,3.744758544779746429e-03,3.548447546923776379e-03,3.636743573815956129e-03,3.640766184349524502e-03,3.745474352963590586e-03,3.571309834083062542e-03,3.653565995217994931e-03,3.753504273028043271e-03,3.607279573439830904e-03,3.520721761164635321e-03,3.745128182538940906e-03,3.660566825122134327e-03,3.711784954509125909e-03,3.712696100631945190e-03,3.660410279306533857e-03,3.691920074297217694e-03,3.645080748375889666e-03,3.622564719825847358e-03,3.525017099451628871e-03,3.686970709830842893e-03,3.714008244913597628e-03,3.564340886922515075e-03,3.612750969511761747e-03,3.652266869029781229e-03,3.734999112529976788e-03,3.619285186447811480e-03,3.653819091351192226e-03,3.545538452247940907e-03,3.592804649103469982e-03,3.722669368586377196e-03,3.734053416122852520e-03,3.670004067605870703e-03,3.657022868262810832e-03,3.764500408160414806e-03,3.734253297397969844e-03,3.666043957758964925e-03,3.773834108446054436e-03,3.608587447714052369e-03,3.704357250864549322e-03,3.736010960018839710e-03,3.586571238699899026e-03,3.665122459000133733e-03,3.654816542680972610e-03,3.736189347830412913e-03,3.617588064295544290e-03,3.583582319503017446e-03,3.598505704589704396e-03,3.780904181125692865e-03,3.605888920700751985e-03,3.628632136773076063e-03,3.680945115388979325e-03,3.782369511308188333e-03,3.609263356944909535e-03,3.666115999933146439e-03,3.823918235392308011e-03,3.634904147314578504e-03,3.650275351146200359e-03,3.682695801599114929e-03,3.672436838727212091e-03,3.623900629632518643e-03,3.588886606991229314e-03,3.645009382467976396e-03,3.644103698468736940e-03,3.565829015833870633e-03,3.546208822844726730e-03,3.540843278556317451e-03,3.662087153620072894e-03,3.625406955600756365e-03,3.604860820208290271e-03,3.607835925690723936e-03,3.598784868108507659e-03,3.832568128660746726e-03,3.760868195943130755e-03,3.659948787331320907e-03,3.600137868486210681e-03,3.638486422036558282e-03,3.690555070356071974e-03,3.661953912000629006e-03,3.709650123441968553e-03,3.689437197000026807e-03,3.686333672711496288e-03,3.569202100200816880e-03,3.671301426989909220e-03,3.674960611088841974e-03,3.639126179438297894e-03,3.768718708582053604e-03,3.663357200232044818e-03,3.657108210989250870e-03,3.699722000059256326e-03,3.646390267946979062e-03,3.675857148941757187e-03,3.685886821243059431e-03,3.597449751582597766e-03,3.651382545698079931e-03,3.531308886331955242e-03,3.786640729716168972e-03,3.793491213308142814e-03,3.595331328787347829e-03,3.642658683040240260e-03,3.757219994663756318e-03,3.655910516673308366e-03,3.638923661303621743e-03,3.717000033634249283e-03,3.728886091071602783e-03,3.716372495725196907e-03,3.713035387740799050e-03,3.683139489119667716e-03,3.655226463275180939e-03,3.623655320307134046e-03,3.549765612799975125e-03,3.644000828516560583e-03,3.693201383689533827e-03,3.656965432649044064e-03,3.583344162944492560e-03,3.646434038283955480e-03
3.612367712845306229e-03,3.662335893383421997e-03,3.723014547851743756e-03,3.670538518114207886e-03,3.651727515861894445e-03,3.705057407011471717e-03,3.750271517819686335e-03,3.693041588058468445e-03,3.665811312398510862e-03,3.653660832977662087e-03,3.700958651787697885e-03,3.630469831802007798e-03,3.730525328560461984e-03,3.551079064865980597e-03,3.580137833878220977e-03,3.721133462434911277e-03,3.715328646249884716e-03,3.606148190134045219e-03,3.683355615823995233e-03,3.714649739098875407e-03,3.679028149874611839e-03,3.669562676855502546e-03,3.608086132326084917e-03,3.627745848002275533e-03,3.553460465358101485e-03,3.723269976171873774e-03,3.577182897509730529e-03,3.666045311254737850e-03,3.653612889995110254e-03,3.585940329142060096e-03,3.673682329263824268e-03,3.547261653726126954e-03,3.771539419210991409e-03,3.630774523496642977e-03,3.670283627670232508e-03,3.746995638610458711e-03,3.656742179923429606e-03,3.718540938991239577e-03,3.629457151555775304e-03,3.610215799885600416e-03,3.598226234393017958e-03,3.727272849904914032e-03,3.699503846362257441e-03,3.679626723976465660e-03,3.638389489046239822e-03,3.635818023032901837e-03,3.692104198294268898e-03,3.626708189587666935e-03,3.675230065186112401e-03,3.696054882012822420e-03,3.608673128470379909e-03,3.620717435847175918e-03,3.671000245213589669e-03,3.724394640630816853e-03,3.637349821011475175e-03,3.680106659932772754e-03,3.553575504342972990e-03,3.763641804028998623e-03,3.665735661444865720e-03,3.676733688305793609e-03,3.869690723197429308e-03,3.596115231155233832e-03,3.645764161137651522e-03,3.630401235285259706e-03,3.596973203142601102e-03,3.649104360240531652e-03,3.592819529622511780e-03,3.767734361870358779e-03,3.674156332477233715e-03,3.672303812189761651e-03,3.633814321009031824e-03,3.693241419107675533e-03,0.000000000000000000e+00,3.744605987091961796e-03,3.614314172160099960e-03,3.635253083799319229e-03,3.669763853073085627e-03,3.697270989226313174e-03,3.646272921680334799e-03,3.719339464644416150e-03,3.749341471949782425e-03,3.634689075818570148e-03,3.698826592804708643e-03,3.685645868669587630e-03,3.535160431454693018e-03,3.488758700777356506e-03,3.653980365890575899e-03,3.740754328318339310e-03,3.700460010219876195e-03,3.656384234555647844e-03,3.573450270586078000e-03,3.788415943477668225e-03,3.655004439219846149e-03,3.693981605584576236e-03,3.776936572491309835e-03,3.530915322366769051e-03,3.671746247251803704e-03,3.664467709498858781e-03,3.587825674808291926e-03,3.648644131942866287e-03,3.591629465377012363e-03,3.676071619386159922e-03,3.658012751515590626e-03,3.601513462298570282e-03,3.629270438552842024e-03,3.639134504843984791e-03,3.560617562158345344e-03,3.673130074843492226e-03,3.528850405592487156e-03,3.655140646631599693e-03,3.696983463567190750e-03,3.614448763432936799e-03,3.672018456450242170e-03,3.675455840325073630e-03,3.684864778469687085e-03,3.620683130124769875e-03,3.697994616092763198e-03,3.699420933248803028e-03,3.687270063453072962e-03,3.672235969880005991e-03,3.665811429340007279e-03,3.647403168619519839e-03,3.647567109406759690e-03,3.572503481054121761e-03,3.706030699306615134e-03,3.693701137282720537e-03,3.647444239615284765e-03,3.648341066185269762e-03,3.705964439569200443e-03,3.672713584140006957e-03,3.671521793966384464e-03,3.622517584364825204e-03,3.736670547150940103e-03,3.649600908719448020e-03,3.607302810615503705e-03,3.636689620268222008e-03,3.487400944909730197e-03,3.623175287745375017e-03,3.611618624738477563e-03,3.796481503206019376e-03,3.664545068756584149e-03,3.733814206109792224e-03,3.659664332254304771e-03,3.616916225170063118e-03,3.662425873384225154e-03,3.641240169025188825e-03,3.685738724277458789e-03,3.591069230492777327e-03,3.731328869762988963e-03,3.705815145931479898e-03,3.603761800720175525e-03,3.658656026766006659e-03,3.543442264444587268e-03,3.766462736619835376e-03,3.574433413886462987e-03,3.705426919671797430e-03,3.638638621062667902e-03,3.684970369848048540e-03,3.682018107369680431e-03,3.717099055737333336e-03,3.709020217554256232e-03,3.713839667606821850e-03,3.689106428884853569e-03,3.649569825154322985e-03,3.818557008136683369e-03,3.647027210191448616e-03,3.749508473162269269e-03,3.592516054234978513e-03,3.683657050587505876e-03,3.673091269209276255e-03,3.631642471210222781e-03,3.664349176034315935e-03,3.611668694770303525e-03,3.771995705541308311e-03,3.607531118772927883e-03,3.619252053619550959e-03,3.740042125076770835e-03,3.722951342608865708e-03,3.722269974527561785e-03,3.593136803435630338e-03,3.580820303098402029e-03,3.671528038551512968e-03,3.643124199665997900e-03,3.634199128481376863e-03,3.851161366252528820e-03,3.638839415710888505e-03,3.708560706161861259e-03,3.688050816999203976e-03,3.621397662748961337e-03,3.755403445774953882e-03,3.670146151364540692e-03,3.622928386729780230e-03
3.654474766098816767e-03,3.599545334209856839e-03,3.736975022337295227e-03,3.743393057579434517e-03,3.571479153707781112e-03,3.794511034896576925e-03,3.639399500640688821e-03,3.650700724058812685e-03,3.556077262514163988e-03,3.559657521904872543e-03,3.671416064426333021e-03,3.693812245580792557e-03,3.701792320658563694e-03,3.636398337423158312e-03,3.563621185482749275e-03,3.608138463692886922e-03,3.718973783128988724e-03,3.660822073925861734e-03,3.629848370170716317e-03,3.646217140326994590e-03,3.643638009397614456e-03,3.643004732376855376e-03,3.600775208331950718e-03,3.590832623354529417e-03,3.559103412423190310e-03,3.728784960807612035e-03,3.524001720788187512e-03,3.641791540921321749e-03,3.710080609911666025e-03,3.628158193947305949e-03,3.661769257364609273e-03,3.602871461963114141e-03,3.696707461904711559e-03,3.637211159621940668e-03,3.627092900829726949e-03,3.666631144409190825e-03,3.783084063056116678e-03,3.641448791552475729e-03,3.621885157622670593e-03,3.725493567341313979e-03,3.751102745382318016e-03,3.770342456090564499e-03,3.642309698129923487e-03,3.572510889041082167e-03,3.630906585318396333e-03,3.678587586407573197e-03,3.642663148329105920e-03,3.693464399369685361e-03,3.590857030867204008e-03,3.532123769525760248e-03,3.641196162057614913e-03,3.691310281098076403e-03,3.610562278854078603e-03,3.695156037844001592e-03,3.704035121147464509e-03,3.699492312629771001e-03,3.693634200373044005e-03,3.764246558887152441e-03,3.764603290374106750e-03,3.720227105534801813e-03,3.680740500354291039e-03,3.652058371184321254e-03,3.717179935798713402e-03,3.590105822770136863e-03,3.741144612829746651e-03,3.653145242452071010e-03,3.629130699829898402e-03,3.672286960445710242e-03,3.750837392982721806e-03,3.746750967326880569e-03,3.682130003580861340e-03,3.594610781032493273e-03,3.744605987091961796e-03,0.000000000000000000e+00,3.603495077840630171e-03,3.492104908219104305e-03,3.728827316525917552e-03,3.620876845051922838e-03,3.732611841894964595e-03,3.638230772968534341e-03,3.653644760383256522e-03,3.675986392951012451e-03,3.614367680109142455e-03,3.757133657077177998e-03,3.639517703487459791e-03,3.636453987129715203e-03,3.616839826651032080e-03,3.656155039545136171e-03,3.683775226602556841e-03,3.619085589978231817e-03,3.618821872525440717e-03,3.860592500528261563e-03,3.684382860752745924e-03,3.766543931685632958e-03,3.688259183534642934e-03,3.690980121757060552e-03,3.627620062471563749e-03,3.779383845208440871e-03,3.578477727756382547e-03,3.678006108039096923e-03,3.710632479357844817e-03,3.675001637020184654e-03,3.635216128731693849e-03,3.601446887998045222e-03,3.734001004402282605e-03,3.707232158094884815e-03,3.654232679397773163e-03,3.675015681201036777e-03,3.707764598523564156e-03,3.699850812420397636e-03,3.685198378046396044e-03,3.586439981055225632e-03,3.646691837865990212e-03,3.575385606289407502e-03,3.668738033717070315e-03,3.560307602599024901e-03,3.641088676800736772e-03,3.685664821211740924e-03,3.701471666366865781e-03,3.638603468768782274e-03,3.622221971033481175e-03,3.630383602279146742e-03,3.586208381136630520e-03,3.697240978834957174e-03,3.612871568504163588e-03,3.659605032226323842e-03,3.667214407926844017e-03,3.586778234734537898e-03,3.548223600193294459e-03,3.701593172662885275e-03,3.684085835613451834e-03,3.498439629074274766e-03,3.710617060266380249e-03,3.699115858552418177e-03,3.633584602336092061e-03,3.636131020335151010e-03,3.602770804457250745e-03,3.655217974164652259e-03,3.681711384856328935e-03,3.779001819213241662e-03,3.745500817855785831e-03,3.700082935672549794e-03,3.733744071162248615e-03,3.715419185039214606e-03,3.524252387638138022e-03,3.761542798433408896e-03,3.633661591527591935e-03,3.668251719337704397e-03,3.656804903985267762e-03,3.700672271766761775e-03,3.664794931343602364e-03,3.646975037410372759e-03,3.623568124046622121e-03,3.675795993895511395e-03,3.616306296353559002e-03,3.615196699887385668e-03,3.748853438750488973e-03,3.589457079875202263e-03,3.765679743558372500e-03,3.745043967441911720e-03,3.581919333695987324e-03,3.836303219050325730e-03,3.810645479218916377e-03,3.770730363116124757e-03,3.696045306900218146e-03,3.825933397594630074e-03,3.611511501854361861e-03,3.541452347115601074e-03,3.646705946135338564e-03,3.603387512376470241e-03,3.590293665542384268e-03,3.735473724222354835e-03,3.566240947681924723e-03,3.606594725732969672e-03,3.722415190179416238e-03,3.613712892494729857e-03,3.551911285431896912e-03,3.668327670841042311e-03,3.718366084471854717e-03,3.719396493179433303e-03,3.648570201268028571e-03,3.649276378326239169e-03,3.604652461215007882e-03,3.549539317452235498e-03,3.700899712981412307e-03,3.748110452809296812e-03,3.633566437572259642e-03,3.685032921200082339e-03,3.555481817932292735e-03,3.657524681466447179e-03,3.667218452772073606e-03,3.655858959957409681e-03
3.701108299013411949e-03,3.659035332993051687e-03,3.727213334462941771e-03,3.680109576636463823e-03,3.725427796820678789e-03,3.680292568111339594e-03,3.700129337184606543e-03,3.592173297520614202e-03,3.708674650881901673e-03,3.711488596804255521e-03,3.732549725741389230e-03,3.684635778336560908e-03,3.595560164032167872e-03,3.702494494568820977e-03,3.654895833100767644e-03,3.649648209551049818e-03,3.579746593042344802e-03,3.653492195213526705e-03,3.750560942727295104e-03,3.652673982009036965e-03,3.752064944593986196e-03,3.644784675713116841e-03,3.717537999384715099e-03,3.627359228450377244e-03,3.674391453253985501e-03,3.640492217244768128e-03,3.665388879900684758e-03,3.621435415985794094e-03,3.617806441794617703e-03,3.637653649458794710e-03,3.643407426889064878e-03,3.650192067570701224e-03,3.677195912388396028e-03,3.774091309498227645e-03,3.679411192024849633e-03,3.656846121267168671e-03,3.622401422184968762e-03,3.558149340807563194e-03,3.562303801068152954e-03,3.668868053834245697e-03,3.651577098619386130e-03,3.655492182093387013e-03,3.676971319246904318e-03,3.612240206264027195e-03,3.761373111082360037e-03,3.630347674473510811e-03,3.653313208995429516e-03,3.674446540877683402e-03,3.690788067375134086e-03,3.739935258434959418e-03,3.797402362113893193e-03,3.590966791112972564e-03,3.708598039372329631e-03,3.674629370603475428e-03,3.689895594951139030e-03,3.693190353409561439e-03,3.670678275005772196e-03,3.598746468696399723e-03,3.597801367512141676e-03,3.729692917379253455e-03,3.529459635181045329e-03,3.627156892953814493e-03,3.651005018723951778e-03,3.553806120519090433e-03,3.686912496559913936e-03,3.753487021942392143e-03,3.568717849488083939e-03,3.770043795172053468e-03,3.746034286566365338e-03,3.549362845828245034e-03,3.652537570067690073e-03,3.619281970196622060e-03,3.614314172160099960e-03,3.603495077840630171e-03,0.000000000000000000e+00,3.695957299457247342e-03,3.647918348314207766e-03,3.567685353717484683e-03,3.639251310608473868e-03,3.716121457279313554e-03,3.717581708851291650e-03,3.736499368659846037e-03,3.744146144832336508e-03,3.645869978243751995e-03,3.714457626263372326e-03,3.659781616287657163e-03,3.631675314953029376e-03,3.655326615389203112e-03,3.811033444013288071e-03,3.565308319170942819e-03,3.601824793355831982e-03,3.644577914092738975e-03,3.780895003742555140e-03,3.770640492973393893e-03,3.607327191934198152e-03,3.632223479464320205e-03,3.574001427803789616e-03,3.609719859738047196e-03,3.701461179126021381e-03,3.691694154345381666e-03,3.645613765514765531e-03,3.537811115048422692e-03,3.812415715379418018e-03,3.623562747275468812e-03,3.747097782379028331e-03,3.710348341592296581e-03,3.655089715756397982e-03,3.548480133710848940e-03,3.752913467321096399e-03,3.751314959721391718e-03,3.661006921594971413e-03,3.658031416982819757e-03,3.632021943207419321e-03,3.771210475013941476e-03,3.735643117366784123e-03,3.689996158459855555e-03,3.705088327658684517e-03,3.685715856372385330e-03,3.653109279644707000e-03,3.679816827679044475e-03,3.749734114423512125e-03,3.683781450420891244e-03,3.642858023937702635e-03,3.629760974028650375e-03,3.614078450750799268e-03,3.709894567019588873e-03,3.617606661605852775e-03,3.620422189847205974e-03,3.569429760986721819e-03,3.612192261322452573e-03,3.727132399334896068e-03,3.666461499505750763e-03,3.689090950306106714e-03,3.625924394911551798e-03,3.660584070973802069e-03,3.662886418005072576e-03,3.672816778044030867e-03,3.731987285288160261e-03,3.578148736136485281e-03,3.567113807791117645e-03,3.672784461074930090e-03,3.744545936421608823e-03,3.665279281643015353e-03,3.735661944144734979e-03,3.831929574485328643e-03,3.689508629463377886e-03,3.708752309967194762e-03,3.555737954533296375e-03,3.777830783451392553e-03,3.743056992037381309e-03,3.482063639091194981e-03,3.575595114057087114e-03,3.578627883659508003e-03,3.633788402693622580e-03,3.574137478706327416e-03,3.681757628371939896e-03,3.617131363259947288e-03,3.632292991428305411e-03,3.516192863477686937e-03,3.684043313588610934e-03,3.635391399984381090e-03,3.694727045323566161e-03,3.579687888144279708e-03,3.717068180219913667e-03,3.627081579511437850e-03,3.670816503695118957e-03,3.636790500532470494e-03,3.665364457196336728e-03,3.652421909340563665e-03,3.708790845096303270e-03,3.628084530540009664e-03,3.646524163179563557e-03,3.619044871483598040e-03,3.699219668910705590e-03,3.695352193641485063e-03,3.604290172101852312e-03,3.639762743863169357e-03,3.662187834087513374e-03,3.683309912244222065e-03,3.564196748835988388e-03,3.651306399903634075e-03,3.607921584159676839e-03,3.683031735899398949e-03,3.613560293412351309e-03,3.621808015821326252e-03,3.725455345659095443e-03,3.644596310257439045e-03,3.569137542456893644e-03,3.707367991033176137e-03,3.744723437051474153e-03,3.693925190748593816e-03,3.606501801093826495e-03
3.672907151500256779e-03,3.764899645414492187e-03,3.654573074801790999e-03,3.537667221523582445e-03,3.655349377214132771e-03,3.602745754665163339e-03,3.582672068502867294e-03,3.802809241681843252e-03,3.714856528526648983e-03,3.611155683936693745e-03,3.720048753788916373e-03,3.575468942666857816e-03,3.737048914790574213e-03,3.686776578078879586e-03,3.596888414027067746e-03,3.557398722185681293e-03,3.704245725829722821e-03,3.508603944703860174e-03,3.709410383206836279e-03,3.724534195942219312e-03,3.637221887440186818e-03,3.672977584968297338e-03,3.768979279473696348e-03,3.523850293615207914e-03,3.777630310350117704e-03,3.479288816628412113e-03,3.604933206071277933e-03,3.717667238370787105e-03,3.563921848928423061e-03,3.644840911727599119e-03,3.666293738420444738e-03,3.697444268074255753e-03,3.750136499687985701e-03,3.640280347051798402e-03,3.726120670360458850e-03,3.723245519379588409e-03,3.666395892410178551e-03,3.522700755317740347e-03,3.642652156015509235e-03,3.612812211644562954e-03,3.798679706146934447e-03,3.661477752627545577e-03,3.669563322381215291e-03,3.669658873099087074e-03,3.657500300385123186e-03,3.675362407188965865e-03,3.680355284708771053e-03,3.842192056710109615e-03,3.778798201250482304e-03,3.734398149856569312e-03,3.803620346997697681e-03,3.687892829378299018e-03,3.563399632022657380e-03,3.703209912833940656e-03,3.628708689340654457e-03,3.651737821271102292e-03,3.646794702425900075e-03,3.612910550281489639e-03,3.651338035753396837e-03,3.702876055890614530e-03,3.577492501124024046e-03,3.709404070048963938e-03,3.566094358117246049e-03,3.748092693202656478e-03,3.573570490723962205e-03,3.587607256172985638e-03,3.646348890158107158e-03,3.621301539821300888e-03,3.512106933887540298e-03,3.731930142509417951e-03,3.709436745492428189e-03,3.704983155532061423e-03,3.635253083799319229e-03,3.492104908219104305e-03,3.695957299457247342e-03,0.000000000000000000e+00,3.716270601264571802e-03,3.652111647966204983e-03,3.545798587183833853e-03,3.780999767314984720e-03,3.666616088762134507e-03,3.590177977459375544e-03,3.621071229603723633e-03,3.614308403242306837e-03,3.619544408972784604e-03,3.601603319398509039e-03,3.575858394137238373e-03,3.653871719705025119e-03,3.647478668173481826e-03,3.809785801882049038e-03,3.730669273742225761e-03,3.661686459577314940e-03,3.689574955358968303e-03,3.659359724720040539e-03,3.603205247377963549e-03,3.731374063332152432e-03,3.690315436463742320e-03,3.645403336794702121e-03,3.596385378734678288e-03,3.629803231413470874e-03,3.638587981878951827e-03,3.685709075413219626e-03,3.561810454211004635e-03,3.584018066580115566e-03,3.585099558017150294e-03,3.573572093840478043e-03,3.702554479124696343e-03,3.638497312321189395e-03,3.700927713642623417e-03,3.603046827874343671e-03,3.658224295463431783e-03,3.762385818342434650e-03,3.635426359044084156e-03,3.833232084955770069e-03,3.580923294114855913e-03,3.803591935907424740e-03,3.624537438001729228e-03,3.652503376870948164e-03,3.672876107325328144e-03,3.619692188449064821e-03,3.808459280811037333e-03,3.713560507955072400e-03,3.578759974467579912e-03,3.612877227184686877e-03,3.685577526401330722e-03,3.634298594126425790e-03,3.607251639515118499e-03,3.570272669023476578e-03,3.686801230814672897e-03,3.671423262994216730e-03,3.631604022561953690e-03,3.734828918001298608e-03,3.584499401116878099e-03,3.615611238318560544e-03,3.627694801882310870e-03,3.488304842252196603e-03,3.690289874509309828e-03,3.531231229099761858e-03,3.700739505143594253e-03,3.586160067652379487e-03,3.745811082764720357e-03,3.541663269307999962e-03,3.565925804002655856e-03,3.702495989858370709e-03,3.648509600012596766e-03,3.574971238316134326e-03,3.683781201426734354e-03,3.776172274043649267e-03,3.765645511892218907e-03,3.741387465573078018e-03,3.631402522917390532e-03,3.780453021290177545e-03,3.666865778685232669e-03,3.708291198921166276e-03,3.774603591380795535e-03,3.732757827531796302e-03,3.557533057480773489e-03,3.693172854412572152e-03,3.522534102762434321e-03,3.703425152683293298e-03,3.706752188748884801e-03,3.716830722883872513e-03,3.635138025107300351e-03,3.678023856370977920e-03,3.706893871438523072e-03,3.538248940664174939e-03,3.598299738866344091e-03,3.631893166122950219e-03,3.752457273297565843e-03,3.735577642427048099e-03,3.658629498948392633e-03,3.690155713248274329e-03,3.834495698431561982e-03,3.729114124849270198e-03,3.660827269247849455e-03,3.679944994221620493e-03,3.776920936123783108e-03,3.609531942277920211e-03,3.575300344790676484e-03,3.620939097674833167e-03,3.649700163251980156e-03,3.687567120708204818e-03,3.806759154997088786e-03,3.813581112178530703e-03,3.674822878200654456e-03,3.510535934053622600e-03,3.584066587913186785e-03,3.744651556023187878e-03,3.765587523432749762e-03,3.631821433029851914e-03,3.562485413140270910e-03,3.669847546830858759e-03
3.665090111973386914e-03,3.787634125876850402e-03,3.661998174835181131e-03,3.637145998674678159e-03,3.783980368084768117e-03,3.682511699609416263e-03,3.781949643633705088e-03,3.909252724631843458e-03,3.634330365593249970e-03,3.724060963597846437e-03,3.752158086263425885e-03,3.629181515632585661e-03,3.744092482550783266e-03,3.693972834364348239e-03,3.624271670129556103e-03,3.613320807345206907e-03,3.632776011567674223e-03,3.747260517254958571e-03,3.645323243233818296e-03,3.646225331573508133e-03,3.593115269471094334e-03,3.668347358905132364e-03,3.751745781065027666e-03,3.638084179177860679e-03,3.593336285812831661e-03,3.607091271926361840e-03,3.658747351082587869e-03,3.646046891349744457e-03,3.697812430493997628e-03,3.534443725017036384e-03,3.763512690833408815e-03,3.619290901839084147e-03,3.685868992554997090e-03,3.699876346504233238e-03,3.626802011776500065e-03,3.555801444413486407e-03,3.695415752381863046e-03,3.555469244866747442e-03,3.568370277769007410e-03,3.695936544109286199e-03,3.743313043564880718e-03,3.700582788458266995e-03,3.746396946821435418e-03,3.689924215754570268e-03,3.635743032580378373e-03,3.746904596779557315e-03,3.731205637963419097e-03,3.675259771415627721e-03,3.693966156439414724e-03,3.704030046301008249e-03,3.706222939382386450e-03,3.646021355103882654e-03,3.598216205041968648e-03,3.678428005077345308e-03,3.759488557814907612e-03,3.674643181982037952e-03,3.603889467365268759e-03,3.668096913081741323e-03,3.620108547476309866e-03,3.653070609069658872e-03,3.626592235871966153e-03,3.642486225460967071e-03,3.715394279324660091e-03,3.730571688090053920e-03,3.703039596262239219e-03,3.575233568166108922e-03,3.580663646296334580e-03,3.726037614010105966e-03,3.742157402376924610e-03,3.656756181818357401e-03,3.560997365651351419e-03,3.633435770000052398e-03,3.669763853073085627e-03,3.728827316525917552e-03,3.647918348314207766e-03,3.716270601264571802e-03,0.000000000000000000e+00,3.707759635245973587e-03,3.655079447603141064e-03,3.737000339165888821e-03,3.636728749542056990e-03,3.657827814272240560e-03,3.637040742763599128e-03,3.671436834663228434e-03,3.658775905418921656e-03,3.813682910405351897e-03,3.645259286680699231e-03,3.636823264936884029e-03,3.775791431291498738e-03,3.660354200609947269e-03,3.530651067644455677e-03,3.640939783573501811e-03,3.594086576287862291e-03,3.617651654765220281e-03,3.709011243851668797e-03,3.711181045380277689e-03,3.639080860063583986e-03,3.676833333537241674e-03,3.582246485386138268e-03,3.640798520389574959e-03,3.669743487008286613e-03,3.661468749121776518e-03,3.642731185684809289e-03,3.657915149470135786e-03,3.705460731601901286e-03,3.641306484334577622e-03,3.632043309086325708e-03,3.680535193773626888e-03,3.686175975077132187e-03,3.624148431165252152e-03,3.682914907081511272e-03,3.657368560706520961e-03,3.623393402694711704e-03,3.652905742690033299e-03,3.701408941077254534e-03,3.678349357753104946e-03,3.638064747855899485e-03,3.619560823132279750e-03,3.712238659144539814e-03,3.746729129699681408e-03,3.637511313685900995e-03,3.657230111539474301e-03,3.697561449464684472e-03,3.865072959180888574e-03,3.597427962164917014e-03,3.677632426209112831e-03,3.546501447170108314e-03,3.640830700845812656e-03,3.571148285123942803e-03,3.638757881743187855e-03,3.663243210332740862e-03,3.610500227411060463e-03,3.562001739398201056e-03,3.642154577751742159e-03,3.611660612187522941e-03,3.562155884503226747e-03,3.655233250221739949e-03,3.682765390056946114e-03,3.677789057419445385e-03,3.621132722995845481e-03,3.733470556019399811e-03,3.540423569947698853e-03,3.667772464853879914e-03,3.737716920252147357e-03,3.581998054920883245e-03,3.607113675488878707e-03,3.651113767890267533e-03,3.672878542465947242e-03,3.706420488830753420e-03,3.729850244951182000e-03,3.621502180563391897e-03,3.666968586611446968e-03,3.619432335983809468e-03,3.661337841038274366e-03,3.646132812572134424e-03,3.663346143467394699e-03,3.599449972844457561e-03,3.664157457467145246e-03,3.582506824808759545e-03,3.532318502314134735e-03,3.635792208211540127e-03,3.587891667256588694e-03,3.687033173200275453e-03,3.696898375843545199e-03,3.621265793074329113e-03,3.659185974545057628e-03,3.721714398288430113e-03,3.759842069634866668e-03,3.757174020918568370e-03,3.670895847190075011e-03,3.597639030630779295e-03,3.737660395506820291e-03,3.620589766615934374e-03,3.569730544594640776e-03,3.593165771166888321e-03,3.628326282614824632e-03,3.610274929129034683e-03,3.596919304342938942e-03,3.722287543839254784e-03,3.630720776958616409e-03,3.652345874200262511e-03,3.678889536973457743e-03,3.720928618477727882e-03,3.579689794292105660e-03,3.619830753378975620e-03,3.681109837843573283e-03,3.646487459028106230e-03,3.652888948082023881e-03,3.685114554510827197e-03,3.685766308831935328e-03,3.627527501622014074e-03,3.758261466880440278e-03
3.634147969044231475e-03,3.687561623771823480e-03,3.674114021248013791e-03,3.671192148070797148e-03,3.697565264880539691e-03,3.691959956344552027e-03,3.640277883999886235e-03,3.671446092788833993e-03,3.726837941772415033e-03,3.594476436038277194e-03,3.663993130974022364e-03,3.769867153491002123e-03,3.727412326428237565e-03,3.569828612693606504e-03,3.602684556928963978e-03,3.641959110558612347e-03,3.580162337685673709e-03,3.625043632293160640e-03,3.681539583986285710e-03,3.697522969671215680e-03,3.618185369021663378e-03,3.619390255203298271e-03,3.661963797624492780e-03,3.658780386531412711e-03,3.633987505661984054e-03,3.622432612364198494e-03,3.672094906761974847e-03,3.671741310276041038e-03,3.785631228857250664e-03,3.705306176644212936e-03,3.741506174812030648e-03,3.726668590760414800e-03,3.639442645217494995e-03,3.697629832428152470e-03,3.697565144013518438e-03,3.678804606637989770e-03,3.747490677468374391e-03,3.631776181731927872e-03,3.774703311932330572e-03,3.715008524217699309e-03,3.565001634581172266e-03,3.593975105612107722e-03,3.597071925216295801e-03,3.636003832529874965e-03,3.611854454609560346e-03,3.675301767973946331e-03,3.674955867510657209e-03,3.580309989634472296e-03,3.644395380902127040e-03,3.569362038337645527e-03,3.610076152465502286e-03,3.670779650925629686e-03,3.643291829087945324e-03,3.732413771740901182e-03,3.662019176681603674e-03,3.766976690074872684e-03,3.708622785033826533e-03,3.615310706564759877e-03,3.785461401639750919e-03,3.610625009484377812e-03,3.647183152204445250e-03,3.597315628771798751e-03,3.692094050744785909e-03,3.677216716254997665e-03,3.515966797401992670e-03,3.670094477830469250e-03,3.588089016323881084e-03,3.688634364828301780e-03,3.671786042985234529e-03,3.554417539493441060e-03,3.555567839074945738e-03,3.744758544779746429e-03,3.697270989226313174e-03,3.620876845051922838e-03,3.567685353717484683e-03,3.652111647966204983e-03,3.707759635245973587e-03,0.000000000000000000e+00,3.673899302058381347e-03,3.645848407854782210e-03,3.698454120694594401e-03,3.855485504569258412e-03,3.697267235180544051e-03,3.728171212798710252e-03,3.604828035506080740e-03,3.687021609943696206e-03,3.593556318882769936e-03,3.720940706625725652e-03,3.598841225717209005e-03,3.731529590051562654e-03,3.647946625692307862e-03,3.534898975454926762e-03,3.586899838374548767e-03,3.589090307529089943e-03,3.587276236749931645e-03,3.643736656050064818e-03,3.706176375721818936e-03,3.665829940967253991e-03,3.586888995374008793e-03,3.651573480048575949e-03,3.557822504566459775e-03,3.764318324917954525e-03,3.593651631981580573e-03,3.545422738740812343e-03,3.567796564437230276e-03,3.629879686539503117e-03,3.591967515758281299e-03,3.794388935191487719e-03,3.582881252956525951e-03,3.615811604024634588e-03,3.698020323646231556e-03,3.606741600443288086e-03,3.692789747292397808e-03,3.837496508720930535e-03,3.519681690376814942e-03,3.741354853927406337e-03,3.692973013378680978e-03,3.650635365261703427e-03,3.534804490072113430e-03,3.653121074625960852e-03,3.710650834505097202e-03,3.654111283594887408e-03,3.679417733157422724e-03,3.692652523628638540e-03,3.707558547023992630e-03,3.684102286976280276e-03,3.576456315918133226e-03,3.837037389469697985e-03,3.724029851499794080e-03,3.674846209429926801e-03,3.619618279513895330e-03,3.716196095453782201e-03,3.695446536573073534e-03,3.747129196343276791e-03,3.774525118917137784e-03,3.626268885923087694e-03,3.608454080674641535e-03,3.601140449824321958e-03,3.608670379621128823e-03,3.639611627927212892e-03,3.770053677794463990e-03,3.581612045608117620e-03,3.628100453904616138e-03,3.669651569987761319e-03,3.673602013082319286e-03,3.589331633800855407e-03,3.601388827733407062e-03,3.707509743165097928e-03,3.711244566641980127e-03,3.555003843819209107e-03,3.675677988388195098e-03,3.778795649270727617e-03,3.753856335358789643e-03,3.636626390037795906e-03,3.733859771493128893e-03,3.734136728383275448e-03,3.703868091817593810e-03,3.758945927346747651e-03,3.653037108644044753e-03,3.642990181272122343e-03,3.698501563218481274e-03,3.652629406375550083e-03,3.766490938659253131e-03,3.688310060822365573e-03,3.751885817303793162e-03,3.724414098988418267e-03,3.697308335926405461e-03,3.623441192614968494e-03,3.611766899230909548e-03,3.685620326910293235e-03,3.673282626555566047e-03,3.583275337139817281e-03,3.663415257458760635e-03,3.658433946804559231e-03,3.695729661661527245e-03,3.542221074014008809e-03,3.769696249098240630e-03,3.647856994627284716e-03,3.669871407557272116e-03,3.633977763495011611e-03,3.639926799626162952e-03,3.600348872454302556e-03,3.609032396743939216e-03,3.659619030653621374e-03,3.662286394343625302e-03,3.654843886537891776e-03,3.605381151575042398e-03,3.680716039767774686e-03,3.690092260080797895e-03,3.662849520918407074e-03,3.606006547470676574e-03,3.764070038651915005e-03
3.465028799434187456e-03,3.671970280016212569e-03,3.679274904913315894e-03,3.684634308118746229e-03,3.601999629339327873e-03,3.634020421339360495e-03,3.648747634095210295e-03,3.619522102952698033e-03,3.737910468404560468e-03,3.767823413959466104e-03,3.745400156985552453e-03,3.660472769846500468e-03,3.730562553647599755e-03,3.579755608665162979e-03,3.694825214394464527e-03,3.790859908948929734e-03,3.588906357434553090e-03,3.708686544493476015e-03,3.703318357101678237e-03,3.617029760589493201e-03,3.600404276625360830e-03,3.598562339546950914e-03,3.667267066187207287e-03,3.661367892562404202e-03,3.738907910302334027e-03,3.737050518435930477e-03,3.621916835586027218e-03,3.614915562830626084e-03,3.574117027062326691e-03,3.692247283587146885e-03,3.565346176624284262e-03,3.570556374472528410e-03,3.649404789954057652e-03,3.670207061073021623e-03,3.692662913485033910e-03,3.616775110047940403e-03,3.685193339200983076e-03,3.595647931790946477e-03,3.630882268277439099e-03,3.559912299230435281e-03,3.557124169646592397e-03,3.700956612341271910e-03,3.699851532254377819e-03,3.612097099401254466e-03,3.571943788019154437e-03,3.677355381944589878e-03,3.715120839926806633e-03,3.764791274484565690e-03,3.581010630149473323e-03,3.763755427462258437e-03,3.633521405277073419e-03,3.599901329440173027e-03,3.517888443557160016e-03,3.673322007976075228e-03,3.667050203978291980e-03,3.623890594321289935e-03,3.720084388405821198e-03,3.608942806736967560e-03,3.703936320793318679e-03,3.639484164852337198e-03,3.686985863972549581e-03,3.615898694520476488e-03,3.632049355762500664e-03,3.602564584244977424e-03,3.686742592379511126e-03,3.665814055962378273e-03,3.698748592589421510e-03,3.610284961071458590e-03,3.538985212408785139e-03,3.686137822317685220e-03,3.737194341521689507e-03,3.548447546923776379e-03,3.646272921680334799e-03,3.732611841894964595e-03,3.639251310608473868e-03,3.545798587183833853e-03,3.655079447603141064e-03,3.673899302058381347e-03,0.000000000000000000e+00,3.640692709247743929e-03,3.594717048262722255e-03,3.656032623577130068e-03,3.695053385144560134e-03,3.693851524037763002e-03,3.645230223987114184e-03,3.726856801797987125e-03,3.781764623530895278e-03,3.655243501106413603e-03,3.572866055274450444e-03,3.685261004906069046e-03,3.575958894908399729e-03,3.621911097969159055e-03,3.581514784596786030e-03,3.677107890549632073e-03,3.675768615370493542e-03,3.651022520236840881e-03,3.604866383006753890e-03,3.584294782084808829e-03,3.666914114391600643e-03,3.605277926223843330e-03,3.614916162716542199e-03,3.667825222764318268e-03,3.750236831953703519e-03,3.758260227978493101e-03,3.739776940856194814e-03,3.726884271071997067e-03,3.746358310794674698e-03,3.757349865937097740e-03,3.673913061498691995e-03,3.561120369343361534e-03,3.680410779188056369e-03,3.622575490081288326e-03,3.709607289605527675e-03,3.680032142983050494e-03,3.742838931774990999e-03,3.643650662708277158e-03,3.459796809957750401e-03,3.633601427165509754e-03,3.641101477292415546e-03,3.666175906191432039e-03,3.660239086170333916e-03,3.710939111368141610e-03,3.696396766731180946e-03,3.709455234067264226e-03,3.476849072224749791e-03,3.642714503612494176e-03,3.611410205632542905e-03,3.685233968628182435e-03,3.631639271141503655e-03,3.813682670607529239e-03,3.674539574429593839e-03,3.587476504357142455e-03,3.704153789675400550e-03,3.780735138636964233e-03,3.707288258252768986e-03,3.679956342724613298e-03,3.566078662982765778e-03,3.747862585746342731e-03,3.633651178556295078e-03,3.638812376126144936e-03,3.665252227512136654e-03,3.830345829536718153e-03,3.701541197634967886e-03,3.675635534926421314e-03,3.667443073377810604e-03,3.718487822487064488e-03,3.657413089934336003e-03,3.616484071679455879e-03,3.670485528457336725e-03,3.644457902772431281e-03,3.630296739735180099e-03,3.699183996373427760e-03,3.620960379597581557e-03,3.598756488039379139e-03,3.786219969550872703e-03,3.657531321099341450e-03,3.635301229661081022e-03,3.634440132541771461e-03,3.694079374980911191e-03,3.741226971382729735e-03,3.645466710396177631e-03,3.717716393567599333e-03,3.661811525007839779e-03,3.716200283324083177e-03,3.708782662755144913e-03,3.770430558110548190e-03,3.619689918047314537e-03,3.706980921317578562e-03,3.652528492922000464e-03,3.805783604035062502e-03,3.702970776612109129e-03,3.793337820614733208e-03,3.687048053052270537e-03,3.612147854967932836e-03,3.622786784254436367e-03,3.728814915542883694e-03,3.541195093162858524e-03,3.748209001743749418e-03,3.723417444404453474e-03,3.756418294045429582e-03,3.630907570131017541e-03,3.536452789135736182e-03,3.744446990532358192e-03,3.648068447254766613e-03,3.672994988237935233e-03,3.629677923276693370e-03,3.745987117647930562e-03,3.581875462999828136e-03,3.616152040561128756e-03,3.688807428624100299e-03,3.657596652369130008e-03,3.689837515017142279e-03
3.570740469307387421e-03,3.751210452427565078e-03,3.799651654607889405e-03,3.604197030579814245e-03,3.720182116514265513e-03,3.664982335644437379e-03,3.674494573561272633e-03,3.742784175893121117e-03,3.638752267611650593e-03,3.617968251832093425e-03,3.696871813551903373e-03,3.711903767355885769e-03,3.604935593048546119e-03,3.717661724582511321e-03,3.717214370424610191e-03,3.607989504783703800e-03,3.607171749238273148e-03,3.699450270214474888e-03,3.587552779751703239e-03,3.635358925080261518e-03,3.606497077891894932e-03,3.591251050867244176e-03,3.731298919549424099e-03,3.516719150645318884e-03,3.864187881600127366e-03,3.576588038533033871e-03,3.503300400304611498e-03,3.638576713123278447e-03,3.655415950436243129e-03,3.624269400987552465e-03,3.646986598471573145e-03,3.617834182144257036e-03,3.816776479724831497e-03,3.557947018026909498e-03,3.634584727894233768e-03,3.647201439097440354e-03,3.607688699209809363e-03,3.599226638524890588e-03,3.559315685881836097e-03,3.689592515246685814e-03,3.758781292348488401e-03,3.647710309360775466e-03,3.629837211593832207e-03,3.613974104691518308e-03,3.730433059608415872e-03,3.719630782483277637e-03,3.671665939767132340e-03,3.712559539896533554e-03,3.709854910778312854e-03,3.715063486847810549e-03,3.735940010503866100e-03,3.666601307329982011e-03,3.690385561811885661e-03,3.708196488991723390e-03,3.651481787012361355e-03,3.701203943171596945e-03,3.561318109720251063e-03,3.657675442992286939e-03,3.665188116694022280e-03,3.708955653242183327e-03,3.534733631949077241e-03,3.639892259462260745e-03,3.679019351548464337e-03,3.675446517799631913e-03,3.646635393503111239e-03,3.657667046862699781e-03,3.680676990167984410e-03,3.693592881185079214e-03,3.607910313523810409e-03,3.653826734215549678e-03,3.641795466993082847e-03,3.636743573815956129e-03,3.719339464644416150e-03,3.638230772968534341e-03,3.716121457279313554e-03,3.780999767314984720e-03,3.737000339165888821e-03,3.645848407854782210e-03,3.640692709247743929e-03,0.000000000000000000e+00,3.662377825929720963e-03,3.692906807869501904e-03,3.583338380995076781e-03,3.581146629474040496e-03,3.727834604149597719e-03,3.752445097341487387e-03,3.630664564041383938e-03,3.626982231162955046e-03,3.758623998149729535e-03,3.549124008309333545e-03,3.799218627632652053e-03,3.706639229811918481e-03,3.648727460695641404e-03,3.684593003148909415e-03,3.649744354646570696e-03,3.653143721786828845e-03,3.597261653064712152e-03,3.564238859244970269e-03,3.621918673694195494e-03,3.636193292311898449e-03,3.567039660944193620e-03,3.582283855754029179e-03,3.658274892848859070e-03,3.703243473599941542e-03,3.714133228437494719e-03,3.729959914087382748e-03,3.715344936976981011e-03,3.730629429240420614e-03,3.634758698341519680e-03,3.814788112957659232e-03,3.644341827895886989e-03,3.669619967102970889e-03,3.788363424326081971e-03,3.771054891904338825e-03,3.718288418036212999e-03,3.578524783895069110e-03,3.640517416477169824e-03,3.674312301799566131e-03,3.607901278216169450e-03,3.675980760556022808e-03,3.721052199964625020e-03,3.683299668657588188e-03,3.738396056708857395e-03,3.831938988437195819e-03,3.620684277041551907e-03,3.603889958091040843e-03,3.688598946364566537e-03,3.656719089992916446e-03,3.521967708617084261e-03,3.768615436233734798e-03,3.730485503284895928e-03,3.705183211778791900e-03,3.555716413278128731e-03,3.635320417640200679e-03,3.660189967188425594e-03,3.556084706450993779e-03,3.756214950936936740e-03,3.791597799005044702e-03,3.638431571720173070e-03,3.718544769209525345e-03,3.756074068803965868e-03,3.526497467781164897e-03,3.514408078324382251e-03,3.719601859628907884e-03,3.608997209142037095e-03,3.600178128805172142e-03,3.614153541230526265e-03,3.638517482838939804e-03,3.694394534713753026e-03,3.670547254265348058e-03,3.549377433639984425e-03,3.710119464012099581e-03,3.578716584040342579e-03,3.616079282657980263e-03,3.551687335260103520e-03,3.693954831959895234e-03,3.627760227428430094e-03,3.625453697698610527e-03,3.609122554508798451e-03,3.734344638504165891e-03,3.570690938891334966e-03,3.695764760660414251e-03,3.689228632697717260e-03,3.607924547485287774e-03,3.634832591236080226e-03,3.727510598672488171e-03,3.644002992538597236e-03,3.593917703352800339e-03,3.607369456165540264e-03,3.650409474055796646e-03,3.576897360953818807e-03,3.717242522967194665e-03,3.722152815058805009e-03,3.702657265265816081e-03,3.825940523426266202e-03,3.665984550184056470e-03,3.705767197100695576e-03,3.590168605460635539e-03,3.809967517171917312e-03,3.548114212687073030e-03,3.610179184553015484e-03,3.645464694008700504e-03,3.656903164365086188e-03,3.690660265877054869e-03,3.566197615571126307e-03,3.868946273267207317e-03,3.746128715220666157e-03,3.587914130651710578e-03,3.618015967611060320e-03,3.686376732266054973e-03,3.507367704221128410e-03,3.569835324743279945e-03
3.630818692080837150e-03,3.685213437866488844e-03,3.742012555980833276e-03,3.767883321511518880e-03,3.657323230563546638e-03,3.790825530167523869e-03,3.692335290592787395e-03,3.637306301356963128e-03,3.608659480295914324e-03,3.643621481213449396e-03,3.714396627709061396e-03,3.595524536514646194e-03,3.551871934382677849e-03,3.783465860749776755e-03,3.729941944314580163e-03,3.567186292265129600e-03,3.726436808116523423e-03,3.578454382424410725e-03,3.634210439589482134e-03,3.621901009388610836e-03,3.611487095304115758e-03,3.666252161045310820e-03,3.667529662090273333e-03,3.518083207218877882e-03,3.538729276213758903e-03,3.623431940150149445e-03,3.735433103996476604e-03,3.690740736442097922e-03,3.745115038401391257e-03,3.654369615988508659e-03,3.760971929669345518e-03,3.652668818781615399e-03,3.703104503365227135e-03,3.599280531653359632e-03,3.701704760132404175e-03,3.658801951887560681e-03,3.629361658988564457e-03,3.595406942542061970e-03,3.636037952624268915e-03,3.752045576464661022e-03,3.627362442171102111e-03,3.585193417070614563e-03,3.696873076761121157e-03,3.646711307929100150e-03,3.785940551245903316e-03,3.672445785877877407e-03,3.641329383233633636e-03,3.607682777194719248e-03,3.692722426226095929e-03,3.681412524700737512e-03,3.692697555346847928e-03,3.648854646481328526e-03,3.764286600206669456e-03,3.733576410433132094e-03,3.741106245281270240e-03,3.618528749871718735e-03,3.645134033732900115e-03,3.671787099869789663e-03,3.601924625057288751e-03,3.654428506085630364e-03,3.643613584470295052e-03,3.627849622067551381e-03,3.667389665539502047e-03,3.611215212777228647e-03,3.620822654624889555e-03,3.557992816264032333e-03,3.632588665984894365e-03,3.598915441218765356e-03,3.650723060108100604e-03,3.805348657667564135e-03,3.584640179125070727e-03,3.640766184349524502e-03,3.749341471949782425e-03,3.653644760383256522e-03,3.717581708851291650e-03,3.666616088762134507e-03,3.636728749542056990e-03,3.698454120694594401e-03,3.594717048262722255e-03,3.662377825929720963e-03,0.000000000000000000e+00,3.711122042476353890e-03,3.676191094628560724e-03,3.733382439088217975e-03,3.606671046766835292e-03,3.685574826202403856e-03,3.567102899896477160e-03,3.685416333493441582e-03,3.658118025648326478e-03,3.743393369360844235e-03,3.552722153343504906e-03,3.786142866154204936e-03,3.764533373715381586e-03,3.649776103522118804e-03,3.719342501957703315e-03,3.610739280477902585e-03,3.689220902342254735e-03,3.705246620888412879e-03,3.710502158246600790e-03,3.672331183362172700e-03,3.682542209594360551e-03,3.718755127824789185e-03,3.664904417807377749e-03,3.616793010204068584e-03,3.647261099376117744e-03,3.604797709252314294e-03,3.554079073427878713e-03,3.691469380133011614e-03,3.675239242222998887e-03,3.682817678174778175e-03,3.614790756833490513e-03,3.588454103699879015e-03,3.711692323236835678e-03,3.571208635589017810e-03,3.592787340628626064e-03,3.752340631534381056e-03,3.736356648297936307e-03,3.560215743297779917e-03,3.716115454393483213e-03,3.559517185700307017e-03,3.678620062730204778e-03,3.635961668808491282e-03,3.592018572489016903e-03,3.741717363341956655e-03,3.785343770605670895e-03,3.698653684007546880e-03,3.728931241513560452e-03,3.670555244018200436e-03,3.758878272140596735e-03,3.720910876786836727e-03,3.621012787751878761e-03,3.730092114878156423e-03,3.699801924149657365e-03,3.580196270701792912e-03,3.578468900364542918e-03,3.550890965107456314e-03,3.627717795962402680e-03,3.496691465651645837e-03,3.639548286063627042e-03,3.648306650032018695e-03,3.756263758504370127e-03,3.658058458985976886e-03,3.691802706266358002e-03,3.660031463534724715e-03,3.704787049550356624e-03,3.778955340271924427e-03,3.612036946833205482e-03,3.723779491488034710e-03,3.627451002488565196e-03,3.719802102489917078e-03,3.679148041457202395e-03,3.722122840121494958e-03,3.592528808004448720e-03,3.670852776440946749e-03,3.594107942274926519e-03,3.715147609117309350e-03,3.668920624290774452e-03,3.588888088175647487e-03,3.697474646227739796e-03,3.628095555978201863e-03,3.658523811501323067e-03,3.650081225200131878e-03,3.707801143616854672e-03,3.719903627960611126e-03,3.625523772991444144e-03,3.577077594117817564e-03,3.678030779458238073e-03,3.618497921839271617e-03,3.603667867858256681e-03,3.691434297468449127e-03,3.736076983736476460e-03,3.670453490984348834e-03,3.595225853258715489e-03,3.630826460530246942e-03,3.663435687299459141e-03,3.648463437111936283e-03,3.612130655950942723e-03,3.621208667642431250e-03,3.627652747407535041e-03,3.571354075938283114e-03,3.775477607903833348e-03,3.709704499066149384e-03,3.671460089129103925e-03,3.652529735957829246e-03,3.688945269229323195e-03,3.650910815448841964e-03,3.630006003651641347e-03,3.703338222791912118e-03,3.751272522699878979e-03,3.524239352694746863e-03,3.674981441045778365e-03,3.699627544326889589e-03
3.681973647780090696e-03,3.630895665008275312e-03,3.666007480630957549e-03,3.696795914168481481e-03,3.672992240769696638e-03,3.789408010027167650e-03,3.673647467994867188e-03,3.605819233994710452e-03,3.595636982887303809e-03,3.583748751661015430e-03,3.615752561486606197e-03,3.771771373432912782e-03,3.680476185047036088e-03,3.598429817362597521e-03,3.612537477264685971e-03,3.654810437266716849e-03,3.667095163518172950e-03,3.625474577892086672e-03,3.703792734681415118e-03,3.601668972472058753e-03,3.609258737619845149e-03,3.820297579969076079e-03,3.704028020447015009e-03,3.652582172680959947e-03,3.706398542619145434e-03,3.667759838667681346e-03,3.555457058553576632e-03,3.630759149904879204e-03,3.756143525765467169e-03,3.624827021502516518e-03,3.724516862942305485e-03,3.601070784838644213e-03,3.582602638166155172e-03,3.674591680043334634e-03,3.686891027387237309e-03,3.642061274612217337e-03,3.615563947741688537e-03,3.624067480545739399e-03,3.686786427282972081e-03,3.699920747469366989e-03,3.605819189593683326e-03,3.723429397965574879e-03,3.601928249078483000e-03,3.605407676333285093e-03,3.642360093676584587e-03,3.639474968417543820e-03,3.660749554432424051e-03,3.543853614983231894e-03,3.714669274441769094e-03,3.630231349106464046e-03,3.650710360512895297e-03,3.594171616205863416e-03,3.711748266059935325e-03,3.680434411867247995e-03,3.607207688565383825e-03,3.691166692979178880e-03,3.719638298649205563e-03,3.614389486281461249e-03,3.579831192721576009e-03,3.582020160665721174e-03,3.598995828459784947e-03,3.773053020180112960e-03,3.638634212946855861e-03,3.546858544264503213e-03,3.652926004444252608e-03,3.815361443107910793e-03,3.628585589135588547e-03,3.774585584597463760e-03,3.656938103079666099e-03,3.663418599604974929e-03,3.523730087632699799e-03,3.745474352963590586e-03,3.634689075818570148e-03,3.675986392951012451e-03,3.736499368659846037e-03,3.590177977459375544e-03,3.657827814272240560e-03,3.855485504569258412e-03,3.656032623577130068e-03,3.692906807869501904e-03,3.711122042476353890e-03,0.000000000000000000e+00,3.745454969210967183e-03,3.671489565218687828e-03,3.798608782563780029e-03,3.624689066515304932e-03,3.627933385409001007e-03,3.666181600861375973e-03,3.714729137277155736e-03,3.715547588365772803e-03,3.577178496151878998e-03,3.536154126275419061e-03,3.670644373478440265e-03,3.662386688704740920e-03,3.666830581526508634e-03,3.680789470712348289e-03,3.658483566338335304e-03,3.675946683589987815e-03,3.652336339676246716e-03,3.693747292743038407e-03,3.663011314162687489e-03,3.703528422058616990e-03,3.658115093275348794e-03,3.595231389327050147e-03,3.713827795976756569e-03,3.658324955140299442e-03,3.629639272639946686e-03,3.740029727800811121e-03,3.647213066114957537e-03,3.708995998803272381e-03,3.692219552270005825e-03,3.645026449041411255e-03,3.571818788846262659e-03,3.614422881955397550e-03,3.639896090959103634e-03,3.518877336893816779e-03,3.718727347007696245e-03,3.588476959113205689e-03,3.523407728147738820e-03,3.628594731784476075e-03,3.653323653189767452e-03,3.653011641461124948e-03,3.671999474970176047e-03,3.653598467931233346e-03,3.574862410119484645e-03,3.734238986463414393e-03,3.724657986612911736e-03,3.635874367630985426e-03,3.621531721952169804e-03,3.667626261761635156e-03,3.653613028031074423e-03,3.596853851835555768e-03,3.568773400687604534e-03,3.704623847784120454e-03,3.707165640333559727e-03,3.690066511933264969e-03,3.724011822424720935e-03,3.638573910504264413e-03,3.629044784665989409e-03,3.704097076408966772e-03,3.645648934148805215e-03,3.704689415146199694e-03,3.727738793124705206e-03,3.670484971650680387e-03,3.625425790395326274e-03,3.785833058428267166e-03,3.616567040464594568e-03,3.637202806854162879e-03,3.661554072087224668e-03,3.656961990704604964e-03,3.659024942789446209e-03,3.692924345773231001e-03,3.718069548262783759e-03,3.619196327854903254e-03,3.590785945683339347e-03,3.762425713832920088e-03,3.668848200853050499e-03,3.651744175199431956e-03,3.548827565757759275e-03,3.703272287301948365e-03,3.652706400231034434e-03,3.720118775156450001e-03,3.784203966289880015e-03,3.610737672925006664e-03,3.678974319617789052e-03,3.785178864519415411e-03,3.706931152010817243e-03,3.656772316412702437e-03,3.629191460354983662e-03,3.641965054393033092e-03,3.645206024427570871e-03,3.646005893713526701e-03,3.659291399591544595e-03,3.548167114595606950e-03,3.765319875157561481e-03,3.611389758576795568e-03,3.615650409676471333e-03,3.736021054226031611e-03,3.668535410948777723e-03,3.587266196045103741e-03,3.755471291841658722e-03,3.713042451668212111e-03,3.663545516274303512e-03,3.635347683091837579e-03,3.790496764500027923e-03,3.726491006549181948e-03,3.565055963252817053e-03,3.774204227730752412e-03,3.605195590291220258e-03,3.687763278241755743e-03,3.708682516169509082e-03,3.665495112223839114e-03
3.597347970443444658e-03,3.681531605134444329e-03,3.638555402273633589e-03,3.717830375640328398e-03,3.683183674578528483e-03,3.617831728347369567e-03,3.673749695329267713e-03,3.653160852190554149e-03,3.677135192182897847e-03,3.639207106337290741e-03,3.683547488468186595e-03,3.769932281369693314e-03,3.594636429609353312e-03,3.610991699123508678e-03,3.592159655481140870e-03,3.622199128892167764e-03,3.594496771724943907e-03,3.695310285903499053e-03,3.681176610683324635e-03,3.563741861445072871e-03,3.781263871742442540e-03,3.683447804484725648e-03,3.691946385544779899e-03,3.661706317618687243e-03,3.617707792738393113e-03,3.547622747247590035e-03,3.668121148792912768e-03,3.741425445788251411e-03,3.668790055567926894e-03,3.674349761074822886e-03,3.624701416631271721e-03,3.623496971639113707e-03,3.712300185280216491e-03,3.689090928415834133e-03,3.675092936031591675e-03,3.686264328079283652e-03,3.640254326223107441e-03,3.725860147032834368e-03,3.775407225955094634e-03,3.661027128497930903e-03,3.605518467445123238e-03,3.689435790814387956e-03,3.634745929391796585e-03,3.555099389207536358e-03,3.660478698148040243e-03,3.599589209346310947e-03,3.596755517427408736e-03,3.691731449297036387e-03,3.616410136447742885e-03,3.665430550103024234e-03,3.669475766024090681e-03,3.679218226615294397e-03,3.691027841997556683e-03,3.619641243198968173e-03,3.578193726748260441e-03,3.518250408937540191e-03,3.671024176530108835e-03,3.640220239808485570e-03,3.574736052360717991e-03,3.611137571433439136e-03,3.726782945600123909e-03,3.704384240548949919e-03,3.569449412614776260e-03,3.716458982275209696e-03,3.695986325738378608e-03,3.709904152587313424e-03,3.615465607150283173e-03,3.724503608050707976e-03,3.805187910499025373e-03,3.695107845924999745e-03,3.652069957941438821e-03,3.571309834083062542e-03,3.698826592804708643e-03,3.614367680109142455e-03,3.744146144832336508e-03,3.621071229603723633e-03,3.637040742763599128e-03,3.697267235180544051e-03,3.695053385144560134e-03,3.583338380995076781e-03,3.676191094628560724e-03,3.745454969210967183e-03,0.000000000000000000e+00,3.676998997401196255e-03,3.691939767979982110e-03,3.701736250162308579e-03,3.724218142095571480e-03,3.821941943064930975e-03,3.633857107234392259e-03,3.716084648016468317e-03,3.597164618773703200e-03,3.542011638576951591e-03,3.699859464940255787e-03,3.684827984566400958e-03,3.625852626124286687e-03,3.734640478571431190e-03,3.674788899204443123e-03,3.598290444606741263e-03,3.602130511091979764e-03,3.739219542161041979e-03,3.650904801597417305e-03,3.631074948727667801e-03,3.676261690581181327e-03,3.662608997042795037e-03,3.660662526533256956e-03,3.710390631466481577e-03,3.614400828034856211e-03,3.679173684117378624e-03,3.597474063914762616e-03,3.693019275058194613e-03,3.560715189838139019e-03,3.780484110091575801e-03,3.681197752781056442e-03,3.662813631388410311e-03,3.729687205710992704e-03,3.538990275489737897e-03,3.615325030649103877e-03,3.789024426949851119e-03,3.583799571852151929e-03,3.650452510220311090e-03,3.638850607208922797e-03,3.598556996621113478e-03,3.626501909650367908e-03,3.629337908070874412e-03,3.774113224611248818e-03,3.619236930736876526e-03,3.704575085002958113e-03,3.704161557994925958e-03,3.688935251831247653e-03,3.685091809461897832e-03,3.731785418753116000e-03,3.745742574954053807e-03,3.583974599660782155e-03,3.737974690508255853e-03,3.738585086414056031e-03,3.663226888748856089e-03,3.657336346539604918e-03,3.768612590090160506e-03,3.663950991986895424e-03,3.686935843147264372e-03,3.694791421505958396e-03,3.657340763249091777e-03,3.683204897157665251e-03,3.677209174994364779e-03,3.752492637166608171e-03,3.631709943454548319e-03,3.521813700796962935e-03,3.635140671106170448e-03,3.676572674371342102e-03,3.641560905087346065e-03,3.649900592941860734e-03,3.690814932030290346e-03,3.668991786577286730e-03,3.625325753026958486e-03,3.642753894209533553e-03,3.716140997736634352e-03,3.518703269649198564e-03,3.646760362262191357e-03,3.650509517926972276e-03,3.702171106697958822e-03,3.595756961719309090e-03,3.684257007125026073e-03,3.611698174639074894e-03,3.599164401636763527e-03,3.787748822777059661e-03,3.610034302460281893e-03,3.690466046270327732e-03,3.654507200615619150e-03,3.624636826217976504e-03,3.716857738902640089e-03,3.692475945768988049e-03,3.719660679165367675e-03,3.677745087365168544e-03,3.581914810825793070e-03,3.648773334636877790e-03,3.585037329652434376e-03,3.601232951882453719e-03,3.737121935753168894e-03,3.644659362765340950e-03,3.495383692964963967e-03,3.703049561191053187e-03,3.547162014125501087e-03,3.682996576253230910e-03,3.707257334317467200e-03,3.625528406478856474e-03,3.717618114244456567e-03,3.788125895652059288e-03,3.720790315523496081e-03,3.662562262301279938e-03,3.638704839546408071e-03,3.638375934500133208e-03,3.775531710968258597e-03
3.646037702855231023e-03,3.649061295972739257e-03,3.700039932966874348e-03,3.670540460813373918e-03,3.593137420567230067e-03,3.679101363729406129e-03,3.686371571355630261e-03,3.636798590985929145e-03,3.666790747022790047e-03,3.674963406360439496e-03,3.605093381263507930e-03,3.558099309935159899e-03,3.717747011883572664e-03,3.631719893314379333e-03,3.641494666813100290e-03,3.664392222335400781e-03,3.581156478458483606e-03,3.730597510671665538e-03,3.684307794598210527e-03,3.636792559667272398e-03,3.602086526844132126e-03,3.780455834547920193e-03,3.649478869916291182e-03,3.670187315028885892e-03,3.613745026820909447e-03,3.795739851609236486e-03,3.679710755387703442e-03,3.614591980133375401e-03,3.707811187063001033e-03,3.612317303733920265e-03,3.823398081694509652e-03,3.596954729874174417e-03,3.641034343307157032e-03,3.793844323930616047e-03,3.739664453443165143e-03,3.637890825337371323e-03,3.690028391161645320e-03,3.585337891628372770e-03,3.814466043408854500e-03,3.742607904381389013e-03,3.582647118874288886e-03,3.622805767772283025e-03,3.715341433407683917e-03,3.682165978073066812e-03,3.689243830098793992e-03,3.649819998452041858e-03,3.530568708483762096e-03,3.660634594578041599e-03,3.640984485472591268e-03,3.660351862394193873e-03,3.704320821930261794e-03,3.868168434933881832e-03,3.601511906528298123e-03,3.664730802554093652e-03,3.728338460162330861e-03,3.729726858018154404e-03,3.676870039866390622e-03,3.710778820849311779e-03,3.657200020618686653e-03,3.694686738639896620e-03,3.739276339351438588e-03,3.670040848890568363e-03,3.720263995825823407e-03,3.619426044823641567e-03,3.655574985939586026e-03,3.566626876827908282e-03,3.577181691183230466e-03,3.630062907260991466e-03,3.784962352986976242e-03,3.632972384158298425e-03,3.655786942170065768e-03,3.653565995217994931e-03,3.685645868669587630e-03,3.757133657077177998e-03,3.645869978243751995e-03,3.614308403242306837e-03,3.671436834663228434e-03,3.728171212798710252e-03,3.693851524037763002e-03,3.581146629474040496e-03,3.733382439088217975e-03,3.671489565218687828e-03,3.676998997401196255e-03,0.000000000000000000e+00,3.641790380851575321e-03,3.625594440705470593e-03,3.633494562252623065e-03,3.664833341375659231e-03,3.601852011847950143e-03,3.691895178096047617e-03,3.559259596877809278e-03,3.622730108478267822e-03,3.623900613790105758e-03,3.696990469966039434e-03,3.718386132839567211e-03,3.646157277499565124e-03,3.672928648072567182e-03,3.737447305741696795e-03,3.722818456178830088e-03,3.618520605881955354e-03,3.772203271267079560e-03,3.804500954157607247e-03,3.712180800736047601e-03,3.622431177394762683e-03,3.662410885935079696e-03,3.681606968640216242e-03,3.555048582097574891e-03,3.777387812635030987e-03,3.778750813032943044e-03,3.609351026449721979e-03,3.557661970879655040e-03,3.477150937028517311e-03,3.683256650959239840e-03,3.650532136866040372e-03,3.620560437932177598e-03,3.650769577753874579e-03,3.675044940111267620e-03,3.638636974354474054e-03,3.657035865135006922e-03,3.624428788095091208e-03,3.655453812103688031e-03,3.725666048378997296e-03,3.603454304638123180e-03,3.644779836448334108e-03,3.557516515120750893e-03,3.666454675810413254e-03,3.677518890601517727e-03,3.629606061412530942e-03,3.649691364970213819e-03,3.736924800024874014e-03,3.717490844516032136e-03,3.628039400762102327e-03,3.798072842152672244e-03,3.610288600311245717e-03,3.783620471206501894e-03,3.726736992982919872e-03,3.640070246249787946e-03,3.708582560322191621e-03,3.620792279590002039e-03,3.651197202911223537e-03,3.764573527875827042e-03,3.764927261560659794e-03,3.622945425873401893e-03,3.640179600859186956e-03,3.600693127094383491e-03,3.655342342214024272e-03,3.621469897208836296e-03,3.611176283848495285e-03,3.624249339453917626e-03,3.575222432907869570e-03,3.619488902807165964e-03,3.692528318117720143e-03,3.623333652755098954e-03,3.745103601416823087e-03,3.578511329781969025e-03,3.621075113361948809e-03,3.627230339394759643e-03,3.612443975552001498e-03,3.752612756850893377e-03,3.586244333279232487e-03,3.705894619440551312e-03,3.765391550630660736e-03,3.776052254430420970e-03,3.717629480186462713e-03,3.630282713386467387e-03,3.582638696498517249e-03,3.673075145922715355e-03,3.651720098152823335e-03,3.585550934725475255e-03,3.658789470230757943e-03,3.641468646290446642e-03,3.713674956834394410e-03,3.602283441549675256e-03,3.574969152580034001e-03,3.669455350213867307e-03,3.608925254650004015e-03,3.555115750995412743e-03,3.640662065728647590e-03,3.710714094906173138e-03,3.571540038391038830e-03,3.737841839930339249e-03,3.518789645036837343e-03,3.583261787658386776e-03,3.671530451025308787e-03,3.590251705639221566e-03,3.686489427700723621e-03,3.715970137520651848e-03,3.643539568837058078e-03,3.601670689970122661e-03,3.615039879498980167e-03,3.739539558100512476e-03,3.593893738189904517e-03
3.666378864584986155e-03,3.678948576832210063e-03,3.728588715771242318e-03,3.672596683662768518e-03,3.612661960645139041e-03,3.602799059084214363e-03,3.641841476214728937e-03,3.711456972740786921e-03,3.665004614492650692e-03,3.663578294193471033e-03,3.632119902215979069e-03,3.685231470501697682e-03,3.675559231382007422e-03,3.790956560204489408e-03,3.542463750285410658e-03,3.632616185996523275e-03,3.521914318220781877e-03,3.669652781848910077e-03,3.626382661557273415e-03,3.574743041553848054e-03,3.643016522817719028e-03,3.802211160270556594e-03,3.727249906598516932e-03,3.653397985044687379e-03,3.711858636654051698e-03,3.724203934864961200e-03,3.617825692374503077e-03,3.685178478027134694e-03,3.714623958347585547e-03,3.628019021849585198e-03,3.696232838568073737e-03,3.630960624328511983e-03,3.625667925851882526e-03,3.643392097427321490e-03,3.646108385332406075e-03,3.617557936401730439e-03,3.603311941432018380e-03,3.587640307989801644e-03,3.604510194142827254e-03,3.576501484897251851e-03,3.652198692152318696e-03,3.686464491507697363e-03,3.740501345790511484e-03,3.606435614921216660e-03,3.684666399792659551e-03,3.602681892013566249e-03,3.674531411104024065e-03,3.613716987868944089e-03,3.737224199346318027e-03,3.698463800562926205e-03,3.714260267901399893e-03,3.639666613549549443e-03,3.707652757968088117e-03,3.653037567604609619e-03,3.570464132901554968e-03,3.678225548843024224e-03,3.638227019804704705e-03,3.579614891095422771e-03,3.629504884272508926e-03,3.633350906691722604e-03,3.599511250024139963e-03,3.620532966551838223e-03,3.651819591513730517e-03,3.644591800517233207e-03,3.681917017750471928e-03,3.664281830304470279e-03,3.573146716990361314e-03,3.685475591648525433e-03,3.610572563987516671e-03,3.672868203739400057e-03,3.610474104957097936e-03,3.753504273028043271e-03,3.535160431454693018e-03,3.639517703487459791e-03,3.714457626263372326e-03,3.619544408972784604e-03,3.658775905418921656e-03,3.604828035506080740e-03,3.645230223987114184e-03,3.727834604149597719e-03,3.606671046766835292e-03,3.798608782563780029e-03,3.691939767979982110e-03,3.641790380851575321e-03,0.000000000000000000e+00,3.743595894231658942e-03,3.649184837277260739e-03,3.692187245766023404e-03,3.705485810364772797e-03,3.685665725856919137e-03,3.640687870009741423e-03,3.571872289219115912e-03,3.705166378373727504e-03,3.581558089705615209e-03,3.666122594884942479e-03,3.546980982672274206e-03,3.703757291634574792e-03,3.686545336789027495e-03,3.700283133710753798e-03,3.555246607994890732e-03,3.578121274925264057e-03,3.631631925397044332e-03,3.676642820871838316e-03,3.619515716676879966e-03,3.554175123359420031e-03,3.693101305440419334e-03,3.792661190942749581e-03,3.697607991319031961e-03,3.728290795626339540e-03,3.634034918591137579e-03,3.552403260820998897e-03,3.822207386156699273e-03,3.746639726704856840e-03,3.654354358909512202e-03,3.803460264941607542e-03,3.659572489038775446e-03,3.621950282057372766e-03,3.666568092544365658e-03,3.623346988370853856e-03,3.679254232592453835e-03,3.702534108729226524e-03,3.637417150401565762e-03,3.693256499508506402e-03,3.623728013233829936e-03,3.608195675761777937e-03,3.798048534262041774e-03,3.728898513071953434e-03,3.643682401367719093e-03,3.644462545334079765e-03,3.685959605249495424e-03,3.630414139915807449e-03,3.634219716886133954e-03,3.725214765640039779e-03,3.730049180001250488e-03,3.632310605801269965e-03,3.703066461053382621e-03,3.653951928158091951e-03,3.726293783301459165e-03,3.726241838395046892e-03,3.628626266598168268e-03,3.627421614588705046e-03,3.695048398999360283e-03,3.804409859932141903e-03,3.670882608544182805e-03,3.571261592165533676e-03,3.705122985671471022e-03,3.628819019849158917e-03,3.570437315666058920e-03,3.702762271534124246e-03,3.628782256966665495e-03,3.623859283741538619e-03,3.622270567315075476e-03,3.649722411829302206e-03,3.675370950454016992e-03,3.613362048422509663e-03,3.811205434350417413e-03,3.703728257432064696e-03,3.740416741885002963e-03,3.614266470014083736e-03,3.663631610523032829e-03,3.746966886245887019e-03,3.595723966820576611e-03,3.583383844689164849e-03,3.754311933272258713e-03,3.698861094161608968e-03,3.698480076862457021e-03,3.556682728272489869e-03,3.690382438661946908e-03,3.697499370187730654e-03,3.680937896557114151e-03,3.648991926880376570e-03,3.760064104319493176e-03,3.672230019028631387e-03,3.605237982719035339e-03,3.728718099138041749e-03,3.727558723538896071e-03,3.772072181182918073e-03,3.619925204432747606e-03,3.672842770660941260e-03,3.629807461159927171e-03,3.745000493771353297e-03,3.561782125766905886e-03,3.733459667035603138e-03,3.636460673193666390e-03,3.755766811118089153e-03,3.620498398913566881e-03,3.642169013797302499e-03,3.635233492885712580e-03,3.603409870476318756e-03,3.694323119201206856e-03,3.647603937252555644e-03,3.644266978278094555e-03
3.657916435856300042e-03,3.749392991481116655e-03,3.578010461940196122e-03,3.716155009525138556e-03,3.655755605278420382e-03,3.663765536908908209e-03,3.597680916319255951e-03,3.710930358071851121e-03,3.681509890091488706e-03,3.617203700431123516e-03,3.695996863511326249e-03,3.702023708337894015e-03,3.610103113763571837e-03,3.739961616318073813e-03,3.651286114561714830e-03,3.512636345346560780e-03,3.661323647736174774e-03,3.590795753385331041e-03,3.686466645498313443e-03,3.589893695077210449e-03,3.613605239691110044e-03,3.586650640387874928e-03,3.690417045433191153e-03,3.673785515573093491e-03,3.631191275567045938e-03,3.664367895978538729e-03,3.771248148080535729e-03,3.611086176002963402e-03,3.621736715931462951e-03,3.607514403791431748e-03,3.654078583059681973e-03,3.719730229660562788e-03,3.644234742206247518e-03,3.567759720916725396e-03,3.730951785453471073e-03,3.630493792802740819e-03,3.523979110581137129e-03,3.733440736143440238e-03,3.601929305496786964e-03,3.687860239632018925e-03,3.674732614645647311e-03,3.644936172286901855e-03,3.683509292497287417e-03,3.757984951664132284e-03,3.597400022607169338e-03,3.736258821694660344e-03,3.702672141053972056e-03,3.561750355127961138e-03,3.723411448506667824e-03,3.691067761192736146e-03,3.697546572461433631e-03,3.742978940670107883e-03,3.656445369844372930e-03,3.739128159328137038e-03,3.666969739800431376e-03,3.646430007203366793e-03,3.676927756489921893e-03,3.584532757160612503e-03,3.578660952110865844e-03,3.606731657522652817e-03,3.579510376857636834e-03,3.621459876510082013e-03,3.664117822449535714e-03,3.701652565808791033e-03,3.681885756238705964e-03,3.627804565493505853e-03,3.664386730925625960e-03,3.597093345610565332e-03,3.668091507106393829e-03,3.744985401913754602e-03,3.623085308060224313e-03,3.607279573439830904e-03,3.488758700777356506e-03,3.636453987129715203e-03,3.659781616287657163e-03,3.601603319398509039e-03,3.813682910405351897e-03,3.687021609943696206e-03,3.726856801797987125e-03,3.752445097341487387e-03,3.685574826202403856e-03,3.624689066515304932e-03,3.701736250162308579e-03,3.625594440705470593e-03,3.743595894231658942e-03,0.000000000000000000e+00,3.750194853850924090e-03,3.632884795728611761e-03,3.654408377759720689e-03,3.756040870914780384e-03,3.684828349739915649e-03,3.661464547969597340e-03,3.609025001575155451e-03,3.649541014552382806e-03,3.651552693141371739e-03,3.661206677831058392e-03,3.686688557646950783e-03,3.558316244620077402e-03,3.682339668748211507e-03,3.603797510316609880e-03,3.669191246272087391e-03,3.649708273061751801e-03,3.663011141520658778e-03,3.618913329569001507e-03,3.646646091515201582e-03,3.728322898224566400e-03,3.656855095837415349e-03,3.586935740354915692e-03,3.727535014262594280e-03,3.709216822923667133e-03,3.678514762734970585e-03,3.827669321635182153e-03,3.668437419608272260e-03,3.689814451244474540e-03,3.611111492120597059e-03,3.668900968940457929e-03,3.545018199649438949e-03,3.672504491496415228e-03,3.718822401304555658e-03,3.627166904869958287e-03,3.617458786728718241e-03,3.675869596934627174e-03,3.707728491625829868e-03,3.635893353272910342e-03,3.672478025760797429e-03,3.723054961343919347e-03,3.711548714584260097e-03,3.653433160639420803e-03,3.686105249723852558e-03,3.700001303620726722e-03,3.711240845219993586e-03,3.628783939250845945e-03,3.577705365023457675e-03,3.794412056987824227e-03,3.698571877843269753e-03,3.570726178880914183e-03,3.793913866398656697e-03,3.703813081414012061e-03,3.692402172268582222e-03,3.568959163608136607e-03,3.601844719894193615e-03,3.602805778583231464e-03,3.662906238361813421e-03,3.704469623726262210e-03,3.767582215024387407e-03,3.722307975987083906e-03,3.591255259774785678e-03,3.779370990583323913e-03,3.563854161426351433e-03,3.667151399640511660e-03,3.674930104299617417e-03,3.602474109593998847e-03,3.626220914997615313e-03,3.694419796666792433e-03,3.723896505938195396e-03,3.628497206803514910e-03,3.726586031870153699e-03,3.615025989344288794e-03,3.714167869922199369e-03,3.605780577918701879e-03,3.587203564948385128e-03,3.711496372522161014e-03,3.577070181591956218e-03,3.662716313770806534e-03,3.663737786292792838e-03,3.741795237600362145e-03,3.664345803693679592e-03,3.688130759905211640e-03,3.624151203059845349e-03,3.698469922576707973e-03,3.686765575050270256e-03,3.717793314452713486e-03,3.662775072113841866e-03,3.558412141266438598e-03,3.645449734415259335e-03,3.674404756156714972e-03,3.639924676825957370e-03,3.736704824747511151e-03,3.625833762549674627e-03,3.638039739697054072e-03,3.723028909834469671e-03,3.567395013674543383e-03,3.723071698122331318e-03,3.600614933239333713e-03,3.560646431107345345e-03,3.769148726525122558e-03,3.666644305651570613e-03,3.672779498530979667e-03,3.622050165375883483e-03,3.644589577976770772e-03,3.648380896643294881e-03,3.797274404698356646e-03
3.595417183673461914e-03,3.652208011714451995e-03,3.584806616860925898e-03,3.707478305592230069e-03,3.743603023851049469e-03,3.699654541326296425e-03,3.764357801596077135e-03,3.618573022928992401e-03,3.730988651885561343e-03,3.761924927299474877e-03,3.625442710835385333e-03,3.574613497554481913e-03,3.729339772895746453e-03,3.692331042515216259e-03,3.690027399538841485e-03,3.747612531619115474e-03,3.577864972110080411e-03,3.639573224413143564e-03,3.663129172100745325e-03,3.695716639939158454e-03,3.721157903788306024e-03,3.682236623890317202e-03,3.602256728120643934e-03,3.635249854382062180e-03,3.611065378797890732e-03,3.654987729723606794e-03,3.569567130603813841e-03,3.727965355642826138e-03,3.618101131998153596e-03,3.704393758160779218e-03,3.616925746427300178e-03,3.587797118149487364e-03,3.582359915762747121e-03,3.721150484699486602e-03,3.567697706908361157e-03,3.667698370476242618e-03,3.554640961349633550e-03,3.672038984064912321e-03,3.664341828327991480e-03,3.700656208276278253e-03,3.558452883737420625e-03,3.644507955138197655e-03,3.640272960976482369e-03,3.690153983984905978e-03,3.664990879100890955e-03,3.716075808310722282e-03,3.693256223449730737e-03,3.735902248199024847e-03,3.538550175101910517e-03,3.664335403439892072e-03,3.587562724329165960e-03,3.724387842812586225e-03,3.720899867956771728e-03,3.577719574744755732e-03,3.703669149494821615e-03,3.620633294482067475e-03,3.710380010349787969e-03,3.660942882812149267e-03,3.622352543434861471e-03,3.633767192469221537e-03,3.742365333417435689e-03,3.701918281108178190e-03,3.709400541807531416e-03,3.633259865872718371e-03,3.788710598878538595e-03,3.614331479720219852e-03,3.625815357737713265e-03,3.634634206564501049e-03,3.698566348299961708e-03,3.645902701079656045e-03,3.728020778309983161e-03,3.520721761164635321e-03,3.653980365890575899e-03,3.616839826651032080e-03,3.631675314953029376e-03,3.575858394137238373e-03,3.645259286680699231e-03,3.593556318882769936e-03,3.781764623530895278e-03,3.630664564041383938e-03,3.567102899896477160e-03,3.627933385409001007e-03,3.724218142095571480e-03,3.633494562252623065e-03,3.649184837277260739e-03,3.750194853850924090e-03,0.000000000000000000e+00,3.666864358765774181e-03,3.559038498390053231e-03,3.669043337127202761e-03,3.541034496162028759e-03,3.650600137157698332e-03,3.567075399567899013e-03,3.781877197445689034e-03,3.661949909556508950e-03,3.551582993600504567e-03,3.642834802716248682e-03,3.765835500758922105e-03,3.773068338777253294e-03,3.682697232565301185e-03,3.725400185720981368e-03,3.581578528288849057e-03,3.712094833773193266e-03,3.636491860543966757e-03,3.713717810538265038e-03,3.620343442350206636e-03,3.678654637471186466e-03,3.701280956586951946e-03,3.606533290752071599e-03,3.672004197788531193e-03,3.668663129311175875e-03,3.677793127365305316e-03,3.754196210032916849e-03,3.526919525258644193e-03,3.655828168039471950e-03,3.657050964952641460e-03,3.612316149144043434e-03,3.670106337009598416e-03,3.708067463659910166e-03,3.712829596564927188e-03,3.553055877377554565e-03,3.758030734012954462e-03,3.666148883020774706e-03,3.594535867528702786e-03,3.648703700523038117e-03,3.731895172734409506e-03,3.686464903109171187e-03,3.715679389400961940e-03,3.566510795081850784e-03,3.687389339495134380e-03,3.644330416533005882e-03,3.598523236739208271e-03,3.629104643721747965e-03,3.848141463832553764e-03,3.733529586781182425e-03,3.670485588688346575e-03,3.612597047953291455e-03,3.770103957377773755e-03,3.612790678449231529e-03,3.626352044004669487e-03,3.627686331169066754e-03,3.775535666001396829e-03,3.788099892372499312e-03,3.689511414293053342e-03,3.675221268267045514e-03,3.737325133336649556e-03,3.785403783143471198e-03,3.562439817966499365e-03,3.588453240651244720e-03,3.651287483093371752e-03,3.565421236916287845e-03,3.575037484952176600e-03,3.736516256288703857e-03,3.758439151905894685e-03,3.623541017328831167e-03,3.674225700023093892e-03,3.766932349392689006e-03,3.612164396592505971e-03,3.645466311454733949e-03,3.684712432531472587e-03,3.650898147374679378e-03,3.708006784376611208e-03,3.569173503717786369e-03,3.667698905275907240e-03,3.775711052201758712e-03,3.740860261957410123e-03,3.656062271088076319e-03,3.670612460607534499e-03,3.650207748114776222e-03,3.729966460065940129e-03,3.721905483688286217e-03,3.666807763755611932e-03,3.648052546558773219e-03,3.571270531462386773e-03,3.633194353596479534e-03,3.618232410268675675e-03,3.620204978608689006e-03,3.721486257960560009e-03,3.641709572797593563e-03,3.656115060642901437e-03,3.687154727729248169e-03,3.558699479188122145e-03,3.614350740016932829e-03,3.655151308278468437e-03,3.694614042771536024e-03,3.652748280536115971e-03,3.668928310064601718e-03,3.749597845898366023e-03,3.642835061860911008e-03,3.712640626476141920e-03,3.630356181918026597e-03,3.632773692851080059e-03
3.544473471454449940e-03,3.761763840494772304e-03,3.611090840379328586e-03,3.561849502496331615e-03,3.590871564350311962e-03,3.642893551007429700e-03,3.677273993288929840e-03,3.710018950551200075e-03,3.723140665716641751e-03,3.562788239784400127e-03,3.696769906815865377e-03,3.701496230854104796e-03,3.632674464487358531e-03,3.622932178812416412e-03,3.570775565694873747e-03,3.668160984137961399e-03,3.645252752242217602e-03,3.621989254753869413e-03,3.720433381815299850e-03,3.584029440242053610e-03,3.791137225644397243e-03,3.671305318500055464e-03,3.701371254859863857e-03,3.595534120775176808e-03,3.637370779717474193e-03,3.579144423028180443e-03,3.630843041625873239e-03,3.776742954769338710e-03,3.686988473636603446e-03,3.636235974046203752e-03,3.597418022526232845e-03,3.688477187970588649e-03,3.777051089889024629e-03,3.604503754216166304e-03,3.773648748668236453e-03,3.691471116666120763e-03,3.546808480039963327e-03,3.768745765037839496e-03,3.710722302930072585e-03,3.626115987840814858e-03,3.694182678240726016e-03,3.569633033931329108e-03,3.741308030193056435e-03,3.617597922092174925e-03,3.554301453979755859e-03,3.694143794358728961e-03,3.528812342155914807e-03,3.686654853634355623e-03,3.577917341738597826e-03,3.723660948490797786e-03,3.740201236812597599e-03,3.680332381558325001e-03,3.673546111293631618e-03,3.693201882095467972e-03,3.642095192735738968e-03,3.668445907713118424e-03,3.649583579557730446e-03,3.739273508815187889e-03,3.636888290607469959e-03,3.685124574587698293e-03,3.640626675601415195e-03,3.613324424739433518e-03,3.705999702400904986e-03,3.736245913537516918e-03,3.809606590884715392e-03,3.724105590784630108e-03,3.556786235204618084e-03,3.640589717237403648e-03,3.709660858935303566e-03,3.745550628488895743e-03,3.598904996107091334e-03,3.745128182538940906e-03,3.740754328318339310e-03,3.656155039545136171e-03,3.655326615389203112e-03,3.653871719705025119e-03,3.636823264936884029e-03,3.720940706625725652e-03,3.655243501106413603e-03,3.626982231162955046e-03,3.685416333493441582e-03,3.666181600861375973e-03,3.821941943064930975e-03,3.664833341375659231e-03,3.692187245766023404e-03,3.632884795728611761e-03,3.666864358765774181e-03,0.000000000000000000e+00,3.654034990775003287e-03,3.665695948749997466e-03,3.661735285367805938e-03,3.688551856234820875e-03,3.693347536986242401e-03,3.656883236495997360e-03,3.847889708497593663e-03,3.629508111254937160e-03,3.604496116051150029e-03,3.526157916164806162e-03,3.540790265426468821e-03,3.678219593038919554e-03,3.587627692014082239e-03,3.702329494846796215e-03,3.738970072875430831e-03,3.684377606163904625e-03,3.684222566743077399e-03,3.676551370758942769e-03,3.595968917967598804e-03,3.658022861284387483e-03,3.588449937336057795e-03,3.614521813506133864e-03,3.604736720218516214e-03,3.664965214093634811e-03,3.678876079994725014e-03,3.670906151424476512e-03,3.732467410666199126e-03,3.635891909093584735e-03,3.697411460181895902e-03,3.747859795383269750e-03,3.695967456783989195e-03,3.579527923686399386e-03,3.638751668891711515e-03,3.546112579955996123e-03,3.620479238864725540e-03,3.592186930839242308e-03,3.805477325979733910e-03,3.757602219164943649e-03,3.645802907819347977e-03,3.612579022876029940e-03,3.806414255770136992e-03,3.637731012391737760e-03,3.662056320087166313e-03,3.632521810068675867e-03,3.688633053048044012e-03,3.596804406363990087e-03,3.648053426420454996e-03,3.619175418944352816e-03,3.648617737566204125e-03,3.560219302275889532e-03,3.690804866837803580e-03,3.661661453807840347e-03,3.685256623520156115e-03,3.676856239172254532e-03,3.819414924013388949e-03,3.679746985803952590e-03,3.626547518068426196e-03,3.734483269810028299e-03,3.502303172925312538e-03,3.682763126923727960e-03,3.770678047186345506e-03,3.731136529143095140e-03,3.671670738258712118e-03,3.742550953274827435e-03,3.551015856189866648e-03,3.698827129243608888e-03,3.641203529319883905e-03,3.603902772420250564e-03,3.728253115217056764e-03,3.555926084136686819e-03,3.573332923329953538e-03,3.649465889348121796e-03,3.719725304289407154e-03,3.669967060941984639e-03,3.554147138841160479e-03,3.651402000407373994e-03,3.644306602083211347e-03,3.598497153424095457e-03,3.760595520485106660e-03,3.613098730622563669e-03,3.765259502937608627e-03,3.599991944018695114e-03,3.554741969175583254e-03,3.580230403705563121e-03,3.694405040789252182e-03,3.662670076874387313e-03,3.597842587381055654e-03,3.720337981858910358e-03,3.628717068153028847e-03,3.709007782689907520e-03,3.595663745599632193e-03,3.490950710893385434e-03,3.656632052429536345e-03,3.592063467501585994e-03,3.721892525062894721e-03,3.745191986285977947e-03,3.788374994197036064e-03,3.696681701828331400e-03,3.660312273791434170e-03,3.619144174263513695e-03,3.625878958979939642e-03,3.554321938437433707e-03,3.804459757383019634e-03,3.707012150001010291e-03
3.842243435438844664e-03,3.627729785172921582e-03,3.705131457766158709e-03,3.732238513424910795e-03,3.632376219628300450e-03,3.792572879315369780e-03,3.700725722812135427e-03,3.696323663277312037e-03,3.554060875767979348e-03,3.702365360404991871e-03,3.692869447968969310e-03,3.677193835847720072e-03,3.682102003789019043e-03,3.636330469366926086e-03,3.606456559765873048e-03,3.563304821627064772e-03,3.704305217190850992e-03,3.645791926749453009e-03,3.535275971595118211e-03,3.759102096218754595e-03,3.740626500969732645e-03,3.655508695532376506e-03,3.738255665185763899e-03,3.688878272815550568e-03,3.574343913988691813e-03,3.724563486219504942e-03,3.661796247686342938e-03,3.619941981969659450e-03,3.664891342832705783e-03,3.612707368568674436e-03,3.669870691299631244e-03,3.666281757626518780e-03,3.736199937129628182e-03,3.650169322921122984e-03,3.617950402889932773e-03,3.644859890664763156e-03,3.632385458132513824e-03,3.711133325285832264e-03,3.548838004996008721e-03,3.601223200396855978e-03,3.706709355420887038e-03,3.664124066072312492e-03,3.635273440232997255e-03,3.634272579796601378e-03,3.633852704489627140e-03,3.726961599830829527e-03,3.674329518740419593e-03,3.629368853712202064e-03,3.735178557784614526e-03,3.602580770070655438e-03,3.678324025114491393e-03,3.640328841105063169e-03,3.670231500615343378e-03,3.659193810161292474e-03,3.654283659264586422e-03,3.618497864456021989e-03,3.652586731361606460e-03,3.788894059234131171e-03,3.585160124289213900e-03,3.654294203118216462e-03,3.682700314411316116e-03,3.692310775328710819e-03,3.604794377374414410e-03,3.687487559214629174e-03,3.625846388185347859e-03,3.655707269377766414e-03,3.623668782636510315e-03,3.758953700006736811e-03,3.747368924540589105e-03,3.609413682163210152e-03,3.592179060496812886e-03,3.660566825122134327e-03,3.700460010219876195e-03,3.683775226602556841e-03,3.811033444013288071e-03,3.647478668173481826e-03,3.775791431291498738e-03,3.598841225717209005e-03,3.572866055274450444e-03,3.758623998149729535e-03,3.658118025648326478e-03,3.714729137277155736e-03,3.633857107234392259e-03,3.601852011847950143e-03,3.705485810364772797e-03,3.654408377759720689e-03,3.559038498390053231e-03,3.654034990775003287e-03,0.000000000000000000e+00,3.627264320990045577e-03,3.569730685485825346e-03,3.598665083957902286e-03,3.590347090015184785e-03,3.665239767642378306e-03,3.628129099825643314e-03,3.758707724674151436e-03,3.762669621474086339e-03,3.686102297363118632e-03,3.666210147201772948e-03,3.559929523570228710e-03,3.592694860488501209e-03,3.705698084027173999e-03,3.734020611564025337e-03,3.580086288351850762e-03,3.812818650572695478e-03,3.650474648114768357e-03,3.697457573797554957e-03,3.610629569485091211e-03,3.718185088692611568e-03,3.715227973377652985e-03,3.772403800596435628e-03,3.650668644626962195e-03,3.542604170633098341e-03,3.702204053279547612e-03,3.592106921957658079e-03,3.719530026148615363e-03,3.756290917587592950e-03,3.697057523302795315e-03,3.697532951518855797e-03,3.732801674918207260e-03,3.702467131182103025e-03,3.575622653313224788e-03,3.659386317237199333e-03,3.672778606360630350e-03,3.675637905156067548e-03,3.721287321115818170e-03,3.488173203015556851e-03,3.735467729189403865e-03,3.722960470113067383e-03,3.626160619986070963e-03,3.686883803674741514e-03,3.566449615395537228e-03,3.716667738758319597e-03,3.508711885358985205e-03,3.657736843261964570e-03,3.640364385753627058e-03,3.576351622271850984e-03,3.715049566791341507e-03,3.608464959451524335e-03,3.693998840881515880e-03,3.657096414841817886e-03,3.671108556035721990e-03,3.502518433368494340e-03,3.823319988794182320e-03,3.602019706869643255e-03,3.659570851976399596e-03,3.609505701213354574e-03,3.626531041136446358e-03,3.717913480961646585e-03,3.725085049150390730e-03,3.638349369102376191e-03,3.542929312362367526e-03,3.604584801797948001e-03,3.822499216307547864e-03,3.702484728147143519e-03,3.622162816079940121e-03,3.660399221173471409e-03,3.682252683265023561e-03,3.641307218474520036e-03,3.682399890302727203e-03,3.635311124553233190e-03,3.612810831834832072e-03,3.640967675282769968e-03,3.674272259370816619e-03,3.569676677307786605e-03,3.670043251107220524e-03,3.751836413004435485e-03,3.765621840879112680e-03,3.659348300600900276e-03,3.631985648114054947e-03,3.626324193470708852e-03,3.621991563579445017e-03,3.713412314510308558e-03,3.605548232416585196e-03,3.503551353389212572e-03,3.587313722366173348e-03,3.695186593489523628e-03,3.675414892521922799e-03,3.699888731055383032e-03,3.665644150532766828e-03,3.603509694083435223e-03,3.703475418598086658e-03,3.610363515001537623e-03,3.613181827508607676e-03,3.750458791766124803e-03,3.669598685526035721e-03,3.678199489158571339e-03,3.549548325001373062e-03,3.775799445748609286e-03,3.789599314482251270e-03,3.646090725862524869e-03,3.539019442451676010e-03
3.725294953567619919e-03,3.660068010211804754e-03,3.625824778138623129e-03,3.691235228027469912e-03,3.648229787912035758e-03,3.628048354376156494e-03,3.742199006712074345e-03,3.765290307974120728e-03,3.657567283443994861e-03,3.564350626238709310e-03,3.597869415439086411e-03,3.655501576115980679e-03,3.689791788804607561e-03,3.614116894175388797e-03,3.644279725510153958e-03,3.658109541484868762e-03,3.675989424056430328e-03,3.550303498948285345e-03,3.809498324824354618e-03,3.708227803970475835e-03,3.640158671829709595e-03,3.660559959183522834e-03,3.648301527977063172e-03,3.573104698363565018e-03,3.681698838746542014e-03,3.690246877101774781e-03,3.738145761117157156e-03,3.633462063338123438e-03,3.711117082518149320e-03,3.661486567819002141e-03,3.653767627938945238e-03,3.705784434640797907e-03,3.583376521681292011e-03,3.635652826000812087e-03,3.672281642988539044e-03,3.622667115437643373e-03,3.743935699261541350e-03,3.627863826268577698e-03,3.854413517620422329e-03,3.635344621303611412e-03,3.659244444753909347e-03,3.525079846688665766e-03,3.698536885400286172e-03,3.719894777232821137e-03,3.665538421710099869e-03,3.590100397227092080e-03,3.729717424954866450e-03,3.707998297063236966e-03,3.581981354809924637e-03,3.609799384803347947e-03,3.563200386810387848e-03,3.620988905511943971e-03,3.581652768808435590e-03,3.610247032108999509e-03,3.670286928652773638e-03,3.682622279522946001e-03,3.705354493971297139e-03,3.717814236274398325e-03,3.632391179458452444e-03,3.590098716050739002e-03,3.704011531510584352e-03,3.788774413088104049e-03,3.624884762881426092e-03,3.602324768860326598e-03,3.661754143883021954e-03,3.621873171039075977e-03,3.640265045813041028e-03,3.615182529577402534e-03,3.607193218909997626e-03,3.716231858198108459e-03,3.657548951377400520e-03,3.711784954509125909e-03,3.656384234555647844e-03,3.619085589978231817e-03,3.565308319170942819e-03,3.809785801882049038e-03,3.660354200609947269e-03,3.731529590051562654e-03,3.685261004906069046e-03,3.549124008309333545e-03,3.743393369360844235e-03,3.715547588365772803e-03,3.716084648016468317e-03,3.691895178096047617e-03,3.685665725856919137e-03,3.756040870914780384e-03,3.669043337127202761e-03,3.665695948749997466e-03,3.627264320990045577e-03,0.000000000000000000e+00,3.633357760637169823e-03,3.601648786496397785e-03,3.622586405887701609e-03,3.729194502364020086e-03,3.614684688019021482e-03,3.620475086715439252e-03,3.659914799129473754e-03,3.818648757185186086e-03,3.512567253182798371e-03,3.620863942014675239e-03,3.764341646988374809e-03,3.640565936234643318e-03,3.646239651114098305e-03,3.592947028352706882e-03,3.602164306417947152e-03,3.489471400365704631e-03,3.655745218886261288e-03,3.705115732159387082e-03,3.667795684179455014e-03,3.559981109806510061e-03,3.561293166751753128e-03,3.637595124525511408e-03,3.554349324966879411e-03,3.663985416835796594e-03,3.650984759802099622e-03,3.670224305925586655e-03,3.742042565964228719e-03,3.544952348861925978e-03,3.626106433856622537e-03,3.679297138961111491e-03,3.688757937038475432e-03,3.685846783139179374e-03,3.672182699259945050e-03,3.633350564412220554e-03,3.590520057685472107e-03,3.632113927535393725e-03,3.720733114934219200e-03,3.631475225926484880e-03,3.742518206847756605e-03,3.695548758561296131e-03,3.642192566748870750e-03,3.654897973246310199e-03,3.619278856246150883e-03,3.642415349778726358e-03,3.666901839863526136e-03,3.642433178200488696e-03,3.656603107269131969e-03,3.586426050370814054e-03,3.682331443824350160e-03,3.717142144950853072e-03,3.683733677683830292e-03,3.754821118345527588e-03,3.599721690197605836e-03,3.657393395364084022e-03,3.686999757780439792e-03,3.592551594085970773e-03,3.544536241638130119e-03,3.689856496745914840e-03,3.618311279689173220e-03,3.729418666009240782e-03,3.685310728051307844e-03,3.719633032245057720e-03,3.768661690503512414e-03,3.728256054138730929e-03,3.755701957618801708e-03,3.690935871251957521e-03,3.661975247248133464e-03,3.819933829645202113e-03,3.762229374658428160e-03,3.621941564003827198e-03,3.782023164337740707e-03,3.665757698889829212e-03,3.689910686005791040e-03,3.722290856376436405e-03,3.697693237408272889e-03,3.617030568437388117e-03,3.640732940076820464e-03,3.683058649850790706e-03,3.651783317619203967e-03,3.708551247165443095e-03,3.643346918956866763e-03,3.695291692783730410e-03,3.710127921907769438e-03,3.541490054852087285e-03,3.633527525365435728e-03,3.652055510817507188e-03,3.657786740362014427e-03,3.640536429848400136e-03,3.658856947067659800e-03,3.586702034295434320e-03,3.765162942647648590e-03,3.637019813818644868e-03,3.683696445677761382e-03,3.637791191991960986e-03,3.802484187101742158e-03,3.589252079992182390e-03,3.703958346079283103e-03,3.661101631502345147e-03,3.645920497338948647e-03,3.584394610800463021e-03,3.662254132641166483e-03,3.742185939432561993e-03
3.539871560483619142e-03,3.609663645783272277e-03,3.677485698599125465e-03,3.654881090976525807e-03,3.698049233703696714e-03,3.568554113726987286e-03,3.615922667551755339e-03,3.632638922810207689e-03,3.750691395173731419e-03,3.589186257076401685e-03,3.777923704661624495e-03,3.814987342126163923e-03,3.597501404129142821e-03,3.673852959524421310e-03,3.749891505657694957e-03,3.658261820492390067e-03,3.691779198617245548e-03,3.650343728077403392e-03,3.727637634053827895e-03,3.649970719965548328e-03,3.764859217574346734e-03,3.672502963038853756e-03,3.565033594326242304e-03,3.750643878552807446e-03,3.766022864097856148e-03,3.554117605583305591e-03,3.737236055343904923e-03,3.746186748029678871e-03,3.653450921880896200e-03,3.697270174620180191e-03,3.568212708844274803e-03,3.700619926037263842e-03,3.623353367380996448e-03,3.483595033801044783e-03,3.633424763356613279e-03,3.559308992181753166e-03,3.788244727286850608e-03,3.676035123750177446e-03,3.712012795870169024e-03,3.640314218872589287e-03,3.675408856398958059e-03,3.821433519169072264e-03,3.602853133505770720e-03,3.796271919827318847e-03,3.757960042745789840e-03,3.593237002892088472e-03,3.693829602586535827e-03,3.726403547179951183e-03,3.674459890607662850e-03,3.629091353126800024e-03,3.629814246732506258e-03,3.674128244300709032e-03,3.560994364780288492e-03,3.706541250491389612e-03,3.584598824780441898e-03,3.655701412666711048e-03,3.547793826620448347e-03,3.626899824129326249e-03,3.652020458372218833e-03,3.682514154058921449e-03,3.561770719780649706e-03,3.646215692845852265e-03,3.637255490319002676e-03,3.736000240970695392e-03,3.675188649887861213e-03,3.758502495786786128e-03,3.622275836918528290e-03,3.569111274180852746e-03,3.540378312529934932e-03,3.722784975456404702e-03,3.695664449189091285e-03,3.712696100631945190e-03,3.573450270586078000e-03,3.618821872525440717e-03,3.601824793355831982e-03,3.730669273742225761e-03,3.530651067644455677e-03,3.647946625692307862e-03,3.575958894908399729e-03,3.799218627632652053e-03,3.552722153343504906e-03,3.577178496151878998e-03,3.597164618773703200e-03,3.559259596877809278e-03,3.640687870009741423e-03,3.684828349739915649e-03,3.541034496162028759e-03,3.661735285367805938e-03,3.569730685485825346e-03,3.633357760637169823e-03,0.000000000000000000e+00,3.762532708636688247e-03,3.706370406724442818e-03,3.615479463287477827e-03,3.601500242985320333e-03,3.714933548152189562e-03,3.623906983171908559e-03,3.588934948919866082e-03,3.712980592246719821e-03,3.823224386989216780e-03,3.634650801001300131e-03,3.594403820332921305e-03,3.580834541190128055e-03,3.761574121922275828e-03,3.571934258868849667e-03,3.683719852284963320e-03,3.838881241362762393e-03,3.638639667998949060e-03,3.659016453320750040e-03,3.825116823847969378e-03,3.736354742033932887e-03,3.649377500748514358e-03,3.695628458252189080e-03,3.769405313144593133e-03,3.649240793699444919e-03,3.561831955511897581e-03,3.551692853755176755e-03,3.657736603656653283e-03,3.609622909144776653e-03,3.686201099974484915e-03,3.687495788274195319e-03,3.544046572033481696e-03,3.751394097899911177e-03,3.718231448408450355e-03,3.654703255460392455e-03,3.545362368141136752e-03,3.668466637541099775e-03,3.731054031747778159e-03,3.698982642307206085e-03,3.641641273401915839e-03,3.630566970032885615e-03,3.748842398417502175e-03,3.593768734956240187e-03,3.733236487121701502e-03,3.640462365028561322e-03,3.696037389830275372e-03,3.764792160200592253e-03,3.775949699205171858e-03,3.579475601563669469e-03,3.683958415763078677e-03,3.618327684488951805e-03,3.552334255178077761e-03,3.508105873916189058e-03,3.656951374603579791e-03,3.575802873838567798e-03,3.531559678188758711e-03,3.674554918682407939e-03,3.774218252943232956e-03,3.614038773116410273e-03,3.699812615757070138e-03,3.595279471222123224e-03,3.739440396343159806e-03,3.801548990535078519e-03,3.597415133989282851e-03,3.774191642802006592e-03,3.700487738499276189e-03,3.741443025846080597e-03,3.686922337098876186e-03,3.721335823336377469e-03,3.607210089592645386e-03,3.699521750852515899e-03,3.702412931650553990e-03,3.740921505742025865e-03,3.582238653627687307e-03,3.644865379954540224e-03,3.658403874384839882e-03,3.642006756890638856e-03,3.593637678587878817e-03,3.558820822240120474e-03,3.670048292224444269e-03,3.749565091968115257e-03,3.684479270849446656e-03,3.693552737700223944e-03,3.619741318287237383e-03,3.754133030160905667e-03,3.621667077873079368e-03,3.687440861641565117e-03,3.683023386069864558e-03,3.586862574408447579e-03,3.679324165818619128e-03,3.657301630221046745e-03,3.815950178731633471e-03,3.750238651374671571e-03,3.680768964825771854e-03,3.615208319043402771e-03,3.670191863339708482e-03,3.658347844341193911e-03,3.645308940661764942e-03,3.679418659718620716e-03,3.653176523881424519e-03,3.562849371375553884e-03,3.615484207269707012e-03
3.689024416549126738e-03,3.695168409206065711e-03,3.680743562502633223e-03,3.762875031418890220e-03,3.578009704293155097e-03,3.757242373639462299e-03,3.702051279986357489e-03,3.655041819040799091e-03,3.671722077040019423e-03,3.670830445315131918e-03,3.644191811418688500e-03,3.586883275210009641e-03,3.666705901516558157e-03,3.620042840025790645e-03,3.653729122344335275e-03,3.628816959007163164e-03,3.708338562994456435e-03,3.591238925409265779e-03,3.576564638070196030e-03,3.797474257163947157e-03,3.615445236421202177e-03,3.589035758808338181e-03,3.683764387065606525e-03,3.592049574714602667e-03,3.557794700272461086e-03,3.650269710575047843e-03,3.593604842718567047e-03,3.716432592995821699e-03,3.559111197434261867e-03,3.634681366595479083e-03,3.667163688112257472e-03,3.563378863154757163e-03,3.677753380215403618e-03,3.658848908271265625e-03,3.597316949128209762e-03,3.671001552333488099e-03,3.582977104250410164e-03,3.657944070556882164e-03,3.485354472527359658e-03,3.720513941016622642e-03,3.737291612292508152e-03,3.644905034516309882e-03,3.729013562731689577e-03,3.520639821662401633e-03,3.601081516229322210e-03,3.620035514719779999e-03,3.666154679701391986e-03,3.709308891720934642e-03,3.695871382014527095e-03,3.599939108613411584e-03,3.797162784809146249e-03,3.561406265969595773e-03,3.680938436371744647e-03,3.656062847548078882e-03,3.745120203074354861e-03,3.680348244746103979e-03,3.636667847378989137e-03,3.632791441404948848e-03,3.667610374379420227e-03,3.782959170277483320e-03,3.777613651203523375e-03,3.655566556437284120e-03,3.738788933061525880e-03,3.671013351842528083e-03,3.693782147838967252e-03,3.537194774074124692e-03,3.671675949492313878e-03,3.644881295243520159e-03,3.638259558058394225e-03,3.552234349407544598e-03,3.780758379123680315e-03,3.660410279306533857e-03,3.788415943477668225e-03,3.860592500528261563e-03,3.644577914092738975e-03,3.661686459577314940e-03,3.640939783573501811e-03,3.534898975454926762e-03,3.621911097969159055e-03,3.706639229811918481e-03,3.786142866154204936e-03,3.536154126275419061e-03,3.542011638576951591e-03,3.622730108478267822e-03,3.571872289219115912e-03,3.661464547969597340e-03,3.650600137157698332e-03,3.688551856234820875e-03,3.598665083957902286e-03,3.601648786496397785e-03,3.762532708636688247e-03,0.000000000000000000e+00,3.688482430354900459e-03,3.801600064206257529e-03,3.680063857460894733e-03,3.618388150812394850e-03,3.588694952348317740e-03,3.677657478916589954e-03,3.666185827004046598e-03,3.669939200668970256e-03,3.706432708682401347e-03,3.605328008443119993e-03,3.678642599428736445e-03,3.656247546383471509e-03,3.600016849044848904e-03,3.677532713250692732e-03,3.645849309563528508e-03,3.581892004738840111e-03,3.675364198437857267e-03,3.664829527188077137e-03,3.729380961981478438e-03,3.632183647911902714e-03,3.636055678971974580e-03,3.732327591608387840e-03,3.678980679328091707e-03,3.708310247646873746e-03,3.622997512662454352e-03,3.652673470218647817e-03,3.893400695697138338e-03,3.629482969653023521e-03,3.628060037052832382e-03,3.718613277442541550e-03,3.591011141456629252e-03,3.762851584230090737e-03,3.684648099024543776e-03,3.589365473433768060e-03,3.685420346020084562e-03,3.684179278153661662e-03,3.643753873403429884e-03,3.712539843253924964e-03,3.590529996506765416e-03,3.706964450937044308e-03,3.815813222241006778e-03,3.563407320450046045e-03,3.528424057193323918e-03,3.637029257848139064e-03,3.638185092007397304e-03,3.600317909855195106e-03,3.616670412787681855e-03,3.767804540259792230e-03,3.713698450974701245e-03,3.662422488997884099e-03,3.652506013117126984e-03,3.713021360201362604e-03,3.596094368385838961e-03,3.686354728408788341e-03,3.777553065464303150e-03,3.705058289842887327e-03,3.622087088577164663e-03,3.777588611571315418e-03,3.603430635896643416e-03,3.679124371650435016e-03,3.687377632839743211e-03,3.707847955009677034e-03,3.572890498445710061e-03,3.696562201071118547e-03,3.759740907870946520e-03,3.728624811342951852e-03,3.693281513676152476e-03,3.680558713115217491e-03,3.669906651776310997e-03,3.706923166850603635e-03,3.610115853030950242e-03,3.629513451953308122e-03,3.532695431899142511e-03,3.731894964661353325e-03,3.722083323791254388e-03,3.576037871775475385e-03,3.685704829255531580e-03,3.586664707267630571e-03,3.699018909645248980e-03,3.717283864646882784e-03,3.551154778045758405e-03,3.813249256945498624e-03,3.658150702911123174e-03,3.730999462914184883e-03,3.642377055752793035e-03,3.568769184841745924e-03,3.625818464936788124e-03,3.669724422137776200e-03,3.660039374331105957e-03,3.613575865595519254e-03,3.786842555211291771e-03,3.598108148896962503e-03,3.640168726744965038e-03,3.735455505504567397e-03,3.647909033183338850e-03,3.577683979147485652e-03,3.632122079977778088e-03,3.783986481325559738e-03,3.608196460751676542e-03,3.615385355298886706e-03
3.697264997631643981e-03,3.757913175453997997e-03,3.693257667619778174e-03,3.725496546635006373e-03,3.731426068116426055e-03,3.695769348501745915e-03,3.678676681159380284e-03,3.636190387081107700e-03,3.632989008850427866e-03,3.575251286214469002e-03,3.713069146303848208e-03,3.788533937276645364e-03,3.640493633589653687e-03,3.641821255788463274e-03,3.632731764367844347e-03,3.600966860469336558e-03,3.631703133240118172e-03,3.756589514057669110e-03,3.581734273267609108e-03,3.604198661908981915e-03,3.703407437768877711e-03,3.651806836155126971e-03,3.642967864245902267e-03,3.518047627280693809e-03,3.603813890220751263e-03,3.724958052185038844e-03,3.733064971265313749e-03,3.770915481135718623e-03,3.708049176098568173e-03,3.593547567967032234e-03,3.625522311267758910e-03,3.658293478368157547e-03,3.631334333192064168e-03,3.630996201803810258e-03,3.562904900056567889e-03,3.767279377939727371e-03,3.725435190787199438e-03,3.775424242246485772e-03,3.654778865106693767e-03,3.615826626873275881e-03,3.589883068027646760e-03,3.653389750414306591e-03,3.635142399944225368e-03,3.639071764791424867e-03,3.713853297037575125e-03,3.650276162991124111e-03,3.641215963846788136e-03,3.663576277636417747e-03,3.617016106098733773e-03,3.683698120272675940e-03,3.586668351268769168e-03,3.678904683051069900e-03,3.822869675197170750e-03,3.565132813213768397e-03,3.729076806026113047e-03,3.782667751563913074e-03,3.729881727698862101e-03,3.637389252486108396e-03,3.624855300150020034e-03,3.689440321742754395e-03,3.665177008636470810e-03,3.847135608188532313e-03,3.754556817404865621e-03,3.713755996465857752e-03,3.705932128991712600e-03,3.713883724484357343e-03,3.691538427343330712e-03,3.664266292740243295e-03,3.800313249399033585e-03,3.664392276711066643e-03,3.656218766286405998e-03,3.691920074297217694e-03,3.655004439219846149e-03,3.684382860752745924e-03,3.780895003742555140e-03,3.689574955358968303e-03,3.594086576287862291e-03,3.586899838374548767e-03,3.581514784596786030e-03,3.648727460695641404e-03,3.764533373715381586e-03,3.670644373478440265e-03,3.699859464940255787e-03,3.623900613790105758e-03,3.705166378373727504e-03,3.609025001575155451e-03,3.567075399567899013e-03,3.693347536986242401e-03,3.590347090015184785e-03,3.622586405887701609e-03,3.706370406724442818e-03,3.688482430354900459e-03,0.000000000000000000e+00,3.620246275561151729e-03,3.671536186952778762e-03,3.719095681503570110e-03,3.662946763848741027e-03,3.640871469115374535e-03,3.595242580015824228e-03,3.655049452859026812e-03,3.616202889223674947e-03,3.677634577580425265e-03,3.609239465457953194e-03,3.732275899524785129e-03,3.596881267963611926e-03,3.706906680493847733e-03,3.563324958679597171e-03,3.647091569276951842e-03,3.749455184169728141e-03,3.582859564499001667e-03,3.643893757683038751e-03,3.705920862783227375e-03,3.590990244752045087e-03,3.636601501215868879e-03,3.787791533207606528e-03,3.689907269879333807e-03,3.655983944127398893e-03,3.690999481982159842e-03,3.631093090140886676e-03,3.548922040015230640e-03,3.558364178685708215e-03,3.601469441371827913e-03,3.747815924003075269e-03,3.751129334608730662e-03,3.604555725550442815e-03,3.721898273595052389e-03,3.793600331817484784e-03,3.615524127735323355e-03,3.608728740877728807e-03,3.619757172694528305e-03,3.607070757964330170e-03,3.809459931801491717e-03,3.520184495043878706e-03,3.577009669937822583e-03,3.644388394093918664e-03,3.736987832909330690e-03,3.731570152879574911e-03,3.645357115864714202e-03,3.805731029547209862e-03,3.665776060410522001e-03,3.588685428553513735e-03,3.542406361446539045e-03,3.689760743321101114e-03,3.605439774827046921e-03,3.594603532196730296e-03,3.668541088029687695e-03,3.698773100911135602e-03,3.739170995738407954e-03,3.620183131746721079e-03,3.570615739801337452e-03,3.607644576314737381e-03,3.651930966104006970e-03,3.676092762075511364e-03,3.667930713718370230e-03,3.587756315314709777e-03,3.769347166499701328e-03,3.700159471462900578e-03,3.562708086185929855e-03,3.644606161491058260e-03,3.577298624834328398e-03,3.708590354738028772e-03,3.571903977402502654e-03,3.674871463664059097e-03,3.619781969016139765e-03,3.614479646346690448e-03,3.667332683667614418e-03,3.576240208259277940e-03,3.648137681741814124e-03,3.733935912114212576e-03,3.629420798185623021e-03,3.657913613127015354e-03,3.658355918771224752e-03,3.622013031532985740e-03,3.679751659915873451e-03,3.680988193290433193e-03,3.778066142977684009e-03,3.664613804824944261e-03,3.667854617312574228e-03,3.673974659704544454e-03,3.653072868385510898e-03,3.647634387115003540e-03,3.663929610488108213e-03,3.681126416997141954e-03,3.615515493225811023e-03,3.607610950410543044e-03,3.615525418317537803e-03,3.682612235889626447e-03,3.619716176393545422e-03,3.675944183939959184e-03,3.625809605445483048e-03,3.633430898675683775e-03,3.702211375903627626e-03
3.740219584660724270e-03,3.673555783232691600e-03,3.602870433643299859e-03,3.672826893809825327e-03,3.640683482293852451e-03,3.748717051929276352e-03,3.733126408404863553e-03,3.601246630795490282e-03,3.614488372990105284e-03,3.728123032662605980e-03,3.697214282989946463e-03,3.576882871485202991e-03,3.620996783971815874e-03,3.670930170793841076e-03,3.650764288974878233e-03,3.552084716796699310e-03,3.651241560269500013e-03,3.691561996846939083e-03,3.669224145286956954e-03,3.640190858702911907e-03,3.652779101824892797e-03,3.580895535707597811e-03,3.691476935998212056e-03,3.575440265018583943e-03,3.708727480379672876e-03,3.658897301731508199e-03,3.700202111066823365e-03,3.610931021675263964e-03,3.522557806966912508e-03,3.656467492237693365e-03,3.563749825755231290e-03,3.578925825717850593e-03,3.598548442005794403e-03,3.588028756665036234e-03,3.679654791533225767e-03,3.822779316126634092e-03,3.622839603686877491e-03,3.645193841951060651e-03,3.636650948611643182e-03,3.738933002290508335e-03,3.673793574726825009e-03,3.698087319977097411e-03,3.617121513784077400e-03,3.613901191313204520e-03,3.643886072768390098e-03,3.699587232794276318e-03,3.630039725128707349e-03,3.629242456806410812e-03,3.637062430253899716e-03,3.646355325993868180e-03,3.563059252799565067e-03,3.739166692787184755e-03,3.640514458171713753e-03,3.556478245984792067e-03,3.677644041484291141e-03,3.659581118351053642e-03,3.672308558459104477e-03,3.615251626702269388e-03,3.675036705766635253e-03,3.749318171418908763e-03,3.749908816986516347e-03,3.658834725322200436e-03,3.615945381689440220e-03,3.655366930408401969e-03,3.736763777103904813e-03,3.632375676351553076e-03,3.627549680017003089e-03,3.709163157719800891e-03,3.753055911510211427e-03,3.614005851966106166e-03,3.766375065270605952e-03,3.645080748375889666e-03,3.693981605584576236e-03,3.766543931685632958e-03,3.770640492973393893e-03,3.659359724720040539e-03,3.617651654765220281e-03,3.589090307529089943e-03,3.677107890549632073e-03,3.684593003148909415e-03,3.649776103522118804e-03,3.662386688704740920e-03,3.684827984566400958e-03,3.696990469966039434e-03,3.581558089705615209e-03,3.649541014552382806e-03,3.781877197445689034e-03,3.656883236495997360e-03,3.665239767642378306e-03,3.729194502364020086e-03,3.615479463287477827e-03,3.801600064206257529e-03,3.620246275561151729e-03,0.000000000000000000e+00,3.660883344754388424e-03,3.636392215008570419e-03,3.577769917231602044e-03,3.729885286287041874e-03,3.635033201983287922e-03,3.743871979490048275e-03,3.649138204458899151e-03,3.593509083112441781e-03,3.737452839214456656e-03,3.571370320079906083e-03,3.750233436231725608e-03,3.677524136609635654e-03,3.553299042827321331e-03,3.648065231550574970e-03,3.672725258075559569e-03,3.681330755852555044e-03,3.686466829494125519e-03,3.586188281708123978e-03,3.673460180566906833e-03,3.615570140593880530e-03,3.843075997523468824e-03,3.635593350533588165e-03,3.626044972725233836e-03,3.818207975211335408e-03,3.683344706534464035e-03,3.667569597842158888e-03,3.676859150247094917e-03,3.700750068447672923e-03,3.676678557148605527e-03,3.795573577613119663e-03,3.652607864210427168e-03,3.656432075849541316e-03,3.698388780433735801e-03,3.571471434356613718e-03,3.651341185171401004e-03,3.691951413647961977e-03,3.719967085107803856e-03,3.716920864419110369e-03,3.633835323411783655e-03,3.660833030554420161e-03,3.632700676103710336e-03,3.529173578421486521e-03,3.747082483525183104e-03,3.589646408530924523e-03,3.567799222344023372e-03,3.733357280221963771e-03,3.664660453902203723e-03,3.782767941272509402e-03,3.553735793947166832e-03,3.662909582680567207e-03,3.739513317345801845e-03,3.733252648075345397e-03,3.708473002632727260e-03,3.625109831301563668e-03,3.710464738936050492e-03,3.593912985487928129e-03,3.634963606239861433e-03,3.617955723900135104e-03,3.619748250841682384e-03,3.674683457896020782e-03,3.672152662118873326e-03,3.655781466831005150e-03,3.618647608450665729e-03,3.679089900609049547e-03,3.655423628394306734e-03,3.669311489737589211e-03,3.551420350680556219e-03,3.743230621692333199e-03,3.809867477040560901e-03,3.736380091964783962e-03,3.701343140958452110e-03,3.672399156196571972e-03,3.650772283444353103e-03,3.582294317093311434e-03,3.684786140841706144e-03,3.693801128704591718e-03,3.659060814500557715e-03,3.687733228060147053e-03,3.578561307270185492e-03,3.727604938916928828e-03,3.564904071159961853e-03,3.603427308459051029e-03,3.588973079739815521e-03,3.732382427888494836e-03,3.805830605967442520e-03,3.607768477061830056e-03,3.738085385826454485e-03,3.594322003436762215e-03,3.646802066915325480e-03,3.659118977294833000e-03,3.697177235248917844e-03,3.679581374615768005e-03,3.612910829257229717e-03,3.628338417830426991e-03,3.638618370675414989e-03,3.604433533710612800e-03,3.639691140175331432e-03,3.594602300509314174e-03
3.651798098850294640e-03,3.714733430681945413e-03,3.715459234188666238e-03,3.630381284021691815e-03,3.560629971671329386e-03,3.643617802894385561e-03,3.790280129532379218e-03,3.700989091609622247e-03,3.712721345970829666e-03,3.716070530820399925e-03,3.668707099725611234e-03,3.633954063344257794e-03,3.676010728352317215e-03,3.600839492403783756e-03,3.772431124252657777e-03,3.704518368967821100e-03,3.620108082977835026e-03,3.758383554061516408e-03,3.728250956583266384e-03,3.632073897528935273e-03,3.553140084254180660e-03,3.699111269270235602e-03,3.619822591206412355e-03,3.500772728527378266e-03,3.667818839511608007e-03,3.711093181154320221e-03,3.600642628545253424e-03,3.611411394474952404e-03,3.667084850918192387e-03,3.599895399380216056e-03,3.728007163269157070e-03,3.661721511036100749e-03,3.750939174698727716e-03,3.731582461773160289e-03,3.713038333535611558e-03,3.677525700447294415e-03,3.809757370748605848e-03,3.708438440987088958e-03,3.756402023545179526e-03,3.634686610873636651e-03,3.647419735974838199e-03,3.599796651743016919e-03,3.559426432752418185e-03,3.714161711858332375e-03,3.598514312283656539e-03,3.735844654139493758e-03,3.616683006961156788e-03,3.601005134746367714e-03,3.588523741453816026e-03,3.694468416587940156e-03,3.682050600412859268e-03,3.675663784084521723e-03,3.692489452355523453e-03,3.651689004691408350e-03,3.681937430132171344e-03,3.646791876336797321e-03,3.716209872456246836e-03,3.634120384121912028e-03,3.663500246978515420e-03,3.697197952551661837e-03,3.674688858979033041e-03,3.600536891055981271e-03,3.712304667222751913e-03,3.698033955097266342e-03,3.697984654208146503e-03,3.678454759469451576e-03,3.629875649767122341e-03,3.633608018909161540e-03,3.663953302173306951e-03,3.617879113244659370e-03,3.596939051766002027e-03,3.622564719825847358e-03,3.776936572491309835e-03,3.688259183534642934e-03,3.607327191934198152e-03,3.603205247377963549e-03,3.709011243851668797e-03,3.587276236749931645e-03,3.675768615370493542e-03,3.649744354646570696e-03,3.719342501957703315e-03,3.666830581526508634e-03,3.625852626124286687e-03,3.718386132839567211e-03,3.666122594884942479e-03,3.651552693141371739e-03,3.661949909556508950e-03,3.847889708497593663e-03,3.628129099825643314e-03,3.614684688019021482e-03,3.601500242985320333e-03,3.680063857460894733e-03,3.671536186952778762e-03,3.660883344754388424e-03,0.000000000000000000e+00,3.654851597932241240e-03,3.542066335136912110e-03,3.631786872193535406e-03,3.580009412786161038e-03,3.640414763462453650e-03,3.638369830156064355e-03,3.702811786605851498e-03,3.715215318404740518e-03,3.693970556294862151e-03,3.636168363868371584e-03,3.708331499831552056e-03,3.558894255076476814e-03,3.700904508550240200e-03,3.733840295863051929e-03,3.590196922228566009e-03,3.698329684467105589e-03,3.662816967072331231e-03,3.681833678584742892e-03,3.776382806419895707e-03,3.683205790926431279e-03,3.591615026623845748e-03,3.652960814717472107e-03,3.570709895330469522e-03,3.639069469056711425e-03,3.631127243344299625e-03,3.636557934071221743e-03,3.698583996071383006e-03,3.723816886955308696e-03,3.595300990300402937e-03,3.733512705727971316e-03,3.680639251659523822e-03,3.682762144181102402e-03,3.601370003280127043e-03,3.692449491931007639e-03,3.701114983577066721e-03,3.597235235966081152e-03,3.642327094385399127e-03,3.772511301328025125e-03,3.627345617054171349e-03,3.641626948754241207e-03,3.732863511059840607e-03,3.655972275352541937e-03,3.650073223842182843e-03,3.611451941156766134e-03,3.722645791688354751e-03,3.668112097629129889e-03,3.723041647878685880e-03,3.729461809317589829e-03,3.643879641792729680e-03,3.632432937637290835e-03,3.654147768074449479e-03,3.607821760770244315e-03,3.689757139731813466e-03,3.662455789263869763e-03,3.584292964769149326e-03,3.624818606717455927e-03,3.652795466057162394e-03,3.633045438665806481e-03,3.626606728712945555e-03,3.642371984729226263e-03,3.602639708483186109e-03,3.756162150128264810e-03,3.615906217129699098e-03,3.600564056239282437e-03,3.743471702650667202e-03,3.733895636351812052e-03,3.575859517306174268e-03,3.680468341067183718e-03,3.582200371854190896e-03,3.639690091406625003e-03,3.729770693510516683e-03,3.672252045262092233e-03,3.721627375861456463e-03,3.744374767011784781e-03,3.705822966984039825e-03,3.557934739262028339e-03,3.635012910464146749e-03,3.718999493964948548e-03,3.683100349961458166e-03,3.655515957376467406e-03,3.623496358574684190e-03,3.573152707915126704e-03,3.642264099502448473e-03,3.649989643312072200e-03,3.646629062685114667e-03,3.739269081888635122e-03,3.558275502520320127e-03,3.668961247589371845e-03,3.621900429472212080e-03,3.691889063398677649e-03,3.746665574617725515e-03,3.619427743544555501e-03,3.568908309096898660e-03,3.718251284127136423e-03,3.632021845097045329e-03,3.669551032097669203e-03,3.700965531415223095e-03
3.722602396033051608e-03,3.575451302797940257e-03,3.695310191760621532e-03,3.743938495505026373e-03,3.645296080644493380e-03,3.689400369499744835e-03,3.567565938460404845e-03,3.692343736329500251e-03,3.717157887085153611e-03,3.652186033032952649e-03,3.740190756534700778e-03,3.710574797462145268e-03,3.691935504873530925e-03,3.621442612430053609e-03,3.660338299838549782e-03,3.591829135748548629e-03,3.706555511381523331e-03,3.735119942238523168e-03,3.603291330432658451e-03,3.671949321051352477e-03,3.622174179377174712e-03,3.578574017643343114e-03,3.697058230082756695e-03,3.691830029069568045e-03,3.654456607368522601e-03,3.675146078074754356e-03,3.677172570692810102e-03,3.647292069033225212e-03,3.627351114987522988e-03,3.669912616581772185e-03,3.631115277934010739e-03,3.700198562108811783e-03,3.713445232764895580e-03,3.672247758874057789e-03,3.781783071082676570e-03,3.673176709410724394e-03,3.774959017153988339e-03,3.727360926789678296e-03,3.637434479529333495e-03,3.729936184579593032e-03,3.761308833488583806e-03,3.731793818521626522e-03,3.725833101796931571e-03,3.613321791643605771e-03,3.593672440368062774e-03,3.695042549372630665e-03,3.658157024354259917e-03,3.696928797122089189e-03,3.591516040553684869e-03,3.659218485507790327e-03,3.695140317046936851e-03,3.677157590780502552e-03,3.648715182022923935e-03,3.669396863087154379e-03,3.689768858304404934e-03,3.714182693949351875e-03,3.680873655747415006e-03,3.719056783156680229e-03,3.604215078132651413e-03,3.581556283533107645e-03,3.570319559011660929e-03,3.762266034740028783e-03,3.654825487092214654e-03,3.805862008367430580e-03,3.594948569640164186e-03,3.807156599795209935e-03,3.812744621424686738e-03,3.682162531818703333e-03,3.639776297504159711e-03,3.776366771015744923e-03,3.577440050302688537e-03,3.525017099451628871e-03,3.530915322366769051e-03,3.690980121757060552e-03,3.632223479464320205e-03,3.731374063332152432e-03,3.711181045380277689e-03,3.643736656050064818e-03,3.651022520236840881e-03,3.653143721786828845e-03,3.610739280477902585e-03,3.680789470712348289e-03,3.734640478571431190e-03,3.646157277499565124e-03,3.546980982672274206e-03,3.661206677831058392e-03,3.551582993600504567e-03,3.629508111254937160e-03,3.758707724674151436e-03,3.620475086715439252e-03,3.714933548152189562e-03,3.618388150812394850e-03,3.719095681503570110e-03,3.636392215008570419e-03,3.654851597932241240e-03,0.000000000000000000e+00,3.581300891776672407e-03,3.534697729764337774e-03,3.812909129735468205e-03,3.564048493319783677e-03,3.589183833768083351e-03,3.730433900478619634e-03,3.554434727760233566e-03,3.708738300074872988e-03,3.650420784237083400e-03,3.759061900206372726e-03,3.656158952588874599e-03,3.562375266478593535e-03,3.683937185235466264e-03,3.614615575316122275e-03,3.671086247633725645e-03,3.773086478911658308e-03,3.633993111229343737e-03,3.709937654428964102e-03,3.647526536329799042e-03,3.717930431264805050e-03,3.562828330874377464e-03,3.658954507948704651e-03,3.627851741288850695e-03,3.659541869902301764e-03,3.644724943245246460e-03,3.644772823764763983e-03,3.666107338236238977e-03,3.676194637240413031e-03,3.674641869057774287e-03,3.682868093324802479e-03,3.655072137839068380e-03,3.686674865759971120e-03,3.612092402850427836e-03,3.597480303822780858e-03,3.583913252960727221e-03,3.636873490648913094e-03,3.605725675136705385e-03,3.529410580206423891e-03,3.672790441837032235e-03,3.635450421238138261e-03,3.739879534289644418e-03,3.746052473242619720e-03,3.693839069526193373e-03,3.533912857944306908e-03,3.666476316545578488e-03,3.523611175314870104e-03,3.605295290719274289e-03,3.700893555355129743e-03,3.587404009104945730e-03,3.649850342728912147e-03,3.668789497085659518e-03,3.694511558501372035e-03,3.636947731544528262e-03,3.599588811156793564e-03,3.834935472606958596e-03,3.712955875884799140e-03,3.679396020214955286e-03,3.633885217518281925e-03,3.683950144335556166e-03,3.664299733600326087e-03,3.651303248496535255e-03,3.579441258955222763e-03,3.688197408084030807e-03,3.565446657604245690e-03,3.568564375095200757e-03,3.569750337133981762e-03,3.695139112718143042e-03,3.575170753853620063e-03,3.646574711366952840e-03,3.622386310275674520e-03,3.789457765031124803e-03,3.833865337752296720e-03,3.689108428627952112e-03,3.691578356033763282e-03,3.756767137387733400e-03,3.567692152830764449e-03,3.549698843130165080e-03,3.628516752599881320e-03,3.710505488364213445e-03,3.605919656136616792e-03,3.707330292611855753e-03,3.644817562865092925e-03,3.679669234940026196e-03,3.659763889795972919e-03,3.677653675276153483e-03,3.670758728097493415e-03,3.659892050621821498e-03,3.596422909343825660e-03,3.654215917285083114e-03,3.709313210290924971e-03,3.610825508802129134e-03,3.695520356791623037e-03,3.648222457515865047e-03,3.691770003104845408e-03,3.724916067057586905e-03,3.673801273281833771e-03
3.718121844146852692e-03,3.597659932710302235e-03,3.663299174850055077e-03,3.707505091819710084e-03,3.712127076185936861e-03,3.775539564407676043e-03,3.644383285483664657e-03,3.680147571730833182e-03,3.548099633054916085e-03,3.644101366178157091e-03,3.711648081064425255e-03,3.672018640894153703e-03,3.655410205658740901e-03,3.672822128626116768e-03,3.679832139324870719e-03,3.610954783470106920e-03,3.606553182895152337e-03,3.537074432414240126e-03,3.535739237342137679e-03,3.670545282071998022e-03,3.724075593411581026e-03,3.682780444938048292e-03,3.761522332129308213e-03,3.730120134769503680e-03,3.633060083806047193e-03,3.716163933237317911e-03,3.753106046599197568e-03,3.825806542278408114e-03,3.772281702431256548e-03,3.616165420247461140e-03,3.807350094744296753e-03,3.714790437050779180e-03,3.635173299837608958e-03,3.656923554219020361e-03,3.549544129876051717e-03,3.627070505095469823e-03,3.672705102625606430e-03,3.715799654670563085e-03,3.650047998608603808e-03,3.709770638404461928e-03,3.675294572581083632e-03,3.717262325754271037e-03,3.597476741571195569e-03,3.665047378678542352e-03,3.692973226247474317e-03,3.769927862871951148e-03,3.611904259022476627e-03,3.608618432717143002e-03,3.631166973187828408e-03,3.560063439764870382e-03,3.573692003403848225e-03,3.660342150875800157e-03,3.692814411060899287e-03,3.555032554131342445e-03,3.623030172160383346e-03,3.640053276425919346e-03,3.707862493693633420e-03,3.693390959504971090e-03,3.635996316646978883e-03,3.526798580585904265e-03,3.715117043216168043e-03,3.683686342297818814e-03,3.690892949591738879e-03,3.638521987324323890e-03,3.690768480630800437e-03,3.687508859301331411e-03,3.629384213582139210e-03,3.762148080037599693e-03,3.672272923020204836e-03,3.728498010865327096e-03,3.630642509799379258e-03,3.686970709830842893e-03,3.671746247251803704e-03,3.627620062471563749e-03,3.574001427803789616e-03,3.690315436463742320e-03,3.639080860063583986e-03,3.706176375721818936e-03,3.604866383006753890e-03,3.597261653064712152e-03,3.689220902342254735e-03,3.658483566338335304e-03,3.674788899204443123e-03,3.672928648072567182e-03,3.703757291634574792e-03,3.686688557646950783e-03,3.642834802716248682e-03,3.604496116051150029e-03,3.762669621474086339e-03,3.659914799129473754e-03,3.623906983171908559e-03,3.588694952348317740e-03,3.662946763848741027e-03,3.577769917231602044e-03,3.542066335136912110e-03,3.581300891776672407e-03,0.000000000000000000e+00,3.776361331332298617e-03,3.657578637752344295e-03,3.531677476148079725e-03,3.718000613709503306e-03,3.783529171920838995e-03,3.675595955401352900e-03,3.565548518267812328e-03,3.753793235089726826e-03,3.621926645325534468e-03,3.587844129028910575e-03,3.769779777275202980e-03,3.595270446150559008e-03,3.624598177266153288e-03,3.637933300771641846e-03,3.718924248189304799e-03,3.538136679679883007e-03,3.597060209627035363e-03,3.592720218500395062e-03,3.612928046881898596e-03,3.672100801469574925e-03,3.689624200108788336e-03,3.705896235791001497e-03,3.720514941159166079e-03,3.750214214234205007e-03,3.655111344458001569e-03,3.647068014879315499e-03,3.676437116645189015e-03,3.668557578225686323e-03,3.756854487839451570e-03,3.674755847412722928e-03,3.737738040197496805e-03,3.621437549567600115e-03,3.615017111195987631e-03,3.661490212546791682e-03,3.684398537418659240e-03,3.692053841173516954e-03,3.695812636510313783e-03,3.595898149334579141e-03,3.749373230296434555e-03,3.606554817770082216e-03,3.681424909614984878e-03,3.731326645372486008e-03,3.666489201513447628e-03,3.614116947944396706e-03,3.577885356298809733e-03,3.712082597278868520e-03,3.753253629464448245e-03,3.619644525782956222e-03,3.726032998473077004e-03,3.587074248608116724e-03,3.674266086650813945e-03,3.681601667360619515e-03,3.572714359084965593e-03,3.636401017437227053e-03,3.701312162510422658e-03,3.685255875390311582e-03,3.610671902067020232e-03,3.663255664800985339e-03,3.809156053258494143e-03,3.651789683487876876e-03,3.757301209220118010e-03,3.687451184541419482e-03,3.723492867927929301e-03,3.631135406177612122e-03,3.690739474424308605e-03,3.713015568359749954e-03,3.684851645890678453e-03,3.647773507174354585e-03,3.625723298285510408e-03,3.621315394016589272e-03,3.692511531659156687e-03,3.587913547479635711e-03,3.651613685062613142e-03,3.576959169974692088e-03,3.716986888575296490e-03,3.720283052456371722e-03,3.666391691533952245e-03,3.706112732113455484e-03,3.653891625690348748e-03,3.705765528024809394e-03,3.617767364717564341e-03,3.558216936954166493e-03,3.690996313706640733e-03,3.600868497691968057e-03,3.632697611621962547e-03,3.590738116005959182e-03,3.612582063751072162e-03,3.625785680261591707e-03,3.644673073188439000e-03,3.636409128105690287e-03,3.712590762432336870e-03,3.642264303844683013e-03,3.660115400194252112e-03,3.659586093282154833e-03,3.706695581563686833e-03
3.752027137610207310e-03,3.677152519573340887e-03,3.708561690433913576e-03,3.725749685782727902e-03,3.576424492820865636e-03,3.755141498927769359e-03,3.750205625528976218e-03,3.609412178394918840e-03,3.587016995272800969e-03,3.629935802733614755e-03,3.593261806572096376e-03,3.676055021971226609e-03,3.690299760216877480e-03,3.657843171962611283e-03,3.640098685731836363e-03,3.625729603442252608e-03,3.654401821142128949e-03,3.588857189758169666e-03,3.697155639804682904e-03,3.668777960573522436e-03,3.744800309242092388e-03,3.738854716431445208e-03,3.618488868682841805e-03,3.591518578749526742e-03,3.594705003931172784e-03,3.793997997569037699e-03,3.689395633190606979e-03,3.718645625177752472e-03,3.720671505614446192e-03,3.711649358550232498e-03,3.770967013983216563e-03,3.642271602828099381e-03,3.571365362111431074e-03,3.727529771305010571e-03,3.420962439532691107e-03,3.765030857735959455e-03,3.692426680197309023e-03,3.639435699207825212e-03,3.653928442226365200e-03,3.799858699997861900e-03,3.694885804531634205e-03,3.610792703432201198e-03,3.592767882550383218e-03,3.770174016974850613e-03,3.739588383330406333e-03,3.607506427993981309e-03,3.597184573341524229e-03,3.666756442200541557e-03,3.683213390083540408e-03,3.567138595398137990e-03,3.595571156398141930e-03,3.672487351851861769e-03,3.671069848740210386e-03,3.633032049622398219e-03,3.764653532756662754e-03,3.717157687196747870e-03,3.590137071075658135e-03,3.699285616239886883e-03,3.612602355747218056e-03,3.657167730574786228e-03,3.707989308440276435e-03,3.749804479466139345e-03,3.711782522784959262e-03,3.584165866178013696e-03,3.715431284343628012e-03,3.625456600708247025e-03,3.688396177418693054e-03,3.603640148847420469e-03,3.730561540137872223e-03,3.701616963103313701e-03,3.816091672558523818e-03,3.714008244913597628e-03,3.664467709498858781e-03,3.779383845208440871e-03,3.609719859738047196e-03,3.645403336794702121e-03,3.676833333537241674e-03,3.665829940967253991e-03,3.584294782084808829e-03,3.564238859244970269e-03,3.705246620888412879e-03,3.675946683589987815e-03,3.598290444606741263e-03,3.737447305741696795e-03,3.686545336789027495e-03,3.558316244620077402e-03,3.765835500758922105e-03,3.526157916164806162e-03,3.686102297363118632e-03,3.818648757185186086e-03,3.588934948919866082e-03,3.677657478916589954e-03,3.640871469115374535e-03,3.729885286287041874e-03,3.631786872193535406e-03,3.534697729764337774e-03,3.776361331332298617e-03,0.000000000000000000e+00,3.667975556117324468e-03,3.633821346359542362e-03,3.738023624135790399e-03,3.637679748709947772e-03,3.537090766873477593e-03,3.591303213544703304e-03,3.611775475137385394e-03,3.547764421080066340e-03,3.622489517959498213e-03,3.647345839121184184e-03,3.604481667513115186e-03,3.601208418978272489e-03,3.613046657087103011e-03,3.588531334966429866e-03,3.596894387926614228e-03,3.594732046955534301e-03,3.631655046401826951e-03,3.613943633095311522e-03,3.676071580188776736e-03,3.644045282440131883e-03,3.664549453076973093e-03,3.750723635233572419e-03,3.765707596569140090e-03,3.670125491711099131e-03,3.696134763606733625e-03,3.676864853659331332e-03,3.554007121781724114e-03,3.667097524052520367e-03,3.760594297755298632e-03,3.632249179120570527e-03,3.593643012504833204e-03,3.612768051258986781e-03,3.594244028820517065e-03,3.727719815487137451e-03,3.728033665036783410e-03,3.671538796072199712e-03,3.628384762209021282e-03,3.643677565221775747e-03,3.657643763324594857e-03,3.631328577947671998e-03,3.721481745306726065e-03,3.725879870573225137e-03,3.610668643675229907e-03,3.727730374706418950e-03,3.637810483804407562e-03,3.684724157508224244e-03,3.603328091799822344e-03,3.621866436001405613e-03,3.724196405956527005e-03,3.602544827343054368e-03,3.656860491978320554e-03,3.681105839784130744e-03,3.639985542253869940e-03,3.592358189692156003e-03,3.673447445293970357e-03,3.718646884374094286e-03,3.642217688844208781e-03,3.692417934135937361e-03,3.649111240146615722e-03,3.751288269891013809e-03,3.656579309829828105e-03,3.655636051455707618e-03,3.696233836680853230e-03,3.658782586042986888e-03,3.696428726505531382e-03,3.735777066659738514e-03,3.671828987649524909e-03,3.697962407192158848e-03,3.651178930030341951e-03,3.619340706128903584e-03,3.776286132585746427e-03,3.585984930828391322e-03,3.678881591752437581e-03,3.607428466489931516e-03,3.646162153317465161e-03,3.551289199189575866e-03,3.658881388397950199e-03,3.657265380726431106e-03,3.674008892756549984e-03,3.567125386976881078e-03,3.594049423218115703e-03,3.736392620551849328e-03,3.718191700801991555e-03,3.591084632408873996e-03,3.715991768066276030e-03,3.690367552713181599e-03,3.750485596929244766e-03,3.593677261483945590e-03,3.632197778961635416e-03,3.707605353834902018e-03,3.793150640472783223e-03,3.591549857621596873e-03,3.623800953246565388e-03,3.608863483676215313e-03
3.747816315948913467e-03,3.589739495310416157e-03,3.605971798085415379e-03,3.596303843009163691e-03,3.741931121527060974e-03,3.729117597380792078e-03,3.623371776063872684e-03,3.562329396620672866e-03,3.619379437820008805e-03,3.688287851407089958e-03,3.509064937247140682e-03,3.596926061168461645e-03,3.668129885693003321e-03,3.709062725347521579e-03,3.795263229474195397e-03,3.721871992784603084e-03,3.662022064235592993e-03,3.672586591787841640e-03,3.579277127923847796e-03,3.728114232673831411e-03,3.782697488899079436e-03,3.654511680427157804e-03,3.577031937283923699e-03,3.828660258352390919e-03,3.671179860185839767e-03,3.658686597633507755e-03,3.689252718780558580e-03,3.629956433399748102e-03,3.581823765230765077e-03,3.728284814605217160e-03,3.699822170972179303e-03,3.690873380221182561e-03,3.578209928846692433e-03,3.637739499990853050e-03,3.623943009241732509e-03,3.572125910924116299e-03,3.662482905083963396e-03,3.723534816292459106e-03,3.602331521512236023e-03,3.773680664446909996e-03,3.647375853334310775e-03,3.695178356504966524e-03,3.737023493718693440e-03,3.633233034131386988e-03,3.707952708838065537e-03,3.669428592133464843e-03,3.745786042686024934e-03,3.729427507563698972e-03,3.682415924918987834e-03,3.659798053916866328e-03,3.692937777097427508e-03,3.760155397196932297e-03,3.633933631904142942e-03,3.714512873250233518e-03,3.607346605693008759e-03,3.748388185633731544e-03,3.698052354634634876e-03,3.646480534885682308e-03,3.663285346026878223e-03,3.791426734355308418e-03,3.615407063554339911e-03,3.602901462223395343e-03,3.697869751102563288e-03,3.719546344006267272e-03,3.632647694640217875e-03,3.618079971973379994e-03,3.647087291875485398e-03,3.644693530451901652e-03,3.628424768817762811e-03,3.668862844145832827e-03,3.631453986453796016e-03,3.564340886922515075e-03,3.587825674808291926e-03,3.578477727756382547e-03,3.701461179126021381e-03,3.596385378734678288e-03,3.582246485386138268e-03,3.586888995374008793e-03,3.666914114391600643e-03,3.621918673694195494e-03,3.710502158246600790e-03,3.652336339676246716e-03,3.602130511091979764e-03,3.722818456178830088e-03,3.700283133710753798e-03,3.682339668748211507e-03,3.773068338777253294e-03,3.540790265426468821e-03,3.666210147201772948e-03,3.512567253182798371e-03,3.712980592246719821e-03,3.666185827004046598e-03,3.595242580015824228e-03,3.635033201983287922e-03,3.580009412786161038e-03,3.812909129735468205e-03,3.657578637752344295e-03,3.667975556117324468e-03,0.000000000000000000e+00,3.716764197801675652e-03,3.706107734120041818e-03,3.666623040193485190e-03,3.611700940120979569e-03,3.672674501507522046e-03,3.643801080694357344e-03,3.725513958730620242e-03,3.688305983927066354e-03,3.637435043760585927e-03,3.611615718572176465e-03,3.637442596665205804e-03,3.726957943714383475e-03,3.636027478228826340e-03,3.683325585789975435e-03,3.705464812574245630e-03,3.607701507510331553e-03,3.715109995830090123e-03,3.600660449431873113e-03,3.689600759636368910e-03,3.678057236710488651e-03,3.589338694783169009e-03,3.609165754708001071e-03,3.681137301289350797e-03,3.702436416713101881e-03,3.684855748520880596e-03,3.739613790891258872e-03,3.819049933450862754e-03,3.635881928181493999e-03,3.718779086036860110e-03,3.618502506384341580e-03,3.608607723640223051e-03,3.632994654672461708e-03,3.625316107824457651e-03,3.769832382793146010e-03,3.692923189634980761e-03,3.736444965042101576e-03,3.784949675991760090e-03,3.611205499223732376e-03,3.693476859666124101e-03,3.616166385935678032e-03,3.582257930118164062e-03,3.609483828875796260e-03,3.733755521952157770e-03,3.627991383605725425e-03,3.635968005939299672e-03,3.676791679492087163e-03,3.583152186416098742e-03,3.814045177141741228e-03,3.604873033306867439e-03,3.564212235212482500e-03,3.504231540200160658e-03,3.707636573826814021e-03,3.661217574202986838e-03,3.615539143177793052e-03,3.609072261490731039e-03,3.584997858651939838e-03,3.781727175789647080e-03,3.726913738363146766e-03,3.635553408280884063e-03,3.601059598919078165e-03,3.572366110766841442e-03,3.716427181395252563e-03,3.779934236261887643e-03,3.587929048839734025e-03,3.617468454280631761e-03,3.779668032261218353e-03,3.587289461283172266e-03,3.648074691241085486e-03,3.707731434060429227e-03,3.723950207885857577e-03,3.768314858188195893e-03,3.671089588880145377e-03,3.528914054730788227e-03,3.653474644222064888e-03,3.670559244698056410e-03,3.658211940501072609e-03,3.697467844095577143e-03,3.684168328886280874e-03,3.659556217968238951e-03,3.645512763685891926e-03,3.582687926910930153e-03,3.561564390222777404e-03,3.652544228723735888e-03,3.649265144232331868e-03,3.691842984061903879e-03,3.581902518833683571e-03,3.681096752228692551e-03,3.686265774272174355e-03,3.715342294827792338e-03,3.758059504499604211e-03,3.630909437700145966e-03,3.658262015945288725e-03,3.605333754074466993e-03
3.621776807721183069e-03,3.729519965507270638e-03,3.480134288242838197e-03,3.614826377275643255e-03,3.590982507644218270e-03,3.626345564657037276e-03,3.705031553780348524e-03,3.621759639946926183e-03,3.669593893719231940e-03,3.609192048523018718e-03,3.638617401433045465e-03,3.668442457394728486e-03,3.633788236435503329e-03,3.612851649656897545e-03,3.572837273192944977e-03,3.681361830202796448e-03,3.745735102722825508e-03,3.637703601302557169e-03,3.795896397296797883e-03,3.491717328246074937e-03,3.671293362881609696e-03,3.556016278675677104e-03,3.524296328522617643e-03,3.671919685678653664e-03,3.613491336383199432e-03,3.592437857790117990e-03,3.749473376187304093e-03,3.681808540493410400e-03,3.834750529176990906e-03,3.740200236290251203e-03,3.639264831335690953e-03,3.632155062194282035e-03,3.693901397704908371e-03,3.681684990401138877e-03,3.661123705238838750e-03,3.711654268948295487e-03,3.710564731333040964e-03,3.707776097953685394e-03,3.733894212562674248e-03,3.671442760090345286e-03,3.609893080646956864e-03,3.690124293141123710e-03,3.717935869446120905e-03,3.631820492482445029e-03,3.593557570012167069e-03,3.607225319229529891e-03,3.661803245322782421e-03,3.735452738885452172e-03,3.570274975894622942e-03,3.628822940125835984e-03,3.690061110252000360e-03,3.691464138517318479e-03,3.620228979038616311e-03,3.704404989148618599e-03,3.649229401586954590e-03,3.647763579834283499e-03,3.685857437358671697e-03,3.639202315179943144e-03,3.613318722559284019e-03,3.743574818473401847e-03,3.639068723911896217e-03,3.585494431304422133e-03,3.505746835113177952e-03,3.763204627169746720e-03,3.698649878906632403e-03,3.717729672334369080e-03,3.724707478654902884e-03,3.605422293266766394e-03,3.683605571142582399e-03,3.667160355788876263e-03,3.660661214790908967e-03,3.612750969511761747e-03,3.648644131942866287e-03,3.678006108039096923e-03,3.691694154345381666e-03,3.629803231413470874e-03,3.640798520389574959e-03,3.651573480048575949e-03,3.605277926223843330e-03,3.636193292311898449e-03,3.672331183362172700e-03,3.693747292743038407e-03,3.739219542161041979e-03,3.618520605881955354e-03,3.555246607994890732e-03,3.603797510316609880e-03,3.682697232565301185e-03,3.678219593038919554e-03,3.559929523570228710e-03,3.620863942014675239e-03,3.823224386989216780e-03,3.669939200668970256e-03,3.655049452859026812e-03,3.743871979490048275e-03,3.640414763462453650e-03,3.564048493319783677e-03,3.531677476148079725e-03,3.633821346359542362e-03,3.716764197801675652e-03,0.000000000000000000e+00,3.743496130783101599e-03,3.623633449488667876e-03,3.684964148092173715e-03,3.711270738449646504e-03,3.707345744707741565e-03,3.664265158208938455e-03,3.626787292816826148e-03,3.747634365942610537e-03,3.633575673288866065e-03,3.736485899505407986e-03,3.661090093239646997e-03,3.580887740702411344e-03,3.615685465232886062e-03,3.556838363541494751e-03,3.766002832419494510e-03,3.611379380815215798e-03,3.658340881147545062e-03,3.724058892950131081e-03,3.574830857132543088e-03,3.612517149895517424e-03,3.601554167494742335e-03,3.509242481251116305e-03,3.681864491346866376e-03,3.735590461855931108e-03,3.699130330725789329e-03,3.653163016269704404e-03,3.691025405708262246e-03,3.540854508555053935e-03,3.702772091917822320e-03,3.578740388789227768e-03,3.844168552459261302e-03,3.607373735686094166e-03,3.544399274243693453e-03,3.753616717103496793e-03,3.720413218861490234e-03,3.707667404536511488e-03,3.650984095679392274e-03,3.713157229366273286e-03,3.565467323582741880e-03,3.635224776140571785e-03,3.738758217356579362e-03,3.752156558651082840e-03,3.600427160910826558e-03,3.556671716768654810e-03,3.854688754198600919e-03,3.624300994469909203e-03,3.633048257423010258e-03,3.645529410060117156e-03,3.622519149796205214e-03,3.703198031221278160e-03,3.702403567728094515e-03,3.667524415159681504e-03,3.613668237020937601e-03,3.538030990670470305e-03,3.682528178131957118e-03,3.703539294882945802e-03,3.599682021330722227e-03,3.668797141051924598e-03,3.623987555456188378e-03,3.603896993830832396e-03,3.687049507077007956e-03,3.695893144337128629e-03,3.635408709548933193e-03,3.676192712490014905e-03,3.698840740293995056e-03,3.780176424998930688e-03,3.762710285874738651e-03,3.611986137719520873e-03,3.633144257225549931e-03,3.606905432949902585e-03,3.738281291272186040e-03,3.790582731510775804e-03,3.653542155794004074e-03,3.587258322331313403e-03,3.624483722737100160e-03,3.700476344125429393e-03,3.573396167527817958e-03,3.708856238803929714e-03,3.672987347319054980e-03,3.777558145158995372e-03,3.683583197031110867e-03,3.751722980847184159e-03,3.683504598552817325e-03,3.654232884777981662e-03,3.784773741634771347e-03,3.730106808477903074e-03,3.774199800008957734e-03,3.763858718046649184e-03,3.684320626807236366e-03,3.638761077566805748e-03,3.751035063491653561e-03,3.572258439684371841e-03
3.692183196388046373e-03,3.616532295363735633e-03,3.555240278503129722e-03,3.768271123484702185e-03,3.614890440545062179e-03,3.705901236020527068e-03,3.794279158480138962e-03,3.671681905596001824e-03,3.540142312536686230e-03,3.660041007436807842e-03,3.593473063350902021e-03,3.536945847696836009e-03,3.618392653131594604e-03,3.610079987435022616e-03,3.769919361640303689e-03,3.752728803953167373e-03,3.610211348769481934e-03,3.648195768689912414e-03,3.727898915666355128e-03,3.732627604501611174e-03,3.673782961714852722e-03,3.680370192929452444e-03,3.645973767703054175e-03,3.735697729707948209e-03,3.574322174597150976e-03,3.745513176979881498e-03,3.738171207925951832e-03,3.750734297828387746e-03,3.666838967627142863e-03,3.796344100370286842e-03,3.666188935825894120e-03,3.629277415476512766e-03,3.620857442009330074e-03,3.808720366581824172e-03,3.628243176571961225e-03,3.671237831619398283e-03,3.655058332005745470e-03,3.588757363070613649e-03,3.658327643694927935e-03,3.736266950991885306e-03,3.746289113920552982e-03,3.713216002039207864e-03,3.672016487124425167e-03,3.630367908616595387e-03,3.684100997896479473e-03,3.717587693941704942e-03,3.611435558192199139e-03,3.726557107780058015e-03,3.613562353254363112e-03,3.586339158165826810e-03,3.546748213239738108e-03,3.661003476583088879e-03,3.683346137676171781e-03,3.619133396939839577e-03,3.676072919814737244e-03,3.688239565751717450e-03,3.662961479460793719e-03,3.712520115107257896e-03,3.597758674633012160e-03,3.554644426361523377e-03,3.708212438388350587e-03,3.647593739925076260e-03,3.626813653173461497e-03,3.557605181163531801e-03,3.721481191370765162e-03,3.641891994344205897e-03,3.678067261012798756e-03,3.585012602893041314e-03,3.685290141119624586e-03,3.752958426086559513e-03,3.703832939379110307e-03,3.652266869029781229e-03,3.591629465377012363e-03,3.710632479357844817e-03,3.645613765514765531e-03,3.638587981878951827e-03,3.669743487008286613e-03,3.557822504566459775e-03,3.614916162716542199e-03,3.567039660944193620e-03,3.682542209594360551e-03,3.663011314162687489e-03,3.650904801597417305e-03,3.772203271267079560e-03,3.578121274925264057e-03,3.669191246272087391e-03,3.725400185720981368e-03,3.587627692014082239e-03,3.592694860488501209e-03,3.764341646988374809e-03,3.634650801001300131e-03,3.706432708682401347e-03,3.616202889223674947e-03,3.649138204458899151e-03,3.638369830156064355e-03,3.589183833768083351e-03,3.718000613709503306e-03,3.738023624135790399e-03,3.706107734120041818e-03,3.743496130783101599e-03,0.000000000000000000e+00,3.634400124369148530e-03,3.740195054454544150e-03,3.563521728467693335e-03,3.668938960989499409e-03,3.646327326244700514e-03,3.724548130281913130e-03,3.722014940236049226e-03,3.763081609317101266e-03,3.658375829985212671e-03,3.635390361187294545e-03,3.528539504223996565e-03,3.596992497444599212e-03,3.537608208800975020e-03,3.583105396876236359e-03,3.631521504702319401e-03,3.686360627469133146e-03,3.545696086788989281e-03,3.689396831951773700e-03,3.655139574084430125e-03,3.778565832158754020e-03,3.744058262371430766e-03,3.598697761255954634e-03,3.675946476014547038e-03,3.616255867557635617e-03,3.721111549097241237e-03,3.631261129079642151e-03,3.687672634367388392e-03,3.665715443144614699e-03,3.674526295352816430e-03,3.656278322961573502e-03,3.628460824464818050e-03,3.721084924727333706e-03,3.647208163241849165e-03,3.681585845818839253e-03,3.742653832083042958e-03,3.792031483146013609e-03,3.708374538720535154e-03,3.701056525075731470e-03,3.638754127727550445e-03,3.701375441972512646e-03,3.726703985531046575e-03,3.696033605545891686e-03,3.620865329957707011e-03,3.685945776991463724e-03,3.676001705975181447e-03,3.634275102900112655e-03,3.662429649597763199e-03,3.708272208215736190e-03,3.701536320753138522e-03,3.600558496005249257e-03,3.634763898148922912e-03,3.659836226845675569e-03,3.675958276813090248e-03,3.607717590067727621e-03,3.721583021247205046e-03,3.636381440222666642e-03,3.662154011679339283e-03,3.694514493071064751e-03,3.606714050566384860e-03,3.736091254894080647e-03,3.734301498857327609e-03,3.666628208750950021e-03,3.747368847713606396e-03,3.621521466273337590e-03,3.734880833503464916e-03,3.592954191810993070e-03,3.625771170575090799e-03,3.649750652851342213e-03,3.722642069981929504e-03,3.815175840346604012e-03,3.634433777112475346e-03,3.739374252266673866e-03,3.627025771549042404e-03,3.611451313168118505e-03,3.633335454062907189e-03,3.565322965767772721e-03,3.593733603663145076e-03,3.504693745613800433e-03,3.607424044634643771e-03,3.635413111877844328e-03,3.680272873328956952e-03,3.636387481680000179e-03,3.702847824195684354e-03,3.543131700192000012e-03,3.597501048756960185e-03,3.657132722780347730e-03,3.721584548018911504e-03,3.643999405502120360e-03,3.550726054946456815e-03,3.684943736648011673e-03,3.674084403863507944e-03
3.676336024398345857e-03,3.681029258864553649e-03,3.680908961723804856e-03,3.672352036010295261e-03,3.600390244628300009e-03,3.703220828086905593e-03,3.632127213540693126e-03,3.704187701602851181e-03,3.511736650832340389e-03,3.536631462627011935e-03,3.691110675133460906e-03,3.651175426809351744e-03,3.678473011026927014e-03,3.610272938597715916e-03,3.697979429404497313e-03,3.723627423903285924e-03,3.676874808622575264e-03,3.737699025731215478e-03,3.655018556554531090e-03,3.687933150470806831e-03,3.690049702987583009e-03,3.594022169608662720e-03,3.607307008932994236e-03,3.619966394085185560e-03,3.595627734583317463e-03,3.705360288735002477e-03,3.719610870106568323e-03,3.715188458954311965e-03,3.667729583321958659e-03,3.566358923618222210e-03,3.748802179068660371e-03,3.769723869208371075e-03,3.617359534198144599e-03,3.730547342364423560e-03,3.716974405337803312e-03,3.684771603615987802e-03,3.702714155588793764e-03,3.633886385472506145e-03,3.613697846958002780e-03,3.708658588129538653e-03,3.647193407872325287e-03,3.640905586037327443e-03,3.666378989980286201e-03,3.799461688833684174e-03,3.629124040883271660e-03,3.774271069962549692e-03,3.624066145622531401e-03,3.695899246121245232e-03,3.715946144261080865e-03,3.587491216468182299e-03,3.612611052042472275e-03,3.753523317296683214e-03,3.654762302939112365e-03,3.560821960481676002e-03,3.661143232594642714e-03,3.714383024521072593e-03,3.654212223841136163e-03,3.688740737860153433e-03,3.625454998554882187e-03,3.571561925634424584e-03,3.653473419184047680e-03,3.686905877406803332e-03,3.640900658272076471e-03,3.671674419036854032e-03,3.721890153322108749e-03,3.629520489400872053e-03,3.639522864684849399e-03,3.636700290757287693e-03,3.654436292873239171e-03,3.699833566841148700e-03,3.584885390978179414e-03,3.734999112529976788e-03,3.676071619386159922e-03,3.675001637020184654e-03,3.537811115048422692e-03,3.685709075413219626e-03,3.661468749121776518e-03,3.764318324917954525e-03,3.667825222764318268e-03,3.582283855754029179e-03,3.718755127824789185e-03,3.703528422058616990e-03,3.631074948727667801e-03,3.804500954157607247e-03,3.631631925397044332e-03,3.649708273061751801e-03,3.581578528288849057e-03,3.702329494846796215e-03,3.705698084027173999e-03,3.640565936234643318e-03,3.594403820332921305e-03,3.605328008443119993e-03,3.677634577580425265e-03,3.593509083112441781e-03,3.702811786605851498e-03,3.730433900478619634e-03,3.783529171920838995e-03,3.637679748709947772e-03,3.666623040193485190e-03,3.623633449488667876e-03,3.634400124369148530e-03,0.000000000000000000e+00,3.645130551034395962e-03,3.683615621686619612e-03,3.579024036330367194e-03,3.605391216513210897e-03,3.581739567443990684e-03,3.778961153641386458e-03,3.688899954974298248e-03,3.654451431735514493e-03,3.686388337910547278e-03,3.703242196529026378e-03,3.635152707520385596e-03,3.668205456962374961e-03,3.543039018318571050e-03,3.594389666603078643e-03,3.685841293588161191e-03,3.580822322263403027e-03,3.661877121378035674e-03,3.712427968674342476e-03,3.585759227769811687e-03,3.581206010097128835e-03,3.648409255218886850e-03,3.612317678162158680e-03,3.752612609310922252e-03,3.616714168068734317e-03,3.655407150690303392e-03,3.788345274147275014e-03,3.696804993025256791e-03,3.660082864427336401e-03,3.675019259562962992e-03,3.724457264432601711e-03,3.716442570911835525e-03,3.661529751549570579e-03,3.693630227854409649e-03,3.655139514313288963e-03,3.578852215950817980e-03,3.590677085389368337e-03,3.770140140536634796e-03,3.650915801696246951e-03,3.706169838489412494e-03,3.653252781153589358e-03,3.633897711178116913e-03,3.715954593017849715e-03,3.654318710608894794e-03,3.623500172916135388e-03,3.658204943496350028e-03,3.616697345729738989e-03,3.641933126980644291e-03,3.603481137270925921e-03,3.731420851063588576e-03,3.683752134434999798e-03,3.579127948688828539e-03,3.792078717688220860e-03,3.639317595231882432e-03,3.685868377513648077e-03,3.691796451277116163e-03,3.602488452705625635e-03,3.722725319137303035e-03,3.588849766850840499e-03,3.772292091605560817e-03,3.645828129554387013e-03,3.621971052565367295e-03,3.589363630318290546e-03,3.580215062732710393e-03,3.603293125994172594e-03,3.711011699887510531e-03,3.675487555727528083e-03,3.736976720859552532e-03,3.679885903365529877e-03,3.658880016725606348e-03,3.616759982754086215e-03,3.695319576263122151e-03,3.695254186646344894e-03,3.645194201168852448e-03,3.586245228101274472e-03,3.677755644082764553e-03,3.732004265867362985e-03,3.598501959932186300e-03,3.704771347670140873e-03,3.664848975654448355e-03,3.639427226663946927e-03,3.593592017037549810e-03,3.690991759127687163e-03,3.685036881160463212e-03,3.555338565513374745e-03,3.575720470138593968e-03,3.792323832236815274e-03,3.592732023209428693e-03,3.613444228674476000e-03,3.799842150975900942e-03,3.776472155388488003e-03
3.571447952884914366e-03,3.634915552005434265e-03,3.614026486243850523e-03,3.637901852269505212e-03,3.646192170828612897e-03,3.784494105468920715e-03,3.670914973567298342e-03,3.592269277433268997e-03,3.583873114737024575e-03,3.740363681122732889e-03,3.641768294043473686e-03,3.478124479822943503e-03,3.637942353189654952e-03,3.789501387688044669e-03,3.731108958333606389e-03,3.583476686346833470e-03,3.558897584304934400e-03,3.700196880313675468e-03,3.651315997361928318e-03,3.578244425573522125e-03,3.644558341838112937e-03,3.756831059297924616e-03,3.737442477472985736e-03,3.689199345058488937e-03,3.659983710505884929e-03,3.664362021131668899e-03,3.639597293588231041e-03,3.685859242832038862e-03,3.592909439546799165e-03,3.612896752504371738e-03,3.693577102248709471e-03,3.590997289572934060e-03,3.584595606471306217e-03,3.791909575991419482e-03,3.653233301810462127e-03,3.631070223993126261e-03,3.574614697975357462e-03,3.666849056646464232e-03,3.691885064731315579e-03,3.687270129309751145e-03,3.598918452915880577e-03,3.571571929994667594e-03,3.650584078885549255e-03,3.642106928312463347e-03,3.688275352273517188e-03,3.708800896947580389e-03,3.635068106002772512e-03,3.619961737117429693e-03,3.610952328966572904e-03,3.779048313441204978e-03,3.715086212130598933e-03,3.703437147603688782e-03,3.649147687830648495e-03,3.658913467046131553e-03,3.611521686658664305e-03,3.589119471217806952e-03,3.747549870957998189e-03,3.568725732248564323e-03,3.608709732018200705e-03,3.743099048058622352e-03,3.677664746037961202e-03,3.610215991320793634e-03,3.678757189018074577e-03,3.508863020931808456e-03,3.683416444933048425e-03,3.740558806227914888e-03,3.652574942850599689e-03,3.616233088598982699e-03,3.675448991915016700e-03,3.604746985844442791e-03,3.665109967111713357e-03,3.619285186447811480e-03,3.658012751515590626e-03,3.635216128731693849e-03,3.812415715379418018e-03,3.561810454211004635e-03,3.642731185684809289e-03,3.593651631981580573e-03,3.750236831953703519e-03,3.658274892848859070e-03,3.664904417807377749e-03,3.658115093275348794e-03,3.676261690581181327e-03,3.712180800736047601e-03,3.676642820871838316e-03,3.663011141520658778e-03,3.712094833773193266e-03,3.738970072875430831e-03,3.734020611564025337e-03,3.646239651114098305e-03,3.580834541190128055e-03,3.678642599428736445e-03,3.609239465457953194e-03,3.737452839214456656e-03,3.715215318404740518e-03,3.554434727760233566e-03,3.675595955401352900e-03,3.537090766873477593e-03,3.611700940120979569e-03,3.684964148092173715e-03,3.740195054454544150e-03,3.645130551034395962e-03,0.000000000000000000e+00,3.707052224024815369e-03,3.805061554890219917e-03,3.623776708197171906e-03,3.593825513159416146e-03,3.761730343951459783e-03,3.790392642428440373e-03,3.813917994372291106e-03,3.647122011430078276e-03,3.735149682850295080e-03,3.531169833398485440e-03,3.634960486709163437e-03,3.705564708063461329e-03,3.641445189918877164e-03,3.671770767969109294e-03,3.673779477865674395e-03,3.720744065053451996e-03,3.640440321136707499e-03,3.578982631140265134e-03,3.636496383671755303e-03,3.580370542998929928e-03,3.605659103368018346e-03,3.613160927849716139e-03,3.808403678371494964e-03,3.716410802946548513e-03,3.781412862907581815e-03,3.834681093876151151e-03,3.791010871280324837e-03,3.751004739665678590e-03,3.639784006264188028e-03,3.684526008308831087e-03,3.554921194485230820e-03,3.656183855726348637e-03,3.704287806952948590e-03,3.643190118505525849e-03,3.665797542425664433e-03,3.639074539794578348e-03,3.676121148205079361e-03,3.718632540674666857e-03,3.854293733732503096e-03,3.706602519127672520e-03,3.619951870489038215e-03,3.741465027183334385e-03,3.657339738204163498e-03,3.600675119593341536e-03,3.697931031516072525e-03,3.713684305251094015e-03,3.680482876698021148e-03,3.671717521582271854e-03,3.709996666177441896e-03,3.627636459147758497e-03,3.639753871817539947e-03,3.538897624462487845e-03,3.606083369282667324e-03,3.679571044976715031e-03,3.744934879706598475e-03,3.613467642967892451e-03,3.661845757536801461e-03,3.555831746482886104e-03,3.793238931789658010e-03,3.563871595075129069e-03,3.704231735171251670e-03,3.550434992313459149e-03,3.654397903666794806e-03,3.593248735049269123e-03,3.548917957421851392e-03,3.625343281014304329e-03,3.692374002442893547e-03,3.631985103905892905e-03,3.724255270087667175e-03,3.534183645522495469e-03,3.635300064476032749e-03,3.709148482396984556e-03,3.689980489285010767e-03,3.543693662706806202e-03,3.687858085503888279e-03,3.760074791204972167e-03,3.601006056456296147e-03,3.684005571532303434e-03,3.599609470564574427e-03,3.595855268573241136e-03,3.721827828993569572e-03,3.643288308837696037e-03,3.716814346129476351e-03,3.675419801700915371e-03,3.588490992795062041e-03,3.701565854540383744e-03,3.652971981784819324e-03,3.707643010178024272e-03,3.702075242197262230e-03
3.592943717222540391e-03,3.671667642787587900e-03,3.617229452190693761e-03,3.682078005237187073e-03,3.641771705577209750e-03,3.625886557990223944e-03,3.608305332960168570e-03,3.595591546583266906e-03,3.711536974874181036e-03,3.708898735469932321e-03,3.684071168992212285e-03,3.739373395353230451e-03,3.652730300161985411e-03,3.704848295881781051e-03,3.697305368012813922e-03,3.704698147877295671e-03,3.755803093484372853e-03,3.739022734058496979e-03,3.545680191304625192e-03,3.545807480635475208e-03,3.691568235952284727e-03,3.633725010784593680e-03,3.669457784715398230e-03,3.741848188737917098e-03,3.711267983178181094e-03,3.700409979937644041e-03,3.609465029463287348e-03,3.738640799261398057e-03,3.590050802529185913e-03,3.807680306555175694e-03,3.542648239982216195e-03,3.695215863516724663e-03,3.722255796679058929e-03,3.665948176304344858e-03,3.700747037854727056e-03,3.613283080430779344e-03,3.694137679708384744e-03,3.620993394679871552e-03,3.675344098674918156e-03,3.653175238101723926e-03,3.664526382081048639e-03,3.701037788076440380e-03,3.662090840572410945e-03,3.689106216668890451e-03,3.758231247003713821e-03,3.762357907063656852e-03,3.585672766052795668e-03,3.770306096598179287e-03,3.653832018465988374e-03,3.808146566228808733e-03,3.696431868354932253e-03,3.652985031339673130e-03,3.663079957300150683e-03,3.681171468343012818e-03,3.602249248210543774e-03,3.608870375897727141e-03,3.570131585599975021e-03,3.627945956527664408e-03,3.607576166762477884e-03,3.753315223555969866e-03,3.601303840705873983e-03,3.765947743715475447e-03,3.654931887414680086e-03,3.767707366142917114e-03,3.735686445965853437e-03,3.708898106062092238e-03,3.695699446888463940e-03,3.606922281755517608e-03,3.579469765364768144e-03,3.657143752853862870e-03,3.626211092507481554e-03,3.653819091351192226e-03,3.601513462298570282e-03,3.601446887998045222e-03,3.623562747275468812e-03,3.584018066580115566e-03,3.657915149470135786e-03,3.545422738740812343e-03,3.758260227978493101e-03,3.703243473599941542e-03,3.616793010204068584e-03,3.595231389327050147e-03,3.662608997042795037e-03,3.622431177394762683e-03,3.619515716676879966e-03,3.618913329569001507e-03,3.636491860543966757e-03,3.684377606163904625e-03,3.580086288351850762e-03,3.592947028352706882e-03,3.761574121922275828e-03,3.656247546383471509e-03,3.732275899524785129e-03,3.571370320079906083e-03,3.693970556294862151e-03,3.708738300074872988e-03,3.565548518267812328e-03,3.591303213544703304e-03,3.672674501507522046e-03,3.711270738449646504e-03,3.563521728467693335e-03,3.683615621686619612e-03,3.707052224024815369e-03,0.000000000000000000e+00,3.807815626424910192e-03,3.679946381533286213e-03,3.805744390982826637e-03,3.736137478701511642e-03,3.658364998689712412e-03,3.728724474756745302e-03,3.660006141903968547e-03,3.641524872461318618e-03,3.677170431374361583e-03,3.628670982940149919e-03,3.633275053142056340e-03,3.625604791961524725e-03,3.624068595647927937e-03,3.743370003402693696e-03,3.689133361128699249e-03,3.562289547670574423e-03,3.584699375379472083e-03,3.677491138020605541e-03,3.708212052329294336e-03,3.658490461414744439e-03,3.715313179286097722e-03,3.594991352197908930e-03,3.753007665799364904e-03,3.751198528431733993e-03,3.553671269876214692e-03,3.653054513710510091e-03,3.720040973931662293e-03,3.584201164842992088e-03,3.677794386044315727e-03,3.660678232774365864e-03,3.708408057471205589e-03,3.648678548543770120e-03,3.661654916723108746e-03,3.590421653048905641e-03,3.632573311913655546e-03,3.649536315863617913e-03,3.552829874711613007e-03,3.676743302888309597e-03,3.671852059209950066e-03,3.627046388714466087e-03,3.593271263096614685e-03,3.661219827708803252e-03,3.608086368959350417e-03,3.803637422651118000e-03,3.564235022950282099e-03,3.734901405515022275e-03,3.805037591335407986e-03,3.723742699397972634e-03,3.730267052736819470e-03,3.603603339128260124e-03,3.619834066032180317e-03,3.561689101308630149e-03,3.552427095393419221e-03,3.559273971414899859e-03,3.727008548782662078e-03,3.579303559533063370e-03,3.671786397302913459e-03,3.527914743876205909e-03,3.654841381069735481e-03,3.565846604049493270e-03,3.629326540198237697e-03,3.628603289796857295e-03,3.709293255245366301e-03,3.711417642433214106e-03,3.630945750856325038e-03,3.661983135919649399e-03,3.695122138282339042e-03,3.618777517249124713e-03,3.636172267124539951e-03,3.640608645308416984e-03,3.664928548849642840e-03,3.766286045667718071e-03,3.659350460789406213e-03,3.648572167604024943e-03,3.621160825820211697e-03,3.721884513777673140e-03,3.718828901973710542e-03,3.681050686859458580e-03,3.654293236002928436e-03,3.678678853854395504e-03,3.755179916764937818e-03,3.679063568115539633e-03,3.634096021985974093e-03,3.689202392228499612e-03,3.626095727731792982e-03,3.730598416747644974e-03,3.722617785526682443e-03,3.624399528368035025e-03
3.790842647106102206e-03,3.680827903745958075e-03,3.763758931711496877e-03,3.702667683960002547e-03,3.742571664237167965e-03,3.724907203480210503e-03,3.654354786527962400e-03,3.551271235052822633e-03,3.582718632011211088e-03,3.664811881325185598e-03,3.749801503476511873e-03,3.683222584253390778e-03,3.687311263927286684e-03,3.612311438480378736e-03,3.704581311470043093e-03,3.723070524310667130e-03,3.629090959055031752e-03,3.799865100021088127e-03,3.600609770388969906e-03,3.663235148847491986e-03,3.609673545459689877e-03,3.624096590904585507e-03,3.635406139721387118e-03,3.669499724683348597e-03,3.715794337388654035e-03,3.673818611703943710e-03,3.612381086608458698e-03,3.675601079700498500e-03,3.601920649334131811e-03,3.766490136748766333e-03,3.698921505514928508e-03,3.575505670456866330e-03,3.676090569356672399e-03,3.643779097258829664e-03,3.644243241509814019e-03,3.684197455244276470e-03,3.697386161030595097e-03,3.679824028893050655e-03,3.619876550509347046e-03,3.645160788539592283e-03,3.749913386814957353e-03,3.757141056223035208e-03,3.569668473529729550e-03,3.714097956689228677e-03,3.714060810313974271e-03,3.670925155621024543e-03,3.667322471530670182e-03,3.598285755168338131e-03,3.535348343893516317e-03,3.675290483695733100e-03,3.562971926277817749e-03,3.578852936912394443e-03,3.774343837159479641e-03,3.708162731990312638e-03,3.605723939056418477e-03,3.621778957218008826e-03,3.659185610592714973e-03,3.723201688151052836e-03,3.616644050573505041e-03,3.612392447500478374e-03,3.674128507528080356e-03,3.618258433900853679e-03,3.693310928402347617e-03,3.596972607790569106e-03,3.734529992941957276e-03,3.616866316050566191e-03,3.588164769101249724e-03,3.681017176515802812e-03,3.600400185240037847e-03,3.631422349032599733e-03,3.724342074916074923e-03,3.545538452247940907e-03,3.629270438552842024e-03,3.734001004402282605e-03,3.747097782379028331e-03,3.585099558017150294e-03,3.705460731601901286e-03,3.567796564437230276e-03,3.739776940856194814e-03,3.714133228437494719e-03,3.647261099376117744e-03,3.713827795976756569e-03,3.660662526533256956e-03,3.662410885935079696e-03,3.554175123359420031e-03,3.646646091515201582e-03,3.713717810538265038e-03,3.684222566743077399e-03,3.812818650572695478e-03,3.602164306417947152e-03,3.571934258868849667e-03,3.600016849044848904e-03,3.596881267963611926e-03,3.750233436231725608e-03,3.636168363868371584e-03,3.650420784237083400e-03,3.753793235089726826e-03,3.611775475137385394e-03,3.643801080694357344e-03,3.707345744707741565e-03,3.668938960989499409e-03,3.579024036330367194e-03,3.805061554890219917e-03,3.807815626424910192e-03,0.000000000000000000e+00,3.591222296666922182e-03,3.587475465653901848e-03,3.755881692242777833e-03,3.587936082403813710e-03,3.713559158767778395e-03,3.722323780369979178e-03,3.590595020914798350e-03,3.576908595128479654e-03,3.577183841980327312e-03,3.671538320821818996e-03,3.662062433118418951e-03,3.772436387630165918e-03,3.849914410435880448e-03,3.645659392355110953e-03,3.656586952742219183e-03,3.710320019730900965e-03,3.713572601766532925e-03,3.759161945238948758e-03,3.834760295960784951e-03,3.620955515098151986e-03,3.621578049275708810e-03,3.735214628608656603e-03,3.573117457216699183e-03,3.536611158157350766e-03,3.672753162870494390e-03,3.786093887272090359e-03,3.519237777893749128e-03,3.566002812182381652e-03,3.710486838143010110e-03,3.601040522908591657e-03,3.668406535889584368e-03,3.639436477907626467e-03,3.735467985493745764e-03,3.607001199149510989e-03,3.762411116379470091e-03,3.809850273680415612e-03,3.697220047536216910e-03,3.723627227040743164e-03,3.660651252038206720e-03,3.642875136265150485e-03,3.734439976880399477e-03,3.630594632990459536e-03,3.582833789598480027e-03,3.668105504011654958e-03,3.613333186613587687e-03,3.573996185663139667e-03,3.556299204517679013e-03,3.596384828536557283e-03,3.590899838863047863e-03,3.605280398718697151e-03,3.593988816328041406e-03,3.609613325839961147e-03,3.604852868405088694e-03,3.745638357441570618e-03,3.808422124995907831e-03,3.477997971177873831e-03,3.635106522899205200e-03,3.660129006199654318e-03,3.614239416844397534e-03,3.671091128384981056e-03,3.743213473744721846e-03,3.633393162099413272e-03,3.685480642889876843e-03,3.627605339165771749e-03,3.622128754404904932e-03,3.584651132889794551e-03,3.771309460811594644e-03,3.624626919091126272e-03,3.589545553110013495e-03,3.694849979310199824e-03,3.705285752785875738e-03,3.624306450079264972e-03,3.694607757059774605e-03,3.741009601087106739e-03,3.696037348893152323e-03,3.596452768604424879e-03,3.696657726781223639e-03,3.619467515547764545e-03,3.562907092721575783e-03,3.687609620666247676e-03,3.640914707981200010e-03,3.660608422662903032e-03,3.590755245584876815e-03,3.575604218066910905e-03,3.733383347619167233e-03,3.742411282964932910e-03,3.612533415181505732e-03
3.584387736251827810e-03,3.542191610715385471e-03,3.663295544053363998e-03,3.713558201817100841e-03,3.667891657652854864e-03,3.616321983749924435e-03,3.595017848473983611e-03,3.676025418617024157e-03,3.664524208466475152e-03,3.665999123815330031e-03,3.663064476403854897e-03,3.649146188845940001e-03,3.624662497177370737e-03,3.655625744119898098e-03,3.729732723328168988e-03,3.650455357718435968e-03,3.541335093950257785e-03,3.711272123208042562e-03,3.690174160396294829e-03,3.685769765343009218e-03,3.735957527323783851e-03,3.630595440215995950e-03,3.722546117316250219e-03,3.660157714360951723e-03,3.707458852191056285e-03,3.671950573817432586e-03,3.644029208644779423e-03,3.603994116082530862e-03,3.597423467939744445e-03,3.748511331723590381e-03,3.616619849221467189e-03,3.658542145428488566e-03,3.654911289347410452e-03,3.690603180293648266e-03,3.841025793814966532e-03,3.694740948892248807e-03,3.594562320190035441e-03,3.591777612897154026e-03,3.662348995532823878e-03,3.702566127477818249e-03,3.704886578712996911e-03,3.721134100389641118e-03,3.692927470078947484e-03,3.690828100041516902e-03,3.668812292434797326e-03,3.704976363579915756e-03,3.651215156664402561e-03,3.652688537585551450e-03,3.696544028111823157e-03,3.701609825752286229e-03,3.659928185740743758e-03,3.655708417648960689e-03,3.656297947577854049e-03,3.644500451359649045e-03,3.601981500480678795e-03,3.727212855049647118e-03,3.800974052892767355e-03,3.591822591673417449e-03,3.624759817522428627e-03,3.646059330579112800e-03,3.638274592976725817e-03,3.550133685411445503e-03,3.757885268935240702e-03,3.692340930270896025e-03,3.793713156550680612e-03,3.685612035208866641e-03,3.645908013999283725e-03,3.692082656469829628e-03,3.739145961473611807e-03,3.671280578481883345e-03,3.678695374280796949e-03,3.592804649103469982e-03,3.639134504843984791e-03,3.707232158094884815e-03,3.710348341592296581e-03,3.573572093840478043e-03,3.641306484334577622e-03,3.629879686539503117e-03,3.726884271071997067e-03,3.729959914087382748e-03,3.604797709252314294e-03,3.658324955140299442e-03,3.710390631466481577e-03,3.681606968640216242e-03,3.693101305440419334e-03,3.728322898224566400e-03,3.620343442350206636e-03,3.676551370758942769e-03,3.650474648114768357e-03,3.489471400365704631e-03,3.683719852284963320e-03,3.677532713250692732e-03,3.706906680493847733e-03,3.677524136609635654e-03,3.708331499831552056e-03,3.759061900206372726e-03,3.621926645325534468e-03,3.547764421080066340e-03,3.725513958730620242e-03,3.664265158208938455e-03,3.646327326244700514e-03,3.605391216513210897e-03,3.623776708197171906e-03,3.679946381533286213e-03,3.591222296666922182e-03,0.000000000000000000e+00,3.749906551131663643e-03,3.674653942838738020e-03,3.690707670321920035e-03,3.675556847052838423e-03,3.605231960428314543e-03,3.676585248830052492e-03,3.696543560093494205e-03,3.640586804934300546e-03,3.780344600506870510e-03,3.608069627404419423e-03,3.569017651572985519e-03,3.770773890962628595e-03,3.613655309867256759e-03,3.728463712157291474e-03,3.638479023218849605e-03,3.664796192506530794e-03,3.710675553440577305e-03,3.668141329954185698e-03,3.703167888754530738e-03,3.695495426142855408e-03,3.639043782369062556e-03,3.728579930050815103e-03,3.724722342445641911e-03,3.680638813210933454e-03,3.682606325038272933e-03,3.554927409593121833e-03,3.700941641002281762e-03,3.663601947842189122e-03,3.719926171840360653e-03,3.686202953858967474e-03,3.802456083008572737e-03,3.695648768384298191e-03,3.656939529759273017e-03,3.722019822910519696e-03,3.715720307414366579e-03,3.687919180640149546e-03,3.688842891062677539e-03,3.628836323072405067e-03,3.650470214694472981e-03,3.696303184914784615e-03,3.713837324697773223e-03,3.665290048866227772e-03,3.556443360920816948e-03,3.652617314584881078e-03,3.640194884585168378e-03,3.563501923596293797e-03,3.546909754293633196e-03,3.583553696090023902e-03,3.548287305960595196e-03,3.595958482341748801e-03,3.611900494086354649e-03,3.612557177113463833e-03,3.610553044578146149e-03,3.699514860776252894e-03,3.688183139218109089e-03,3.633226075095527703e-03,3.684690873893492740e-03,3.632490754530257656e-03,3.629800245497519316e-03,3.642937157642627422e-03,3.633452688025695133e-03,3.675960918637500088e-03,3.644898973671433125e-03,3.651391480176962787e-03,3.633873701923716771e-03,3.643008514122006349e-03,3.637948913397624252e-03,3.646967552881460323e-03,3.657317619924566315e-03,3.569398168280667281e-03,3.694462284511420419e-03,3.830229502568632208e-03,3.662347734168360045e-03,3.606585494272532451e-03,3.626407468335910312e-03,3.574293005764386019e-03,3.573058720968111217e-03,3.689183430271503281e-03,3.584515424599722493e-03,3.817800023789824811e-03,3.656722451871275044e-03,3.638180067283056703e-03,3.584552821549550575e-03,3.703525740081951931e-03,3.668761617377985524e-03,3.629162801117565094e-03
3.736527938635050231e-03,3.566254041905336878e-03,3.603540951956028023e-03,3.656149658410616423e-03,3.567539031410955647e-03,3.521073553567492190e-03,3.659954323807272647e-03,3.642022077396808114e-03,3.674983250723037539e-03,3.718836089310626272e-03,3.734607692530621855e-03,3.732173806341125034e-03,3.767933771070880108e-03,3.730962028669528984e-03,3.833423451362088195e-03,3.773816207212501214e-03,3.641559493619283844e-03,3.715947631428099737e-03,3.691250956895960125e-03,3.738064023828809729e-03,3.723165217319857924e-03,3.735021366919652475e-03,3.622166163043432502e-03,3.753064779453112697e-03,3.661619360060033076e-03,3.658005550097195423e-03,3.637839524339122384e-03,3.595108417362926408e-03,3.549169342448507507e-03,3.743100890068689832e-03,3.540038362018816526e-03,3.815098831021314103e-03,3.867859585662851082e-03,3.536307358879261196e-03,3.692763497688005773e-03,3.601041617391060722e-03,3.667261382558982975e-03,3.589652642303208917e-03,3.588586004741693529e-03,3.519531358944400900e-03,3.774275584062432645e-03,3.728270453753776414e-03,3.669841604907281458e-03,3.716154550261844495e-03,3.711083694210731872e-03,3.610618405943489227e-03,3.684061402082034961e-03,3.835133727682759654e-03,3.577962998371441144e-03,3.700355979539533477e-03,3.620914409494980710e-03,3.591823647212858892e-03,3.566100849657996303e-03,3.759576409695578828e-03,3.581103397595115229e-03,3.630098302339672834e-03,3.636029436808733972e-03,3.707520348587861440e-03,3.734485496106571684e-03,3.525012145468919139e-03,3.626049641381714778e-03,3.615795646665908528e-03,3.621933235748795409e-03,3.712905971061507531e-03,3.592541183335754007e-03,3.619406124908964607e-03,3.737680191181784115e-03,3.660923506274106794e-03,3.410659878096583206e-03,3.680060104052401432e-03,3.766665707150900540e-03,3.722669368586377196e-03,3.560617562158345344e-03,3.654232679397773163e-03,3.655089715756397982e-03,3.702554479124696343e-03,3.632043309086325708e-03,3.591967515758281299e-03,3.746358310794674698e-03,3.715344936976981011e-03,3.554079073427878713e-03,3.629639272639946686e-03,3.614400828034856211e-03,3.555048582097574891e-03,3.792661190942749581e-03,3.656855095837415349e-03,3.678654637471186466e-03,3.595968917967598804e-03,3.697457573797554957e-03,3.655745218886261288e-03,3.838881241362762393e-03,3.645849309563528508e-03,3.563324958679597171e-03,3.553299042827321331e-03,3.558894255076476814e-03,3.656158952588874599e-03,3.587844129028910575e-03,3.622489517959498213e-03,3.688305983927066354e-03,3.626787292816826148e-03,3.724548130281913130e-03,3.581739567443990684e-03,3.593825513159416146e-03,3.805744390982826637e-03,3.587475465653901848e-03,3.749906551131663643e-03,0.000000000000000000e+00,3.534411489206500719e-03,3.628135129311083323e-03,3.722079577768315495e-03,3.695982596130915464e-03,3.630864458055742348e-03,3.734670098938839156e-03,3.622686690739722760e-03,3.537288671053135779e-03,3.628844702869694731e-03,3.673562354686228312e-03,3.676648493626724374e-03,3.758593436986973260e-03,3.675437602258560012e-03,3.636623995605718380e-03,3.842692681550380351e-03,3.621753364407782286e-03,3.549205922405298565e-03,3.650218310518718590e-03,3.736459535983780063e-03,3.587817676440291891e-03,3.706824051747754142e-03,3.665583536147262907e-03,3.632939488649648916e-03,3.607921658612372150e-03,3.579400054025144544e-03,3.659042173864200751e-03,3.656073594416088968e-03,3.715313873411273896e-03,3.712529802558928171e-03,3.621623681700283492e-03,3.684298174981552165e-03,3.627615803101018679e-03,3.566524930404592082e-03,3.635396608114632375e-03,3.544694112366774882e-03,3.636212430493928911e-03,3.732049430713244020e-03,3.630915696519103862e-03,3.674363878405888760e-03,3.749758656664279113e-03,3.720158750510780578e-03,3.600915552616480025e-03,3.740851687677124345e-03,3.632818226101499834e-03,3.538020087425425633e-03,3.693747035698299614e-03,3.705440814492291270e-03,3.682580732429893613e-03,3.505121397194884119e-03,3.585106476458163084e-03,3.603371734773959303e-03,3.635481677420926948e-03,3.765571593965495387e-03,3.722939271944727783e-03,3.658502044254490371e-03,3.624332610635083805e-03,3.704576588627380568e-03,3.768291687203973849e-03,3.692711849958826408e-03,3.664528634438418263e-03,3.824065636495301533e-03,3.571200812423055114e-03,3.615583888228886180e-03,3.752154169673039674e-03,3.589215067336100004e-03,3.767011233970608310e-03,3.736202951315698191e-03,3.625331423530846545e-03,3.637315076730024584e-03,3.660141568825965499e-03,3.717747701351334626e-03,3.598972351315091796e-03,3.661776994828356679e-03,3.718961310967821166e-03,3.730239899286894728e-03,3.702805886587699075e-03,3.793367950944958374e-03,3.753744349126754681e-03,3.710882774366812843e-03,3.586570828593013942e-03,3.627824497571345650e-03,3.769993542540860023e-03,3.660309378061079883e-03,3.492350416266867298e-03,3.485905161201203507e-03
3.566752030364261743e-03,3.644723202768706226e-03,3.674287930292245621e-03,3.630653441469657884e-03,3.656177947916719115e-03,3.650450407268603786e-03,3.696112395823869436e-03,3.536961336094009752e-03,3.575786287880395372e-03,3.599902705045523142e-03,3.615601694243553675e-03,3.699335671490262042e-03,3.729284300702292738e-03,3.534799381033704516e-03,3.695988752974937487e-03,3.725704352102285951e-03,3.585797488340492119e-03,3.672364179069907350e-03,3.632301052664777593e-03,3.690598539852867933e-03,3.578817515580738889e-03,3.731627401090070826e-03,3.583573038740421515e-03,3.580250909954197595e-03,3.692111895730643394e-03,3.618933031928010541e-03,3.656839628100999433e-03,3.679845417353905940e-03,3.772052967436080161e-03,3.650955212782554162e-03,3.750790987531484912e-03,3.590291498968515606e-03,3.550253301801231318e-03,3.707885033239907095e-03,3.685306091878013182e-03,3.587099573409362804e-03,3.741826772174007207e-03,3.569916969816767059e-03,3.731631784596576955e-03,3.640582783719432513e-03,3.625306030580324745e-03,3.654511712335001793e-03,3.544586148463801326e-03,3.649924753263764435e-03,3.697610812239224710e-03,3.674836379272822685e-03,3.702093397612163730e-03,3.626409318314967409e-03,3.725733652349957209e-03,3.595310569737913964e-03,3.573582563852218882e-03,3.725821516802687704e-03,3.626573420274575681e-03,3.529583384828522113e-03,3.672105613143588580e-03,3.695659767315949504e-03,3.650024589467631801e-03,3.657400626108976184e-03,3.618202632740883610e-03,3.815500895299223962e-03,3.739489490539149585e-03,3.698452357937807942e-03,3.621804262875097727e-03,3.611006576739182825e-03,3.629855668771979176e-03,3.723050858392577388e-03,3.617212587275817678e-03,3.682525375130955240e-03,3.647339431747734662e-03,3.742841168486872681e-03,3.663729961573090367e-03,3.734053416122852520e-03,3.673130074843492226e-03,3.675015681201036777e-03,3.548480133710848940e-03,3.638497312321189395e-03,3.680535193773626888e-03,3.794388935191487719e-03,3.757349865937097740e-03,3.730629429240420614e-03,3.691469380133011614e-03,3.740029727800811121e-03,3.679173684117378624e-03,3.777387812635030987e-03,3.697607991319031961e-03,3.586935740354915692e-03,3.701280956586951946e-03,3.658022861284387483e-03,3.610629569485091211e-03,3.705115732159387082e-03,3.638639667998949060e-03,3.581892004738840111e-03,3.647091569276951842e-03,3.648065231550574970e-03,3.700904508550240200e-03,3.562375266478593535e-03,3.769779777275202980e-03,3.647345839121184184e-03,3.637435043760585927e-03,3.747634365942610537e-03,3.722014940236049226e-03,3.778961153641386458e-03,3.761730343951459783e-03,3.736137478701511642e-03,3.755881692242777833e-03,3.674653942838738020e-03,3.534411489206500719e-03,0.000000000000000000e+00,3.583738751229020771e-03,3.690312305899515633e-03,3.588606395749690658e-03,3.566362632414069901e-03,3.621553551404127665e-03,3.607624613016601704e-03,3.596238972059980984e-03,3.539131829124689526e-03,3.700076315841530072e-03,3.631514416931508598e-03,3.594563611001728651e-03,3.712043207207509337e-03,3.627811512716142862e-03,3.723063308960204189e-03,3.712955465730036989e-03,3.746175423337335265e-03,3.669498737252231690e-03,3.630663460267264525e-03,3.648667589749435020e-03,3.620123491038219031e-03,3.615187315505506878e-03,3.716934536630220592e-03,3.688923904230582973e-03,3.729210332859537406e-03,3.673365947126670111e-03,3.831747300983475053e-03,3.773078173856087101e-03,3.563138919670519843e-03,3.656965742455280284e-03,3.708606232479592577e-03,3.593816243212383070e-03,3.772356975127426435e-03,3.657313834506022588e-03,3.648564900845799406e-03,3.751316064644493516e-03,3.524981827568996352e-03,3.612069025780735056e-03,3.638522859754854052e-03,3.560033575434583437e-03,3.633881920574695730e-03,3.740927802746741703e-03,3.609829472304494722e-03,3.744110921948789594e-03,3.745947370770741271e-03,3.675649640104861494e-03,3.694370012431393794e-03,3.640365895958524393e-03,3.692437484487602183e-03,3.605523119551911574e-03,3.736322250920682056e-03,3.740055045805423199e-03,3.588274069380817735e-03,3.686899680883550488e-03,3.743524637091670462e-03,3.720392960531757314e-03,3.631202996229725057e-03,3.737430300593600277e-03,3.678997996643228272e-03,3.579152573824562027e-03,3.547487520781561748e-03,3.681468073830890426e-03,3.707621994461714286e-03,3.611031842182422982e-03,3.753584667104311375e-03,3.722309457007878623e-03,3.569466068798978972e-03,3.708236186888642320e-03,3.565023007476187267e-03,3.663894618739955544e-03,3.696914721174292956e-03,3.698524503028806452e-03,3.576692341368728229e-03,3.675242599601181645e-03,3.579515706685564794e-03,3.553719144595515571e-03,3.646755295062202324e-03,3.765460649263803732e-03,3.626830706201017961e-03,3.632023488524713153e-03,3.753224673632693780e-03,3.572524839730755082e-03,3.653447503302500576e-03,3.681548873755678252e-03,3.678823079176270043e-03
3.744423948257489653e-03,3.699987303806476138e-03,3.615934533661000708e-03,3.782258503202304625e-03,3.591901350511389219e-03,3.673162168633175781e-03,3.686026817833244935e-03,3.609158483446734799e-03,3.758695664910579118e-03,3.600173167171427657e-03,3.589834964933119599e-03,3.552044570348679604e-03,3.670513431949287350e-03,3.749606029463700956e-03,3.722307362509745966e-03,3.576881365051078412e-03,3.696820834442394489e-03,3.783230346784549700e-03,3.755887246470981499e-03,3.675589898488355704e-03,3.634418949495536386e-03,3.618907229175177299e-03,3.714286210306064033e-03,3.631222693642409925e-03,3.653838301746019628e-03,3.706359145079100425e-03,3.764295108702740353e-03,3.632386718533349608e-03,3.721995362557524445e-03,3.642590736515063585e-03,3.594274835929938718e-03,3.637855014382853584e-03,3.682766662507754030e-03,3.800805124362560596e-03,3.628660690987313506e-03,3.723589646316639769e-03,3.683325223607078480e-03,3.548791685496551808e-03,3.714611846742635250e-03,3.712130456800763131e-03,3.632317870496772679e-03,3.695578941966890050e-03,3.644231858192902105e-03,3.616629103361959294e-03,3.622202916181306749e-03,3.667287470320075397e-03,3.723242172525073959e-03,3.730309015188522110e-03,3.715771526863313485e-03,3.619041843139263626e-03,3.714415936760928801e-03,3.715703250628280604e-03,3.614634621134752823e-03,3.727414516635627582e-03,3.680618565474162371e-03,3.640041436243050474e-03,3.685446510629564448e-03,3.664568292151122297e-03,3.629524406665328006e-03,3.737336047514234257e-03,3.576566401473798423e-03,3.749681889744442987e-03,3.727256718940065005e-03,3.603507742648488863e-03,3.714615289992390448e-03,3.597628038371834640e-03,3.796529254475739402e-03,3.652901485568000803e-03,3.706280350660113958e-03,3.573335455607576806e-03,3.650746930380869421e-03,3.670004067605870703e-03,3.528850405592487156e-03,3.707764598523564156e-03,3.752913467321096399e-03,3.700927713642623417e-03,3.686175975077132187e-03,3.582881252956525951e-03,3.673913061498691995e-03,3.634758698341519680e-03,3.675239242222998887e-03,3.647213066114957537e-03,3.597474063914762616e-03,3.778750813032943044e-03,3.728290795626339540e-03,3.727535014262594280e-03,3.606533290752071599e-03,3.588449937336057795e-03,3.718185088692611568e-03,3.667795684179455014e-03,3.659016453320750040e-03,3.675364198437857267e-03,3.749455184169728141e-03,3.672725258075559569e-03,3.733840295863051929e-03,3.683937185235466264e-03,3.595270446150559008e-03,3.604481667513115186e-03,3.611615718572176465e-03,3.633575673288866065e-03,3.763081609317101266e-03,3.688899954974298248e-03,3.790392642428440373e-03,3.658364998689712412e-03,3.587936082403813710e-03,3.690707670321920035e-03,3.628135129311083323e-03,3.583738751229020771e-03,0.000000000000000000e+00,3.600861128586479477e-03,3.666187217518542679e-03,3.583033867591468944e-03,3.529861852760042724e-03,3.724348789464344747e-03,3.618399345188638531e-03,3.571863874830535478e-03,3.592795005896890371e-03,3.573907058201401896e-03,3.633025610107689859e-03,3.576978092906924096e-03,3.658788354831136753e-03,3.614698725173619027e-03,3.757595770158298973e-03,3.666290268608087596e-03,3.579428701412974093e-03,3.642801179209815155e-03,3.656294281867139041e-03,3.630000324650039037e-03,3.762451756349322572e-03,3.749253538502572963e-03,3.648264020846880666e-03,3.687079565790605563e-03,3.687971272918445613e-03,3.627863827510242455e-03,3.697571880641640964e-03,3.665921305629194198e-03,3.704865820180382272e-03,3.701092587147960470e-03,3.656246429141761772e-03,3.672801173696000135e-03,3.636551464244138811e-03,3.714440844782114330e-03,3.561942228896718653e-03,3.753509855024365037e-03,3.644690433944639679e-03,3.695824342385668759e-03,3.739111867079719913e-03,3.685284419141468103e-03,3.571233904317734024e-03,3.790257928176238127e-03,3.576307968172661757e-03,3.656301929180678402e-03,3.670496639342116230e-03,3.713355494884835583e-03,3.625097980001910653e-03,3.694547872089167222e-03,3.701697719651460706e-03,3.628643843302772638e-03,3.728142679065614765e-03,3.580126404566431452e-03,3.614946902145478071e-03,3.585516804521000998e-03,3.822427739928737408e-03,3.693687862055526107e-03,3.480991869691567580e-03,3.709759034852298104e-03,3.689553040196325798e-03,3.602154869931831205e-03,3.663604527201475610e-03,3.682865378289763673e-03,3.627603696706930073e-03,3.741990544813678272e-03,3.553766522472564214e-03,3.658173311292099543e-03,3.691825631847603893e-03,3.605911577945479073e-03,3.493309358648540551e-03,3.502722448219204587e-03,3.589922299532929007e-03,3.605480467398945819e-03,3.657286853208733309e-03,3.700430341017805352e-03,3.621928437622705822e-03,3.622825370573775315e-03,3.556541850710685359e-03,3.649540405473801399e-03,3.693853590465626027e-03,3.643448511587672484e-03,3.689910151256249517e-03,3.597326553932063929e-03,3.717426701191323124e-03,3.711654268808468101e-03
3.516158315451918624e-03,3.572539644383521378e-03,3.671621684842031087e-03,3.528638156794814285e-03,3.660068159729041020e-03,3.578555522174500444e-03,3.634823299903847116e-03,3.696312324923553983e-03,3.584295820624819329e-03,3.646553981609952470e-03,3.597208348652168510e-03,3.651891548699224502e-03,3.639176833016078902e-03,3.716151605250808676e-03,3.601973776977077796e-03,3.643090561440135572e-03,3.541849556942483143e-03,3.653476501910494188e-03,3.643267491117685528e-03,3.622347481510095838e-03,3.653480028128428588e-03,3.674200586968520525e-03,3.672224117508348078e-03,3.846723557538627922e-03,3.712429522747517311e-03,3.547522691465400130e-03,3.705165959966770419e-03,3.687754729399167486e-03,3.625321329160374230e-03,3.679404845832259970e-03,3.567076803866444084e-03,3.664589338920845596e-03,3.753642184517204210e-03,3.594049805389093293e-03,3.675881191332473936e-03,3.613216085148852636e-03,3.623948313096844991e-03,3.612902048151019931e-03,3.644154861494699506e-03,3.632121321676108801e-03,3.665029247289810794e-03,3.702813877461342846e-03,3.639490678007341676e-03,3.716440364548103184e-03,3.734346439169101625e-03,3.633836275175492733e-03,3.724570051013295115e-03,3.606048726985632003e-03,3.684028546244043269e-03,3.697374790634278766e-03,3.693736377093675277e-03,3.716680295886511456e-03,3.639830633637004126e-03,3.669395649116524195e-03,3.745017460595384106e-03,3.574848254367749781e-03,3.584607667313497500e-03,3.558487222116189092e-03,3.676730755088583689e-03,3.779607345425723113e-03,3.640460587386492620e-03,3.618392614121104453e-03,3.664828083781540048e-03,3.622907964564540517e-03,3.722318944488106282e-03,3.563381223816151390e-03,3.677276946798964039e-03,3.709010079058078224e-03,3.660966138198572251e-03,3.675348110177436341e-03,3.712783917829307664e-03,3.657022868262810832e-03,3.655140646631599693e-03,3.699850812420397636e-03,3.751314959721391718e-03,3.603046827874343671e-03,3.624148431165252152e-03,3.615811604024634588e-03,3.561120369343361534e-03,3.814788112957659232e-03,3.682817678174778175e-03,3.708995998803272381e-03,3.693019275058194613e-03,3.609351026449721979e-03,3.634034918591137579e-03,3.709216822923667133e-03,3.672004197788531193e-03,3.614521813506133864e-03,3.715227973377652985e-03,3.559981109806510061e-03,3.825116823847969378e-03,3.664829527188077137e-03,3.582859564499001667e-03,3.681330755852555044e-03,3.590196922228566009e-03,3.614615575316122275e-03,3.624598177266153288e-03,3.601208418978272489e-03,3.637442596665205804e-03,3.736485899505407986e-03,3.658375829985212671e-03,3.654451431735514493e-03,3.813917994372291106e-03,3.728724474756745302e-03,3.713559158767778395e-03,3.675556847052838423e-03,3.722079577768315495e-03,3.690312305899515633e-03,3.600861128586479477e-03,0.000000000000000000e+00,3.665193343247933732e-03,3.720832929406868612e-03,3.754086318813456332e-03,3.697656688235705959e-03,3.649435208213183592e-03,3.568520374580483757e-03,3.623641172583338173e-03,3.720592482346562428e-03,3.647644311451416540e-03,3.658103051756152971e-03,3.602705662115053640e-03,3.586914188923161911e-03,3.664149537410463578e-03,3.680127360108083594e-03,3.733136164306711212e-03,3.708144879625712136e-03,3.633584845060367635e-03,3.738104756905461824e-03,3.667869918513162481e-03,3.738472743188564137e-03,3.853789846598456529e-03,3.735171990657901869e-03,3.641440449443026760e-03,3.743192078986711489e-03,3.702216667688592276e-03,3.680001394523667660e-03,3.676929333023631463e-03,3.794595431768053168e-03,3.580287173398526146e-03,3.615047452319243397e-03,3.682152105990076259e-03,3.656819370305220036e-03,3.698558872059515539e-03,3.656992514840473607e-03,3.716327745866473357e-03,3.671569754019399397e-03,3.597802973101736114e-03,3.698142970273592123e-03,3.688486735100450498e-03,3.708031538092606150e-03,3.603187209243100160e-03,3.664295677891944974e-03,3.637019690332714619e-03,3.628864496852325650e-03,3.556750254061808066e-03,3.653186488851328448e-03,3.638679966868809974e-03,3.697535539043598878e-03,3.578946271278528237e-03,3.758163030821817449e-03,3.595058467956823833e-03,3.743261079813950051e-03,3.628790287263849220e-03,3.712581428759927256e-03,3.653726574910806397e-03,3.710899572824708382e-03,3.686633901447476051e-03,3.509952903106064101e-03,3.569546180489053221e-03,3.555448810532500607e-03,3.721664656214091274e-03,3.618082700849073984e-03,3.635666560568536539e-03,3.666801823099906290e-03,3.794111699798069070e-03,3.661757958384667926e-03,3.678340862750000776e-03,3.696508705374682100e-03,3.758257030776738887e-03,3.619348464781138586e-03,3.664397589930752912e-03,3.756422824224311778e-03,3.600456191538931559e-03,3.628163416255796112e-03,3.721006927776640029e-03,3.682610775279495773e-03,3.619897568590809377e-03,3.632397324722504844e-03,3.618700168867537877e-03,3.719000935287881081e-03,3.626842360617534445e-03,3.657406468807424503e-03
3.731428123076693977e-03,3.769312885443460229e-03,3.524464798552874156e-03,3.558216595437975298e-03,3.639368945698572434e-03,3.654665072897828482e-03,3.645206193120644703e-03,3.700176806832852598e-03,3.665332187591877240e-03,3.728887956927314038e-03,3.670944035423237030e-03,3.760849018588317653e-03,3.575586184690805573e-03,3.628726299121385734e-03,3.759611127017518407e-03,3.727233882526785527e-03,3.684983664053116063e-03,3.604303495411795462e-03,3.521473183991908739e-03,3.688187865051045008e-03,3.668630104044856479e-03,3.681220506568918995e-03,3.681701471890023048e-03,3.717380813111883543e-03,3.603736809780017526e-03,3.623914878608535534e-03,3.671331928811473813e-03,3.650441559135956648e-03,3.665502335122697557e-03,3.596939881644154770e-03,3.672704596429478881e-03,3.592841623315949900e-03,3.651061980880619933e-03,3.682618382480254415e-03,3.642083230328530506e-03,3.773781892205078838e-03,3.673776028865049798e-03,3.712891730950552971e-03,3.583651178914510575e-03,3.686839925444463598e-03,3.687205334241688837e-03,3.767619073159895939e-03,3.631479220494918288e-03,3.675056056330435004e-03,3.635372214469777437e-03,3.652285315676247635e-03,3.779774454406472153e-03,3.656206321471205511e-03,3.712741361299347950e-03,3.660510114493823342e-03,3.668573451400414936e-03,3.654657030560970812e-03,3.626088950648434506e-03,3.666673376137763798e-03,3.673085375870395984e-03,3.650379430548367828e-03,3.583547869528443033e-03,3.675825841982402822e-03,3.706909425786861050e-03,3.822973470690777930e-03,3.711686841165149752e-03,3.642694049318191598e-03,3.688113461640970484e-03,3.659483007316205200e-03,3.628929347519150965e-03,3.640923198227598735e-03,3.757672551319318852e-03,3.770443202336215549e-03,3.685626784987369817e-03,3.582634970200360060e-03,3.783278800267456631e-03,3.764500408160414806e-03,3.696983463567190750e-03,3.685198378046396044e-03,3.661006921594971413e-03,3.658224295463431783e-03,3.682914907081511272e-03,3.698020323646231556e-03,3.680410779188056369e-03,3.644341827895886989e-03,3.614790756833490513e-03,3.692219552270005825e-03,3.560715189838139019e-03,3.557661970879655040e-03,3.552403260820998897e-03,3.678514762734970585e-03,3.668663129311175875e-03,3.604736720218516214e-03,3.772403800596435628e-03,3.561293166751753128e-03,3.736354742033932887e-03,3.729380961981478438e-03,3.643893757683038751e-03,3.686466829494125519e-03,3.698329684467105589e-03,3.671086247633725645e-03,3.637933300771641846e-03,3.613046657087103011e-03,3.726957943714383475e-03,3.661090093239646997e-03,3.635390361187294545e-03,3.686388337910547278e-03,3.647122011430078276e-03,3.660006141903968547e-03,3.722323780369979178e-03,3.605231960428314543e-03,3.695982596130915464e-03,3.588606395749690658e-03,3.666187217518542679e-03,3.665193343247933732e-03,0.000000000000000000e+00,3.680945436272226815e-03,3.534394477602837217e-03,3.618273955927182872e-03,3.650992024008622820e-03,3.742874415134871124e-03,3.690518421534802994e-03,3.662395842136602787e-03,3.682687395226293993e-03,3.731889259201732513e-03,3.649183120289109690e-03,3.542243914738193219e-03,3.715446972690199072e-03,3.588761468967294893e-03,3.699389969251932163e-03,3.697710353870843538e-03,3.619735281134180832e-03,3.753985353285485983e-03,3.707968104601618888e-03,3.666185229962558734e-03,3.703406276908889714e-03,3.540680301584242431e-03,3.581639709092479355e-03,3.637135621093688740e-03,3.702573276028049611e-03,3.626999149034775948e-03,3.665145169912592104e-03,3.710103806575881357e-03,3.632222498306655108e-03,3.634422327865022024e-03,3.624056110413938474e-03,3.632706072162275156e-03,3.584071955948015496e-03,3.617519519201418867e-03,3.638547213164443784e-03,3.613829859666766418e-03,3.741847162038348853e-03,3.617418044189474411e-03,3.578549357566356177e-03,3.648185357440066664e-03,3.570224358755016893e-03,3.609210509073207049e-03,3.589198459700806976e-03,3.628624304044797150e-03,3.695693871215717952e-03,3.579110957420108836e-03,3.776059087529648473e-03,3.608687330105279662e-03,3.644363468012505776e-03,3.730237446657174750e-03,3.637083055173480090e-03,3.687175413922876878e-03,3.698411541981389428e-03,3.548774578800450476e-03,3.623872005960712163e-03,3.709274661893020245e-03,3.611780750418945498e-03,3.737982484732069090e-03,3.718863286290689709e-03,3.608599047745188106e-03,3.629414132063416270e-03,3.592665733616324467e-03,3.792686234893236346e-03,3.685471100481113073e-03,3.621305701293231396e-03,3.712557259794164923e-03,3.737372720718612484e-03,3.700319399600378485e-03,3.680065524669809494e-03,3.737418017640852484e-03,3.622577753035450925e-03,3.765927611087618084e-03,3.731255639826990596e-03,3.580605220383518018e-03,3.589403246258675035e-03,3.683640729919350834e-03,3.536017679933629171e-03,3.631877924910602469e-03,3.718098923630382222e-03,3.776238201704162391e-03,3.661126291897623484e-03,3.548852109366733027e-03
3.686596439490792167e-03,3.703800705361086094e-03,3.674398120696000230e-03,3.592605220814033742e-03,3.596553173035041753e-03,3.620791312284580080e-03,3.535042173441534964e-03,3.672798277929964755e-03,3.667294161564588727e-03,3.619901329482477781e-03,3.676446835839336427e-03,3.640880842414708288e-03,3.644670053785095329e-03,3.668863136441844440e-03,3.557747962544184541e-03,3.508541870663703897e-03,3.652336694725591242e-03,3.591605319361828100e-03,3.658400709166865009e-03,3.684977415938624993e-03,3.678950235958606662e-03,3.745663600812655907e-03,3.769891847257068797e-03,3.676908281330411657e-03,3.712896422337603076e-03,3.570665078060455879e-03,3.687148651112762132e-03,3.694876621428204617e-03,3.630100295391614201e-03,3.659445128575496923e-03,3.675646451917568766e-03,3.782150820195240033e-03,3.717302779673235715e-03,3.634956747523799322e-03,3.781636680710263442e-03,3.756224924962632376e-03,3.569972031440943848e-03,3.791603135285782303e-03,3.615994880219023516e-03,3.596814522948402724e-03,3.708424466354472496e-03,3.580720131280683283e-03,3.610162471316994207e-03,3.600095860506567248e-03,3.602713814532189970e-03,3.699758725246303590e-03,3.734980095447119550e-03,3.616716910916090242e-03,3.755482280287263108e-03,3.772970475495549241e-03,3.804646133391011847e-03,3.585411859096289486e-03,3.722978875144962192e-03,3.743789136139997250e-03,3.645580064313933780e-03,3.603918385630535109e-03,3.699526628158174638e-03,3.619373776038499468e-03,3.679490165608715214e-03,3.671136951023496256e-03,3.642871901246442709e-03,3.698306142670587746e-03,3.670797940153942493e-03,3.672552924354303971e-03,3.626188264382951103e-03,3.682208072231456675e-03,3.714665805663379134e-03,3.727833335268754874e-03,3.690643820995411807e-03,3.649469787553088519e-03,3.543735483143766428e-03,3.734253297397969844e-03,3.614448763432936799e-03,3.586439981055225632e-03,3.658031416982819757e-03,3.762385818342434650e-03,3.657368560706520961e-03,3.606741600443288086e-03,3.622575490081288326e-03,3.669619967102970889e-03,3.588454103699879015e-03,3.645026449041411255e-03,3.780484110091575801e-03,3.477150937028517311e-03,3.822207386156699273e-03,3.827669321635182153e-03,3.677793127365305316e-03,3.664965214093634811e-03,3.650668644626962195e-03,3.637595124525511408e-03,3.649377500748514358e-03,3.632183647911902714e-03,3.705920862783227375e-03,3.586188281708123978e-03,3.662816967072331231e-03,3.773086478911658308e-03,3.718924248189304799e-03,3.588531334966429866e-03,3.636027478228826340e-03,3.580887740702411344e-03,3.528539504223996565e-03,3.703242196529026378e-03,3.735149682850295080e-03,3.641524872461318618e-03,3.590595020914798350e-03,3.676585248830052492e-03,3.630864458055742348e-03,3.566362632414069901e-03,3.583033867591468944e-03,3.720832929406868612e-03,3.680945436272226815e-03,0.000000000000000000e+00,3.641595658521087128e-03,3.724463462200482220e-03,3.620104323228036207e-03,3.822549108974966810e-03,3.554250234242396431e-03,3.701763869078849526e-03,3.720186323281891166e-03,3.690764991577769570e-03,3.610764600868277257e-03,3.699575038867652672e-03,3.667995522197286130e-03,3.546919034106399068e-03,3.782650966562216364e-03,3.827475519279081428e-03,3.691163795465957336e-03,3.687547281806541431e-03,3.706055222054830886e-03,3.602525799266742719e-03,3.650527318581308234e-03,3.567553148076529120e-03,3.625590803616680728e-03,3.595273970538966427e-03,3.605918584218062439e-03,3.619552813567671404e-03,3.768368432464105564e-03,3.565905457001974747e-03,3.730004213460881221e-03,3.556158377172613690e-03,3.513831645847506364e-03,3.523441368843513444e-03,3.599924715364121244e-03,3.806212332282209784e-03,3.779090555592212134e-03,3.607034226990156120e-03,3.605654724699282158e-03,3.812976428785655892e-03,3.678284658363633990e-03,3.728106680166004810e-03,3.692630000389421265e-03,3.690821178563148588e-03,3.668068371478145576e-03,3.615005082774902078e-03,3.770556224365897817e-03,3.658718829633193347e-03,3.715296811615434024e-03,3.606628708978944740e-03,3.576630391530214847e-03,3.677400643320966316e-03,3.618058250272328854e-03,3.597521995141285574e-03,3.551199182404767615e-03,3.560899786405617023e-03,3.618475452670278768e-03,3.709629523472981853e-03,3.662036982109047323e-03,3.730425936824646391e-03,3.648175735071140704e-03,3.652801178373384864e-03,3.583231712213907731e-03,3.553171731094049816e-03,3.691548852087814594e-03,3.780690567176535084e-03,3.565189002609537878e-03,3.765202701459321229e-03,3.687349211485268889e-03,3.645626059151853022e-03,3.688066782569406673e-03,3.753016351152678627e-03,3.593943092802895194e-03,3.572755257989124796e-03,3.736547055021884403e-03,3.636221946748357473e-03,3.614672732427767939e-03,3.782600501438056553e-03,3.633108433843098509e-03,3.621363224863236811e-03,3.678484809444841110e-03,3.677902195692059166e-03,3.606555332687277904e-03,3.772799041276408364e-03
3.578991131051840503e-03,3.585045125146553088e-03,3.751126306519035006e-03,3.651983117977555381e-03,3.699749787586871161e-03,3.547294156913487293e-03,3.577142528641152723e-03,3.701193095858017462e-03,3.763629526532375966e-03,3.712960815209874390e-03,3.760389404709593361e-03,3.642766808533976289e-03,3.686282049350495405e-03,3.741584352939467638e-03,3.664294745221357511e-03,3.717751043716363904e-03,3.621479577966683558e-03,3.764277940813760132e-03,3.701030183992294175e-03,3.604561122730574017e-03,3.659276823533882950e-03,3.663576318474837199e-03,3.671217604953385186e-03,3.665869923707652453e-03,3.751015996780842666e-03,3.677877323913849705e-03,3.577615748260678814e-03,3.665188636900129637e-03,3.677113868813037655e-03,3.626616077585700492e-03,3.570436782134978927e-03,3.723479910009019119e-03,3.659617144844285862e-03,3.641906573594551506e-03,3.640217455895697340e-03,3.616076552023786243e-03,3.683426733183186100e-03,3.746238276956154883e-03,3.691720501332530074e-03,3.707699251802881995e-03,3.718121720558529957e-03,3.730916389245881540e-03,3.651228670124530805e-03,3.659809790038610899e-03,3.718912385305399564e-03,3.662379107310717499e-03,3.642029624444722245e-03,3.708823332356599688e-03,3.762475963962245897e-03,3.696305064838867772e-03,3.596235208361562088e-03,3.629392506989403099e-03,3.606727423499451763e-03,3.732362666529980867e-03,3.602163137294830259e-03,3.742872191866809719e-03,3.656778273158113601e-03,3.584808885810656688e-03,3.744345045627577723e-03,3.646206759292681607e-03,3.668074472627604922e-03,3.520036598220176779e-03,3.670259821231988163e-03,3.667064862173165588e-03,3.697185505568707092e-03,3.643937231078822180e-03,3.666482431471714248e-03,3.584419089017081179e-03,3.664249145361338483e-03,3.628575669602210254e-03,3.690761510818719223e-03,3.666043957758964925e-03,3.672018456450242170e-03,3.646691837865990212e-03,3.632021943207419321e-03,3.635426359044084156e-03,3.623393402694711704e-03,3.692789747292397808e-03,3.709607289605527675e-03,3.788363424326081971e-03,3.711692323236835678e-03,3.571818788846262659e-03,3.681197752781056442e-03,3.683256650959239840e-03,3.746639726704856840e-03,3.668437419608272260e-03,3.754196210032916849e-03,3.678876079994725014e-03,3.542604170633098341e-03,3.554349324966879411e-03,3.695628458252189080e-03,3.636055678971974580e-03,3.590990244752045087e-03,3.673460180566906833e-03,3.681833678584742892e-03,3.633993111229343737e-03,3.538136679679883007e-03,3.596894387926614228e-03,3.683325585789975435e-03,3.615685465232886062e-03,3.596992497444599212e-03,3.635152707520385596e-03,3.531169833398485440e-03,3.677170431374361583e-03,3.576908595128479654e-03,3.696543560093494205e-03,3.734670098938839156e-03,3.621553551404127665e-03,3.529861852760042724e-03,3.754086318813456332e-03,3.534394477602837217e-03,3.641595658521087128e-03,0.000000000000000000e+00,3.775647270225058073e-03,3.752571165159937060e-03,3.617566357351978314e-03,3.704951455039961171e-03,3.701417220158351434e-03,3.634561019787151213e-03,3.735183260481196501e-03,3.668816380819882664e-03,3.762734872413240825e-03,3.677871228511214383e-03,3.695626374933826640e-03,3.668939120259910504e-03,3.541003006145794409e-03,3.596744949351686482e-03,3.656824611194024570e-03,3.573012906378808355e-03,3.695544543404927652e-03,3.644888487579418020e-03,3.655595194428371171e-03,3.671162636940748791e-03,3.753746031746967547e-03,3.660762056160523845e-03,3.687850449406594299e-03,3.638745894252635570e-03,3.700935199458241405e-03,3.606673889959979319e-03,3.738705056539668500e-03,3.664089849238018164e-03,3.717105168745220550e-03,3.663861102802923753e-03,3.652057149710936142e-03,3.788264912543834288e-03,3.670422942664322476e-03,3.628502278465342828e-03,3.626070958744362881e-03,3.616652227380008199e-03,3.616188867236211444e-03,3.620197215947302052e-03,3.718191822591318009e-03,3.770363451199636347e-03,3.609572582172625773e-03,3.578047758325243743e-03,3.688059196837713272e-03,3.627606532585159801e-03,3.651311044749445869e-03,3.762270772964563734e-03,3.697768708053483615e-03,3.685582917884025478e-03,3.680618061442813595e-03,3.518974549021301312e-03,3.683183066074451929e-03,3.772061389635353226e-03,3.556731375439152465e-03,3.659022043978921255e-03,3.716275639704359583e-03,3.596725208872494223e-03,3.690948751413731903e-03,3.685013077016784881e-03,3.690505700823959803e-03,3.637868282339869197e-03,3.705439571503523367e-03,3.758737779120501898e-03,3.650939550390704981e-03,3.691892236320599811e-03,3.622624960212976475e-03,3.756800559230785621e-03,3.628505880638084342e-03,3.641118167765227103e-03,3.601552448897485641e-03,3.617446416779322282e-03,3.711937164043771411e-03,3.652346548054993640e-03,3.649372662306194816e-03,3.703076231112340227e-03,3.606979298147957019e-03,3.563609963130383307e-03,3.616142871003848180e-03,3.691744874150544760e-03,3.599868330147516522e-03
3.571695243717609627e-03,3.710004010043198297e-03,3.819360889303251207e-03,3.473815341601472692e-03,3.636292168839211879e-03,3.572765531179414571e-03,3.640768634214786546e-03,3.683732178196976164e-03,3.795482577440392139e-03,3.623177985318009903e-03,3.543986409085942910e-03,3.687044802051188484e-03,3.716296839612160622e-03,3.600473175855945993e-03,3.625391449377212034e-03,3.583563964084722324e-03,3.625297916249568386e-03,3.651117864888081023e-03,3.797666860300359052e-03,3.669917445597642956e-03,3.660869151102721670e-03,3.749953596517779063e-03,3.747843496353576130e-03,3.746015547826862975e-03,3.734758670310253399e-03,3.576891095262333623e-03,3.617797163872091531e-03,3.610730333205870377e-03,3.623938537487369875e-03,3.642427430519333889e-03,3.578934075912467479e-03,3.729893057843543507e-03,3.683275245653515936e-03,3.659483509678375292e-03,3.590464939192584623e-03,3.602255862850541838e-03,3.694229269173256430e-03,3.674477574012040802e-03,3.711792580914503349e-03,3.623299424186198284e-03,3.739051702707251075e-03,3.658660345558612751e-03,3.639481164486117835e-03,3.718336305493308638e-03,3.646430497932398856e-03,3.601449110601098215e-03,3.624596462549866793e-03,3.623753884621683588e-03,3.717006142159030770e-03,3.641363119221647637e-03,3.773467079739837964e-03,3.679437866088076069e-03,3.558161475314409582e-03,3.820568219795185405e-03,3.685536738347120530e-03,3.771315781092624518e-03,3.694454091638842575e-03,3.537531451656806148e-03,3.756716359729023701e-03,3.744551374717704391e-03,3.535366299464681207e-03,3.652858302541816832e-03,3.619688958230557647e-03,3.714811544292693102e-03,3.553294389341459057e-03,3.666862277036772762e-03,3.525880558878641616e-03,3.708360861919755141e-03,3.596496447373508272e-03,3.570287158407924478e-03,3.566111329669386255e-03,3.773834108446054436e-03,3.675455840325073630e-03,3.575385606289407502e-03,3.771210475013941476e-03,3.833232084955770069e-03,3.652905742690033299e-03,3.837496508720930535e-03,3.680032142983050494e-03,3.771054891904338825e-03,3.571208635589017810e-03,3.614422881955397550e-03,3.662813631388410311e-03,3.650532136866040372e-03,3.654354358909512202e-03,3.689814451244474540e-03,3.526919525258644193e-03,3.670906151424476512e-03,3.702204053279547612e-03,3.663985416835796594e-03,3.769405313144593133e-03,3.732327591608387840e-03,3.636601501215868879e-03,3.615570140593880530e-03,3.776382806419895707e-03,3.709937654428964102e-03,3.597060209627035363e-03,3.594732046955534301e-03,3.705464812574245630e-03,3.556838363541494751e-03,3.537608208800975020e-03,3.668205456962374961e-03,3.634960486709163437e-03,3.628670982940149919e-03,3.577183841980327312e-03,3.640586804934300546e-03,3.622686690739722760e-03,3.607624613016601704e-03,3.724348789464344747e-03,3.697656688235705959e-03,3.618273955927182872e-03,3.724463462200482220e-03,3.775647270225058073e-03,0.000000000000000000e+00,3.640019632274987989e-03,3.691517901137995016e-03,3.566700552461158323e-03,3.675064416985775358e-03,3.577495215988770252e-03,3.744269387554613991e-03,3.757128621283165743e-03,3.620823885468823274e-03,3.600347086709003528e-03,3.638393551220750217e-03,3.659462193779037566e-03,3.655406850317821296e-03,3.663150067508248991e-03,3.704129647997261767e-03,3.684837157652308577e-03,3.793708382620282482e-03,3.712073862417229839e-03,3.734552589847749994e-03,3.729399268200863423e-03,3.597505721706533051e-03,3.739237284422526186e-03,3.707653304975989765e-03,3.755918497896996652e-03,3.764563536233701824e-03,3.697389839012534506e-03,3.600244954496378477e-03,3.590507831382227545e-03,3.624664037182513676e-03,3.555245792286772493e-03,3.693538338402908242e-03,3.680394961972329512e-03,3.576168625815701572e-03,3.750650967979821636e-03,3.668197138449352454e-03,3.681588002090038173e-03,3.641718710133221709e-03,3.558645481396483044e-03,3.720271093891459966e-03,3.726629358699707489e-03,3.669173493614706801e-03,3.701926507306644958e-03,3.706687295921531379e-03,3.768382234794797562e-03,3.675150592792232693e-03,3.555857352192012041e-03,3.585999457795820220e-03,3.650716376528584817e-03,3.512181069105494834e-03,3.631620835636076294e-03,3.623940910159833759e-03,3.705267023319591419e-03,3.644398134238210039e-03,3.699234541398290811e-03,3.646635954873446873e-03,3.697388291579680342e-03,3.832632380236821942e-03,3.659445948530064274e-03,3.649998612753031259e-03,3.612990721754641681e-03,3.791341287980397930e-03,3.580045945787469191e-03,3.583490841677774725e-03,3.616974099021937148e-03,3.613919331968909986e-03,3.585879163012324275e-03,3.669244531469786474e-03,3.619814289889888848e-03,3.600748251451802058e-03,3.704497379350523388e-03,3.712223233674493122e-03,3.478823174197089724e-03,3.739998811102747487e-03,3.613871431680280768e-03,3.638095466486193034e-03,3.658146185152334143e-03,3.701082286198206697e-03,3.556809199968768292e-03,3.703493002212011800e-03
3.625596509965878581e-03,3.691860191314708366e-03,3.568002551185953455e-03,3.725045758750222553e-03,3.589742993674530612e-03,3.622100065482997990e-03,3.711773357833531278e-03,3.818618262327201380e-03,3.716140868587737046e-03,3.710016754243589902e-03,3.598769809752983776e-03,3.639506364338051733e-03,3.694329297404073259e-03,3.624864832817227284e-03,3.585175724880465022e-03,3.547908708907030959e-03,3.651330750605257143e-03,3.715022977486076572e-03,3.748330252832389377e-03,3.547685624431432851e-03,3.601846689772547367e-03,3.633358618031598715e-03,3.674666548757869050e-03,3.569160442733954140e-03,3.750938048076414479e-03,3.688986495761960565e-03,3.632203177176500548e-03,3.651554561375227985e-03,3.637613826233431977e-03,3.703804493759356962e-03,3.659180103795111119e-03,3.589775609957055694e-03,3.572538243109482300e-03,3.623474709887393886e-03,3.585774024782819799e-03,3.733465188652780944e-03,3.706158993785498099e-03,3.645503415307040519e-03,3.712854061149285963e-03,3.639151683521970986e-03,3.712156195991505453e-03,3.640284452225394859e-03,3.765090075246007358e-03,3.604768867698122502e-03,3.639131491319300658e-03,3.592227617433817102e-03,3.601324653086904800e-03,3.528894129093876949e-03,3.684864853787906194e-03,3.798517235678007010e-03,3.673635981353875514e-03,3.672762818044863174e-03,3.607484830708857382e-03,3.622492835626212916e-03,3.614401525312250021e-03,3.722640639899169827e-03,3.699961093847876827e-03,3.553129522462688920e-03,3.653184062281577757e-03,3.751530021378867309e-03,3.626262798580875794e-03,3.574620078957182513e-03,3.543248411292402190e-03,3.645219956551482877e-03,3.750281076572303026e-03,3.708393216999088769e-03,3.535100092407938294e-03,3.612152795696070649e-03,3.897072410260044809e-03,3.647977749243095247e-03,3.732783978793703574e-03,3.608587447714052369e-03,3.684864778469687085e-03,3.668738033717070315e-03,3.735643117366784123e-03,3.580923294114855913e-03,3.701408941077254534e-03,3.519681690376814942e-03,3.742838931774990999e-03,3.718288418036212999e-03,3.592787340628626064e-03,3.639896090959103634e-03,3.729687205710992704e-03,3.620560437932177598e-03,3.803460264941607542e-03,3.611111492120597059e-03,3.655828168039471950e-03,3.732467410666199126e-03,3.592106921957658079e-03,3.650984759802099622e-03,3.649240793699444919e-03,3.678980679328091707e-03,3.787791533207606528e-03,3.843075997523468824e-03,3.683205790926431279e-03,3.647526536329799042e-03,3.592720218500395062e-03,3.631655046401826951e-03,3.607701507510331553e-03,3.766002832419494510e-03,3.583105396876236359e-03,3.543039018318571050e-03,3.705564708063461329e-03,3.633275053142056340e-03,3.671538320821818996e-03,3.780344600506870510e-03,3.537288671053135779e-03,3.596238972059980984e-03,3.618399345188638531e-03,3.649435208213183592e-03,3.650992024008622820e-03,3.620104323228036207e-03,3.752571165159937060e-03,3.640019632274987989e-03,0.000000000000000000e+00,3.612084909963421235e-03,3.645298269798366315e-03,3.728625251843757822e-03,3.653624297635342001e-03,3.548378935880250069e-03,3.610866964821094014e-03,3.641341891677360616e-03,3.660887353343802390e-03,3.812493037350772346e-03,3.470008427659395430e-03,3.654585302289850395e-03,3.726477667736755386e-03,3.649231220214887300e-03,3.660404980915142863e-03,3.698574606687186645e-03,3.759240610093544325e-03,3.700559087202199421e-03,3.626633528408887593e-03,3.629863099663929119e-03,3.569954774657151542e-03,3.754771560540978281e-03,3.745171698137858118e-03,3.681621514226098273e-03,3.652761262023733035e-03,3.655569018733161729e-03,3.786170840376022403e-03,3.656567705134384800e-03,3.722870911677776326e-03,3.570255290000133759e-03,3.692105234820186946e-03,3.684427542425894667e-03,3.710005092588470905e-03,3.564209394322091513e-03,3.730114359537762495e-03,3.606558554137330366e-03,3.640424424981751356e-03,3.641284857718294233e-03,3.578313991271861103e-03,3.549632503416525527e-03,3.626985684254065406e-03,3.778124765040742888e-03,3.649338678027888843e-03,3.768088497119922650e-03,3.567530446625787315e-03,3.591642866698572210e-03,3.673872325936188097e-03,3.662393852575219957e-03,3.592407976595886777e-03,3.601151839985786141e-03,3.667834811574377171e-03,3.728793542590051659e-03,3.655979523999544015e-03,3.603101887115068951e-03,3.624049491947095754e-03,3.719626514672118040e-03,3.651384760138473139e-03,3.890779839637471121e-03,3.617835857496243951e-03,3.654656244597926599e-03,3.733517978941319933e-03,3.821921484522381243e-03,3.680347715680125885e-03,3.673581378623899142e-03,3.778095330256336579e-03,3.653580645328571418e-03,3.691981896150388701e-03,3.614905875704886497e-03,3.701014242149342978e-03,3.651349444441077605e-03,3.700787132562467600e-03,3.547132499746745871e-03,3.707972309903532441e-03,3.671780121208688841e-03,3.577788989077848852e-03,3.643620755974756511e-03,3.795416756844601121e-03,3.676337539642913262e-03
3.644899881952337172e-03,3.722650823243110491e-03,3.711783710260289134e-03,3.547409395415984743e-03,3.770166293025935256e-03,3.713967834285051076e-03,3.525612891266273474e-03,3.662862081961384096e-03,3.684689044567578033e-03,3.787427467461554169e-03,3.699186227712464043e-03,3.566442987920340549e-03,3.659506380553960610e-03,3.838662439904054220e-03,3.671225575232644686e-03,3.580383684028349504e-03,3.712657236382114253e-03,3.644528860430260205e-03,3.645213768714043821e-03,3.774264406102985272e-03,3.569903619807991094e-03,3.664151610275420082e-03,3.588388814315261136e-03,3.655846273249688423e-03,3.647991804784889939e-03,3.607314156509128060e-03,3.739870169358400741e-03,3.604082860121977754e-03,3.644546833209196326e-03,3.654522202954204983e-03,3.681343332943085109e-03,3.735329010774943344e-03,3.711628454957250928e-03,3.744632547632242847e-03,3.662461636994042685e-03,3.620919817032681315e-03,3.621764035725308535e-03,3.727651169692065749e-03,3.516979785075414339e-03,3.679259569843270055e-03,3.700963190826497221e-03,3.605484629155667180e-03,3.722460825100794030e-03,3.635973721031293075e-03,3.548756657849468175e-03,3.541007317641901592e-03,3.661378404697808106e-03,3.659281627597562366e-03,3.768558372400587775e-03,3.660546267060138526e-03,3.735065736149173823e-03,3.614485811108994820e-03,3.599617017299290740e-03,3.744778886238582776e-03,3.738915802020347911e-03,3.685648887173289829e-03,3.680725445910979290e-03,3.737836933161909746e-03,3.698502941719611792e-03,3.621376799651072724e-03,3.715491661330486920e-03,3.586480790667599932e-03,3.709828532130789169e-03,3.793246291273351476e-03,3.635271062551508059e-03,3.522281177876958325e-03,3.679694299017369306e-03,3.640727419014111888e-03,3.674990028644243168e-03,3.646654675998080904e-03,3.688494358909355855e-03,3.704357250864549322e-03,3.620683130124769875e-03,3.560307602599024901e-03,3.689996158459855555e-03,3.803591935907424740e-03,3.678349357753104946e-03,3.741354853927406337e-03,3.643650662708277158e-03,3.578524783895069110e-03,3.752340631534381056e-03,3.518877336893816779e-03,3.538990275489737897e-03,3.650769577753874579e-03,3.659572489038775446e-03,3.668900968940457929e-03,3.657050964952641460e-03,3.635891909093584735e-03,3.719530026148615363e-03,3.670224305925586655e-03,3.561831955511897581e-03,3.708310247646873746e-03,3.689907269879333807e-03,3.635593350533588165e-03,3.591615026623845748e-03,3.717930431264805050e-03,3.612928046881898596e-03,3.613943633095311522e-03,3.715109995830090123e-03,3.611379380815215798e-03,3.631521504702319401e-03,3.594389666603078643e-03,3.641445189918877164e-03,3.625604791961524725e-03,3.662062433118418951e-03,3.608069627404419423e-03,3.628844702869694731e-03,3.539131829124689526e-03,3.571863874830535478e-03,3.568520374580483757e-03,3.742874415134871124e-03,3.822549108974966810e-03,3.617566357351978314e-03,3.691517901137995016e-03,3.612084909963421235e-03,0.000000000000000000e+00,3.722621184610265185e-03,3.592366531228992702e-03,3.786258804488989126e-03,3.732404887846057888e-03,3.730845199770666150e-03,3.692386315298713112e-03,3.556942889552928717e-03,3.685103547444013201e-03,3.707257426688675972e-03,3.657039137045308211e-03,3.661415747023737469e-03,3.718499794921564013e-03,3.800995000634171690e-03,3.725630706974496480e-03,3.625712819482298545e-03,3.698924872198895274e-03,3.562375983019461408e-03,3.566053592444081224e-03,3.749750004201927479e-03,3.676626361393173746e-03,3.688451986020913065e-03,3.552159893583975523e-03,3.702785321849475127e-03,3.475738121913714285e-03,3.648928628427282501e-03,3.464798502471973154e-03,3.544471586210238331e-03,3.754345356380887552e-03,3.769093712743298245e-03,3.556754729323191762e-03,3.787921517608811798e-03,3.714949372864083735e-03,3.731020958216776581e-03,3.699851678062811289e-03,3.684019546613008077e-03,3.607896867572792446e-03,3.679605596100603629e-03,3.654407041262163966e-03,3.802395827346100130e-03,3.688438464845735301e-03,3.753294203173563812e-03,3.707873270532980551e-03,3.527569812196849636e-03,3.594949507447161609e-03,3.686497908908036893e-03,3.657446889727822194e-03,3.525370560791780093e-03,3.680766016119063795e-03,3.671955628200179993e-03,3.712908155827062198e-03,3.651122754090792115e-03,3.694006160883669346e-03,3.699965044007537136e-03,3.797237271156074772e-03,3.674685995846795235e-03,3.575364676330373796e-03,3.683047971098068335e-03,3.827456015684443241e-03,3.580846454938408068e-03,3.734558534860473854e-03,3.711944414946074036e-03,3.583638268643241868e-03,3.602900610847483299e-03,3.730120273134988115e-03,3.571369723897831888e-03,3.669933541406075576e-03,3.715149192955091197e-03,3.678843598999570214e-03,3.587255860660357783e-03,3.574771591887377243e-03,3.635331729010497694e-03,3.565720687118198798e-03,3.784783323646380426e-03,3.674919644255469301e-03,3.492073873060968624e-03,3.631228260464099307e-03
3.755446110832006291e-03,3.616010962614395110e-03,3.711907593702741450e-03,3.694326145341765046e-03,3.611321642240613791e-03,3.683322531169355186e-03,3.724848931458767543e-03,3.700779639327078652e-03,3.572027231208741577e-03,3.680149525277313580e-03,3.652380182073628086e-03,3.651913259424958633e-03,3.670528829047848326e-03,3.593808374256923181e-03,3.691670066445482123e-03,3.748430006248587663e-03,3.618576318792534555e-03,3.608120846670593261e-03,3.616570740044551622e-03,3.854203365871040985e-03,3.621463874464696947e-03,3.670096295315810730e-03,3.651134606321001976e-03,3.732286954435149427e-03,3.691509984399109039e-03,3.716571631724158338e-03,3.645407832471627037e-03,3.706129645828629138e-03,3.649529672600700277e-03,3.710011254738652519e-03,3.764288828290864031e-03,3.736421636649457298e-03,3.655298148882516092e-03,3.717651595933003667e-03,3.650868796020318927e-03,3.651205904628690782e-03,3.699616814932551751e-03,3.665432154274665243e-03,3.649508806075484231e-03,3.697237111080294621e-03,3.666915779600360154e-03,3.686321480415236888e-03,3.641383955902862280e-03,3.653266366076708509e-03,3.668548922830470235e-03,3.697197567084818063e-03,3.674419084768995158e-03,3.572893914926542243e-03,3.620489718957370807e-03,3.563002558001240709e-03,3.549260366792853730e-03,3.523868124232009107e-03,3.734029644832684031e-03,3.606375040820477412e-03,3.592273860606755558e-03,3.752879805597246227e-03,3.721088086707487544e-03,3.782452178368396391e-03,3.663355492254012809e-03,3.630704756676837730e-03,3.850347407688037033e-03,3.645260544648821696e-03,3.718569348233982576e-03,3.617079413687258535e-03,3.624589219219954798e-03,3.686162889584859541e-03,3.610054032137950415e-03,3.650090552511632731e-03,3.674653520564331605e-03,3.679917813198257861e-03,3.701388770015022565e-03,3.736010960018839710e-03,3.697994616092763198e-03,3.641088676800736772e-03,3.705088327658684517e-03,3.624537438001729228e-03,3.638064747855899485e-03,3.692973013378680978e-03,3.459796809957750401e-03,3.640517416477169824e-03,3.736356648297936307e-03,3.718727347007696245e-03,3.615325030649103877e-03,3.675044940111267620e-03,3.621950282057372766e-03,3.545018199649438949e-03,3.612316149144043434e-03,3.697411460181895902e-03,3.756290917587592950e-03,3.742042565964228719e-03,3.551692853755176755e-03,3.622997512662454352e-03,3.655983944127398893e-03,3.626044972725233836e-03,3.652960814717472107e-03,3.562828330874377464e-03,3.672100801469574925e-03,3.676071580188776736e-03,3.600660449431873113e-03,3.658340881147545062e-03,3.686360627469133146e-03,3.685841293588161191e-03,3.671770767969109294e-03,3.624068595647927937e-03,3.772436387630165918e-03,3.569017651572985519e-03,3.673562354686228312e-03,3.700076315841530072e-03,3.592795005896890371e-03,3.623641172583338173e-03,3.690518421534802994e-03,3.554250234242396431e-03,3.704951455039961171e-03,3.566700552461158323e-03,3.645298269798366315e-03,3.722621184610265185e-03,0.000000000000000000e+00,3.674646221246399402e-03,3.699714736999925278e-03,3.593198387727099697e-03,3.762582237178104839e-03,3.703852359689752474e-03,3.708837960647970444e-03,3.678477717135335799e-03,3.726231498116779148e-03,3.617305709100474432e-03,3.626024236955334521e-03,3.664011236245374829e-03,3.607091350664474224e-03,3.687684812059708207e-03,3.607199763358682424e-03,3.612328508291413019e-03,3.719417385792667813e-03,3.637149104816638119e-03,3.563805680836563527e-03,3.752123606094316666e-03,3.606162080024287540e-03,3.587380604702149287e-03,3.722893437569169822e-03,3.742573076985352461e-03,3.694792370904984805e-03,3.774865164397396382e-03,3.657682577511387877e-03,3.585966788699793302e-03,3.599067615469254185e-03,3.807290589491720695e-03,3.606660475866278921e-03,3.697383707952843317e-03,3.672140102262759411e-03,3.617573655658055422e-03,3.563234044673899321e-03,3.684508369510632562e-03,3.746552656275754442e-03,3.873455115771847011e-03,3.579602461978383370e-03,3.601298793987451480e-03,3.670997837152542662e-03,3.661387199014357399e-03,3.716344860004645520e-03,3.678971554174442077e-03,3.586057547391636492e-03,3.619203155057885458e-03,3.722984613365532772e-03,3.628007192430565773e-03,3.578629981550456203e-03,3.590770291667237310e-03,3.536589671347894950e-03,3.719450005721575570e-03,3.698230072870563583e-03,3.609599498179784545e-03,3.589456934728299086e-03,3.615846184531131078e-03,3.627857824506769673e-03,3.588607664010698590e-03,3.746550701820154042e-03,3.663214265695865189e-03,3.725031962759310818e-03,3.584591471315868097e-03,3.721526328519836942e-03,3.590443649506470762e-03,3.699357548105329258e-03,3.711089963087372320e-03,3.585367011089083972e-03,3.605524459360542801e-03,3.644378449529368357e-03,3.643375721391871064e-03,3.720472085523185164e-03,3.708544844509362431e-03,3.677874697525231832e-03,3.724122030815121571e-03,3.749174024106168533e-03,3.561567416146198522e-03
3.637116422640567209e-03,3.694212793563148023e-03,3.623798371686714516e-03,3.598103608879823796e-03,3.702970518783648291e-03,3.625083433020920200e-03,3.631803526372829726e-03,3.671387708654177354e-03,3.735758853780276993e-03,3.701554799560921941e-03,3.838749873253523119e-03,3.708223393051932656e-03,3.669529954871909774e-03,3.694304806286902079e-03,3.591487807495075991e-03,3.608699977694395430e-03,3.716423722557723238e-03,3.604602229150493439e-03,3.591996824000184569e-03,3.649472156567324602e-03,3.723412215785034968e-03,3.633313783087709255e-03,3.698026438962622852e-03,3.664723125231877758e-03,3.703917816368041457e-03,3.579952983706627401e-03,3.622832773116725462e-03,3.756193829487577702e-03,3.576409778702729480e-03,3.760029275580063779e-03,3.639588048923474237e-03,3.616669150013926935e-03,3.629710438360274696e-03,3.591116564015644184e-03,3.583573660332229054e-03,3.674017384437206369e-03,3.636080512277034462e-03,3.656947124532923706e-03,3.587679449484312052e-03,3.620767618719009616e-03,3.634377914060665099e-03,3.763142879315704587e-03,3.632648069349036102e-03,3.689890041652331681e-03,3.716161711070184448e-03,3.741799506475232059e-03,3.640430227329770514e-03,3.661578122159822590e-03,3.616576242472121627e-03,3.672747542832371145e-03,3.693364515175305823e-03,3.655356808583328128e-03,3.739792429177519507e-03,3.703291662643748514e-03,3.655880742292695433e-03,3.627666718254857377e-03,3.689202986009706541e-03,3.703336223169500455e-03,3.621472721112373519e-03,3.723760300038240784e-03,3.672712424522262247e-03,3.666918560296472760e-03,3.668728013649398458e-03,3.782549208512842043e-03,3.609956720184793414e-03,3.728376790545369010e-03,3.602921353131985707e-03,3.701357298542927530e-03,3.659676258710847178e-03,3.572212416819096122e-03,3.612631530403145712e-03,3.586571238699899026e-03,3.699420933248803028e-03,3.685664821211740924e-03,3.685715856372385330e-03,3.652503376870948164e-03,3.619560823132279750e-03,3.650635365261703427e-03,3.633601427165509754e-03,3.674312301799566131e-03,3.560215743297779917e-03,3.588476959113205689e-03,3.789024426949851119e-03,3.638636974354474054e-03,3.666568092544365658e-03,3.672504491496415228e-03,3.670106337009598416e-03,3.747859795383269750e-03,3.697057523302795315e-03,3.544952348861925978e-03,3.657736603656653283e-03,3.652673470218647817e-03,3.690999481982159842e-03,3.818207975211335408e-03,3.570709895330469522e-03,3.658954507948704651e-03,3.689624200108788336e-03,3.644045282440131883e-03,3.689600759636368910e-03,3.724058892950131081e-03,3.545696086788989281e-03,3.580822322263403027e-03,3.673779477865674395e-03,3.743370003402693696e-03,3.849914410435880448e-03,3.770773890962628595e-03,3.676648493626724374e-03,3.631514416931508598e-03,3.573907058201401896e-03,3.720592482346562428e-03,3.662395842136602787e-03,3.701763869078849526e-03,3.701417220158351434e-03,3.675064416985775358e-03,3.728625251843757822e-03,3.592366531228992702e-03,3.674646221246399402e-03,0.000000000000000000e+00,3.592264348436683980e-03,3.588917060270606276e-03,3.616668866263087270e-03,3.683506907514532726e-03,3.664105545128289697e-03,3.697268989650621517e-03,3.685489897519539718e-03,3.799637634503512905e-03,3.687182213756047371e-03,3.555759167613635995e-03,3.588717635585359465e-03,3.708897081929611594e-03,3.866524024217967564e-03,3.659271842983208810e-03,3.660934678183405070e-03,3.666204933064064111e-03,3.691966244937760263e-03,3.615944945627580856e-03,3.652281140797516285e-03,3.740211150421938590e-03,3.631152717440286771e-03,3.657921264042432192e-03,3.585600275227055541e-03,3.679507557674286354e-03,3.649211834893177891e-03,3.654529346512576989e-03,3.606279044134413567e-03,3.816086727094891891e-03,3.626510192401898990e-03,3.646910557851059786e-03,3.707118376118342332e-03,3.694204311033680126e-03,3.696647969625978854e-03,3.677598007692331819e-03,3.527157907392552971e-03,3.716460331276972423e-03,3.567922949130131974e-03,3.585929679530358485e-03,3.719110726239877127e-03,3.641891757014213433e-03,3.573158746638569871e-03,3.553929990823493073e-03,3.647942820590290101e-03,3.565678258391849226e-03,3.690935926683727372e-03,3.525355324572294370e-03,3.716386666542569744e-03,3.598192496415736265e-03,3.664746706671022022e-03,3.596397478799951385e-03,3.711052713284141661e-03,3.610561812916478468e-03,3.504810427368392108e-03,3.678208592828552392e-03,3.565158153029658519e-03,3.625237144415536725e-03,3.567478963166943132e-03,3.682087387985395668e-03,3.670487504978496573e-03,3.751287629499797192e-03,3.632323588834661821e-03,3.713164229581238270e-03,3.624165639835891673e-03,3.611198336841748863e-03,3.598668738363159855e-03,3.606422801830022271e-03,3.747825881702865434e-03,3.809331155768038227e-03,3.706289889956455082e-03,3.617249466604647613e-03,3.624512341188539100e-03,3.828267966477327203e-03,3.750577001036258483e-03,3.712449558715183971e-03
3.746325600182823581e-03,3.597149135152495538e-03,3.652106347615446860e-03,3.623699285852374948e-03,3.623162917719895820e-03,3.768140883033151492e-03,3.646622484324599928e-03,3.661849438198176970e-03,3.621842813844811972e-03,3.731935843581345863e-03,3.622761062017380764e-03,3.635376917052255373e-03,3.725490644316757204e-03,3.656191421319576057e-03,3.709322017364243863e-03,3.649213903961096624e-03,3.633466254230505264e-03,3.677035380997323473e-03,3.623999516551321392e-03,3.636212148229809715e-03,3.771987583196126891e-03,3.738869607352873423e-03,3.670515889191374673e-03,3.618958685248499681e-03,3.600609186625468392e-03,3.647343269036405940e-03,3.696685187686785286e-03,3.690427304221326980e-03,3.611555967545104599e-03,3.666764937282343626e-03,3.650297557600551499e-03,3.696295761223333549e-03,3.593483012419012180e-03,3.715599692807355307e-03,3.614474201611598408e-03,3.638714122130133621e-03,3.625250739628678616e-03,3.822237869984197994e-03,3.579302484386653101e-03,3.752183400467628323e-03,3.632870194830810189e-03,3.600255248051916369e-03,3.712656177201300450e-03,3.601094757307199152e-03,3.568667034223971073e-03,3.714792918648664698e-03,3.664697441825144359e-03,3.590172801279616424e-03,3.783690245247228485e-03,3.702160268951052314e-03,3.663605378139278470e-03,3.631346069095053170e-03,3.691297212669694856e-03,3.589223783855648685e-03,3.617259695931048305e-03,3.548171903834251070e-03,3.659375932426119690e-03,3.701738181975092103e-03,3.621793492233715481e-03,3.582033784137541449e-03,3.685800179011029885e-03,3.653568465307586131e-03,3.716253302458288974e-03,3.792286451492779108e-03,3.673160338543408551e-03,3.599845621779888382e-03,3.595054590574580863e-03,3.647231609116836307e-03,3.602818742504115736e-03,3.732034777104936349e-03,3.680428451025730564e-03,3.665122459000133733e-03,3.687270063453072962e-03,3.701471666366865781e-03,3.653109279644707000e-03,3.672876107325328144e-03,3.712238659144539814e-03,3.534804490072113430e-03,3.641101477292415546e-03,3.607901278216169450e-03,3.716115454393483213e-03,3.523407728147738820e-03,3.583799571852151929e-03,3.657035865135006922e-03,3.623346988370853856e-03,3.718822401304555658e-03,3.708067463659910166e-03,3.695967456783989195e-03,3.697532951518855797e-03,3.626106433856622537e-03,3.609622909144776653e-03,3.893400695697138338e-03,3.631093090140886676e-03,3.683344706534464035e-03,3.639069469056711425e-03,3.627851741288850695e-03,3.705896235791001497e-03,3.664549453076973093e-03,3.678057236710488651e-03,3.574830857132543088e-03,3.689396831951773700e-03,3.661877121378035674e-03,3.720744065053451996e-03,3.689133361128699249e-03,3.645659392355110953e-03,3.613655309867256759e-03,3.758593436986973260e-03,3.594563611001728651e-03,3.633025610107689859e-03,3.647644311451416540e-03,3.682687395226293993e-03,3.720186323281891166e-03,3.634561019787151213e-03,3.577495215988770252e-03,3.653624297635342001e-03,3.786258804488989126e-03,3.699714736999925278e-03,3.592264348436683980e-03,0.000000000000000000e+00,3.648119315704336819e-03,3.659492068071860081e-03,3.780398440770037140e-03,3.611369166010163639e-03,3.638369398768637707e-03,3.652382541314762136e-03,3.672136246140302908e-03,3.679311935854371208e-03,3.692646177818002893e-03,3.677824928620566838e-03,3.592417887511903038e-03,3.643482509234477907e-03,3.599388678499419215e-03,3.630047078731084547e-03,3.605953195463222714e-03,3.649881873776969401e-03,3.644608237384775167e-03,3.656675035718455393e-03,3.594246238619291586e-03,3.634340156647933567e-03,3.566536650386790790e-03,3.570961381097876013e-03,3.582118246636760948e-03,3.706459390404385958e-03,3.630621478880152655e-03,3.760675061061114280e-03,3.703183187166983383e-03,3.805558890585277083e-03,3.691348085452825049e-03,3.635558562305540777e-03,3.660294533784631647e-03,3.739870733762423391e-03,3.619549803242524694e-03,3.668849300336766810e-03,3.768340236396006300e-03,3.658018849254240576e-03,3.681496437817209817e-03,3.695115955067313114e-03,3.717727086739204892e-03,3.727532914937897561e-03,3.635035251032134318e-03,3.693426463636113963e-03,3.757555555918518347e-03,3.589850650070993028e-03,3.647663814568418567e-03,3.673083843732588300e-03,3.564920867260013004e-03,3.559663909222824437e-03,3.661596691141725049e-03,3.522299878077336539e-03,3.712806818217453779e-03,3.624581195021129871e-03,3.647091853029883150e-03,3.640630198888189506e-03,3.645054045800618508e-03,3.576149566160622979e-03,3.860236516633123397e-03,3.624801908399056041e-03,3.695260957966407713e-03,3.647910389087135642e-03,3.656452565426540798e-03,3.710901227122235038e-03,3.702992530251773048e-03,3.679223823478827791e-03,3.678679839427656528e-03,3.679428867387139323e-03,3.725116769756023783e-03,3.650807210618277430e-03,3.678485657143800748e-03,3.790385706528141829e-03,3.671594282674781398e-03,3.675332471341754160e-03,3.674612456574445195e-03
3.680144648114256917e-03,3.572779965937664809e-03,3.710876210613836372e-03,3.641242182974686447e-03,3.660295136700544155e-03,3.621908440535437628e-03,3.641048234632289320e-03,3.697260157690090542e-03,3.648273887226579585e-03,3.759501761641316150e-03,3.609627449457911662e-03,3.614996715665042080e-03,3.728586917561033543e-03,3.586668162156633494e-03,3.774359836496432585e-03,3.723677986710486210e-03,3.695512952021719894e-03,3.796865597127497584e-03,3.680970566046689544e-03,3.733646227101363076e-03,3.679599901004508393e-03,3.712658829110598076e-03,3.807087699120872536e-03,3.583393366560431569e-03,3.666388628543122089e-03,3.508260493569434046e-03,3.652030621825645348e-03,3.570980800631325634e-03,3.623254086223218467e-03,3.548075786442268873e-03,3.644397163691571757e-03,3.640492424605342586e-03,3.735609056236605628e-03,3.699975375023089718e-03,3.810919236650715802e-03,3.624983437777095415e-03,3.633567740518512702e-03,3.669745665577607216e-03,3.619872215122210517e-03,3.712853966673624728e-03,3.789184290523886760e-03,3.682837931575559751e-03,3.680554521961586743e-03,3.694243081113788695e-03,3.697128571222246633e-03,3.597468487565142273e-03,3.662553348502012654e-03,3.777238622134733090e-03,3.712009941115529312e-03,3.654579513681528984e-03,3.701937540252626252e-03,3.656172753990021528e-03,3.629608189597001607e-03,3.611724495685681921e-03,3.704954675323083365e-03,3.710566456058969446e-03,3.638193307714570040e-03,3.754259322134341145e-03,3.736608406737934335e-03,3.590048633966526175e-03,3.676639582916556813e-03,3.665881543080829180e-03,3.724239790994482435e-03,3.728731584231879340e-03,3.626380532087807636e-03,3.600899452092680853e-03,3.642753031330596847e-03,3.758974450818655406e-03,3.624034895992946440e-03,3.731967054101029309e-03,3.675623025036207740e-03,3.654816542680972610e-03,3.672235969880005991e-03,3.638603468768782274e-03,3.679816827679044475e-03,3.619692188449064821e-03,3.746729129699681408e-03,3.653121074625960852e-03,3.666175906191432039e-03,3.675980760556022808e-03,3.559517185700307017e-03,3.628594731784476075e-03,3.650452510220311090e-03,3.624428788095091208e-03,3.679254232592453835e-03,3.627166904869958287e-03,3.712829596564927188e-03,3.579527923686399386e-03,3.732801674918207260e-03,3.679297138961111491e-03,3.686201099974484915e-03,3.629482969653023521e-03,3.548922040015230640e-03,3.667569597842158888e-03,3.631127243344299625e-03,3.659541869902301764e-03,3.720514941159166079e-03,3.750723635233572419e-03,3.589338694783169009e-03,3.612517149895517424e-03,3.655139574084430125e-03,3.712427968674342476e-03,3.640440321136707499e-03,3.562289547670574423e-03,3.656586952742219183e-03,3.728463712157291474e-03,3.675437602258560012e-03,3.712043207207509337e-03,3.576978092906924096e-03,3.658103051756152971e-03,3.731889259201732513e-03,3.690764991577769570e-03,3.735183260481196501e-03,3.744269387554613991e-03,3.548378935880250069e-03,3.732404887846057888e-03,3.593198387727099697e-03,3.588917060270606276e-03,3.648119315704336819e-03,0.000000000000000000e+00,3.743639721234972781e-03,3.711752022768598225e-03,3.653227590441073414e-03,3.568476043718191940e-03,3.697126490090611554e-03,3.639373658712474324e-03,3.666150731562406537e-03,3.565056601569521668e-03,3.680979051505878577e-03,3.711239732515441390e-03,3.641562423163505202e-03,3.713976803742434930e-03,3.630993219624489062e-03,3.621516089045197402e-03,3.675083033654068243e-03,3.624043206222963154e-03,3.698962950447384074e-03,3.710907790611369175e-03,3.710774710695024549e-03,3.606409437392167714e-03,3.671162691837276653e-03,3.681324976446563070e-03,3.568477338841558565e-03,3.694513990073588616e-03,3.585997441721429455e-03,3.542190498393798636e-03,3.667036614462697991e-03,3.699270458336160420e-03,3.645633896261075892e-03,3.659609590795643609e-03,3.509141864526254314e-03,3.582898665235164423e-03,3.627570764891970174e-03,3.691248847696370402e-03,3.677552245020962885e-03,3.546397034362657429e-03,3.603009263541574313e-03,3.691797563521291396e-03,3.691142177069881881e-03,3.693490815680527690e-03,3.715238000399064076e-03,3.586423145292003296e-03,3.639347825132381500e-03,3.694356016228264594e-03,3.639921175847540477e-03,3.658830539571172966e-03,3.660887211433925311e-03,3.829099175768346797e-03,3.680812889130561164e-03,3.710460215498250815e-03,3.712323164770089945e-03,3.604583013275350183e-03,3.765371205520851635e-03,3.624801017940945148e-03,3.666417097934111281e-03,3.572297284084881806e-03,3.755285571043953143e-03,3.662168820214613176e-03,3.594666152982966840e-03,3.692568890586833685e-03,3.608896904763530047e-03,3.603590304070441400e-03,3.645367439148823694e-03,3.702127464947465012e-03,3.631673512688140398e-03,3.694039720664207219e-03,3.583072948797936131e-03,3.547971621775863893e-03,3.660176461929981039e-03,3.722399472572157988e-03,3.646955399888817274e-03,3.601538620757614630e-03
3.727721465835600375e-03,3.598671941586523929e-03,3.874108307185258372e-03,3.676318036219644939e-03,3.695679474181004683e-03,3.666373969633850323e-03,3.642567972723657031e-03,3.701686028745833877e-03,3.651087742838456020e-03,3.719599586136263739e-03,3.676829742332828402e-03,3.591697900868235944e-03,3.585596340849068510e-03,3.671498571603995509e-03,3.677870292334298880e-03,3.644561953048471026e-03,3.518179988622340427e-03,3.593974914897447078e-03,3.687005405922119845e-03,3.705508839409523379e-03,3.692457036726220273e-03,3.680959861876208130e-03,3.760083523599276785e-03,3.734276370525702483e-03,3.845161522268543235e-03,3.589677102915084326e-03,3.716414042604123270e-03,3.697828226262346758e-03,3.588640704028496671e-03,3.662026063494917740e-03,3.721379563166822557e-03,3.745714491867994933e-03,3.599585579507198069e-03,3.777489057296996768e-03,3.596405694688279558e-03,3.705446910294351442e-03,3.675334208449840875e-03,3.691995127235950074e-03,3.540050887616926888e-03,3.645321451953148495e-03,3.640505623714560511e-03,3.719213218241622983e-03,3.636041781445787432e-03,3.616034681469517276e-03,3.758413906552454577e-03,3.615623358162562643e-03,3.623214039425116852e-03,3.688242422332265076e-03,3.693765213435771556e-03,3.679811184175255188e-03,3.661780224912431891e-03,3.594247274656223613e-03,3.691919749643953787e-03,3.636505935323128789e-03,3.608723957754086421e-03,3.802351056983024891e-03,3.609280739704804654e-03,3.564492641444297685e-03,3.701369635787105615e-03,3.644007614336810912e-03,3.644059926118114762e-03,3.635472878860405294e-03,3.638600326440322337e-03,3.594054834995284893e-03,3.566427575726422751e-03,3.712426369154797449e-03,3.560210832148936414e-03,3.709461627478809632e-03,3.712892363408671834e-03,3.674177730904564128e-03,3.716968772825173829e-03,3.736189347830412913e-03,3.665811429340007279e-03,3.622221971033481175e-03,3.749734114423512125e-03,3.808459280811037333e-03,3.637511313685900995e-03,3.710650834505097202e-03,3.660239086170333916e-03,3.721052199964625020e-03,3.678620062730204778e-03,3.653323653189767452e-03,3.638850607208922797e-03,3.655453812103688031e-03,3.702534108729226524e-03,3.617458786728718241e-03,3.553055877377554565e-03,3.638751668891711515e-03,3.702467131182103025e-03,3.688757937038475432e-03,3.687495788274195319e-03,3.628060037052832382e-03,3.558364178685708215e-03,3.676859150247094917e-03,3.636557934071221743e-03,3.644724943245246460e-03,3.750214214234205007e-03,3.765707596569140090e-03,3.609165754708001071e-03,3.601554167494742335e-03,3.778565832158754020e-03,3.585759227769811687e-03,3.578982631140265134e-03,3.584699375379472083e-03,3.710320019730900965e-03,3.638479023218849605e-03,3.636623995605718380e-03,3.627811512716142862e-03,3.658788354831136753e-03,3.602705662115053640e-03,3.649183120289109690e-03,3.610764600868277257e-03,3.668816380819882664e-03,3.757128621283165743e-03,3.610866964821094014e-03,3.730845199770666150e-03,3.762582237178104839e-03,3.616668866263087270e-03,3.659492068071860081e-03,3.743639721234972781e-03,0.000000000000000000e+00,3.763751379184135121e-03,3.712923035748273183e-03,3.695832279391169945e-03,3.697269245613421951e-03,3.652587954597673152e-03,3.622455655523443806e-03,3.554004018858646780e-03,3.597473120429443231e-03,3.663102070185373683e-03,3.610976577048305956e-03,3.632566850823071986e-03,3.638610349654787784e-03,3.611806802033458268e-03,3.619159552468760675e-03,3.689902961241058217e-03,3.754104566565831438e-03,3.619076092833685768e-03,3.746244798557031835e-03,3.559542001785252676e-03,3.668155938404787236e-03,3.676613537031638793e-03,3.575468923458339360e-03,3.708631621895731520e-03,3.594491946102532694e-03,3.646303356739926272e-03,3.681680745721777840e-03,3.650095778154798746e-03,3.687860001070867189e-03,3.620599306523525265e-03,3.570192108912771407e-03,3.716040354068680940e-03,3.676412583938500414e-03,3.638912839058513864e-03,3.719932676319386792e-03,3.814028792840916740e-03,3.547234161292392440e-03,3.599830381829431832e-03,3.585630301759463578e-03,3.671503510044584698e-03,3.611779028901684722e-03,3.671117856889058624e-03,3.733682414351492240e-03,3.758861338567297088e-03,3.718956214772705087e-03,3.577882705046504363e-03,3.563599980463396429e-03,3.701540797299945808e-03,3.680257413306583982e-03,3.736920060195765385e-03,3.693403830878297205e-03,3.640329105261272662e-03,3.719636690658800239e-03,3.601879570847651806e-03,3.771083714520887930e-03,3.640548092336486075e-03,3.687746958124558418e-03,3.554716825485082499e-03,3.631636215990305654e-03,3.639261430421775450e-03,3.624099788553900980e-03,3.665282130078674136e-03,3.647541546963244466e-03,3.695502758707561435e-03,3.628643482372671293e-03,3.586604641340091024e-03,3.647189929272738086e-03,3.660426566611977434e-03,3.666193881079510882e-03,3.665817168620062391e-03,3.657678206562396239e-03,3.606979454997219330e-03
3.685571603907640374e-03,3.592825144193234621e-03,3.677206833478541530e-03,3.690656315394172642e-03,3.731728572259066217e-03,3.626867299879212806e-03,3.666845703586575460e-03,3.595461372435397943e-03,3.637190482237379584e-03,3.804795089898553584e-03,3.820870060920705628e-03,3.557221818629831625e-03,3.757306128068134410e-03,3.647193940259786660e-03,3.721236164705454298e-03,3.680472731331821661e-03,3.505359625043869085e-03,3.686595873886746796e-03,3.684987177496509055e-03,3.730816024045968855e-03,3.569980206511047353e-03,3.725052803288516831e-03,3.734391882547431936e-03,3.666638203169425136e-03,3.751840780491434713e-03,3.775944061788170329e-03,3.630870597794173121e-03,3.615067914886307791e-03,3.557919901643929756e-03,3.658743811466855841e-03,3.616310467825695468e-03,3.734692323126979126e-03,3.701295142061562012e-03,3.726609146299703339e-03,3.631917136379587008e-03,3.751300955902065349e-03,3.719270761863176494e-03,3.598329845610719838e-03,3.572958725777425782e-03,3.626435609897734648e-03,3.631907027790826688e-03,3.585266176177966460e-03,3.569056005588770036e-03,3.667405081172319618e-03,3.638882797515450348e-03,3.704582016382111914e-03,3.619689701435448940e-03,3.726100693796737928e-03,3.571311656318824565e-03,3.792732093727485456e-03,3.724225567652392817e-03,3.666949992249658816e-03,3.684110356814476826e-03,3.641742564187183846e-03,3.715743771817671490e-03,3.708246286349109033e-03,3.700264967104715304e-03,3.630029279717021141e-03,3.663735004996910433e-03,3.676960495888897604e-03,3.738347610720432063e-03,3.707458763180124846e-03,3.711507141914680702e-03,3.605945444141396561e-03,3.571965716714497942e-03,3.662069109291024149e-03,3.642663532137781733e-03,3.669873488362051898e-03,3.621180473417441419e-03,3.586402873703661322e-03,3.759041764140370195e-03,3.617588064295544290e-03,3.647403168619519839e-03,3.630383602279146742e-03,3.683781450420891244e-03,3.713560507955072400e-03,3.657230111539474301e-03,3.654111283594887408e-03,3.710939111368141610e-03,3.683299668657588188e-03,3.635961668808491282e-03,3.653011641461124948e-03,3.598556996621113478e-03,3.725666048378997296e-03,3.637417150401565762e-03,3.675869596934627174e-03,3.758030734012954462e-03,3.546112579955996123e-03,3.575622653313224788e-03,3.685846783139179374e-03,3.544046572033481696e-03,3.718613277442541550e-03,3.601469441371827913e-03,3.700750068447672923e-03,3.698583996071383006e-03,3.644772823764763983e-03,3.655111344458001569e-03,3.670125491711099131e-03,3.681137301289350797e-03,3.509242481251116305e-03,3.744058262371430766e-03,3.581206010097128835e-03,3.636496383671755303e-03,3.677491138020605541e-03,3.713572601766532925e-03,3.664796192506530794e-03,3.842692681550380351e-03,3.723063308960204189e-03,3.614698725173619027e-03,3.586914188923161911e-03,3.542243914738193219e-03,3.699575038867652672e-03,3.762734872413240825e-03,3.620823885468823274e-03,3.641341891677360616e-03,3.692386315298713112e-03,3.703852359689752474e-03,3.683506907514532726e-03,3.780398440770037140e-03,3.711752022768598225e-03,3.763751379184135121e-03,0.000000000000000000e+00,3.563561981116993450e-03,3.675451674091492413e-03,3.629193148092280368e-03,3.695193221497221434e-03,3.634243421784914396e-03,3.651756916600395336e-03,3.629967710242095608e-03,3.710310909554201571e-03,3.609423248868588556e-03,3.578481065590744317e-03,3.644597929048869374e-03,3.720158413348560993e-03,3.726573789927374765e-03,3.635754336171346992e-03,3.636119874668603761e-03,3.588863781269783105e-03,3.599209540176901822e-03,3.638188715562625745e-03,3.689697698073724288e-03,3.691460967421843296e-03,3.740814898922476678e-03,3.639438348591038028e-03,3.618594853137201660e-03,3.690422638134640242e-03,3.769840421098575277e-03,3.755113668736563114e-03,3.725423019254358366e-03,3.674131779260322254e-03,3.693455164824571962e-03,3.587850521059612191e-03,3.647718159992421969e-03,3.586142183598596891e-03,3.656358224083018377e-03,3.600883849010163423e-03,3.637930058362662950e-03,3.600796353748164300e-03,3.674044682513846662e-03,3.756235216131781005e-03,3.730745746693312805e-03,3.708716104298754451e-03,3.592239855753641235e-03,3.633999686232122078e-03,3.669768994100667137e-03,3.689409952637155623e-03,3.621419991681128128e-03,3.639481499410446991e-03,3.621820385303939349e-03,3.715012982970600057e-03,3.647152892074270649e-03,3.686882860056372307e-03,3.617208727436735209e-03,3.751005512814840903e-03,3.776796461351128540e-03,3.583352244450440944e-03,3.669538643643268858e-03,3.569170493254161022e-03,3.787545774788741645e-03,3.639411257506150899e-03,3.660918708031128503e-03,3.512296797053470788e-03,3.550175084147933879e-03,3.597132641888972377e-03,3.576668269495018610e-03,3.667195473549088661e-03,3.657552590837490156e-03,3.538854006241299709e-03,3.632482390996407805e-03,3.726194663040443243e-03,3.557308974614957226e-03,3.682461826528596154e-03
3.758170735830503647e-03,3.638149901302890638e-03,3.701151870307977342e-03,3.737190610433386174e-03,3.624036321107926457e-03,3.660708180620298163e-03,3.676778702445658836e-03,3.706326741188898689e-03,3.664653021179631754e-03,3.599992245679496487e-03,3.707395283115264787e-03,3.809432659807558599e-03,3.652594246213860391e-03,3.724522528910358728e-03,3.729054639585619151e-03,3.692814870332905564e-03,3.645094439502172701e-03,3.720185874557337125e-03,3.658276167052785903e-03,3.757786840013193925e-03,3.697553733083877581e-03,3.621629663753167788e-03,3.626582869418766304e-03,3.616354801235260874e-03,3.749427868092337652e-03,3.641981271163828235e-03,3.671548378411984646e-03,3.734061450946433297e-03,3.719780699268579027e-03,3.689533941964221516e-03,3.679274251299568567e-03,3.641177449453920044e-03,3.603498798837216979e-03,3.573394372984234346e-03,3.622964170379349303e-03,3.637641628496667522e-03,3.750819691933964840e-03,3.723267690573204679e-03,3.702362764326688153e-03,3.707686747343027708e-03,3.747970985263494263e-03,3.787371142608288773e-03,3.579921911729766135e-03,3.669066787227647126e-03,3.748457266082847340e-03,3.605088271707961901e-03,3.707774267255121731e-03,3.655623870428941803e-03,3.679144280113605132e-03,3.673664015559718107e-03,3.526126235872088874e-03,3.749575223397329498e-03,3.753522303972346881e-03,3.595708012042563104e-03,3.718695862966460604e-03,3.741794583847930615e-03,3.661752160671586168e-03,3.622824870291556885e-03,3.587167749420302771e-03,3.695803605620486595e-03,3.659330330904487973e-03,3.717094506100292964e-03,3.722779663308387228e-03,3.625016209241164761e-03,3.800591777621881249e-03,3.671170684513523196e-03,3.686629270224450750e-03,3.659293126935649586e-03,3.721592088557401992e-03,3.541384696490922079e-03,3.666205394434463895e-03,3.583582319503017446e-03,3.647567109406759690e-03,3.586208381136630520e-03,3.642858023937702635e-03,3.578759974467579912e-03,3.697561449464684472e-03,3.679417733157422724e-03,3.696396766731180946e-03,3.738396056708857395e-03,3.592018572489016903e-03,3.671999474970176047e-03,3.626501909650367908e-03,3.603454304638123180e-03,3.693256499508506402e-03,3.707728491625829868e-03,3.666148883020774706e-03,3.620479238864725540e-03,3.659386317237199333e-03,3.672182699259945050e-03,3.751394097899911177e-03,3.591011141456629252e-03,3.747815924003075269e-03,3.676678557148605527e-03,3.723816886955308696e-03,3.666107338236238977e-03,3.647068014879315499e-03,3.696134763606733625e-03,3.702436416713101881e-03,3.681864491346866376e-03,3.598697761255954634e-03,3.648409255218886850e-03,3.580370542998929928e-03,3.708212052329294336e-03,3.759161945238948758e-03,3.710675553440577305e-03,3.621753364407782286e-03,3.712955465730036989e-03,3.757595770158298973e-03,3.664149537410463578e-03,3.715446972690199072e-03,3.667995522197286130e-03,3.677871228511214383e-03,3.600347086709003528e-03,3.660887353343802390e-03,3.556942889552928717e-03,3.708837960647970444e-03,3.664105545128289697e-03,3.611369166010163639e-03,3.653227590441073414e-03,3.712923035748273183e-03,3.563561981116993450e-03,0.000000000000000000e+00,3.716635042767707162e-03,3.655722315044862298e-03,3.700640643441685182e-03,3.616986937354343869e-03,3.604754780442209500e-03,3.567005554573523651e-03,3.624964428993863921e-03,3.673584853089586957e-03,3.647691786906017992e-03,3.613350583872477692e-03,3.683887266048031534e-03,3.665498490903914847e-03,3.591078557438956691e-03,3.666115025908135618e-03,3.680655947543657810e-03,3.686724957128306463e-03,3.754421096898675255e-03,3.651350259469689479e-03,3.687678335191396997e-03,3.605681025332492084e-03,3.634450894362892346e-03,3.582631892363931630e-03,3.601066043969842079e-03,3.646261256512582042e-03,3.716530317121987097e-03,3.571756994633371474e-03,3.492870284958894504e-03,3.589769828445024853e-03,3.596575884749988409e-03,3.758366789517368980e-03,3.638781304978216512e-03,3.570130126355282058e-03,3.762719835509471377e-03,3.733572114591925464e-03,3.575341143455646777e-03,3.719323868581869696e-03,3.643790089532055864e-03,3.569890018760538738e-03,3.699563930011821357e-03,3.735837844074421134e-03,3.598524059113699259e-03,3.665418374894309755e-03,3.602051646774196043e-03,3.569049966325716847e-03,3.624418721790052984e-03,3.642191033393031747e-03,3.644894212182153877e-03,3.550663197289397402e-03,3.673382334230606942e-03,3.710756950476369435e-03,3.534108824138006318e-03,3.711640190664339777e-03,3.735753703861438828e-03,3.677187872545599305e-03,3.716463209262065720e-03,3.631815022923589719e-03,3.712385056212787367e-03,3.619130782747315232e-03,3.672662296266618158e-03,3.643903307920154638e-03,3.469265507131397228e-03,3.624618000295342334e-03,3.597123278094712870e-03,3.644365492664179088e-03,3.663921269097663094e-03,3.609029530674157972e-03,3.678973167776844379e-03,3.632091119002573906e-03,3.697743291186128892e-03
3.685442874929834890e-03,3.656074864994376949e-03,3.765954373935574521e-03,3.770797471926900981e-03,3.711939360188154947e-03,3.679264491987883825e-03,3.792607079034480272e-03,3.587644683899921146e-03,3.610059699556377334e-03,3.625609683946967327e-03,3.709490227289764016e-03,3.722833252958156203e-03,3.592824742703528123e-03,3.707093035638005848e-03,3.694299886048176516e-03,3.537744340039068302e-03,3.578621469366278195e-03,3.760740284167134531e-03,3.653142337519896862e-03,3.671980912830320049e-03,3.578607738796763058e-03,3.619196324470993348e-03,3.565690558291939420e-03,3.642758936324798358e-03,3.624732324562972285e-03,3.636452215938877110e-03,3.697521841775941974e-03,3.575653974960929949e-03,3.707206702485106760e-03,3.686933444253411712e-03,3.621597264112979154e-03,3.594328029932271872e-03,3.604433307256130030e-03,3.636586644785608398e-03,3.576176646849638010e-03,3.628902195033194278e-03,3.698670331085506489e-03,3.511328491648759223e-03,3.576141251091512728e-03,3.711798847645520275e-03,3.687109699488342295e-03,3.620910516695428384e-03,3.623232163622904390e-03,3.607375738846603595e-03,3.760223747229297139e-03,3.559093623439896648e-03,3.683768117790386411e-03,3.583529173260107878e-03,3.676685869422887699e-03,3.616725868438977302e-03,3.583056413931426289e-03,3.702797012367122810e-03,3.740820571427572964e-03,3.646525316741498334e-03,3.677153940983735655e-03,3.684858233635550633e-03,3.624095429603010204e-03,3.678255738176116219e-03,3.616517966631842360e-03,3.685872261413205946e-03,3.607534290881443846e-03,3.623164179513409678e-03,3.617417981453935859e-03,3.610586158918155375e-03,3.731196559547312556e-03,3.763694560088530396e-03,3.665551513113199031e-03,3.684848576749457771e-03,3.710882089233295648e-03,3.699319452989284929e-03,3.587620582531998899e-03,3.598505704589704396e-03,3.572503481054121761e-03,3.697240978834957174e-03,3.629760974028650375e-03,3.612877227184686877e-03,3.865072959180888574e-03,3.692652523628638540e-03,3.709455234067264226e-03,3.831938988437195819e-03,3.741717363341956655e-03,3.653598467931233346e-03,3.629337908070874412e-03,3.644779836448334108e-03,3.623728013233829936e-03,3.635893353272910342e-03,3.594535867528702786e-03,3.592186930839242308e-03,3.672778606360630350e-03,3.633350564412220554e-03,3.718231448408450355e-03,3.762851584230090737e-03,3.751129334608730662e-03,3.795573577613119663e-03,3.595300990300402937e-03,3.676194637240413031e-03,3.676437116645189015e-03,3.676864853659331332e-03,3.684855748520880596e-03,3.735590461855931108e-03,3.675946476014547038e-03,3.612317678162158680e-03,3.605659103368018346e-03,3.658490461414744439e-03,3.834760295960784951e-03,3.668141329954185698e-03,3.549205922405298565e-03,3.746175423337335265e-03,3.666290268608087596e-03,3.680127360108083594e-03,3.588761468967294893e-03,3.546919034106399068e-03,3.695626374933826640e-03,3.638393551220750217e-03,3.812493037350772346e-03,3.685103547444013201e-03,3.678477717135335799e-03,3.697268989650621517e-03,3.638369398768637707e-03,3.568476043718191940e-03,3.695832279391169945e-03,3.675451674091492413e-03,3.716635042767707162e-03,0.000000000000000000e+00,3.639161269617398851e-03,3.623106496438193574e-03,3.635023411149605928e-03,3.645611773839805159e-03,3.563096219487628131e-03,3.654199978479313101e-03,3.665389647511286576e-03,3.734211903426262052e-03,3.689089752026942018e-03,3.700147238263372558e-03,3.669227809798694846e-03,3.785352031994875573e-03,3.679799045287434484e-03,3.641777474294583331e-03,3.639995523546754597e-03,3.776334844502906522e-03,3.659581775915006583e-03,3.582416699309950384e-03,3.691326208546078826e-03,3.615789084139065836e-03,3.577795071928773201e-03,3.677575469605913819e-03,3.740863183376641216e-03,3.568794726964367309e-03,3.701929657907831583e-03,3.616500513033419056e-03,3.624722971552416569e-03,3.624657017254021441e-03,3.635906360048745106e-03,3.593408336817097409e-03,3.619216855060448847e-03,3.860782222839824387e-03,3.481595831851010906e-03,3.747827759541538621e-03,3.680689811500559468e-03,3.605681354755719496e-03,3.614206417740900047e-03,3.689547982771114541e-03,3.732264097226611205e-03,3.649206851809477879e-03,3.636148463717678043e-03,3.732485139579561680e-03,3.699889903938566836e-03,3.535073277213880011e-03,3.636529193257815890e-03,3.676557425683779461e-03,3.649812522892796011e-03,3.760018019244563796e-03,3.464578185561251102e-03,3.674872203144548960e-03,3.721270960854552220e-03,3.671536252690193840e-03,3.629649749896405805e-03,3.572595461908896573e-03,3.781941403314539787e-03,3.645998684803564670e-03,3.610063492629059668e-03,3.746255190506341589e-03,3.625964912904688659e-03,3.677665451784424642e-03,3.647894449927231806e-03,3.719174970850838528e-03,3.792832355111512566e-03,3.641270114089884078e-03,3.680975009569909494e-03,3.736782329637128482e-03,3.675198234107869555e-03,3.638593939503927642e-03
3.673907941286230945e-03,3.671103777061909823e-03,3.657253500614195997e-03,3.644762019707902586e-03,3.727682312504984954e-03,3.680686141572289335e-03,3.589240156842732430e-03,3.616223652289776887e-03,3.613123973782057796e-03,3.676498800758836241e-03,3.744639672861425125e-03,3.690718046906910164e-03,3.603491268248448093e-03,3.720032930497420287e-03,3.793969392440552178e-03,3.631753942352732890e-03,3.628298871203929164e-03,3.667838387081437737e-03,3.594847818771964264e-03,3.643651223120229245e-03,3.806689658616795036e-03,3.603780475236934878e-03,3.632198664686658255e-03,3.675119211955485410e-03,3.622104267827494246e-03,3.601992027588807148e-03,3.680272828759233606e-03,3.732565066129266314e-03,3.674961542403869241e-03,3.705312757839198615e-03,3.762068252381705735e-03,3.654794773528219614e-03,3.647052995235046304e-03,3.603549836320016440e-03,3.780318111413179423e-03,3.714841010469820733e-03,3.683872960583871054e-03,3.715492957640242639e-03,3.611839456403385072e-03,3.710798652619805380e-03,3.687812502123289076e-03,3.636660059081666101e-03,3.565444430085878448e-03,3.639110508269427502e-03,3.698647317501230821e-03,3.701110214132392450e-03,3.664791790591009468e-03,3.668143239694939255e-03,3.692672568185042994e-03,3.692276001740003952e-03,3.713500357364145008e-03,3.654517800388567411e-03,3.780018633862576149e-03,3.626725214142085922e-03,3.662085120607814354e-03,3.589820859020668043e-03,3.661931626515085251e-03,3.664737963181678888e-03,3.737353546670832416e-03,3.666922381438506625e-03,3.709511054254708770e-03,3.596188295838260301e-03,3.698559018132341683e-03,3.802490162575935303e-03,3.643065701743318854e-03,3.514961534353171560e-03,3.629490727781119197e-03,3.674562564649029063e-03,3.559009216036094960e-03,3.724744222784363758e-03,3.630929476125247923e-03,3.780904181125692865e-03,3.706030699306615134e-03,3.612871568504163588e-03,3.614078450750799268e-03,3.685577526401330722e-03,3.597427962164917014e-03,3.707558547023992630e-03,3.476849072224749791e-03,3.620684277041551907e-03,3.785343770605670895e-03,3.574862410119484645e-03,3.774113224611248818e-03,3.557516515120750893e-03,3.608195675761777937e-03,3.672478025760797429e-03,3.648703700523038117e-03,3.805477325979733910e-03,3.675637905156067548e-03,3.590520057685472107e-03,3.654703255460392455e-03,3.684648099024543776e-03,3.604555725550442815e-03,3.652607864210427168e-03,3.733512705727971316e-03,3.674641869057774287e-03,3.668557578225686323e-03,3.554007121781724114e-03,3.739613790891258872e-03,3.699130330725789329e-03,3.616255867557635617e-03,3.752612609310922252e-03,3.613160927849716139e-03,3.715313179286097722e-03,3.620955515098151986e-03,3.703167888754530738e-03,3.650218310518718590e-03,3.669498737252231690e-03,3.579428701412974093e-03,3.733136164306711212e-03,3.699389969251932163e-03,3.782650966562216364e-03,3.668939120259910504e-03,3.659462193779037566e-03,3.470008427659395430e-03,3.707257426688675972e-03,3.726231498116779148e-03,3.685489897519539718e-03,3.652382541314762136e-03,3.697126490090611554e-03,3.697269245613421951e-03,3.629193148092280368e-03,3.655722315044862298e-03,3.639161269617398851e-03,0.000000000000000000e+00,3.670326762891360558e-03,3.622319689044369018e-03,3.690565271177029434e-03,3.714778720758221946e-03,3.618439815216315664e-03,3.629689783536479367e-03,3.611407532282735755e-03,3.684932692431740556e-03,3.663303380668873292e-03,3.686780079711076026e-03,3.546742234395219677e-03,3.623634624039040204e-03,3.550925837210939379e-03,3.686858123799513064e-03,3.596002359858783883e-03,3.755189259530566665e-03,3.514615721547288511e-03,3.714520523171938298e-03,3.718010239004252478e-03,3.751844559284134902e-03,3.717800756079186943e-03,3.590661481551194519e-03,3.701640285798087852e-03,3.583000180094062306e-03,3.724339701493097239e-03,3.758068180859110066e-03,3.618544707018781642e-03,3.538181639478176193e-03,3.709746644625622723e-03,3.672534483352901408e-03,3.534884128350538387e-03,3.741430806305573540e-03,3.547261778204647761e-03,3.625264016651604578e-03,3.731352094027175215e-03,3.652753893099623238e-03,3.605116374423995938e-03,3.612564648708443266e-03,3.636237326913577868e-03,3.667446108906751660e-03,3.553607699890489174e-03,3.693759328968843937e-03,3.690583623806067016e-03,3.722364448915774053e-03,3.645300338718006957e-03,3.579724902866776408e-03,3.544714028399086926e-03,3.826179485547939393e-03,3.759391897082302054e-03,3.601319643928440044e-03,3.599174711045404103e-03,3.672868423549417900e-03,3.806731540813623315e-03,3.603147636898919141e-03,3.585119064690888823e-03,3.577214757694426733e-03,3.659567725461896140e-03,3.654022573246192094e-03,3.647481368182310321e-03,3.661957106436952106e-03,3.669249309389702521e-03,3.604691778095912933e-03,3.616503430356163111e-03,3.771124362481376342e-03,3.631186634638746726e-03,3.669368516537165146e-03,3.724618492342062371e-03
3.670930539348558203e-03,3.612909304378732808e-03,3.630987150921332739e-03,3.561253911780098372e-03,3.638340789143742864e-03,3.660550903267795024e-03,3.678868871030497797e-03,3.672504453935581011e-03,3.690214932133758455e-03,3.608322086563428913e-03,3.628523978579903560e-03,3.684716169408004324e-03,3.606794889491389371e-03,3.771522804843907908e-03,3.573976258835060565e-03,3.640642172123689790e-03,3.629276672913894167e-03,3.602671659928238356e-03,3.615710264620963441e-03,3.667306103846010301e-03,3.729944395931570744e-03,3.733401378913785238e-03,3.616633390180690015e-03,3.711372960934801891e-03,3.668668646218788479e-03,3.670900347563140539e-03,3.739514554196202156e-03,3.634932025928439957e-03,3.693716635543999906e-03,3.607550601926844472e-03,3.727989077013299079e-03,3.712071469824790131e-03,3.750957535693004354e-03,3.686886119750580441e-03,3.658798116976141879e-03,3.732465749209318631e-03,3.693810143563421629e-03,3.753769773209914180e-03,3.615832767011208267e-03,3.643079632049716840e-03,3.649037696507691740e-03,3.662496204471388499e-03,3.683335511898468747e-03,3.671375680643653144e-03,3.598670706299387026e-03,3.722872474818558070e-03,3.643450969579404078e-03,3.596176984065528690e-03,3.597481025472099719e-03,3.807842056089625650e-03,3.705909396028037039e-03,3.736165897332797102e-03,3.694850320170546716e-03,3.719743692998043246e-03,3.770517042559940087e-03,3.695897561128167873e-03,3.614248853242541751e-03,3.686011330525163551e-03,3.651766628139120445e-03,3.610364910047165251e-03,3.648094369531325841e-03,3.669737361795705980e-03,3.696660668795995631e-03,3.613397978203195058e-03,3.607171018978361145e-03,3.595469143896560908e-03,3.578997245528136011e-03,3.726858567420941390e-03,3.601733414774668796e-03,3.552179046230476405e-03,3.536943661358217181e-03,3.605888920700751985e-03,3.693701137282720537e-03,3.659605032226323842e-03,3.709894567019588873e-03,3.634298594126425790e-03,3.677632426209112831e-03,3.684102286976280276e-03,3.642714503612494176e-03,3.603889958091040843e-03,3.698653684007546880e-03,3.734238986463414393e-03,3.619236930736876526e-03,3.666454675810413254e-03,3.798048534262041774e-03,3.723054961343919347e-03,3.731895172734409506e-03,3.757602219164943649e-03,3.721287321115818170e-03,3.632113927535393725e-03,3.545362368141136752e-03,3.589365473433768060e-03,3.721898273595052389e-03,3.656432075849541316e-03,3.680639251659523822e-03,3.682868093324802479e-03,3.756854487839451570e-03,3.667097524052520367e-03,3.819049933450862754e-03,3.653163016269704404e-03,3.721111549097241237e-03,3.616714168068734317e-03,3.808403678371494964e-03,3.594991352197908930e-03,3.621578049275708810e-03,3.695495426142855408e-03,3.736459535983780063e-03,3.630663460267264525e-03,3.642801179209815155e-03,3.708144879625712136e-03,3.697710353870843538e-03,3.827475519279081428e-03,3.541003006145794409e-03,3.655406850317821296e-03,3.654585302289850395e-03,3.657039137045308211e-03,3.617305709100474432e-03,3.799637634503512905e-03,3.672136246140302908e-03,3.639373658712474324e-03,3.652587954597673152e-03,3.695193221497221434e-03,3.700640643441685182e-03,3.623106496438193574e-03,3.670326762891360558e-03,0.000000000000000000e+00,3.658768606645033429e-03,3.783318581612307718e-03,3.686557419945429587e-03,3.583788150306924970e-03,3.694653714510733131e-03,3.552405517848910253e-03,3.693960741431147853e-03,3.582930906940329490e-03,3.709038774398721802e-03,3.695842432961689902e-03,3.637505711012680235e-03,3.626000340563586763e-03,3.689387153492442416e-03,3.545351158006233069e-03,3.619725618728185726e-03,3.696398838886576135e-03,3.757077321881369808e-03,3.754831633909357872e-03,3.696890303267082439e-03,3.671663629689317972e-03,3.611224317471017041e-03,3.635648445443010607e-03,3.610415759350065965e-03,3.634058967318683393e-03,3.631933570808569198e-03,3.681014118132915590e-03,3.595600041005699715e-03,3.693067195681343055e-03,3.627748027929329072e-03,3.628553125019909863e-03,3.842863396697226031e-03,3.642942035184507793e-03,3.581896758948910874e-03,3.679859393284549193e-03,3.694455248843024880e-03,3.612751942182242798e-03,3.581754791302477030e-03,3.611743219145043850e-03,3.676832452400626613e-03,3.676075649094535502e-03,3.687440508685010943e-03,3.646611780198641926e-03,3.735920778489518288e-03,3.685305142769820103e-03,3.620302192103993458e-03,3.568667976077627771e-03,3.605596832171567307e-03,3.581272259167394504e-03,3.651158169684730077e-03,3.721816087223463448e-03,3.599345847111203554e-03,3.717309229133628542e-03,3.576933904264288470e-03,3.656740390177969265e-03,3.622696095339088523e-03,3.547486937914817728e-03,3.613494565875550492e-03,3.503665108373382742e-03,3.588762696818108971e-03,3.730485119643161228e-03,3.553447760676707763e-03,3.582039206715502324e-03,3.667685143752541944e-03,3.710807274951378066e-03,3.662784869213959148e-03,3.765354767826123699e-03
3.628405617658766059e-03,3.667067583407499810e-03,3.747223759598003034e-03,3.658546664727613598e-03,3.754861991761782470e-03,3.707647092951215848e-03,3.558171545140324105e-03,3.668300395401081875e-03,3.639515543211437922e-03,3.662818351306292627e-03,3.498791174442524889e-03,3.688271357667932075e-03,3.588920309582325704e-03,3.563813949872342117e-03,3.636646835556073872e-03,3.601145751422190136e-03,3.678758096683320926e-03,3.637032490160780132e-03,3.668306758433173987e-03,3.540551353672731581e-03,3.663024646912057310e-03,3.718312400043588626e-03,3.642721833537122811e-03,3.590128556112926264e-03,3.711582602764011609e-03,3.712268629264981606e-03,3.693964735786163436e-03,3.676863938903316038e-03,3.732810974421848799e-03,3.651502870134944612e-03,3.669820111999998972e-03,3.629964723468338903e-03,3.634264348080297122e-03,3.576497407246868269e-03,3.584234194856818125e-03,3.649264018312440259e-03,3.638398501726897161e-03,3.744313957191486211e-03,3.751945159080066847e-03,3.719790592432298260e-03,3.728175192534876302e-03,3.592269383593719653e-03,3.688917578674892617e-03,3.695880005720843416e-03,3.682757362548426654e-03,3.609842751977525646e-03,3.527258591476188036e-03,3.577965394019897664e-03,3.679080334496420517e-03,3.733159773594767888e-03,3.678464469590024630e-03,3.752327020248629342e-03,3.662431849665436813e-03,3.614625408622614694e-03,3.556623333884328247e-03,3.658244495931263669e-03,3.546954288713589660e-03,3.667534208064578225e-03,3.697952943125883390e-03,3.587503099209237312e-03,3.540252770563885511e-03,3.786627954914831111e-03,3.695923624971382201e-03,3.591156982882925518e-03,3.557844139811473273e-03,3.711859843411216379e-03,3.650534256316964165e-03,3.614705655503544848e-03,3.702961695254427220e-03,3.705573665210477614e-03,3.661195920881443050e-03,3.628632136773076063e-03,3.647444239615284765e-03,3.667214407926844017e-03,3.617606661605852775e-03,3.607251639515118499e-03,3.546501447170108314e-03,3.576456315918133226e-03,3.611410205632542905e-03,3.688598946364566537e-03,3.728931241513560452e-03,3.724657986612911736e-03,3.704575085002958113e-03,3.677518890601517727e-03,3.728898513071953434e-03,3.711548714584260097e-03,3.686464903109171187e-03,3.645802907819347977e-03,3.488173203015556851e-03,3.720733114934219200e-03,3.668466637541099775e-03,3.685420346020084562e-03,3.793600331817484784e-03,3.698388780433735801e-03,3.682762144181102402e-03,3.655072137839068380e-03,3.674755847412722928e-03,3.760594297755298632e-03,3.635881928181493999e-03,3.691025405708262246e-03,3.631261129079642151e-03,3.655407150690303392e-03,3.716410802946548513e-03,3.753007665799364904e-03,3.735214628608656603e-03,3.639043782369062556e-03,3.587817676440291891e-03,3.648667589749435020e-03,3.656294281867139041e-03,3.633584845060367635e-03,3.619735281134180832e-03,3.691163795465957336e-03,3.596744949351686482e-03,3.663150067508248991e-03,3.726477667736755386e-03,3.661415747023737469e-03,3.626024236955334521e-03,3.687182213756047371e-03,3.679311935854371208e-03,3.666150731562406537e-03,3.622455655523443806e-03,3.634243421784914396e-03,3.616986937354343869e-03,3.635023411149605928e-03,3.622319689044369018e-03,3.658768606645033429e-03,0.000000000000000000e+00,3.559243853243042321e-03,3.599219376447656757e-03,3.698666940975996967e-03,3.692183469875352959e-03,3.803705043247633012e-03,3.610101505043953815e-03,3.622464201693779019e-03,3.695078479167739852e-03,3.741576133316309744e-03,3.755789715416689260e-03,3.687813246050136284e-03,3.743053086331272952e-03,3.719267942155257949e-03,3.704283314083461551e-03,3.667643387365670301e-03,3.628634279855426966e-03,3.625763475216899415e-03,3.642984189479846462e-03,3.759576319975486795e-03,3.679564798227191128e-03,3.693702734791119106e-03,3.674471756954062265e-03,3.613919275700831248e-03,3.758620489753663682e-03,3.673181292511117947e-03,3.615984600711501847e-03,3.568271567948072716e-03,3.529610271176750625e-03,3.608595840055441040e-03,3.765366480668295556e-03,3.587808832400189631e-03,3.646508363757048482e-03,3.736984819041389884e-03,3.687599074407067051e-03,3.625748886396521539e-03,3.598903300904184033e-03,3.567202087855821362e-03,3.649239024465113831e-03,3.762214114536836015e-03,3.649792822781132515e-03,3.631943065807607084e-03,3.611981703972243999e-03,3.634412604973719183e-03,3.627229177436074557e-03,3.735988409254224676e-03,3.577423983576982162e-03,3.639925416227410629e-03,3.687010615532776772e-03,3.766385474423138060e-03,3.581147669407118515e-03,3.738295011196113033e-03,3.700967297093097404e-03,3.662715677465820403e-03,3.771535910028410172e-03,3.565930252881321927e-03,3.744795828173184526e-03,3.703853932087014782e-03,3.709966674528648953e-03,3.763604993225831696e-03,3.710943043040516431e-03,3.724935041249068362e-03,3.626798589786651896e-03,3.607881448544844778e-03,3.772513203832358886e-03,3.795383177005147782e-03
3.711885775869843904e-03,3.571053283223312672e-03,3.647285212936712210e-03,3.679362179273371145e-03,3.628784000534781770e-03,3.701132760514128876e-03,3.617371872665341766e-03,3.692356123498699485e-03,3.645763932441874796e-03,3.652429177471959009e-03,3.602978162402539937e-03,3.649223956780365923e-03,3.644364865480533792e-03,3.703577374003343050e-03,3.799312800493148765e-03,3.627735946762662179e-03,3.678707126985636660e-03,3.704129740919093888e-03,3.599598566630935609e-03,3.774477863301087342e-03,3.728767865540823061e-03,3.660687543489247672e-03,3.671556065478847903e-03,3.887357234487843344e-03,3.614389794572421283e-03,3.690318022436946555e-03,3.702477703063599551e-03,3.662762771970284534e-03,3.641506555255802791e-03,3.647491236304527262e-03,3.599602363835588750e-03,3.724958320284650366e-03,3.665141408049584805e-03,3.739861222994468083e-03,3.647410633868729875e-03,3.565863582504014053e-03,3.631599896662350817e-03,3.645292945892206638e-03,3.571621111214500367e-03,3.751305302343845623e-03,3.652244285957140582e-03,3.651418882517130579e-03,3.678031915028222472e-03,3.714860633270920462e-03,3.681364308921637307e-03,3.675813667114621788e-03,3.772160502599817330e-03,3.604750999319824688e-03,3.671915138255774005e-03,3.633396907350260573e-03,3.533867155991072487e-03,3.664304838774806294e-03,3.684814308571579110e-03,3.628307404984495478e-03,3.680377546566550567e-03,3.633753960303705895e-03,3.737777815218253866e-03,3.706104658066095535e-03,3.640247786454098994e-03,3.702945871303565777e-03,3.672840073332924067e-03,3.780228127910025947e-03,3.702085046487122669e-03,3.597871291537538783e-03,3.642795745657712546e-03,3.663740805921633648e-03,3.688930449686261305e-03,3.575677217333165982e-03,3.675118259749001609e-03,3.623360954886805426e-03,3.554061389340788194e-03,3.680945115388979325e-03,3.648341066185269762e-03,3.586778234734537898e-03,3.620422189847205974e-03,3.570272669023476578e-03,3.640830700845812656e-03,3.837037389469697985e-03,3.685233968628182435e-03,3.656719089992916446e-03,3.670555244018200436e-03,3.635874367630985426e-03,3.704161557994925958e-03,3.629606061412530942e-03,3.643682401367719093e-03,3.653433160639420803e-03,3.715679389400961940e-03,3.612579022876029940e-03,3.735467729189403865e-03,3.631475225926484880e-03,3.731054031747778159e-03,3.684179278153661662e-03,3.615524127735323355e-03,3.571471434356613718e-03,3.601370003280127043e-03,3.686674865759971120e-03,3.737738040197496805e-03,3.632249179120570527e-03,3.718779086036860110e-03,3.540854508555053935e-03,3.687672634367388392e-03,3.788345274147275014e-03,3.781412862907581815e-03,3.751198528431733993e-03,3.573117457216699183e-03,3.728579930050815103e-03,3.706824051747754142e-03,3.620123491038219031e-03,3.630000324650039037e-03,3.738104756905461824e-03,3.753985353285485983e-03,3.687547281806541431e-03,3.656824611194024570e-03,3.704129647997261767e-03,3.649231220214887300e-03,3.718499794921564013e-03,3.664011236245374829e-03,3.555759167613635995e-03,3.692646177818002893e-03,3.565056601569521668e-03,3.554004018858646780e-03,3.651756916600395336e-03,3.604754780442209500e-03,3.645611773839805159e-03,3.690565271177029434e-03,3.783318581612307718e-03,3.559243853243042321e-03,0.000000000000000000e+00,3.802899966275444417e-03,3.648784090039746894e-03,3.662983338541199712e-03,3.688932145692909795e-03,3.814740942858121497e-03,3.698729656964529211e-03,3.692920977233495224e-03,3.839825259831101782e-03,3.579555112573721068e-03,3.661454494145347221e-03,3.672653652482902025e-03,3.642826922963057160e-03,3.567193510880220693e-03,3.617168245060576031e-03,3.575708556105196972e-03,3.638014520996012569e-03,3.700690142353931129e-03,3.606432850659066752e-03,3.716615398600072590e-03,3.632093950779864862e-03,3.555980706428327111e-03,3.577914801429984623e-03,3.613205170681100739e-03,3.654480904410989991e-03,3.708195002945486804e-03,3.651367670339621032e-03,3.676490796331526468e-03,3.647460175399476565e-03,3.761252311946639611e-03,3.677840538003816773e-03,3.736259227781974727e-03,3.526545895649913463e-03,3.588799331038879624e-03,3.697595374523799262e-03,3.681438365702803528e-03,3.622250842375348764e-03,3.568848609437548069e-03,3.725774305621705734e-03,3.683751629312235435e-03,3.650065407407106829e-03,3.708153521244699369e-03,3.736921043669989319e-03,3.762484027965867870e-03,3.537447123567561986e-03,3.620316957266503637e-03,3.697034126319484904e-03,3.597599155863243255e-03,3.632821201092427052e-03,3.744336741502783672e-03,3.693504643841561026e-03,3.583480846926678960e-03,3.790064809626105414e-03,3.630965780353786251e-03,3.627853897563509521e-03,3.505711014090522049e-03,3.618392007487192079e-03,3.538786927509502724e-03,3.589611870333439796e-03,3.606659683306770448e-03,3.581906194138038263e-03,3.628367833716870678e-03,3.706684621482719474e-03,3.504313492014396892e-03,3.789888764968445296e-03
3.727187795222765970e-03,3.674792649004966598e-03,3.569926242761697205e-03,3.580605256430642504e-03,3.524786322214581644e-03,3.616520273998393657e-03,3.564612903247307667e-03,3.598376806000776456e-03,3.668326494121693180e-03,3.719022704518684923e-03,3.568720408353100518e-03,3.529102322320178033e-03,3.566314652801580269e-03,3.739686850233994633e-03,3.693944696163038895e-03,3.562168631982080922e-03,3.680881327416125458e-03,3.722339609305207707e-03,3.788644385609662556e-03,3.622132277417754696e-03,3.602745433803576473e-03,3.698150258770827991e-03,3.802730602253120897e-03,3.692862047420015711e-03,3.608160032930685535e-03,3.711016729792480928e-03,3.740898327246879214e-03,3.583627924261311836e-03,3.672153991945380919e-03,3.643199767095914310e-03,3.644192731413261645e-03,3.657775727710098172e-03,3.667554972248720287e-03,3.650555332603095879e-03,3.747685404974284741e-03,3.629642728804739846e-03,3.526762941259923428e-03,3.707700650587804087e-03,3.867019890749623552e-03,3.625745943553158879e-03,3.559897358267654927e-03,3.595792911653537382e-03,3.635721678760185822e-03,3.669380317569301015e-03,3.470611921146254941e-03,3.572777511119594202e-03,3.779812613316034693e-03,3.646628384547657021e-03,3.630996438453422490e-03,3.720362455393320337e-03,3.794012843584043584e-03,3.674153966579203710e-03,3.585325688854475949e-03,3.641061666898538687e-03,3.636680138149189778e-03,3.718265908331964010e-03,3.781989643177927508e-03,3.584430834634420165e-03,3.685814044795475853e-03,3.673942793734844264e-03,3.658642735628795870e-03,3.540176064776248514e-03,3.692052032838489661e-03,3.698175261828534274e-03,3.653525394877940591e-03,3.670550902624491497e-03,3.730622261657439483e-03,3.625976924177361747e-03,3.614991786342314738e-03,3.760281974740618816e-03,3.605349611961997016e-03,3.782369511308188333e-03,3.705964439569200443e-03,3.548223600193294459e-03,3.569429760986721819e-03,3.686801230814672897e-03,3.571148285123942803e-03,3.724029851499794080e-03,3.631639271141503655e-03,3.521967708617084261e-03,3.758878272140596735e-03,3.621531721952169804e-03,3.688935251831247653e-03,3.649691364970213819e-03,3.644462545334079765e-03,3.686105249723852558e-03,3.566510795081850784e-03,3.806414255770136992e-03,3.722960470113067383e-03,3.742518206847756605e-03,3.698982642307206085e-03,3.643753873403429884e-03,3.608728740877728807e-03,3.651341185171401004e-03,3.692449491931007639e-03,3.612092402850427836e-03,3.621437549567600115e-03,3.593643012504833204e-03,3.618502506384341580e-03,3.702772091917822320e-03,3.665715443144614699e-03,3.696804993025256791e-03,3.834681093876151151e-03,3.553671269876214692e-03,3.536611158157350766e-03,3.724722342445641911e-03,3.665583536147262907e-03,3.615187315505506878e-03,3.762451756349322572e-03,3.667869918513162481e-03,3.707968104601618888e-03,3.706055222054830886e-03,3.573012906378808355e-03,3.684837157652308577e-03,3.660404980915142863e-03,3.800995000634171690e-03,3.607091350664474224e-03,3.588717635585359465e-03,3.677824928620566838e-03,3.680979051505878577e-03,3.597473120429443231e-03,3.629967710242095608e-03,3.567005554573523651e-03,3.563096219487628131e-03,3.714778720758221946e-03,3.686557419945429587e-03,3.599219376447656757e-03,3.802899966275444417e-03,0.000000000000000000e+00,3.674780722089106711e-03,3.671121449269154711e-03,3.706376047036210805e-03,3.671437259195219592e-03,3.595537017726403023e-03,3.574295898194989208e-03,3.666446698160610342e-03,3.708080103265115092e-03,3.625023422882791072e-03,3.722786215461897519e-03,3.604825349781764186e-03,3.669117872811758149e-03,3.650775608791976667e-03,3.601672875431579865e-03,3.671912394419190283e-03,3.782958481113078524e-03,3.674179313185022260e-03,3.617190711754285880e-03,3.745720307439758673e-03,3.557118640049121081e-03,3.746657635686141338e-03,3.661763398128996087e-03,3.697374824697239552e-03,3.632889385369101470e-03,3.660530611164696923e-03,3.709213781980816738e-03,3.617996390071541966e-03,3.817639189150327187e-03,3.760073302700414274e-03,3.731416928371562771e-03,3.544568878435021015e-03,3.658872168034162618e-03,3.620948875610392054e-03,3.622846608742705862e-03,3.650589779840441879e-03,3.558322962445942001e-03,3.710907289135798905e-03,3.753336216153235847e-03,3.712436745069725048e-03,3.607776196309800485e-03,3.684122496182241305e-03,3.722759237205969674e-03,3.651366698155298404e-03,3.605424154003237115e-03,3.740839114492400513e-03,3.572057554761750436e-03,3.715756646300919213e-03,3.525533891924276589e-03,3.704313271953547232e-03,3.607428079592304299e-03,3.688037201222807860e-03,3.772559751910847369e-03,3.719048309978040603e-03,3.718793360417292117e-03,3.752236275838381589e-03,3.606652949243649084e-03,3.628962361109904899e-03,3.705989203188314075e-03,3.663775173852157254e-03,3.687597552970249375e-03,3.614657870125048689e-03,3.721197771742000039e-03,3.729828897610088824e-03
3.579534667382869122e-03,3.654470613241406381e-03,3.791722016155218197e-03,3.601734439161338903e-03,3.659688882271486254e-03,3.590642962926669617e-03,3.587657851095186687e-03,3.715111667533254041e-03,3.646591562115877958e-03,3.627873317324386161e-03,3.618124973983573821e-03,3.604466533717379066e-03,3.768392863568778735e-03,3.664686222158860217e-03,3.685435673209037054e-03,3.630693606595722378e-03,3.734771840662052568e-03,3.586149286847379897e-03,3.724240905478860917e-03,3.640820950266535939e-03,3.649573041292048046e-03,3.745980794871940286e-03,3.685586527662699802e-03,3.621438692148606052e-03,3.785504262370289856e-03,3.689092394609487166e-03,3.622903574380624027e-03,3.658829704742157154e-03,3.603176442199917777e-03,3.654505726300110065e-03,3.564305854533390480e-03,3.741801495445065077e-03,3.639759526466664757e-03,3.548337933977745769e-03,3.658074640449691852e-03,3.545922093960929711e-03,3.710102895277506054e-03,3.586315064630459914e-03,3.648832027377973009e-03,3.639087198351422144e-03,3.734886511256959706e-03,3.610185436748271793e-03,3.607966365606567801e-03,3.807484087333030866e-03,3.626330082601975698e-03,3.599045630798655433e-03,3.652348289447243223e-03,3.667705827717330710e-03,3.616518525517208732e-03,3.633859505882712157e-03,3.635166506531419678e-03,3.679018499885350173e-03,3.604854713944953288e-03,3.699836103723575919e-03,3.558394716015230060e-03,3.826085524744493854e-03,3.760711275047982135e-03,3.624682180008160452e-03,3.712437979742006563e-03,3.699718880687890947e-03,3.601233367474482826e-03,3.611689160518096169e-03,3.704438678720278332e-03,3.597921559614623756e-03,3.580063317974664042e-03,3.733857964409227105e-03,3.528483700523356130e-03,3.661625329150169309e-03,3.638920541407538508e-03,3.708819454168704732e-03,3.684715128904132893e-03,3.609263356944909535e-03,3.672713584140006957e-03,3.701593172662885275e-03,3.612192261322452573e-03,3.671423262994216730e-03,3.638757881743187855e-03,3.674846209429926801e-03,3.813682670607529239e-03,3.768615436233734798e-03,3.720910876786836727e-03,3.667626261761635156e-03,3.685091809461897832e-03,3.736924800024874014e-03,3.685959605249495424e-03,3.700001303620726722e-03,3.687389339495134380e-03,3.637731012391737760e-03,3.626160619986070963e-03,3.695548758561296131e-03,3.641641273401915839e-03,3.712539843253924964e-03,3.619757172694528305e-03,3.691951413647961977e-03,3.701114983577066721e-03,3.597480303822780858e-03,3.615017111195987631e-03,3.612768051258986781e-03,3.608607723640223051e-03,3.578740388789227768e-03,3.674526295352816430e-03,3.660082864427336401e-03,3.791010871280324837e-03,3.653054513710510091e-03,3.672753162870494390e-03,3.680638813210933454e-03,3.632939488649648916e-03,3.716934536630220592e-03,3.749253538502572963e-03,3.738472743188564137e-03,3.666185229962558734e-03,3.602525799266742719e-03,3.695544543404927652e-03,3.793708382620282482e-03,3.698574606687186645e-03,3.725630706974496480e-03,3.687684812059708207e-03,3.708897081929611594e-03,3.592417887511903038e-03,3.711239732515441390e-03,3.663102070185373683e-03,3.710310909554201571e-03,3.624964428993863921e-03,3.654199978479313101e-03,3.618439815216315664e-03,3.583788150306924970e-03,3.698666940975996967e-03,3.648784090039746894e-03,3.674780722089106711e-03,0.000000000000000000e+00,3.671878837016843370e-03,3.622884878986901321e-03,3.721623327363655139e-03,3.640615382334037951e-03,3.616928552117741006e-03,3.605578845263125026e-03,3.727753192588818473e-03,3.650128305714708202e-03,3.638823816020207800e-03,3.815836156448868151e-03,3.655597489276084938e-03,3.720076712711715711e-03,3.661068437514463422e-03,3.589740960648610257e-03,3.572536499964284670e-03,3.667981268210051670e-03,3.599917753233785028e-03,3.733212518504557941e-03,3.671602010150265116e-03,3.664778504770825011e-03,3.591914027495722583e-03,3.713333795012302603e-03,3.683180329822604432e-03,3.633959375362928214e-03,3.614335344448237064e-03,3.595883931068947874e-03,3.702090250688961238e-03,3.667095908266784256e-03,3.569520179772001610e-03,3.736117342280448946e-03,3.643793007022690794e-03,3.634474786629475918e-03,3.634269072804844920e-03,3.705231310029419908e-03,3.657310917764589140e-03,3.643275735983508151e-03,3.589433543381777888e-03,3.615127547002939135e-03,3.631456580394544411e-03,3.628046672733867533e-03,3.636066591735691994e-03,3.761022533485625617e-03,3.679711523720026120e-03,3.655236582013486526e-03,3.897109616563305349e-03,3.749125245496790285e-03,3.530291490871429079e-03,3.718712855116453227e-03,3.754117765019488687e-03,3.671629134956338678e-03,3.679690077890021907e-03,3.591995540256149883e-03,3.629684870490753473e-03,3.681282966934403336e-03,3.691277409256408029e-03,3.539180898278138782e-03,3.638949642212123154e-03,3.652761864369227264e-03,3.628894851424272795e-03,3.651474642802560351e-03,3.620676501244060770e-03,3.696851298733493801e-03
3.631788142018720512e-03,3.645688660748863403e-03,3.621072203925938555e-03,3.502952515966254680e-03,3.636171595382611810e-03,3.602859235944398490e-03,3.574247065026732277e-03,3.734427562038350121e-03,3.694288490264499136e-03,3.589392531442684407e-03,3.608029971019844837e-03,3.686929362291818755e-03,3.695912164332724060e-03,3.619109166394989929e-03,3.568955726962088574e-03,3.696553376406483665e-03,3.608468927285955578e-03,3.619453421075891509e-03,3.687275899045356665e-03,3.566794405994029929e-03,3.733845197019379069e-03,3.661418115073448651e-03,3.628893765768425456e-03,3.681632793719497899e-03,3.684080956090297811e-03,3.679824702494997879e-03,3.680799509912020383e-03,3.722237743835513785e-03,3.737591673152837034e-03,3.632711065371490612e-03,3.671120779898319041e-03,3.539469651484718551e-03,3.745806925867702347e-03,3.581561471241880620e-03,3.623321428181235787e-03,3.642839522709072787e-03,3.596575100174347409e-03,3.592887165691489512e-03,3.697288996692633337e-03,3.633541439741034933e-03,3.719161496323594544e-03,3.707143964059037011e-03,3.776787399529248860e-03,3.641539820703592386e-03,3.657525800238820533e-03,3.627685031433830216e-03,3.608077921848125078e-03,3.598809828988497762e-03,3.733097637503747599e-03,3.641621522357372902e-03,3.687592867356175984e-03,3.800584217825433552e-03,3.563268126315272122e-03,3.644011246302236370e-03,3.647494837857233069e-03,3.621479235427807822e-03,3.707832424281447530e-03,3.533375922845874862e-03,3.632453388802110630e-03,3.811132308464973244e-03,3.558728853031883129e-03,3.665858565567811905e-03,3.622896904077279635e-03,3.795655509625276650e-03,3.684163436208879629e-03,3.626899735546144660e-03,3.655846933449176384e-03,3.679382866913853776e-03,3.630629199015144443e-03,3.620276997100031410e-03,3.633907267493256734e-03,3.666115999933146439e-03,3.671521793966384464e-03,3.684085835613451834e-03,3.727132399334896068e-03,3.631604022561953690e-03,3.663243210332740862e-03,3.619618279513895330e-03,3.674539574429593839e-03,3.730485503284895928e-03,3.621012787751878761e-03,3.653613028031074423e-03,3.731785418753116000e-03,3.717490844516032136e-03,3.630414139915807449e-03,3.711240845219993586e-03,3.644330416533005882e-03,3.662056320087166313e-03,3.686883803674741514e-03,3.642192566748870750e-03,3.630566970032885615e-03,3.590529996506765416e-03,3.607070757964330170e-03,3.719967085107803856e-03,3.597235235966081152e-03,3.583913252960727221e-03,3.661490212546791682e-03,3.594244028820517065e-03,3.632994654672461708e-03,3.844168552459261302e-03,3.656278322961573502e-03,3.675019259562962992e-03,3.751004739665678590e-03,3.720040973931662293e-03,3.786093887272090359e-03,3.682606325038272933e-03,3.607921658612372150e-03,3.688923904230582973e-03,3.648264020846880666e-03,3.853789846598456529e-03,3.703406276908889714e-03,3.650527318581308234e-03,3.644888487579418020e-03,3.712073862417229839e-03,3.759240610093544325e-03,3.625712819482298545e-03,3.607199763358682424e-03,3.866524024217967564e-03,3.643482509234477907e-03,3.641562423163505202e-03,3.610976577048305956e-03,3.609423248868588556e-03,3.673584853089586957e-03,3.665389647511286576e-03,3.629689783536479367e-03,3.694653714510733131e-03,3.692183469875352959e-03,3.662983338541199712e-03,3.671121449269154711e-03,3.671878837016843370e-03,0.000000000000000000e+00,3.601344832747224722e-03,3.597514342519449442e-03,3.761535006115071002e-03,3.627841787106993437e-03,3.669323804532536887e-03,3.618118266616126340e-03,3.759865231451298053e-03,3.562074833255859854e-03,3.643057502878301827e-03,3.702989181445868593e-03,3.672202094869163151e-03,3.652622205438296483e-03,3.627725612541795545e-03,3.770579888569357014e-03,3.710792470138145078e-03,3.718028373479365014e-03,3.612402332505803507e-03,3.694118397186631382e-03,3.596373896813455893e-03,3.649038888504839862e-03,3.642295321295541208e-03,3.538122523959845011e-03,3.669689891822680659e-03,3.593504046527552179e-03,3.666464083854324880e-03,3.681134122243268861e-03,3.732524870667977036e-03,3.664811983485372158e-03,3.566811881937052495e-03,3.638717594437349684e-03,3.682845166400364537e-03,3.623043170372448624e-03,3.734232511865148881e-03,3.726276479316743568e-03,3.719459951987680573e-03,3.674430603230200831e-03,3.657435777162806011e-03,3.616798757092465604e-03,3.601522296689219430e-03,3.652398646685416864e-03,3.789597640510136700e-03,3.630551721327060239e-03,3.692545364311005610e-03,3.635811303920463526e-03,3.714455568436616107e-03,3.669327246861038994e-03,3.734821737616546115e-03,3.695640114942658292e-03,3.607629870834237838e-03,3.620502066423522767e-03,3.643882660493788766e-03,3.578950507246941512e-03,3.709648994281039731e-03,3.703672422281247597e-03,3.669677019961226343e-03,3.711215143583528660e-03,3.657129187493004044e-03,3.668770391590621491e-03,3.708245886943759093e-03,3.693583690053396217e-03,3.651098330027911440e-03
3.571585209606752045e-03,3.690225981355718578e-03,3.714198336957978165e-03,3.691562483201103056e-03,3.693275774958943141e-03,3.578967306148829117e-03,3.792366993348260992e-03,3.682065306579129262e-03,3.743641463306056089e-03,3.781031356047428321e-03,3.716486423080174809e-03,3.717212696781791673e-03,3.595619188213832525e-03,3.701762345786320952e-03,3.649792421510367636e-03,3.563421624092240770e-03,3.629177743594497532e-03,3.664552996213193709e-03,3.683993587564372146e-03,3.679457574935703773e-03,3.704717415790569242e-03,3.569487117531124250e-03,3.640070566949432738e-03,3.679754737358627206e-03,3.763393548546844526e-03,3.528044702818041757e-03,3.707245971404367606e-03,3.797517628040622366e-03,3.638944909094932005e-03,3.611072757860568465e-03,3.622927075858155439e-03,3.687042587896267442e-03,3.651924056593669390e-03,3.728617597978510501e-03,3.584951520043031491e-03,3.612195395105486859e-03,3.737642461170791446e-03,3.656180670916903824e-03,3.780621549695330555e-03,3.720535543852089306e-03,3.589984447848942883e-03,3.652146387111863176e-03,3.625916241364675070e-03,3.608657811883214227e-03,3.810839801434124253e-03,3.609631124547864507e-03,3.686684001935273958e-03,3.700584204798941946e-03,3.727455753387598578e-03,3.714306633170784584e-03,3.597654455660432606e-03,3.788089216491862758e-03,3.689697237061478115e-03,3.691431333613434413e-03,3.754953645472576974e-03,3.628733455638324685e-03,3.579052594621909104e-03,3.699214546648601533e-03,3.714559869181752270e-03,3.689372392374969545e-03,3.704973007892823841e-03,3.758365740898086428e-03,3.682268480156344198e-03,3.709797382141401343e-03,3.651398007769245460e-03,3.663468655476891534e-03,3.656403146982201494e-03,3.718745049241469272e-03,3.677127782033127144e-03,3.678449678073591068e-03,3.627916126488588827e-03,3.823918235392308011e-03,3.622517584364825204e-03,3.498439629074274766e-03,3.666461499505750763e-03,3.734828918001298608e-03,3.610500227411060463e-03,3.716196095453782201e-03,3.587476504357142455e-03,3.705183211778791900e-03,3.730092114878156423e-03,3.596853851835555768e-03,3.745742574954053807e-03,3.628039400762102327e-03,3.634219716886133954e-03,3.628783939250845945e-03,3.598523236739208271e-03,3.632521810068675867e-03,3.566449615395537228e-03,3.654897973246310199e-03,3.748842398417502175e-03,3.706964450937044308e-03,3.809459931801491717e-03,3.716920864419110369e-03,3.642327094385399127e-03,3.636873490648913094e-03,3.684398537418659240e-03,3.727719815487137451e-03,3.625316107824457651e-03,3.607373735686094166e-03,3.628460824464818050e-03,3.724457264432601711e-03,3.639784006264188028e-03,3.584201164842992088e-03,3.519237777893749128e-03,3.554927409593121833e-03,3.579400054025144544e-03,3.729210332859537406e-03,3.687079565790605563e-03,3.735171990657901869e-03,3.540680301584242431e-03,3.567553148076529120e-03,3.655595194428371171e-03,3.734552589847749994e-03,3.700559087202199421e-03,3.698924872198895274e-03,3.612328508291413019e-03,3.659271842983208810e-03,3.599388678499419215e-03,3.713976803742434930e-03,3.632566850823071986e-03,3.578481065590744317e-03,3.647691786906017992e-03,3.734211903426262052e-03,3.611407532282735755e-03,3.552405517848910253e-03,3.803705043247633012e-03,3.688932145692909795e-03,3.706376047036210805e-03,3.622884878986901321e-03,3.601344832747224722e-03,0.000000000000000000e+00,3.655533341388142021e-03,3.668995894467945006e-03,3.671773050559003736e-03,3.732723515842483603e-03,3.717037473300902669e-03,3.613137190670908088e-03,3.649534056241496120e-03,3.584411082439837529e-03,3.633262799260315000e-03,3.563238032257842920e-03,3.604346601467954461e-03,3.593628962535382314e-03,3.618804053826020668e-03,3.568100885893180692e-03,3.657304234537498040e-03,3.628438744337155169e-03,3.799513997454183941e-03,3.636720964457064529e-03,3.615880554491297631e-03,3.680731371624977773e-03,3.657671401250516680e-03,3.657853530211427687e-03,3.645669157907887974e-03,3.770343717759958458e-03,3.741847612421014910e-03,3.716795541903806285e-03,3.597772854022546641e-03,3.524245215902833007e-03,3.677110704161469946e-03,3.511040170536256552e-03,3.694400691488987191e-03,3.599444383992672549e-03,3.630309238404778090e-03,3.609429253360534311e-03,3.661818465146210455e-03,3.557798292326914014e-03,3.775043917920559936e-03,3.657216896121356833e-03,3.716967501685759182e-03,3.624868017542129048e-03,3.643002913505145011e-03,3.776127751514237341e-03,3.596244334243149394e-03,3.579725050583193197e-03,3.633280708923282074e-03,3.609841146076853222e-03,3.674335949535189987e-03,3.724067548042981832e-03,3.596629122190596241e-03,3.697971851340095192e-03,3.691489736067383749e-03,3.779251656435634980e-03,3.587514003933157166e-03,3.633014953193831106e-03,3.676212785513845692e-03,3.657676435842444930e-03,3.755937803492946214e-03,3.580841645008919945e-03,3.604462622778502930e-03,3.637224776945950384e-03
3.686687183588532955e-03,3.519705931609110310e-03,3.725947788800545134e-03,3.612393556127098133e-03,3.594360297078981643e-03,3.632828765117091484e-03,3.805529974456756809e-03,3.694166487859820713e-03,3.660279764629007903e-03,3.705262198654846878e-03,3.676050872230129420e-03,3.670097867033831219e-03,3.573814094716000478e-03,3.599835612304022603e-03,3.713770211673403116e-03,3.824075472441537411e-03,3.734795525909355516e-03,3.562311969680856307e-03,3.604785149679458171e-03,3.858570254632660412e-03,3.657068231861716756e-03,3.612562821458257904e-03,3.696010595960292841e-03,3.718123501228698998e-03,3.519148552867425173e-03,3.749670157841830404e-03,3.602401547920250271e-03,3.713739149156842882e-03,3.598059610413351615e-03,3.736282810097564609e-03,3.702704097774307986e-03,3.671878195598880356e-03,3.636674364262288631e-03,3.674399464282016546e-03,3.669843928771880908e-03,3.649676758939593164e-03,3.726787491316765118e-03,3.560703954046789185e-03,3.661323062490248401e-03,3.705632874848264514e-03,3.684788088011344345e-03,3.610986892893717787e-03,3.665206321015879523e-03,3.683340940610235325e-03,3.612067889284930472e-03,3.660580430494638719e-03,3.653415789509005616e-03,3.583009558240957213e-03,3.631593031013819785e-03,3.688488817769109557e-03,3.727733430244847129e-03,3.693069851491962655e-03,3.810344872411896427e-03,3.669258026841658131e-03,3.737332642649589688e-03,3.637285415859815418e-03,3.693227708666342937e-03,3.564168039759026303e-03,3.746758592195110430e-03,3.637888155022374857e-03,3.681030996080564884e-03,3.654940444753114730e-03,3.685799228893320116e-03,3.531344591082863707e-03,3.614717262071258722e-03,3.646486742828294100e-03,3.562408539364891706e-03,3.675564078030007457e-03,3.721275888321843184e-03,3.548993676479353290e-03,3.604821072389434965e-03,3.634904147314578504e-03,3.736670547150940103e-03,3.710617060266380249e-03,3.689090950306106714e-03,3.584499401116878099e-03,3.562001739398201056e-03,3.695446536573073534e-03,3.704153789675400550e-03,3.555716413278128731e-03,3.699801924149657365e-03,3.568773400687604534e-03,3.583974599660782155e-03,3.798072842152672244e-03,3.725214765640039779e-03,3.577705365023457675e-03,3.629104643721747965e-03,3.688633053048044012e-03,3.716667738758319597e-03,3.619278856246150883e-03,3.593768734956240187e-03,3.815813222241006778e-03,3.520184495043878706e-03,3.633835323411783655e-03,3.772511301328025125e-03,3.605725675136705385e-03,3.692053841173516954e-03,3.728033665036783410e-03,3.769832382793146010e-03,3.544399274243693453e-03,3.721084924727333706e-03,3.716442570911835525e-03,3.684526008308831087e-03,3.677794386044315727e-03,3.566002812182381652e-03,3.700941641002281762e-03,3.659042173864200751e-03,3.673365947126670111e-03,3.687971272918445613e-03,3.641440449443026760e-03,3.581639709092479355e-03,3.625590803616680728e-03,3.671162636940748791e-03,3.729399268200863423e-03,3.626633528408887593e-03,3.562375983019461408e-03,3.719417385792667813e-03,3.660934678183405070e-03,3.630047078731084547e-03,3.630993219624489062e-03,3.638610349654787784e-03,3.644597929048869374e-03,3.613350583872477692e-03,3.689089752026942018e-03,3.684932692431740556e-03,3.693960741431147853e-03,3.610101505043953815e-03,3.814740942858121497e-03,3.671437259195219592e-03,3.721623327363655139e-03,3.597514342519449442e-03,3.655533341388142021e-03,0.000000000000000000e+00,3.628821109363975731e-03,3.587920676863026216e-03,3.763465667828283252e-03,3.489988972295277134e-03,3.631009169977348315e-03,3.688878499490269493e-03,3.722565529498008535e-03,3.589850012575044637e-03,3.799552366028210657e-03,3.806183784739644235e-03,3.737561703216595553e-03,3.656923514448954648e-03,3.718545708287025568e-03,3.581299690832749540e-03,3.574991510067316094e-03,3.627969348291811176e-03,3.561101506614641407e-03,3.727459605437651643e-03,3.622753379389721286e-03,3.619158220273130389e-03,3.643932454775156236e-03,3.589552644106198693e-03,3.634635006632988205e-03,3.666988156522665854e-03,3.642337721799422581e-03,3.746323392180473180e-03,3.845021625468519975e-03,3.774877846256248070e-03,3.781150427104243514e-03,3.649182629790180456e-03,3.683831397944085061e-03,3.660415836144923028e-03,3.687335323452447470e-03,3.861761008022923051e-03,3.626714108910071999e-03,3.691224629173172223e-03,3.610446641046243660e-03,3.664339755687924093e-03,3.658513206074252670e-03,3.565204057521587956e-03,3.646687341067536645e-03,3.634728376424023293e-03,3.603023543692619474e-03,3.738558392460171464e-03,3.616702773264942813e-03,3.534316579039628332e-03,3.704718227688070728e-03,3.602221487124762471e-03,3.601838244406744410e-03,3.541884462365886381e-03,3.561769105232200777e-03,3.729878921793498142e-03,3.714139267901743740e-03,3.689342134831468441e-03,3.616490859775170746e-03,3.607504971806705513e-03,3.671306166916657628e-03,3.644209939584660760e-03,3.691561841056474353e-03
3.588625530783182398e-03,3.607789764806644799e-03,3.554524643179155213e-03,3.647950499159603038e-03,3.700435241604047715e-03,3.540661687452803952e-03,3.707344427286474002e-03,3.644084096587427418e-03,3.652086516110513836e-03,3.623474252561482804e-03,3.688167575814244818e-03,3.686108655723039241e-03,3.640975765958710374e-03,3.640841730550173870e-03,3.643748171821952538e-03,3.866455291492483775e-03,3.626955302258844105e-03,3.640366534211556416e-03,3.584572174985900181e-03,3.649444517489536417e-03,3.644852325337073762e-03,3.594108298309844646e-03,3.640325068617288311e-03,3.697677687958200298e-03,3.761453252991332850e-03,3.667602255868768722e-03,3.652418436632571402e-03,3.674977142931094756e-03,3.718018301329599744e-03,3.695772488499921883e-03,3.652675681711234964e-03,3.628741289410588374e-03,3.542008557048433124e-03,3.621438408128875141e-03,3.638589457768127457e-03,3.671689405980789900e-03,3.698089636473728212e-03,3.657338846638073446e-03,3.816995216045833677e-03,3.725369170579040119e-03,3.633271539720542981e-03,3.744970716293092791e-03,3.638646373853738486e-03,3.702340946938862103e-03,3.717360341626685990e-03,3.682311581781666423e-03,3.723605754348991749e-03,3.631861045979253074e-03,3.604280497009196456e-03,3.651082766076496015e-03,3.547198141206426431e-03,3.866131667760873587e-03,3.591666119351123038e-03,3.595113071030340939e-03,3.677616129619270483e-03,3.626151531123454445e-03,3.592205077272644237e-03,3.771375147884849753e-03,3.642118229605164487e-03,3.684493840312599942e-03,3.667482117556008885e-03,3.555917916525638389e-03,3.593663131228047071e-03,3.641965708982448317e-03,3.761393040702177334e-03,3.586507202970165044e-03,3.696228425151898249e-03,3.650273336152349765e-03,3.721121481927551228e-03,3.697097924933746664e-03,3.712066772706033250e-03,3.650275351146200359e-03,3.649600908719448020e-03,3.699115858552418177e-03,3.625924394911551798e-03,3.615611238318560544e-03,3.642154577751742159e-03,3.747129196343276791e-03,3.780735138636964233e-03,3.635320417640200679e-03,3.580196270701792912e-03,3.704623847784120454e-03,3.737974690508255853e-03,3.610288600311245717e-03,3.730049180001250488e-03,3.794412056987824227e-03,3.848141463832553764e-03,3.596804406363990087e-03,3.508711885358985205e-03,3.642415349778726358e-03,3.733236487121701502e-03,3.563407320450046045e-03,3.577009669937822583e-03,3.660833030554420161e-03,3.627345617054171349e-03,3.529410580206423891e-03,3.695812636510313783e-03,3.671538796072199712e-03,3.692923189634980761e-03,3.753616717103496793e-03,3.647208163241849165e-03,3.661529751549570579e-03,3.554921194485230820e-03,3.660678232774365864e-03,3.710486838143010110e-03,3.663601947842189122e-03,3.656073594416088968e-03,3.831747300983475053e-03,3.627863827510242455e-03,3.743192078986711489e-03,3.637135621093688740e-03,3.595273970538966427e-03,3.753746031746967547e-03,3.597505721706533051e-03,3.629863099663929119e-03,3.566053592444081224e-03,3.637149104816638119e-03,3.666204933064064111e-03,3.605953195463222714e-03,3.621516089045197402e-03,3.611806802033458268e-03,3.720158413348560993e-03,3.683887266048031534e-03,3.700147238263372558e-03,3.663303380668873292e-03,3.582930906940329490e-03,3.622464201693779019e-03,3.698729656964529211e-03,3.595537017726403023e-03,3.640615382334037951e-03,3.761535006115071002e-03,3.668995894467945006e-03,3.628821109363975731e-03,0.000000000000000000e+00,3.733016614570440570e-03,3.603292247693400206e-03,3.593269746283709373e-03,3.707174930374954741e-03,3.565215395007374517e-03,3.710300212552219892e-03,3.628058765007333500e-03,3.630400204157998439e-03,3.777988643265452542e-03,3.574018171123952235e-03,3.684114424740011010e-03,3.695673230709884804e-03,3.594807909721838435e-03,3.611029276677067516e-03,3.632835919229214939e-03,3.588317530392682621e-03,3.664075459951850189e-03,3.652956356555207840e-03,3.636025244254284527e-03,3.546224559553466660e-03,3.743399888997853316e-03,3.689620259308972958e-03,3.661154981065698529e-03,3.734924464876444774e-03,3.758808178416932037e-03,3.650933129452520187e-03,3.615222787225854349e-03,3.746422537136548468e-03,3.722660712476758178e-03,3.672320420577057307e-03,3.792408959464534449e-03,3.717749817518949465e-03,3.602037423945874707e-03,3.530765178276297316e-03,3.637526437880559804e-03,3.671176578984146604e-03,3.714972469360001799e-03,3.711032989225373450e-03,3.672134366327471037e-03,3.593557281177737171e-03,3.631452358985348249e-03,3.612787525309697767e-03,3.692557685316622419e-03,3.752807973860560267e-03,3.780734790604867602e-03,3.710609784955211203e-03,3.547043759555479001e-03,3.712710541830454344e-03,3.670259007486610658e-03,3.623264020265771438e-03,3.666298378285975587e-03,3.524908504485036852e-03,3.733829197110454402e-03,3.796945172128516656e-03,3.612681962689971108e-03,3.664152322142201317e-03,3.663512599905057333e-03,3.676596967672766860e-03
3.649609718876163731e-03,3.635746324511689252e-03,3.558995744449132675e-03,3.618495423853561842e-03,3.789792403180876432e-03,3.672851381840998037e-03,3.733369293123023954e-03,3.677384797640852795e-03,3.699208529457789513e-03,3.711842654657590210e-03,3.636756015699780988e-03,3.701604487774982563e-03,3.717610493555926696e-03,3.597039523093433812e-03,3.654931560034439548e-03,3.669861708249829834e-03,3.607978924764760394e-03,3.828125796346032016e-03,3.654401621304015878e-03,3.579011394843673814e-03,3.662410077730928089e-03,3.711727745743109794e-03,3.545392193522058262e-03,3.784883836130613268e-03,3.613188164139072810e-03,3.630548472273290722e-03,3.617190621768694853e-03,3.588390429421431903e-03,3.782793974865884638e-03,3.633982752333741323e-03,3.627030102625256654e-03,3.654108754737040755e-03,3.662806292405106426e-03,3.795351418166429194e-03,3.631901223431129814e-03,3.656762084234213388e-03,3.597928833086274682e-03,3.677412620872454706e-03,3.654309245470178154e-03,3.721955710798364059e-03,3.637211958864718531e-03,3.610007941918978724e-03,3.660147812162119554e-03,3.691964336351369769e-03,3.720922122410809559e-03,3.661092735407301367e-03,3.589824456808535583e-03,3.748706343346613380e-03,3.597217498299478278e-03,3.688598834329329980e-03,3.639180746444121897e-03,3.745320111249257969e-03,3.566803668767020829e-03,3.648471321383813144e-03,3.728020732862265523e-03,3.687661752411630460e-03,3.679735021676170791e-03,3.719386374559958876e-03,3.654101844853091443e-03,3.560596572499512714e-03,3.604111517165237838e-03,3.771767553778749942e-03,3.652557133480920613e-03,3.632923545224477253e-03,3.596523562386323616e-03,3.664086552179255437e-03,3.706389784353081220e-03,3.750399210249969525e-03,3.656824318971171883e-03,3.671732774407044601e-03,3.652599577755647441e-03,3.682695801599114929e-03,3.607302810615503705e-03,3.633584602336092061e-03,3.660584070973802069e-03,3.627694801882310870e-03,3.611660612187522941e-03,3.774525118917137784e-03,3.707288258252768986e-03,3.660189967188425594e-03,3.578468900364542918e-03,3.707165640333559727e-03,3.738585086414056031e-03,3.783620471206501894e-03,3.632310605801269965e-03,3.698571877843269753e-03,3.733529586781182425e-03,3.648053426420454996e-03,3.657736843261964570e-03,3.666901839863526136e-03,3.640462365028561322e-03,3.528424057193323918e-03,3.644388394093918664e-03,3.632700676103710336e-03,3.641626948754241207e-03,3.672790441837032235e-03,3.595898149334579141e-03,3.628384762209021282e-03,3.736444965042101576e-03,3.720413218861490234e-03,3.681585845818839253e-03,3.693630227854409649e-03,3.656183855726348637e-03,3.708408057471205589e-03,3.601040522908591657e-03,3.719926171840360653e-03,3.715313873411273896e-03,3.773078173856087101e-03,3.697571880641640964e-03,3.702216667688592276e-03,3.702573276028049611e-03,3.605918584218062439e-03,3.660762056160523845e-03,3.739237284422526186e-03,3.569954774657151542e-03,3.749750004201927479e-03,3.563805680836563527e-03,3.691966244937760263e-03,3.649881873776969401e-03,3.675083033654068243e-03,3.619159552468760675e-03,3.726573789927374765e-03,3.665498490903914847e-03,3.669227809798694846e-03,3.686780079711076026e-03,3.709038774398721802e-03,3.695078479167739852e-03,3.692920977233495224e-03,3.574295898194989208e-03,3.616928552117741006e-03,3.627841787106993437e-03,3.671773050559003736e-03,3.587920676863026216e-03,3.733016614570440570e-03,0.000000000000000000e+00,3.697061362973777087e-03,3.635488492416007363e-03,3.699259554410801003e-03,3.595636095444797609e-03,3.615523622515082278e-03,3.643243003725528135e-03,3.614905471084022340e-03,3.626019627568464500e-03,3.617024037983494322e-03,3.699467196124346484e-03,3.565990611951195665e-03,3.702839227023761639e-03,3.701711701420017445e-03,3.620296934948583675e-03,3.679313038077898935e-03,3.715488266335892440e-03,3.584314230365096259e-03,3.650968712706301189e-03,3.636647477288957719e-03,3.701352279737071382e-03,3.615984012165399369e-03,3.562846387950466178e-03,3.636733515015296101e-03,3.703973913504450197e-03,3.610032050855938816e-03,3.754790068895771937e-03,3.754802154557394019e-03,3.618829200120533048e-03,3.640108930938030195e-03,3.747128634498500359e-03,3.671187312310610767e-03,3.739797603042451912e-03,3.665712371802390315e-03,3.617482991425175886e-03,3.746958684426120265e-03,3.695483760505026850e-03,3.649507125089356159e-03,3.601448708538325817e-03,3.642618660770672364e-03,3.610479645988024129e-03,3.453899176825379717e-03,3.642748342486997002e-03,3.703764074605730029e-03,3.656932227328291932e-03,3.616952865944374467e-03,3.580175929887570701e-03,3.806076948197803945e-03,3.647688848304436304e-03,3.680793418329515905e-03,3.611794916664397368e-03,3.666026613388211931e-03,3.670000769845117861e-03,3.734827996110408159e-03,3.627146544565672866e-03,3.677617747704964128e-03,3.610974917748301267e-03,3.557548555545897700e-03
3.650575167426598280e-03,3.499638890749821353e-03,3.689836761410137788e-03,3.646059418980209573e-03,3.610648235881330683e-03,3.633986971693558155e-03,3.713092303557563936e-03,3.613106624897216481e-03,3.702248581512843084e-03,3.633386451998998727e-03,3.596624739574390099e-03,3.595495483385315050e-03,3.689038979784251514e-03,3.608111879467632618e-03,3.759464057133829907e-03,3.680356943257607517e-03,3.601671397321181030e-03,3.773953922123121380e-03,3.666740085075542895e-03,3.679276695592280377e-03,3.675013606842824233e-03,3.754670941500360629e-03,3.619407903883147416e-03,3.865105404128550692e-03,3.604481836475806247e-03,3.676238771846733738e-03,3.665872497987809116e-03,3.665764412783540597e-03,3.767588383237683008e-03,3.684037809386895429e-03,3.701793286051989918e-03,3.732234697639847439e-03,3.591628618381422812e-03,3.747170435429401057e-03,3.620610596334827673e-03,3.560303900370114741e-03,3.683082399050364650e-03,3.672216372166859678e-03,3.702322632054768844e-03,3.674736387004709590e-03,3.547745578866720335e-03,3.649280304515263237e-03,3.661182269890833445e-03,3.659179600331803183e-03,3.698977903415672126e-03,3.576473561166093780e-03,3.608013962010733419e-03,3.559703458852132071e-03,3.577777133711813190e-03,3.562277372367985816e-03,3.580770310728695425e-03,3.697910850499469462e-03,3.630963641127627189e-03,3.766568490915603393e-03,3.637867289650667524e-03,3.592861883450574126e-03,3.836204337418149153e-03,3.666720393695534555e-03,3.732581688356972124e-03,3.653469533528872458e-03,3.640863124736815754e-03,3.639065392906247823e-03,3.666822947254814221e-03,3.580370372994527879e-03,3.712826399875924274e-03,3.777207395129729157e-03,3.660812552493871667e-03,3.594230528647527571e-03,3.716529019557356268e-03,3.673508330289613610e-03,3.586659688712906871e-03,3.672436838727212091e-03,3.636689620268222008e-03,3.636131020335151010e-03,3.662886418005072576e-03,3.488304842252196603e-03,3.562155884503226747e-03,3.626268885923087694e-03,3.679956342724613298e-03,3.556084706450993779e-03,3.550890965107456314e-03,3.690066511933264969e-03,3.663226888748856089e-03,3.726736992982919872e-03,3.703066461053382621e-03,3.570726178880914183e-03,3.670485588688346575e-03,3.619175418944352816e-03,3.640364385753627058e-03,3.642433178200488696e-03,3.696037389830275372e-03,3.637029257848139064e-03,3.736987832909330690e-03,3.529173578421486521e-03,3.732863511059840607e-03,3.635450421238138261e-03,3.749373230296434555e-03,3.643677565221775747e-03,3.784949675991760090e-03,3.707667404536511488e-03,3.742653832083042958e-03,3.655139514313288963e-03,3.704287806952948590e-03,3.648678548543770120e-03,3.668406535889584368e-03,3.686202953858967474e-03,3.712529802558928171e-03,3.563138919670519843e-03,3.665921305629194198e-03,3.680001394523667660e-03,3.626999149034775948e-03,3.619552813567671404e-03,3.687850449406594299e-03,3.707653304975989765e-03,3.754771560540978281e-03,3.676626361393173746e-03,3.752123606094316666e-03,3.615944945627580856e-03,3.644608237384775167e-03,3.624043206222963154e-03,3.689902961241058217e-03,3.635754336171346992e-03,3.591078557438956691e-03,3.785352031994875573e-03,3.546742234395219677e-03,3.695842432961689902e-03,3.741576133316309744e-03,3.839825259831101782e-03,3.666446698160610342e-03,3.605578845263125026e-03,3.669323804532536887e-03,3.732723515842483603e-03,3.763465667828283252e-03,3.603292247693400206e-03,3.697061362973777087e-03,0.000000000000000000e+00,3.642776442885788720e-03,3.718748914611937420e-03,3.608658751289974508e-03,3.690544894090515195e-03,3.673934231851711234e-03,3.732100118629863659e-03,3.608777140411516260e-03,3.595116221359762748e-03,3.611957300691516232e-03,3.589371215322002470e-03,3.642655340956608284e-03,3.651727826730373407e-03,3.673906828912974071e-03,3.543533577940717605e-03,3.651624823130268389e-03,3.561704387460783248e-03,3.706232245040386262e-03,3.566367181800906335e-03,3.550486094805783283e-03,3.778569041796648025e-03,3.666848873886416251e-03,3.827589608214611219e-03,3.668743960214153766e-03,3.696640806041859295e-03,3.656682512837381143e-03,3.736573873948515531e-03,3.643128779435909730e-03,3.720717223498220053e-03,3.576322033210902612e-03,3.755614605394560004e-03,3.643305629217029936e-03,3.753169960130685236e-03,3.672346497431410676e-03,3.617157437142977383e-03,3.630260314936554437e-03,3.627050775657361843e-03,3.547409682846218871e-03,3.748655595592816862e-03,3.750631898200482237e-03,3.693032020418404986e-03,3.749230701654596935e-03,3.582374671162400544e-03,3.697236869456087000e-03,3.664905649142238212e-03,3.611544077312981490e-03,3.588526775938059334e-03,3.660137563679371348e-03,3.692264923190867291e-03,3.647075738230001491e-03,3.709448001320368032e-03,3.808931639690192952e-03,3.670889990735612136e-03,3.649433986343529959e-03,3.678599459531394552e-03,3.608303073490800456e-03,3.578764201129565597e-03
3.631966020463654136e-03,3.777211198593932468e-03,3.702486028117997138e-03,3.654992625797945285e-03,3.636385528475249897e-03,3.637548219609980371e-03,3.583836957562719621e-03,3.760352867095421731e-03,3.781036755526251143e-03,3.616097678044858516e-03,3.586756297225681105e-03,3.689202893092475340e-03,3.582134059882410935e-03,3.620805746784386010e-03,3.788934879411791530e-03,3.597428935272374475e-03,3.601807111276993968e-03,3.698861799861108673e-03,3.822362006642057719e-03,3.617102749133851818e-03,3.639145855282967159e-03,3.640895137622652319e-03,3.640736012464856723e-03,3.667321946397629831e-03,3.745083141924501844e-03,3.624693954616320900e-03,3.677595352264593880e-03,3.552039132801705287e-03,3.640498409415748957e-03,3.752315626633966061e-03,3.531306392289516958e-03,3.708538049706387382e-03,3.545736193015089441e-03,3.756323815400865532e-03,3.701448028823444043e-03,3.646251760254101953e-03,3.641798157011422871e-03,3.603623348692789729e-03,3.668810401078456251e-03,3.600467642015060896e-03,3.709525206851923152e-03,3.656696990078341005e-03,3.683300437173436370e-03,3.687029953834642000e-03,3.725902207310622348e-03,3.561183835678598687e-03,3.546087147386434938e-03,3.606049772990932174e-03,3.685437505494152353e-03,3.711073446865361183e-03,3.719629548103315243e-03,3.636128089142144811e-03,3.663030993309893384e-03,3.631050307644856021e-03,3.602386579755720384e-03,3.611328453576802874e-03,3.705119583295542283e-03,3.536755640365197000e-03,3.652462390679053327e-03,3.683217625907723135e-03,3.559596999921066460e-03,3.653947282568323178e-03,3.755466385613809386e-03,3.750483912752059900e-03,3.604408647849710427e-03,3.728583715276565132e-03,3.753818114576892156e-03,3.581404214904898402e-03,3.747503694850523159e-03,3.738933290438436596e-03,3.598205922972871462e-03,3.623900629632518643e-03,3.487400944909730197e-03,3.602770804457250745e-03,3.672816778044030867e-03,3.690289874509309828e-03,3.655233250221739949e-03,3.608454080674641535e-03,3.566078662982765778e-03,3.756214950936936740e-03,3.627717795962402680e-03,3.724011822424720935e-03,3.657336346539604918e-03,3.640070246249787946e-03,3.653951928158091951e-03,3.793913866398656697e-03,3.612597047953291455e-03,3.648617737566204125e-03,3.576351622271850984e-03,3.656603107269131969e-03,3.764792160200592253e-03,3.638185092007397304e-03,3.731570152879574911e-03,3.747082483525183104e-03,3.655972275352541937e-03,3.739879534289644418e-03,3.606554817770082216e-03,3.657643763324594857e-03,3.611205499223732376e-03,3.650984095679392274e-03,3.792031483146013609e-03,3.578852215950817980e-03,3.643190118505525849e-03,3.661654916723108746e-03,3.639436477907626467e-03,3.802456083008572737e-03,3.621623681700283492e-03,3.656965742455280284e-03,3.704865820180382272e-03,3.676929333023631463e-03,3.665145169912592104e-03,3.768368432464105564e-03,3.638745894252635570e-03,3.755918497896996652e-03,3.745171698137858118e-03,3.688451986020913065e-03,3.606162080024287540e-03,3.652281140797516285e-03,3.656675035718455393e-03,3.698962950447384074e-03,3.754104566565831438e-03,3.636119874668603761e-03,3.666115025908135618e-03,3.679799045287434484e-03,3.623634624039040204e-03,3.637505711012680235e-03,3.755789715416689260e-03,3.579555112573721068e-03,3.708080103265115092e-03,3.727753192588818473e-03,3.618118266616126340e-03,3.717037473300902669e-03,3.489988972295277134e-03,3.593269746283709373e-03,3.635488492416007363e-03,3.642776442885788720e-03,0.000000000000000000e+00,3.689917089377603432e-03,3.754462199979875184e-03,3.546325294230572543e-03,3.754802314142442754e-03,3.552360555555436356e-03,3.593426740390588507e-03,3.673721287256747920e-03,3.699629254141570487e-03,3.782334067154452181e-03,3.670289048801921028e-03,3.712487487883267632e-03,3.618833159876256450e-03,3.690054581334196396e-03,3.599047393122669150e-03,3.686863864333277552e-03,3.679019028387119430e-03,3.682691280672497486e-03,3.709144352872796244e-03,3.707731551225993804e-03,3.624374480841817403e-03,3.641019185361120663e-03,3.593830805131650701e-03,3.520161517001932968e-03,3.666127562968147287e-03,3.559284185544028291e-03,3.679697183939466525e-03,3.721634936796165520e-03,3.598472878010788769e-03,3.587567751236111352e-03,3.620699329366495241e-03,3.641406640185447432e-03,3.702479230111187757e-03,3.737308438748397806e-03,3.677816922608954930e-03,3.727796881364529337e-03,3.645789175979818799e-03,3.589785697034296886e-03,3.663472038585345071e-03,3.697894852152707086e-03,3.586300419597501440e-03,3.683211309900531055e-03,3.580828974683115343e-03,3.640742214503070884e-03,3.731746106003081941e-03,3.653594378959084191e-03,3.700137542012784091e-03,3.854306665591037198e-03,3.602191409997910002e-03,3.711788019075959282e-03,3.569336321929716602e-03,3.639482102153310857e-03,3.672599705402253886e-03,3.682934448782821356e-03,3.706272808151563937e-03,3.697471828417999481e-03
3.555012040961460541e-03,3.684565386276168492e-03,3.612068084001668865e-03,3.680795808892038581e-03,3.645828030273828412e-03,3.649809052889388568e-03,3.668433029828411466e-03,3.566599702206724350e-03,3.690162840706596222e-03,3.729521634303141660e-03,3.667010287008489518e-03,3.661331737377893428e-03,3.653258728962442432e-03,3.698253321759217664e-03,3.705594254711696602e-03,3.695452016562826743e-03,3.632828679282805191e-03,3.658054185434758254e-03,3.664153863347820173e-03,3.722787128481938167e-03,3.740356533277337022e-03,3.758256881724492647e-03,3.612972268957116012e-03,3.667434677095909087e-03,3.625938174027727116e-03,3.712190205327441008e-03,3.667385256319113940e-03,3.549329922463441509e-03,3.667258288421133827e-03,3.641711830169847095e-03,3.643818288885621211e-03,3.510899140465117453e-03,3.652376304863077204e-03,3.740564832342532179e-03,3.598739124464601490e-03,3.612238940602187105e-03,3.702045874589986532e-03,3.638211083894729407e-03,3.672594096152161699e-03,3.593557847298517200e-03,3.684443931685262279e-03,3.691131650302671794e-03,3.611803104364966124e-03,3.587803036417413008e-03,3.701536751193675034e-03,3.644604047413730567e-03,3.608418819407805452e-03,3.672702399279080630e-03,3.596204248579060528e-03,3.587515836473347940e-03,3.606467183910369492e-03,3.688125846459797651e-03,3.680857956836636885e-03,3.628303654374284617e-03,3.624031098736180904e-03,3.566739059207250841e-03,3.604489658773583211e-03,3.581822104106134434e-03,3.591357885966097244e-03,3.616944633284577965e-03,3.668498715211650826e-03,3.632319388376343411e-03,3.680159530810430887e-03,3.639127444923027487e-03,3.660958236515447599e-03,3.731777845400041562e-03,3.762253801305446167e-03,3.677935416610500236e-03,3.671256762843074211e-03,3.589244902540357236e-03,3.619854581196039253e-03,3.588886606991229314e-03,3.623175287745375017e-03,3.655217974164652259e-03,3.731987285288160261e-03,3.531231229099761858e-03,3.682765390056946114e-03,3.601140449824321958e-03,3.747862585746342731e-03,3.791597799005044702e-03,3.496691465651645837e-03,3.638573910504264413e-03,3.768612590090160506e-03,3.708582560322191621e-03,3.726293783301459165e-03,3.703813081414012061e-03,3.770103957377773755e-03,3.560219302275889532e-03,3.715049566791341507e-03,3.586426050370814054e-03,3.775949699205171858e-03,3.600317909855195106e-03,3.645357115864714202e-03,3.589646408530924523e-03,3.650073223842182843e-03,3.746052473242619720e-03,3.681424909614984878e-03,3.631328577947671998e-03,3.693476859666124101e-03,3.713157229366273286e-03,3.708374538720535154e-03,3.590677085389368337e-03,3.665797542425664433e-03,3.590421653048905641e-03,3.735467985493745764e-03,3.695648768384298191e-03,3.684298174981552165e-03,3.708606232479592577e-03,3.701092587147960470e-03,3.794595431768053168e-03,3.710103806575881357e-03,3.565905457001974747e-03,3.700935199458241405e-03,3.764563536233701824e-03,3.681621514226098273e-03,3.552159893583975523e-03,3.587380604702149287e-03,3.740211150421938590e-03,3.594246238619291586e-03,3.710907790611369175e-03,3.619076092833685768e-03,3.588863781269783105e-03,3.680655947543657810e-03,3.641777474294583331e-03,3.550925837210939379e-03,3.626000340563586763e-03,3.687813246050136284e-03,3.661454494145347221e-03,3.625023422882791072e-03,3.650128305714708202e-03,3.759865231451298053e-03,3.613137190670908088e-03,3.631009169977348315e-03,3.707174930374954741e-03,3.699259554410801003e-03,3.718748914611937420e-03,3.689917089377603432e-03,0.000000000000000000e+00,3.643651164553405111e-03,3.705600510068691143e-03,3.651181145952361179e-03,3.729465450286666411e-03,3.643838930490631966e-03,3.663349804436746588e-03,3.754978876451074872e-03,3.627893755892360080e-03,3.686695802421171859e-03,3.559364768538247122e-03,3.682328982713953518e-03,3.622348961210086846e-03,3.609426783962263376e-03,3.630931851151035072e-03,3.689688101249949392e-03,3.687667496307458614e-03,3.612519962152730118e-03,3.671018460064290334e-03,3.648963054747011037e-03,3.641419572081056912e-03,3.745129672763031301e-03,3.684727901262253684e-03,3.693247397598908421e-03,3.771107940745284295e-03,3.680817895240615003e-03,3.738963768478031739e-03,3.752968107581709355e-03,3.729045206976904208e-03,3.704561489492487220e-03,3.698649427159077675e-03,3.566478755707919515e-03,3.706465140668900940e-03,3.755855560472121189e-03,3.799796564170143144e-03,3.628924272505969131e-03,3.691087668897202398e-03,3.736578700784385764e-03,3.586147250465835171e-03,3.614215349627193565e-03,3.648557841669190695e-03,3.616499356295614122e-03,3.666235434865408333e-03,3.710896118708555558e-03,3.630949423555868399e-03,3.546769472106482343e-03,3.680777772683379179e-03,3.611463345810034340e-03,3.793176989449154653e-03,3.689157606026780608e-03,3.620347791242758267e-03,3.634933628830645455e-03,3.768068927027606874e-03,3.599393116137685183e-03,3.722833171513593737e-03
3.683091874139090855e-03,3.676051630821237752e-03,3.757463890119904816e-03,3.635283646100885471e-03,3.602414970636810040e-03,3.721574572083620989e-03,3.695806590756573265e-03,3.695369796920637117e-03,3.594153522452477219e-03,3.595243550214222844e-03,3.610235059132827808e-03,3.659852601281977664e-03,3.614849545546657168e-03,3.781746655378968001e-03,3.622208719364142931e-03,3.550578519986254122e-03,3.697167863650261451e-03,3.595110944370955887e-03,3.665477132674730895e-03,3.650440377272346198e-03,3.606728299675344886e-03,3.629380278058267576e-03,3.639555321710302108e-03,3.690021021420486838e-03,3.603448196822726501e-03,3.757384377930842768e-03,3.647205985822151927e-03,3.678737736461231474e-03,3.575752019053505051e-03,3.645037300619747254e-03,3.718548112172369389e-03,3.639835044304780016e-03,3.586342191432373601e-03,3.729581160616047848e-03,3.689442214341059467e-03,3.639072108216631976e-03,3.675782918570953944e-03,3.688738930483391291e-03,3.683605599227637514e-03,3.508771765059798438e-03,3.734659763690965049e-03,3.591239606259409405e-03,3.642882630313613868e-03,3.724903336511689502e-03,3.701261319001870453e-03,3.597630424215653589e-03,3.659300003769556161e-03,3.626411638006169988e-03,3.744728890891862137e-03,3.683411812025336012e-03,3.698461135644419417e-03,3.704456352654825549e-03,3.790126611821347490e-03,3.633540155685950016e-03,3.704135970445893676e-03,3.793453655409486681e-03,3.727543588733630685e-03,3.707845298996626047e-03,3.700987680127962396e-03,3.588030458559574292e-03,3.813046652969934690e-03,3.777454775996160960e-03,3.680244999389125759e-03,3.682154267975711482e-03,3.688478404393599145e-03,3.713431240104514506e-03,3.654318226574667164e-03,3.564878730490499744e-03,3.681148524125823877e-03,3.745838075486088766e-03,3.669880424711958241e-03,3.645009382467976396e-03,3.611618624738477563e-03,3.681711384856328935e-03,3.578148736136485281e-03,3.700739505143594253e-03,3.677789057419445385e-03,3.608670379621128823e-03,3.633651178556295078e-03,3.638431571720173070e-03,3.639548286063627042e-03,3.629044784665989409e-03,3.663950991986895424e-03,3.620792279590002039e-03,3.726241838395046892e-03,3.692402172268582222e-03,3.612790678449231529e-03,3.690804866837803580e-03,3.608464959451524335e-03,3.682331443824350160e-03,3.579475601563669469e-03,3.616670412787681855e-03,3.805731029547209862e-03,3.567799222344023372e-03,3.611451941156766134e-03,3.693839069526193373e-03,3.731326645372486008e-03,3.721481745306726065e-03,3.616166385935678032e-03,3.565467323582741880e-03,3.701056525075731470e-03,3.770140140536634796e-03,3.639074539794578348e-03,3.632573311913655546e-03,3.607001199149510989e-03,3.656939529759273017e-03,3.627615803101018679e-03,3.593816243212383070e-03,3.656246429141761772e-03,3.580287173398526146e-03,3.632222498306655108e-03,3.730004213460881221e-03,3.606673889959979319e-03,3.697389839012534506e-03,3.652761262023733035e-03,3.702785321849475127e-03,3.722893437569169822e-03,3.631152717440286771e-03,3.634340156647933567e-03,3.710774710695024549e-03,3.746244798557031835e-03,3.599209540176901822e-03,3.686724957128306463e-03,3.639995523546754597e-03,3.686858123799513064e-03,3.689387153492442416e-03,3.743053086331272952e-03,3.672653652482902025e-03,3.722786215461897519e-03,3.638823816020207800e-03,3.562074833255859854e-03,3.649534056241496120e-03,3.688878499490269493e-03,3.565215395007374517e-03,3.595636095444797609e-03,3.608658751289974508e-03,3.754462199979875184e-03,3.643651164553405111e-03,0.000000000000000000e+00,3.666080136495073003e-03,3.666841687518701369e-03,3.576378871413727484e-03,3.713615723382939458e-03,3.620551579048655443e-03,3.563746074541978507e-03,3.725625530293927030e-03,3.670653296862408203e-03,3.766528710451426312e-03,3.637201760196743291e-03,3.620274767039703603e-03,3.669159122607085471e-03,3.662470846726720991e-03,3.720057446464818379e-03,3.798640094130086801e-03,3.705592755196927737e-03,3.622558140994250244e-03,3.711638405737710100e-03,3.579778318733934251e-03,3.671244285790905854e-03,3.607410691357447550e-03,3.712469606137177702e-03,3.581774491187422575e-03,3.647104737411338126e-03,3.566329382769637193e-03,3.715184800256560085e-03,3.539476001556249220e-03,3.599947558271112975e-03,3.605297394216516564e-03,3.860033553183094945e-03,3.671798776467463232e-03,3.597159575219635759e-03,3.673775620237162629e-03,3.589467963782589158e-03,3.601135769228622739e-03,3.665781885014066273e-03,3.739255346265308450e-03,3.618967422365971468e-03,3.677825376655142423e-03,3.605613378488070446e-03,3.679051290074307045e-03,3.684444324021481781e-03,3.639808206251007178e-03,3.677583335050382297e-03,3.707498757530906970e-03,3.739057324292669165e-03,3.647728290036910976e-03,3.705527357958801182e-03,3.702376036901274415e-03,3.668872398748732489e-03,3.524519140453537952e-03,3.718112850709597364e-03,3.705237143776022885e-03
3.627497797324580851e-03,3.634990017188460994e-03,3.733966924828706693e-03,3.667773754587223909e-03,3.642494361919538636e-03,3.699394761501146375e-03,3.670629392049006446e-03,3.648997274350047632e-03,3.633440983906850892e-03,3.618764994408525584e-03,3.654861902215396276e-03,3.706103168562850832e-03,3.649017419006023513e-03,3.588132883404864838e-03,3.617059008842325469e-03,3.653515594992427697e-03,3.807449679894505789e-03,3.666901188389392816e-03,3.694749816134390314e-03,3.673637197493466455e-03,3.629591397728918964e-03,3.787066535023412249e-03,3.663881037854988150e-03,3.645233103840484715e-03,3.660263301715523197e-03,3.758499648970053692e-03,3.598919213568302702e-03,3.640403335190570567e-03,3.707946750630431235e-03,3.773701972289314564e-03,3.634055740109689864e-03,3.627769257422125155e-03,3.670310181012825367e-03,3.537033797417694567e-03,3.571115244363150081e-03,3.638389589407020706e-03,3.631165030026460919e-03,3.682890475140481942e-03,3.622365739665599389e-03,3.637145172868115270e-03,3.721291983181871255e-03,3.583158996711040874e-03,3.669500711697721174e-03,3.789226737560511503e-03,3.730600382108928848e-03,3.610791019354873087e-03,3.762611822566681342e-03,3.755594616028312249e-03,3.579034173790475535e-03,3.550916278873156220e-03,3.537578893270255931e-03,3.627958687378419946e-03,3.733754326496056906e-03,3.650215429591118811e-03,3.624556380412864535e-03,3.630819263890795040e-03,3.601534471244188622e-03,3.676836003183293639e-03,3.615176721099885426e-03,3.722745574116793996e-03,3.600080404769594872e-03,3.571003182941787264e-03,3.623977740042657811e-03,3.530656388666064682e-03,3.726239870113814013e-03,3.664844536209240639e-03,3.691534723750451719e-03,3.602750262848895910e-03,3.747649659237242952e-03,3.638813626945499712e-03,3.721540569831735795e-03,3.644103698468736940e-03,3.796481503206019376e-03,3.779001819213241662e-03,3.567113807791117645e-03,3.586160067652379487e-03,3.621132722995845481e-03,3.639611627927212892e-03,3.638812376126144936e-03,3.718544769209525345e-03,3.648306650032018695e-03,3.704097076408966772e-03,3.686935843147264372e-03,3.651197202911223537e-03,3.628626266598168268e-03,3.568959163608136607e-03,3.626352044004669487e-03,3.661661453807840347e-03,3.693998840881515880e-03,3.717142144950853072e-03,3.683958415763078677e-03,3.767804540259792230e-03,3.665776060410522001e-03,3.733357280221963771e-03,3.722645791688354751e-03,3.533912857944306908e-03,3.666489201513447628e-03,3.725879870573225137e-03,3.582257930118164062e-03,3.635224776140571785e-03,3.638754127727550445e-03,3.650915801696246951e-03,3.676121148205079361e-03,3.649536315863617913e-03,3.762411116379470091e-03,3.722019822910519696e-03,3.566524930404592082e-03,3.772356975127426435e-03,3.672801173696000135e-03,3.615047452319243397e-03,3.634422327865022024e-03,3.556158377172613690e-03,3.738705056539668500e-03,3.600244954496378477e-03,3.655569018733161729e-03,3.475738121913714285e-03,3.742573076985352461e-03,3.657921264042432192e-03,3.566536650386790790e-03,3.606409437392167714e-03,3.559542001785252676e-03,3.638188715562625745e-03,3.754421096898675255e-03,3.776334844502906522e-03,3.596002359858783883e-03,3.545351158006233069e-03,3.719267942155257949e-03,3.642826922963057160e-03,3.604825349781764186e-03,3.815836156448868151e-03,3.643057502878301827e-03,3.584411082439837529e-03,3.722565529498008535e-03,3.710300212552219892e-03,3.615523622515082278e-03,3.690544894090515195e-03,3.546325294230572543e-03,3.705600510068691143e-03,3.666080136495073003e-03,0.000000000000000000e+00,3.671692859769682803e-03,3.801388026541993592e-03,3.677071031353649783e-03,3.624376118175703498e-03,3.635538105223159837e-03,3.657864622607170935e-03,3.675258291805480644e-03,3.661359396143774782e-03,3.682681856895483972e-03,3.652178994321329114e-03,3.666454129420428781e-03,3.647391816057067235e-03,3.604042171574868472e-03,3.632281576923187399e-03,3.557782319095865401e-03,3.653514508598516668e-03,3.581461788908095294e-03,3.738819900003985397e-03,3.760874689726026714e-03,3.752788167795729959e-03,3.696732371387404653e-03,3.788992330643769883e-03,3.706650401016288020e-03,3.717775338866769700e-03,3.666819900276253267e-03,3.721698649442828789e-03,3.679619333367896948e-03,3.519152888508212534e-03,3.590517030377729513e-03,3.561560809559060486e-03,3.605173681995067336e-03,3.681455266356540267e-03,3.648635365121670644e-03,3.706151088799178057e-03,3.803329156410641208e-03,3.633001752750646823e-03,3.717974841508079990e-03,3.709471812316688082e-03,3.801635006987990305e-03,3.544754602389673954e-03,3.696273561756243439e-03,3.678712703334251731e-03,3.556318679660910170e-03,3.721006331858208241e-03,3.737275559843837060e-03,3.604341989945230879e-03,3.720846387105754011e-03,3.689709982837086674e-03,3.601450621402883107e-03,3.683828452499931724e-03,3.790521750495849315e-03,3.622316584804666055e-03
3.680584206149193835e-03,3.674410649860898950e-03,3.661486747993865018e-03,3.675947592775663346e-03,3.660403182768259302e-03,3.674051368670315856e-03,3.650726046932134799e-03,3.714897064060492145e-03,3.757910846616321042e-03,3.664075387005666373e-03,3.782815005185278558e-03,3.595904427813657357e-03,3.704136283800170664e-03,3.657825093397163232e-03,3.729574759719599553e-03,3.727737570624826535e-03,3.595455282400026112e-03,3.810285471698625099e-03,3.816805856886484015e-03,3.632385668401801049e-03,3.526787358911289555e-03,3.575330097052254515e-03,3.593325800381867632e-03,3.595187299992092054e-03,3.666453520466391412e-03,3.601399120910583548e-03,3.568809248886629232e-03,3.647653825423736139e-03,3.668299871625949234e-03,3.624892139218902250e-03,3.709498937224082939e-03,3.605200864155768889e-03,3.692398296592363464e-03,3.661023279751986995e-03,3.709966407913562175e-03,3.624014301699692627e-03,3.724878065535446470e-03,3.620618753932501859e-03,3.748076394508764123e-03,3.566033870883977049e-03,3.731191933734564949e-03,3.717924333720701736e-03,3.745653159861485424e-03,3.690518717916220232e-03,3.684064972896668091e-03,3.618074394307789748e-03,3.634090127091743356e-03,3.732121958636894395e-03,3.577327538931495288e-03,3.678124178678578941e-03,3.657680412461014087e-03,3.609104278074886166e-03,3.609656081706712726e-03,3.706851102502526155e-03,3.594528586500055165e-03,3.711623271534177787e-03,3.654710679952200263e-03,3.675277837344480877e-03,3.732112809964532180e-03,3.608000487550010443e-03,3.700968707241149552e-03,3.569333770020631513e-03,3.664095957814906841e-03,3.673513427757443828e-03,3.721129047041831037e-03,3.553788536925724367e-03,3.636178875349012352e-03,3.509394278190902054e-03,3.657285046669685614e-03,3.574474216907042468e-03,3.685184127197968940e-03,3.565829015833870633e-03,3.664545068756584149e-03,3.745500817855785831e-03,3.672784461074930090e-03,3.745811082764720357e-03,3.733470556019399811e-03,3.770053677794463990e-03,3.665252227512136654e-03,3.756074068803965868e-03,3.756263758504370127e-03,3.645648934148805215e-03,3.694791421505958396e-03,3.764573527875827042e-03,3.627421614588705046e-03,3.601844719894193615e-03,3.627686331169066754e-03,3.685256623520156115e-03,3.657096414841817886e-03,3.683733677683830292e-03,3.618327684488951805e-03,3.713698450974701245e-03,3.588685428553513735e-03,3.664660453902203723e-03,3.668112097629129889e-03,3.666476316545578488e-03,3.614116947944396706e-03,3.610668643675229907e-03,3.609483828875796260e-03,3.738758217356579362e-03,3.701375441972512646e-03,3.706169838489412494e-03,3.718632540674666857e-03,3.552829874711613007e-03,3.809850273680415612e-03,3.715720307414366579e-03,3.635396608114632375e-03,3.657313834506022588e-03,3.636551464244138811e-03,3.682152105990076259e-03,3.624056110413938474e-03,3.513831645847506364e-03,3.664089849238018164e-03,3.590507831382227545e-03,3.786170840376022403e-03,3.648928628427282501e-03,3.694792370904984805e-03,3.585600275227055541e-03,3.570961381097876013e-03,3.671162691837276653e-03,3.668155938404787236e-03,3.689697698073724288e-03,3.651350259469689479e-03,3.659581775915006583e-03,3.755189259530566665e-03,3.619725618728185726e-03,3.704283314083461551e-03,3.567193510880220693e-03,3.669117872811758149e-03,3.655597489276084938e-03,3.702989181445868593e-03,3.633262799260315000e-03,3.589850012575044637e-03,3.628058765007333500e-03,3.643243003725528135e-03,3.673934231851711234e-03,3.754802314142442754e-03,3.651181145952361179e-03,3.666841687518701369e-03,3.671692859769682803e-03,0.000000000000000000e+00,3.665457813921548218e-03,3.702864342357003579e-03,3.671028786869538502e-03,3.588845277344979243e-03,3.651162176555974165e-03,3.614301488051710910e-03,3.637838018813607799e-03,3.696825061040731868e-03,3.665995272152479823e-03,3.538485605921971085e-03,3.619013831246217176e-03,3.583234454120621994e-03,3.637809648595899305e-03,3.634294437719551730e-03,3.674322413564953815e-03,3.584777670418494520e-03,3.717062467695443281e-03,3.677918475604495963e-03,3.771298092825196499e-03,3.632598908284534727e-03,3.732285211941369085e-03,3.620058875038775163e-03,3.701174317588967495e-03,3.623624367218474147e-03,3.624377652653596339e-03,3.650324160585984110e-03,3.640483944806234898e-03,3.765098270464406656e-03,3.648745081349782059e-03,3.649959818978980048e-03,3.791279109844104996e-03,3.772049514841129773e-03,3.597850641252894627e-03,3.801950444398477340e-03,3.655431789581932173e-03,3.601864256358653683e-03,3.664936969584814061e-03,3.744669127058480439e-03,3.518003333891531192e-03,3.617550823288076360e-03,3.650171708656100612e-03,3.656793348144051978e-03,3.754650628364260799e-03,3.666196693953539202e-03,3.605279012404418067e-03,3.682582970256227141e-03,3.596967842681771978e-03,3.610756290534310707e-03,3.656554855230616154e-03,3.765916039573358708e-03,3.590305187963648351e-03
3.713724239072120018e-03,3.644211366288683477e-03,3.636316809754413810e-03,3.719610549144783829e-03,3.636960325651421039e-03,3.863266707526929588e-03,3.707723795233906511e-03,3.613463653463920913e-03,3.659394922690622099e-03,3.609968099167021674e-03,3.664301832068810570e-03,3.622668282951401787e-03,3.669548173631232129e-03,3.570470261331078806e-03,3.555962406761974115e-03,3.780949569988925878e-03,3.711590287283262572e-03,3.647972739292665040e-03,3.764147610219675810e-03,3.657402547260267187e-03,3.748547582065177818e-03,3.687222633565405416e-03,3.647276723433462951e-03,3.695437774331329292e-03,3.688174871207407224e-03,3.908457449547045152e-03,3.633650291492253933e-03,3.624165066528363920e-03,3.532587630193915942e-03,3.651598581729414462e-03,3.634978648501660872e-03,3.585679572042898330e-03,3.656808921836804914e-03,3.688877570901960817e-03,3.559862986660110393e-03,3.730325717652331272e-03,3.604754399534986636e-03,3.679406174181850449e-03,3.712126520395234771e-03,3.663333717602326907e-03,3.621651115002361837e-03,3.670357970703433392e-03,3.654810925783436980e-03,3.716183601106892633e-03,3.687259491643961676e-03,3.626799203846175178e-03,3.759599710211744637e-03,3.615450401033328594e-03,3.566213104277261240e-03,3.637229798634054791e-03,3.532587444737639738e-03,3.673876076726097228e-03,3.639948964524702783e-03,3.602417034151253993e-03,3.653546957459521093e-03,3.704432119762395871e-03,3.689538542594886575e-03,3.634766844268629178e-03,3.615076012437332034e-03,3.706489991842334703e-03,3.662025355148733081e-03,3.632710641428582490e-03,3.688108389035130337e-03,3.457810181667944106e-03,3.744957322588488621e-03,3.650328420046170148e-03,3.598590608761784940e-03,3.580447051855977468e-03,3.722611081584436491e-03,3.600029551798055415e-03,3.721414142769806973e-03,3.546208822844726730e-03,3.733814206109792224e-03,3.700082935672549794e-03,3.744545936421608823e-03,3.541663269307999962e-03,3.540423569947698853e-03,3.581612045608117620e-03,3.830345829536718153e-03,3.526497467781164897e-03,3.658058458985976886e-03,3.704689415146199694e-03,3.657340763249091777e-03,3.764927261560659794e-03,3.695048398999360283e-03,3.602805778583231464e-03,3.775535666001396829e-03,3.676856239172254532e-03,3.671108556035721990e-03,3.754821118345527588e-03,3.552334255178077761e-03,3.662422488997884099e-03,3.542406361446539045e-03,3.782767941272509402e-03,3.723041647878685880e-03,3.523611175314870104e-03,3.577885356298809733e-03,3.727730374706418950e-03,3.733755521952157770e-03,3.752156558651082840e-03,3.726703985531046575e-03,3.653252781153589358e-03,3.854293733732503096e-03,3.676743302888309597e-03,3.697220047536216910e-03,3.687919180640149546e-03,3.544694112366774882e-03,3.648564900845799406e-03,3.714440844782114330e-03,3.656819370305220036e-03,3.632706072162275156e-03,3.523441368843513444e-03,3.717105168745220550e-03,3.624664037182513676e-03,3.656567705134384800e-03,3.464798502471973154e-03,3.774865164397396382e-03,3.679507557674286354e-03,3.582118246636760948e-03,3.681324976446563070e-03,3.676613537031638793e-03,3.691460967421843296e-03,3.687678335191396997e-03,3.582416699309950384e-03,3.514615721547288511e-03,3.696398838886576135e-03,3.667643387365670301e-03,3.617168245060576031e-03,3.650775608791976667e-03,3.720076712711715711e-03,3.672202094869163151e-03,3.563238032257842920e-03,3.799552366028210657e-03,3.630400204157998439e-03,3.614905471084022340e-03,3.732100118629863659e-03,3.552360555555436356e-03,3.729465450286666411e-03,3.576378871413727484e-03,3.801388026541993592e-03,3.665457813921548218e-03,0.000000000000000000e+00,3.749686257602521684e-03,3.720853004375272808e-03,3.650911479426754112e-03,3.659426717326504964e-03,3.617294934741377248e-03,3.598813518164027062e-03,3.586538762791504666e-03,3.629073291494608854e-03,3.588558814993445065e-03,3.684502066952593732e-03,3.751387103549386204e-03,3.735387230376163627e-03,3.583439100657453621e-03,3.625999976108190345e-03,3.658362948701326771e-03,3.740152550659871060e-03,3.747823396566377346e-03,3.768827276997357111e-03,3.605326346282147765e-03,3.855022776360591315e-03,3.601935056489987720e-03,3.718290839159547369e-03,3.608104467389492993e-03,3.525807681568634590e-03,3.664803577459268234e-03,3.635988111905660240e-03,3.770571711857136511e-03,3.614408301372981202e-03,3.647626150304292183e-03,3.770787389097693572e-03,3.603966878335044567e-03,3.612935760497558869e-03,3.766896929941766434e-03,3.621795578312479204e-03,3.593812262923204524e-03,3.676284152646653713e-03,3.716509683985780126e-03,3.603447167849958398e-03,3.695386494787489349e-03,3.587247107748095607e-03,3.628427260269296607e-03,3.527517286945110447e-03,3.751324305121174745e-03,3.634599711844691775e-03,3.751321677729977776e-03,3.721571607871725518e-03,3.626517552803115458e-03,3.633751839030667161e-03,3.601141754237012233e-03,3.635994459833142949e-03
3.584619904017314826e-03,3.608163698936859946e-03,3.587091700737392308e-03,3.604548429364589843e-03,3.842585516627061801e-03,3.774984044426394313e-03,3.817270556454953941e-03,3.746485500406250644e-03,3.672831470989865264e-03,3.565639830563672313e-03,3.650106732405640226e-03,3.690813381438877699e-03,3.689752806288628447e-03,3.752930818720154413e-03,3.654493046663301672e-03,3.787753625198366208e-03,3.710069951520406605e-03,3.657944040955276276e-03,3.637041460756345983e-03,3.574208342672977826e-03,3.655530412052811727e-03,3.654067205518975528e-03,3.692484072839237030e-03,3.597373607406165359e-03,3.571339320121791252e-03,3.775317364877787962e-03,3.579472978798593167e-03,3.762276168698927385e-03,3.609098302741898211e-03,3.688097183186894029e-03,3.819675766014590541e-03,3.603376921208393136e-03,3.610689663861635628e-03,3.686542179696289650e-03,3.621499240476902092e-03,3.644721602986383119e-03,3.721644349159219413e-03,3.594080700660991397e-03,3.651633220172101086e-03,3.607633811116384842e-03,3.674569347580446555e-03,3.672175816868494466e-03,3.733422467234887628e-03,3.802847773559341407e-03,3.678447519942172270e-03,3.708584060851212536e-03,3.620827173659670051e-03,3.613547038113429886e-03,3.596487609503511672e-03,3.725735354151271661e-03,3.671024639940683506e-03,3.682396045440361650e-03,3.772409079296257933e-03,3.573619989354951364e-03,3.693387414816486948e-03,3.615197511827083435e-03,3.745076731544936133e-03,3.651350382445795774e-03,3.697639955489728097e-03,3.587919779564767084e-03,3.667272776875969004e-03,3.593510478879954635e-03,3.703462839771493910e-03,3.589301657359687987e-03,3.683609092809870481e-03,3.693772423650243473e-03,3.551787456045285996e-03,3.646281731151203732e-03,3.554526239947575390e-03,3.778341176610430438e-03,3.637274322352602746e-03,3.540843278556317451e-03,3.659664332254304771e-03,3.733744071162248615e-03,3.665279281643015353e-03,3.565925804002655856e-03,3.667772464853879914e-03,3.628100453904616138e-03,3.701541197634967886e-03,3.514408078324382251e-03,3.691802706266358002e-03,3.727738793124705206e-03,3.683204897157665251e-03,3.622945425873401893e-03,3.804409859932141903e-03,3.662906238361813421e-03,3.788099892372499312e-03,3.819414924013388949e-03,3.502518433368494340e-03,3.599721690197605836e-03,3.508105873916189058e-03,3.652506013117126984e-03,3.689760743321101114e-03,3.553735793947166832e-03,3.729461809317589829e-03,3.605295290719274289e-03,3.712082597278868520e-03,3.637810483804407562e-03,3.627991383605725425e-03,3.600427160910826558e-03,3.696033605545891686e-03,3.633897711178116913e-03,3.706602519127672520e-03,3.671852059209950066e-03,3.723627227040743164e-03,3.688842891062677539e-03,3.636212430493928911e-03,3.751316064644493516e-03,3.561942228896718653e-03,3.698558872059515539e-03,3.584071955948015496e-03,3.599924715364121244e-03,3.663861102802923753e-03,3.555245792286772493e-03,3.722870911677776326e-03,3.544471586210238331e-03,3.657682577511387877e-03,3.649211834893177891e-03,3.706459390404385958e-03,3.568477338841558565e-03,3.575468923458339360e-03,3.740814898922476678e-03,3.605681025332492084e-03,3.691326208546078826e-03,3.714520523171938298e-03,3.757077321881369808e-03,3.628634279855426966e-03,3.575708556105196972e-03,3.601672875431579865e-03,3.661068437514463422e-03,3.652622205438296483e-03,3.604346601467954461e-03,3.806183784739644235e-03,3.777988643265452542e-03,3.626019627568464500e-03,3.608777140411516260e-03,3.593426740390588507e-03,3.643838930490631966e-03,3.713615723382939458e-03,3.677071031353649783e-03,3.702864342357003579e-03,3.749686257602521684e-03,0.000000000000000000e+00,3.595121158152033737e-03,3.605912063315056936e-03,3.846285230613083819e-03,3.618744898878905897e-03,3.685937700901577904e-03,3.657128774385469318e-03,3.644135149692665551e-03,3.767847503431100142e-03,3.618871635723639596e-03,3.585309940058176333e-03,3.585833549269781644e-03,3.605550011226488390e-03,3.689321225633621342e-03,3.661163884312258667e-03,3.629834068797932814e-03,3.568336794666637259e-03,3.683911804299313565e-03,3.674304018400987529e-03,3.686903662272415349e-03,3.624137957462170677e-03,3.737375948764725449e-03,3.673918199430266547e-03,3.704241083014494194e-03,3.667892658846680191e-03,3.616783761949841913e-03,3.624736289416950839e-03,3.617238514226390686e-03,3.681328613010211807e-03,3.720718382106314500e-03,3.589281391883994161e-03,3.758304652115844469e-03,3.706105494043004326e-03,3.746164302301973562e-03,3.607535890044760805e-03,3.679360561972304204e-03,3.570083810727602176e-03,3.587380894601440492e-03,3.802004742250777222e-03,3.626743852630743767e-03,3.675046331416907761e-03,3.618295928216014572e-03,3.746527934026985026e-03,3.637577500254572486e-03,3.628697512069720132e-03,3.774295037730121538e-03,3.524439291079122915e-03,3.550280851408060215e-03,3.761612621667078174e-03,3.694045075374537308e-03
3.734082217853916877e-03,3.634191690470160805e-03,3.782910342804408563e-03,3.737639695562632730e-03,3.632507380745260504e-03,3.762619642184795391e-03,3.536939009480805259e-03,3.671210505654973026e-03,3.685227799142682704e-03,3.564150949760432497e-03,3.713624102273444492e-03,3.659901469397469371e-03,3.540672036201420250e-03,3.725131496739063960e-03,3.664480177216005666e-03,3.564514547678853187e-03,3.619340781585872382e-03,3.615109338082756266e-03,3.645807716685291883e-03,3.713381963464415427e-03,3.713119852928018980e-03,3.640811400547854307e-03,3.700645249464768523e-03,3.539603341477818351e-03,3.729059681180054483e-03,3.576231852332543548e-03,3.658424557455578624e-03,3.669375554035332696e-03,3.658993776957589119e-03,3.580866826240057098e-03,3.765284858761072054e-03,3.712165805611513172e-03,3.816793657171986716e-03,3.714471310782424974e-03,3.571648399682268368e-03,3.707103879827961575e-03,3.599143350982508642e-03,3.606837757621017028e-03,3.549039563971929847e-03,3.607361541884197137e-03,3.749432732207938837e-03,3.663827502040552936e-03,3.671458853842400269e-03,3.626216742314072004e-03,3.527111514235828273e-03,3.709236018893166415e-03,3.657710154568345751e-03,3.737790563296219514e-03,3.740878702279903933e-03,3.662386631097795230e-03,3.813502354802323236e-03,3.648249252630076257e-03,3.642467335843798878e-03,3.707175597766591488e-03,3.710953895974339334e-03,3.569407921394198487e-03,3.573439876836164743e-03,3.578335658739170613e-03,3.652156409849874243e-03,3.681305114578049473e-03,3.532805363624217081e-03,3.726025204118853761e-03,3.759804509710171910e-03,3.663354944957447536e-03,3.698307534352395735e-03,3.621989165748960935e-03,3.658899949158544041e-03,3.672913455253156659e-03,3.689249604113514769e-03,3.540954859215770818e-03,3.682287327689047138e-03,3.662087153620072894e-03,3.616916225170063118e-03,3.715419185039214606e-03,3.735661944144734979e-03,3.702495989858370709e-03,3.737716920252147357e-03,3.669651569987761319e-03,3.675635534926421314e-03,3.719601859628907884e-03,3.660031463534724715e-03,3.670484971650680387e-03,3.677209174994364779e-03,3.640179600859186956e-03,3.670882608544182805e-03,3.704469623726262210e-03,3.689511414293053342e-03,3.679746985803952590e-03,3.823319988794182320e-03,3.657393395364084022e-03,3.656951374603579791e-03,3.713021360201362604e-03,3.605439774827046921e-03,3.662909582680567207e-03,3.643879641792729680e-03,3.700893555355129743e-03,3.753253629464448245e-03,3.684724157508224244e-03,3.635968005939299672e-03,3.556671716768654810e-03,3.620865329957707011e-03,3.715954593017849715e-03,3.619951870489038215e-03,3.627046388714466087e-03,3.660651252038206720e-03,3.628836323072405067e-03,3.732049430713244020e-03,3.524981827568996352e-03,3.753509855024365037e-03,3.656992514840473607e-03,3.617519519201418867e-03,3.806212332282209784e-03,3.652057149710936142e-03,3.693538338402908242e-03,3.570255290000133759e-03,3.754345356380887552e-03,3.585966788699793302e-03,3.654529346512576989e-03,3.630621478880152655e-03,3.694513990073588616e-03,3.708631621895731520e-03,3.639438348591038028e-03,3.634450894362892346e-03,3.615789084139065836e-03,3.718010239004252478e-03,3.754831633909357872e-03,3.625763475216899415e-03,3.638014520996012569e-03,3.671912394419190283e-03,3.589740960648610257e-03,3.627725612541795545e-03,3.593628962535382314e-03,3.737561703216595553e-03,3.574018171123952235e-03,3.617024037983494322e-03,3.595116221359762748e-03,3.673721287256747920e-03,3.663349804436746588e-03,3.620551579048655443e-03,3.624376118175703498e-03,3.671028786869538502e-03,3.720853004375272808e-03,3.595121158152033737e-03,0.000000000000000000e+00,3.676578050863109955e-03,3.710816665653694519e-03,3.664677296219686232e-03,3.681915414430639126e-03,3.623343854420933100e-03,3.712138785821987152e-03,3.695613249953353090e-03,3.682313591981098682e-03,3.615866836016990143e-03,3.738016747101455609e-03,3.615182725203774407e-03,3.704739395878535978e-03,3.592674335542704427e-03,3.563636203263780607e-03,3.667747697237897474e-03,3.642964883070238732e-03,3.730584402576905302e-03,3.670312272134363014e-03,3.693562343545736190e-03,3.691970966178190986e-03,3.532091750988372841e-03,3.606948167935415585e-03,3.744861835831803445e-03,3.814546437217889753e-03,3.790536515232130130e-03,3.700448633888868757e-03,3.564044748124524722e-03,3.717253371292791875e-03,3.746212941091145616e-03,3.662938475669003449e-03,3.583036004418218776e-03,3.634562328155010145e-03,3.582693782796376406e-03,3.619201353172396551e-03,3.599688254019440658e-03,3.663554099912627506e-03,3.666151856427404560e-03,3.579537860783258731e-03,3.618278643343474793e-03,3.530503540295173992e-03,3.657722095075375060e-03,3.729019783073836761e-03,3.604235945517033930e-03,3.531058654405934069e-03,3.842215532399664239e-03,3.674330918345917497e-03,3.592940950944961860e-03,3.764427994037358380e-03
3.662798461013233760e-03,3.736009343724676530e-03,3.520424574644481601e-03,3.600561108825848459e-03,3.708278846880401491e-03,3.602311769669142624e-03,3.662825148738609298e-03,3.661346802193426488e-03,3.690466571895535154e-03,3.629308367469815354e-03,3.576919054866757423e-03,3.643100515221888401e-03,3.663525869418810758e-03,3.642565255289959697e-03,3.573388601057573329e-03,3.627061080681769859e-03,3.632135303529994419e-03,3.700743402928786951e-03,3.757821477041056995e-03,3.598712383210452524e-03,3.696407763921647806e-03,3.551019432389412346e-03,3.580712246759908297e-03,3.654335082974934524e-03,3.680706691046131511e-03,3.607125196921762405e-03,3.719642043466952260e-03,3.625947208727049124e-03,3.691736951692510538e-03,3.708194390319105756e-03,3.658105631946120036e-03,3.699897340784947305e-03,3.726276835512072443e-03,3.671032449185297319e-03,3.681143497547192684e-03,3.893897902188497417e-03,3.599646543240101089e-03,3.786729744382728597e-03,3.694050868864423489e-03,3.708278954171261282e-03,3.639890320175461023e-03,3.464457414885415299e-03,3.606463878076693677e-03,3.713125992462445839e-03,3.683144542464902166e-03,3.615077006488098214e-03,3.643617130566747554e-03,3.654454561279621861e-03,3.749717163971849187e-03,3.662686818198577967e-03,3.695378705345661683e-03,3.675902000081410128e-03,3.687906506472268982e-03,3.748389997250047272e-03,3.637727991718598189e-03,3.554246477769406557e-03,3.668372924685184364e-03,3.591762505522383148e-03,3.642096601896030027e-03,3.583542301410903505e-03,3.642723130210540755e-03,3.504199025841967397e-03,3.545149402373540780e-03,3.705802555741137799e-03,3.567343467325207341e-03,3.616454194802296105e-03,3.806396039669079304e-03,3.736784188765816719e-03,3.626447570051780610e-03,3.650514579963329634e-03,3.620225782848465225e-03,3.625406955600756365e-03,3.662425873384225154e-03,3.524252387638138022e-03,3.831929574485328643e-03,3.648509600012596766e-03,3.581998054920883245e-03,3.673602013082319286e-03,3.667443073377810604e-03,3.608997209142037095e-03,3.704787049550356624e-03,3.625425790395326274e-03,3.752492637166608171e-03,3.600693127094383491e-03,3.571261592165533676e-03,3.767582215024387407e-03,3.675221268267045514e-03,3.626547518068426196e-03,3.602019706869643255e-03,3.686999757780439792e-03,3.575802873838567798e-03,3.596094368385838961e-03,3.594603532196730296e-03,3.739513317345801845e-03,3.632432937637290835e-03,3.587404009104945730e-03,3.619644525782956222e-03,3.603328091799822344e-03,3.676791679492087163e-03,3.854688754198600919e-03,3.685945776991463724e-03,3.654318710608894794e-03,3.741465027183334385e-03,3.593271263096614685e-03,3.642875136265150485e-03,3.650470214694472981e-03,3.630915696519103862e-03,3.612069025780735056e-03,3.644690433944639679e-03,3.716327745866473357e-03,3.638547213164443784e-03,3.779090555592212134e-03,3.788264912543834288e-03,3.680394961972329512e-03,3.692105234820186946e-03,3.769093712743298245e-03,3.599067615469254185e-03,3.606279044134413567e-03,3.760675061061114280e-03,3.585997441721429455e-03,3.594491946102532694e-03,3.618594853137201660e-03,3.582631892363931630e-03,3.577795071928773201e-03,3.751844559284134902e-03,3.696890303267082439e-03,3.642984189479846462e-03,3.700690142353931129e-03,3.782958481113078524e-03,3.572536499964284670e-03,3.770579888569357014e-03,3.618804053826020668e-03,3.656923514448954648e-03,3.684114424740011010e-03,3.699467196124346484e-03,3.611957300691516232e-03,3.699629254141570487e-03,3.754978876451074872e-03,3.563746074541978507e-03,3.635538105223159837e-03,3.588845277344979243e-03,3.650911479426754112e-03,3.605912063315056936e-03,3.676578050863109955e-03,0.000000000000000000e+00,3.664879016194869457e-03,3.666736791799722443e-03,3.546281690958145820e-03,3.699551425978918947e-03,3.775057965393899869e-03,3.628920925805410955e-03,3.637388983431619205e-03,3.564503777312722985e-03,3.584173420481436955e-03,3.786639037191565863e-03,3.730241251513658450e-03,3.639128766424189459e-03,3.752185063072514121e-03,3.674679388779714291e-03,3.678410637594076507e-03,3.683487352763655139e-03,3.605801550309631256e-03,3.528122804305349174e-03,3.649704446914672079e-03,3.691983142193216213e-03,3.724746470079197923e-03,3.802595388016979418e-03,3.749677715821840476e-03,3.552498004827482452e-03,3.894752835358962148e-03,3.743188550272400286e-03,3.635171390798433953e-03,3.784017953173271845e-03,3.686692225485735212e-03,3.586658553381974306e-03,3.684486777212972637e-03,3.645915634808486166e-03,3.755028744563128264e-03,3.552786566430143293e-03,3.691237912202588196e-03,3.605542422638482146e-03,3.770574917934553950e-03,3.605745030815489527e-03,3.763250826439010210e-03,3.637818690288051673e-03,3.563759337545761852e-03,3.706689666453801425e-03,3.649774018845221117e-03,3.783550382816426669e-03,3.626198232304885145e-03,3.681232030519346592e-03,3.668295894373995239e-03
3.682316568020153197e-03,3.666103646315288598e-03,3.728816396032835680e-03,3.665860619264678984e-03,3.600617613754143395e-03,3.708529050763671384e-03,3.664919713592969860e-03,3.717070146386476127e-03,3.651393684901001972e-03,3.664837195733907163e-03,3.539136285726490663e-03,3.667171965753665726e-03,3.611502691634514359e-03,3.711182179105589670e-03,3.703470211578410113e-03,3.717952527926569276e-03,3.630649660007402146e-03,3.630832571259960413e-03,3.615620497131666940e-03,3.742454031483471739e-03,3.631820380732421298e-03,3.563454085747113590e-03,3.713391540863586037e-03,3.726014875650581273e-03,3.620949929421366301e-03,3.799369756857401761e-03,3.647141962884675650e-03,3.681568894689783711e-03,3.611915030095415140e-03,3.630108020099654092e-03,3.741152178136154024e-03,3.552283133225871570e-03,3.693236889459163789e-03,3.689141238041809736e-03,3.628491180010505815e-03,3.701751482705062640e-03,3.577830111336570331e-03,3.570278932160537641e-03,3.678728591173161672e-03,3.620750546442178669e-03,3.679005230315949421e-03,3.705539478193294739e-03,3.815241408529158884e-03,3.626999976934415851e-03,3.621455222648061866e-03,3.751711933502667549e-03,3.574416320689398179e-03,3.586066219986650590e-03,3.630322020363191231e-03,3.697655436516893591e-03,3.742849244269573234e-03,3.631583611546834300e-03,3.747576153001712720e-03,3.595228133923818441e-03,3.577047648238301011e-03,3.571627613094118837e-03,3.733705465631079624e-03,3.649481708857560316e-03,3.791155766777172184e-03,3.627793360840138835e-03,3.589713365210631720e-03,3.664833188009036444e-03,3.733754097421845917e-03,3.685039858285944249e-03,3.665801380415494026e-03,3.649228767000804469e-03,3.632925452012038866e-03,3.651519655882683874e-03,3.587603782225238982e-03,3.771051044998976424e-03,3.614621821476217498e-03,3.604860820208290271e-03,3.641240169025188825e-03,3.761542798433408896e-03,3.689508629463377886e-03,3.574971238316134326e-03,3.607113675488878707e-03,3.589331633800855407e-03,3.718487822487064488e-03,3.600178128805172142e-03,3.778955340271924427e-03,3.785833058428267166e-03,3.631709943454548319e-03,3.655342342214024272e-03,3.705122985671471022e-03,3.722307975987083906e-03,3.737325133336649556e-03,3.734483269810028299e-03,3.659570851976399596e-03,3.592551594085970773e-03,3.531559678188758711e-03,3.686354728408788341e-03,3.668541088029687695e-03,3.733252648075345397e-03,3.654147768074449479e-03,3.649850342728912147e-03,3.726032998473077004e-03,3.621866436001405613e-03,3.583152186416098742e-03,3.624300994469909203e-03,3.676001705975181447e-03,3.623500172916135388e-03,3.657339738204163498e-03,3.661219827708803252e-03,3.734439976880399477e-03,3.696303184914784615e-03,3.674363878405888760e-03,3.638522859754854052e-03,3.695824342385668759e-03,3.671569754019399397e-03,3.613829859666766418e-03,3.607034226990156120e-03,3.670422942664322476e-03,3.576168625815701572e-03,3.684427542425894667e-03,3.556754729323191762e-03,3.807290589491720695e-03,3.816086727094891891e-03,3.703183187166983383e-03,3.542190498393798636e-03,3.646303356739926272e-03,3.690422638134640242e-03,3.601066043969842079e-03,3.677575469605913819e-03,3.717800756079186943e-03,3.671663629689317972e-03,3.759576319975486795e-03,3.606432850659066752e-03,3.674179313185022260e-03,3.667981268210051670e-03,3.710792470138145078e-03,3.568100885893180692e-03,3.718545708287025568e-03,3.695673230709884804e-03,3.565990611951195665e-03,3.589371215322002470e-03,3.782334067154452181e-03,3.627893755892360080e-03,3.725625530293927030e-03,3.657864622607170935e-03,3.651162176555974165e-03,3.659426717326504964e-03,3.846285230613083819e-03,3.710816665653694519e-03,3.664879016194869457e-03,0.000000000000000000e+00,3.700625579045732725e-03,3.763861739898310445e-03,3.584452524039574445e-03,3.601892174841472664e-03,3.574512457766403951e-03,3.654395697630720072e-03,3.547689446815236857e-03,3.663164093634777452e-03,3.586280093177993816e-03,3.594378128367711062e-03,3.679202559233630664e-03,3.590533151372075817e-03,3.766252912226020298e-03,3.656362821310650373e-03,3.582635295908683220e-03,3.627186564170416239e-03,3.816592435333404469e-03,3.655784400022463968e-03,3.643519560285881937e-03,3.632484457762452136e-03,3.591693223951712612e-03,3.658759511210714528e-03,3.700545917342798908e-03,3.638373366776155322e-03,3.611224877577661699e-03,3.693963468131430082e-03,3.587981906844867497e-03,3.623503175651553773e-03,3.569691203239281144e-03,3.695169625559925793e-03,3.584645280210305932e-03,3.745172804258795583e-03,3.639724017172018145e-03,3.686541889038127615e-03,3.670693932463869186e-03,3.651293989272130693e-03,3.643572695901027211e-03,3.693022578043905074e-03,3.699500739628331768e-03,3.701451897846346015e-03,3.611699468487269277e-03,3.698796237148262687e-03,3.548754259379058480e-03,3.631618754949431181e-03,3.755063817924307167e-03,3.761327569280556362e-03
3.683430163616755685e-03,3.648137076414921347e-03,3.621947280375352202e-03,3.573613808650344826e-03,3.665925751715194865e-03,3.723910346222193257e-03,3.708466388557098928e-03,3.508666862521506603e-03,3.592117378804374293e-03,3.702043581797884089e-03,3.650884410592121574e-03,3.618382875461695174e-03,3.623916102731891600e-03,3.708907046800657102e-03,3.664502687634237348e-03,3.624932135627355681e-03,3.683601145641023002e-03,3.656150305793672006e-03,3.599951465813652513e-03,3.733938701283310083e-03,3.682477000757058885e-03,3.750058867848732672e-03,3.552912701349410923e-03,3.740682307870339847e-03,3.653521327198569740e-03,3.710506510284194807e-03,3.601840240652061029e-03,3.587647302272894880e-03,3.610644455645373087e-03,3.641322796914276978e-03,3.656848669128841180e-03,3.618833582391541796e-03,3.649478468509321019e-03,3.687336349537903221e-03,3.619404322574887919e-03,3.620195622805468753e-03,3.638317630747271974e-03,3.667658630677043865e-03,3.506325100815478168e-03,3.677294777574760445e-03,3.711260070607563279e-03,3.672136696219160338e-03,3.728711233296986335e-03,3.658061562166302436e-03,3.683194137202041706e-03,3.604154138030611718e-03,3.713124982687670758e-03,3.627181458859840904e-03,3.847695471209435555e-03,3.673196648533548145e-03,3.608983682045856494e-03,3.694150245145722076e-03,3.636979779363956871e-03,3.671375864309799238e-03,3.610883478803250581e-03,3.646706540517583375e-03,3.597039782462290499e-03,3.623820634978155812e-03,3.728343727980293516e-03,3.768800325740247811e-03,3.572272847794238926e-03,3.727453693615221612e-03,3.738819665341045276e-03,3.655606119174887453e-03,3.554062153652298543e-03,3.641844010473626291e-03,3.758080247222605683e-03,3.650451455331648123e-03,3.659426680887172077e-03,3.658926685853891320e-03,3.808333246398492439e-03,3.607835925690723936e-03,3.685738724277458789e-03,3.633661591527591935e-03,3.708752309967194762e-03,3.683781201426734354e-03,3.651113767890267533e-03,3.601388827733407062e-03,3.657413089934336003e-03,3.614153541230526265e-03,3.612036946833205482e-03,3.616567040464594568e-03,3.521813700796962935e-03,3.621469897208836296e-03,3.628819019849158917e-03,3.591255259774785678e-03,3.785403783143471198e-03,3.502303172925312538e-03,3.609505701213354574e-03,3.544536241638130119e-03,3.674554918682407939e-03,3.777553065464303150e-03,3.698773100911135602e-03,3.708473002632727260e-03,3.607821760770244315e-03,3.668789497085659518e-03,3.587074248608116724e-03,3.724196405956527005e-03,3.814045177141741228e-03,3.633048257423010258e-03,3.634275102900112655e-03,3.658204943496350028e-03,3.600675119593341536e-03,3.608086368959350417e-03,3.630594632990459536e-03,3.713837324697773223e-03,3.749758656664279113e-03,3.560033575434583437e-03,3.739111867079719913e-03,3.597802973101736114e-03,3.741847162038348853e-03,3.605654724699282158e-03,3.628502278465342828e-03,3.750650967979821636e-03,3.710005092588470905e-03,3.787921517608811798e-03,3.606660475866278921e-03,3.626510192401898990e-03,3.805558890585277083e-03,3.667036614462697991e-03,3.681680745721777840e-03,3.769840421098575277e-03,3.646261256512582042e-03,3.740863183376641216e-03,3.590661481551194519e-03,3.611224317471017041e-03,3.679564798227191128e-03,3.716615398600072590e-03,3.617190711754285880e-03,3.599917753233785028e-03,3.718028373479365014e-03,3.657304234537498040e-03,3.581299690832749540e-03,3.594807909721838435e-03,3.702839227023761639e-03,3.642655340956608284e-03,3.670289048801921028e-03,3.686695802421171859e-03,3.670653296862408203e-03,3.675258291805480644e-03,3.614301488051710910e-03,3.617294934741377248e-03,3.618744898878905897e-03,3.664677296219686232e-03,3.666736791799722443e-03,3.700625579045732725e-03,0.000000000000000000e+00,3.583286256971531924e-03,3.709001917973747762e-03,3.581436512417553175e-03,3.688987119886019857e-03,3.605015331188084378e-03,3.662750852943314709e-03,3.725005387729512975e-03,3.631098552910284535e-03,3.710391106104291535e-03,3.743562475789273189e-03,3.683522707406000369e-03,3.684431205741361178e-03,3.611941228066082536e-03,3.701236445243290263e-03,3.724558705757486515e-03,3.719399360620861267e-03,3.714447312443267934e-03,3.631962919035036739e-03,3.668286965674321960e-03,3.542858131015156915e-03,3.581662012439280722e-03,3.738812885695448618e-03,3.704708165154591958e-03,3.714958420668213347e-03,3.739109841600401357e-03,3.623041610782635862e-03,3.765191236974426824e-03,3.663337390628071139e-03,3.676061184748617011e-03,3.701141724201619052e-03,3.697744098673111553e-03,3.699426194223677088e-03,3.658178132794946691e-03,3.617190326244404917e-03,3.688768004169321827e-03,3.630787911291379934e-03,3.740239699037457930e-03,3.625916692757791965e-03,3.670293967339509529e-03,3.683672125595958795e-03,3.660417262325927051e-03,3.836212691038788994e-03,3.789233460395738384e-03,3.577654448450276470e-03,3.554399414062542686e-03
3.694160582721311026e-03,3.631072620797283750e-03,3.752231430319510029e-03,3.628327660292328394e-03,3.549033519982335884e-03,3.672391568001466718e-03,3.591339844818880033e-03,3.687310227833463100e-03,3.678454487313846666e-03,3.604730437516235047e-03,3.663659317335890737e-03,3.728334829664287607e-03,3.616843390917878591e-03,3.728981030130933908e-03,3.639904505969851316e-03,3.583655220562419284e-03,3.756952516105636127e-03,3.721169492082912911e-03,3.714968845406081428e-03,3.665034551806906332e-03,3.618493462925761496e-03,3.680075356878915408e-03,3.737470465456088718e-03,3.711411923013836767e-03,3.593016758103899626e-03,3.718751875128424762e-03,3.646060551042388815e-03,3.739405816184743388e-03,3.736471788314730657e-03,3.727507786299825293e-03,3.623010357699579884e-03,3.768465999156775468e-03,3.728102754534372981e-03,3.592550042936869682e-03,3.759384029368104032e-03,3.607514310831319050e-03,3.709408447712711932e-03,3.664737740607089053e-03,3.738900198896116887e-03,3.654010358113264807e-03,3.642735018568614338e-03,3.646651184746162264e-03,3.642346072106623055e-03,3.676303106380965358e-03,3.555661501282109029e-03,3.702968235651845751e-03,3.592550275311966277e-03,3.602738687587023203e-03,3.608032238920110858e-03,3.692648172989506164e-03,3.700509013891494121e-03,3.659731631467722564e-03,3.723399920759300034e-03,3.623582413100601227e-03,3.598276327609464809e-03,3.651560906360597561e-03,3.733534609794361865e-03,3.725725694785102758e-03,3.691462040206144792e-03,3.662744850960568399e-03,3.633972859003467819e-03,3.731396998138164674e-03,3.722482719191499805e-03,3.682630283643943941e-03,3.672638749439891860e-03,3.665991520676589038e-03,3.687465154635728715e-03,3.540399719858036524e-03,3.623403813051592932e-03,3.767553638893119273e-03,3.706516352343621271e-03,3.598784868108507659e-03,3.591069230492777327e-03,3.668251719337704397e-03,3.555737954533296375e-03,3.776172274043649267e-03,3.672878542465947242e-03,3.707509743165097928e-03,3.616484071679455879e-03,3.638517482838939804e-03,3.723779491488034710e-03,3.637202806854162879e-03,3.635140671106170448e-03,3.611176283848495285e-03,3.570437315666058920e-03,3.779370990583323913e-03,3.562439817966499365e-03,3.682763126923727960e-03,3.626531041136446358e-03,3.689856496745914840e-03,3.774218252943232956e-03,3.705058289842887327e-03,3.739170995738407954e-03,3.625109831301563668e-03,3.689757139731813466e-03,3.694511558501372035e-03,3.674266086650813945e-03,3.602544827343054368e-03,3.604873033306867439e-03,3.645529410060117156e-03,3.662429649597763199e-03,3.616697345729738989e-03,3.697931031516072525e-03,3.803637422651118000e-03,3.582833789598480027e-03,3.665290048866227772e-03,3.720158750510780578e-03,3.633881920574695730e-03,3.685284419141468103e-03,3.698142970273592123e-03,3.617418044189474411e-03,3.812976428785655892e-03,3.626070958744362881e-03,3.668197138449352454e-03,3.564209394322091513e-03,3.714949372864083735e-03,3.697383707952843317e-03,3.646910557851059786e-03,3.691348085452825049e-03,3.699270458336160420e-03,3.650095778154798746e-03,3.755113668736563114e-03,3.716530317121987097e-03,3.568794726964367309e-03,3.701640285798087852e-03,3.635648445443010607e-03,3.693702734791119106e-03,3.632093950779864862e-03,3.745720307439758673e-03,3.733212518504557941e-03,3.612402332505803507e-03,3.628438744337155169e-03,3.574991510067316094e-03,3.611029276677067516e-03,3.701711701420017445e-03,3.651727826730373407e-03,3.712487487883267632e-03,3.559364768538247122e-03,3.766528710451426312e-03,3.661359396143774782e-03,3.637838018813607799e-03,3.598813518164027062e-03,3.685937700901577904e-03,3.681915414430639126e-03,3.546281690958145820e-03,3.763861739898310445e-03,3.583286256971531924e-03,0.000000000000000000e+00,3.542518132795088436e-03,3.636576170658559204e-03,3.762700921861096906e-03,3.661190453916756109e-03,3.776615251395977479e-03,3.598549190412608789e-03,3.686535805845067224e-03,3.551676988931373128e-03,3.668404045647525799e-03,3.551363373907944192e-03,3.647798986579149378e-03,3.667244589039441414e-03,3.592250476519790164e-03,3.539730068722718968e-03,3.696548564421961447e-03,3.677112443502248990e-03,3.628943116733948388e-03,3.697692047569403530e-03,3.608128946753278148e-03,3.686607355098286878e-03,3.554445815957617705e-03,3.608525624483556460e-03,3.661481457376212275e-03,3.689378870068794457e-03,3.611173620123110488e-03,3.734525032882598378e-03,3.654867629710983456e-03,3.603139864618561203e-03,3.602112334447797777e-03,3.681881734342216505e-03,3.689497357808847137e-03,3.608817755444815919e-03,3.709271855435845953e-03,3.678117879922621590e-03,3.694438744426796657e-03,3.673555268341022802e-03,3.554074218237276723e-03,3.710516101112525979e-03,3.638867667312089323e-03,3.705933989456824430e-03,3.616794007460926840e-03,3.566113407402338523e-03,3.605147882975804404e-03,3.757056195924495315e-03
3.594906503423195201e-03,3.699828241314358744e-03,3.671816501599822931e-03,3.650816307842442380e-03,3.700313708201603043e-03,3.652218274967789034e-03,3.623171069074050416e-03,3.636397699189650601e-03,3.622065457264819592e-03,3.700460271105653585e-03,3.738545341506624431e-03,3.603795591757497519e-03,3.717648462973837699e-03,3.586582267072446675e-03,3.560179832232518264e-03,3.655282180031927449e-03,3.657132492547579116e-03,3.602523450512180349e-03,3.710483493424335776e-03,3.697345411815363813e-03,3.588364174899253637e-03,3.625008069370205636e-03,3.689335985657459915e-03,3.630572032339564933e-03,3.812337500827308288e-03,3.539421435077117189e-03,3.699031096884043950e-03,3.648674189713733192e-03,3.617838452223359844e-03,3.663026068460293206e-03,3.596715043310122744e-03,3.661974272770009402e-03,3.746822572564695222e-03,3.666795659722843666e-03,3.676046973390743964e-03,3.745395938820329524e-03,3.600253842997651593e-03,3.670177543776137995e-03,3.603748452770854163e-03,3.623535643837593259e-03,3.708433718709832228e-03,3.601324864270945541e-03,3.651596999423313214e-03,3.576101431646098137e-03,3.693429637367800708e-03,3.684558612882260237e-03,3.523403807603582138e-03,3.643202453278869633e-03,3.694798382412458043e-03,3.648059899500857850e-03,3.637636364006800044e-03,3.594758445466552949e-03,3.637796382922802840e-03,3.712843062560328405e-03,3.678934393837596240e-03,3.626616183702643850e-03,3.635361103826850477e-03,3.757914471006891695e-03,3.709636638864338264e-03,3.779257939047960761e-03,3.660790856022209851e-03,3.634044233380810240e-03,3.560850003426286985e-03,3.634594799266915345e-03,3.615770680683836474e-03,3.766175696528097430e-03,3.643587902897739862e-03,3.687483877307065182e-03,3.680603538135064894e-03,3.598023527241779856e-03,3.638170496775557788e-03,3.832568128660746726e-03,3.731328869762988963e-03,3.656804903985267762e-03,3.777830783451392553e-03,3.765645511892218907e-03,3.706420488830753420e-03,3.711244566641980127e-03,3.670485528457336725e-03,3.694394534713753026e-03,3.627451002488565196e-03,3.661554072087224668e-03,3.676572674371342102e-03,3.624249339453917626e-03,3.702762271534124246e-03,3.563854161426351433e-03,3.588453240651244720e-03,3.770678047186345506e-03,3.717913480961646585e-03,3.618311279689173220e-03,3.614038773116410273e-03,3.622087088577164663e-03,3.620183131746721079e-03,3.710464738936050492e-03,3.662455789263869763e-03,3.636947731544528262e-03,3.681601667360619515e-03,3.656860491978320554e-03,3.564212235212482500e-03,3.622519149796205214e-03,3.708272208215736190e-03,3.641933126980644291e-03,3.713684305251094015e-03,3.564235022950282099e-03,3.668105504011654958e-03,3.556443360920816948e-03,3.600915552616480025e-03,3.740927802746741703e-03,3.571233904317734024e-03,3.688486735100450498e-03,3.578549357566356177e-03,3.678284658363633990e-03,3.616652227380008199e-03,3.681588002090038173e-03,3.730114359537762495e-03,3.731020958216776581e-03,3.672140102262759411e-03,3.707118376118342332e-03,3.635558562305540777e-03,3.645633896261075892e-03,3.687860001070867189e-03,3.725423019254358366e-03,3.571756994633371474e-03,3.701929657907831583e-03,3.583000180094062306e-03,3.610415759350065965e-03,3.674471756954062265e-03,3.555980706428327111e-03,3.557118640049121081e-03,3.671602010150265116e-03,3.694118397186631382e-03,3.799513997454183941e-03,3.627969348291811176e-03,3.632835919229214939e-03,3.620296934948583675e-03,3.673906828912974071e-03,3.618833159876256450e-03,3.682328982713953518e-03,3.637201760196743291e-03,3.682681856895483972e-03,3.696825061040731868e-03,3.586538762791504666e-03,3.657128774385469318e-03,3.623343854420933100e-03,3.699551425978918947e-03,3.584452524039574445e-03,3.709001917973747762e-03,3.542518132795088436e-03,0.000000000000000000e+00,3.772009146146168730e-03,3.718559911146268430e-03,3.659733922571109868e-03,3.692518739799275328e-03,3.718039712648057993e-03,3.789942438406176950e-03,3.694106813516477659e-03,3.690399521865941543e-03,3.777433707961355951e-03,3.598089964761436600e-03,3.669935808950414938e-03,3.704197693293184365e-03,3.701242548896765266e-03,3.601672896408903909e-03,3.628240646889898877e-03,3.635559274499189017e-03,3.684965848814013983e-03,3.608145445044568141e-03,3.541120137565484643e-03,3.650625097145170170e-03,3.632702814682751621e-03,3.659497488697098684e-03,3.647817057487164581e-03,3.738781769388811391e-03,3.663633623063974019e-03,3.638865141185053907e-03,3.661038299905116939e-03,3.864022658625522553e-03,3.615939667571362644e-03,3.707765985136462876e-03,3.638745717176775085e-03,3.665116806168519908e-03,3.605916636221151526e-03,3.652949009840089634e-03,3.784275596850779442e-03,3.694743042172396550e-03,3.643579593338182061e-03,3.713715235048775393e-03,3.672723858670562738e-03,3.789930777094927851e-03,3.755507531201381869e-03,3.681525824460670903e-03,3.636000178897603671e-03
3.574918954755070856e-03,3.694976995119866273e-03,3.562189108579458686e-03,3.736812459675654691e-03,3.619738354630855446e-03,3.624723077691608623e-03,3.629758337583704770e-03,3.696214853062790729e-03,3.646974902480310844e-03,3.701807555318303161e-03,3.754210350833041016e-03,3.750044169787412115e-03,3.691204328239152017e-03,3.654725436007203159e-03,3.599123123677884853e-03,3.632071362981377765e-03,3.647888943445179357e-03,3.688896796276772919e-03,3.738294003573425488e-03,3.618680654751873799e-03,3.660228442091302114e-03,3.662264421544496069e-03,3.704095197210151985e-03,3.584524929608923650e-03,3.602277177110386336e-03,3.603274477828184632e-03,3.690688123751803204e-03,3.632715187789814417e-03,3.674023724856824956e-03,3.707738349698491871e-03,3.684126770258901607e-03,3.656276910197344548e-03,3.762766728452716404e-03,3.607133135644774273e-03,3.655406229516201116e-03,3.684527785452736213e-03,3.632475331396293680e-03,3.631898437299164919e-03,3.646537056938408891e-03,3.568617909029452029e-03,3.689997392887857212e-03,3.690224709117560006e-03,3.669263997964684280e-03,3.672535671065163716e-03,3.604088060875727719e-03,3.638867884234188530e-03,3.762146572528900224e-03,3.787340361715687068e-03,3.738753937862669945e-03,3.606997303714367265e-03,3.770454322870126374e-03,3.516131259100947759e-03,3.671285024630951185e-03,3.810871737950446807e-03,3.715663439228526072e-03,3.616533685479048858e-03,3.603128121618120669e-03,3.675166082327924102e-03,3.648181230118582082e-03,3.725731667507328846e-03,3.686449152214393062e-03,3.577014247723280579e-03,3.649698355233107518e-03,3.730773245059969007e-03,3.759465770376006072e-03,3.630757654461404856e-03,3.736661025091608107e-03,3.648290603995233815e-03,3.500974699518709030e-03,3.637856829158737839e-03,3.628163856561988226e-03,3.760868195943130755e-03,3.705815145931479898e-03,3.700672271766761775e-03,3.743056992037381309e-03,3.741387465573078018e-03,3.729850244951182000e-03,3.555003843819209107e-03,3.644457902772431281e-03,3.670547254265348058e-03,3.719802102489917078e-03,3.656961990704604964e-03,3.641560905087346065e-03,3.575222432907869570e-03,3.628782256966665495e-03,3.667151399640511660e-03,3.651287483093371752e-03,3.731136529143095140e-03,3.725085049150390730e-03,3.729418666009240782e-03,3.699812615757070138e-03,3.777588611571315418e-03,3.570615739801337452e-03,3.593912985487928129e-03,3.584292964769149326e-03,3.599588811156793564e-03,3.572714359084965593e-03,3.681105839784130744e-03,3.504231540200160658e-03,3.703198031221278160e-03,3.701536320753138522e-03,3.603481137270925921e-03,3.680482876698021148e-03,3.734901405515022275e-03,3.613333186613587687e-03,3.652617314584881078e-03,3.740851687677124345e-03,3.609829472304494722e-03,3.790257928176238127e-03,3.708031538092606150e-03,3.648185357440066664e-03,3.728106680166004810e-03,3.616188867236211444e-03,3.641718710133221709e-03,3.606558554137330366e-03,3.699851678062811289e-03,3.617573655658055422e-03,3.694204311033680126e-03,3.660294533784631647e-03,3.659609590795643609e-03,3.620599306523525265e-03,3.674131779260322254e-03,3.492870284958894504e-03,3.616500513033419056e-03,3.724339701493097239e-03,3.634058967318683393e-03,3.613919275700831248e-03,3.577914801429984623e-03,3.746657635686141338e-03,3.664778504770825011e-03,3.596373896813455893e-03,3.636720964457064529e-03,3.561101506614641407e-03,3.588317530392682621e-03,3.679313038077898935e-03,3.543533577940717605e-03,3.690054581334196396e-03,3.622348961210086846e-03,3.620274767039703603e-03,3.652178994321329114e-03,3.665995272152479823e-03,3.629073291494608854e-03,3.644135149692665551e-03,3.712138785821987152e-03,3.775057965393899869e-03,3.601892174841472664e-03,3.581436512417553175e-03,3.636576170658559204e-03,3.772009146146168730e-03,0.000000000000000000e+00,3.710981757661323353e-03,3.655872381754872186e-03,3.658332170366018852e-03,3.695916768182726676e-03,3.699489538371685590e-03,3.581368978666202470e-03,3.705906967348653134e-03,3.632124373101973391e-03,3.585774158924877938e-03,3.616119814183073062e-03,3.723298617859649613e-03,3.671895906819838077e-03,3.692949629528188751e-03,3.634062305876814298e-03,3.673483820798931817e-03,3.727438337976406862e-03,3.811959119312433811e-03,3.695927219872157266e-03,3.639619463982144559e-03,3.600081908791628524e-03,3.680030941509938088e-03,3.641229588650202534e-03,3.776866514064888131e-03,3.671405950848654568e-03,3.564181979498147988e-03,3.677680365453247103e-03,3.641434467431192527e-03,3.628757724303066558e-03,3.522673275582540765e-03,3.661912261975349206e-03,3.662702416606478800e-03,3.820043589266485396e-03,3.814024655390841918e-03,3.641428455820364899e-03,3.703289478043962288e-03,3.657768138994524701e-03,3.648396626550306360e-03,3.553697519131737790e-03,3.760861047209525243e-03,3.646277845037447420e-03,3.730625750044489191e-03,3.602902776078709384e-03
3.593535305527259006e-03,3.666570575427530784e-03,3.726514295900024750e-03,3.642082041044027597e-03,3.744923258499094354e-03,3.844227363995254051e-03,3.592924738406504722e-03,3.595051547745205245e-03,3.624621658772979056e-03,3.617348618900556936e-03,3.723115102781231808e-03,3.661280198739312597e-03,3.687806953412208627e-03,3.576149385978132523e-03,3.566970864690212698e-03,3.638946721495807217e-03,3.775627380158458248e-03,3.642896315496523939e-03,3.568334127239134856e-03,3.572020637341294727e-03,3.620308944674810198e-03,3.689670203438976965e-03,3.709813693044113590e-03,3.693374514748329167e-03,3.661861719333790212e-03,3.665846403683573930e-03,3.779346204855720329e-03,3.658100778718378042e-03,3.717027835364456346e-03,3.777644601431118590e-03,3.741995423926802213e-03,3.691736655374603694e-03,3.612623910937138791e-03,3.639342637973328951e-03,3.713897852483779172e-03,3.683788258365246638e-03,3.685974670754031592e-03,3.654763340706717288e-03,3.656584240496304344e-03,3.693307079221214498e-03,3.743983268433380765e-03,3.586038260994356061e-03,3.612584952517369514e-03,3.609021678192107091e-03,3.581318946215744214e-03,3.719478542294806303e-03,3.635260564856644065e-03,3.593019054878438846e-03,3.827121945748441969e-03,3.543102143781681236e-03,3.711406653677981962e-03,3.687618558261935957e-03,3.647816903924145943e-03,3.740510566709282642e-03,3.682941685861767893e-03,3.598994389220575366e-03,3.657935779036794455e-03,3.709635046039677034e-03,3.631495285303670655e-03,3.581707265924258254e-03,3.640526281314511881e-03,3.743516066266906576e-03,3.591949125900548764e-03,3.680291973762667319e-03,3.644638738224286346e-03,3.799110273413164578e-03,3.852713276321910896e-03,3.622516150819292489e-03,3.640054544587892349e-03,3.820427330280698995e-03,3.590538603103283783e-03,3.659948787331320907e-03,3.603761800720175525e-03,3.664794931343602364e-03,3.482063639091194981e-03,3.631402522917390532e-03,3.621502180563391897e-03,3.675677988388195098e-03,3.630296739735180099e-03,3.549377433639984425e-03,3.679148041457202395e-03,3.659024942789446209e-03,3.649900592941860734e-03,3.619488902807165964e-03,3.623859283741538619e-03,3.674930104299617417e-03,3.565421236916287845e-03,3.671670738258712118e-03,3.638349369102376191e-03,3.685310728051307844e-03,3.595279471222123224e-03,3.603430635896643416e-03,3.607644576314737381e-03,3.634963606239861433e-03,3.624818606717455927e-03,3.834935472606958596e-03,3.636401017437227053e-03,3.639985542253869940e-03,3.707636573826814021e-03,3.702403567728094515e-03,3.600558496005249257e-03,3.731420851063588576e-03,3.671717521582271854e-03,3.805037591335407986e-03,3.573996185663139667e-03,3.640194884585168378e-03,3.632818226101499834e-03,3.744110921948789594e-03,3.576307968172661757e-03,3.603187209243100160e-03,3.570224358755016893e-03,3.692630000389421265e-03,3.620197215947302052e-03,3.558645481396483044e-03,3.640424424981751356e-03,3.684019546613008077e-03,3.563234044673899321e-03,3.696647969625978854e-03,3.739870733762423391e-03,3.509141864526254314e-03,3.570192108912771407e-03,3.693455164824571962e-03,3.589769828445024853e-03,3.624722971552416569e-03,3.758068180859110066e-03,3.631933570808569198e-03,3.758620489753663682e-03,3.613205170681100739e-03,3.661763398128996087e-03,3.591914027495722583e-03,3.649038888504839862e-03,3.615880554491297631e-03,3.727459605437651643e-03,3.664075459951850189e-03,3.715488266335892440e-03,3.651624823130268389e-03,3.599047393122669150e-03,3.609426783962263376e-03,3.669159122607085471e-03,3.666454129420428781e-03,3.538485605921971085e-03,3.588558814993445065e-03,3.767847503431100142e-03,3.695613249953353090e-03,3.628920925805410955e-03,3.574512457766403951e-03,3.688987119886019857e-03,3.762700921861096906e-03,3.718559911146268430e-03,3.710981757661323353e-03,0.000000000000000000e+00,3.722127574329126345e-03,3.713941482267231475e-03,3.605292706825971843e-03,3.693124018587023299e-03,3.633785785157521951e-03,3.672283468883673786e-03,3.663260397600725561e-03,3.662711228740173422e-03,3.555615943275870858e-03,3.730319844702432303e-03,3.684867432590910232e-03,3.664744826092345732e-03,3.694782426970640021e-03,3.664748046185517874e-03,3.595031354358999443e-03,3.740888957586520434e-03,3.641325269615526463e-03,3.605538587017404015e-03,3.586447366246857046e-03,3.610192438074085602e-03,3.640562711187229732e-03,3.548909661702702445e-03,3.690175039522656381e-03,3.604865590251552562e-03,3.700227322609715361e-03,3.752386336748680939e-03,3.692148912516086696e-03,3.698100289575450596e-03,3.728273331325960855e-03,3.737358473649669485e-03,3.658858556402850518e-03,3.704504712971208938e-03,3.636078236364226855e-03,3.777154301107408987e-03,3.792754273123600736e-03,3.784804624472472116e-03,3.695895029386529924e-03,3.681583429926711410e-03,3.576594861165111657e-03,3.749143415447364798e-03,3.732182404393658438e-03
3.638222021743947338e-03,3.840778593856413684e-03,3.784706594554154268e-03,3.604695495118966000e-03,3.629581023430246238e-03,3.634132951370040460e-03,3.616228444457761371e-03,3.731511272334963897e-03,3.702701233115045145e-03,3.618333724386370385e-03,3.637336131484168733e-03,3.723481097250840033e-03,3.685497073489448286e-03,3.631847150584020193e-03,3.527888451476488430e-03,3.624221647135843997e-03,3.646516845087434313e-03,3.593661676384492416e-03,3.617741921847100230e-03,3.564798974079513329e-03,3.596893441151849738e-03,3.753942677843898328e-03,3.758223848338182894e-03,3.839719327977459979e-03,3.769559493288165107e-03,3.658408761057280710e-03,3.664692758795431212e-03,3.700289611624348659e-03,3.740194754900414385e-03,3.558903617722705432e-03,3.703380540249348769e-03,3.626745055781973454e-03,3.595836177089253242e-03,3.635224322369462122e-03,3.597902442341545815e-03,3.620261300905044857e-03,3.802021687680611287e-03,3.690711272754731726e-03,3.774629457131072844e-03,3.689860334045478446e-03,3.569606767342213549e-03,3.654040265214545096e-03,3.721090335797127332e-03,3.573845458245690932e-03,3.623626889152705040e-03,3.722660967209920693e-03,3.733137293545958028e-03,3.652730864019095285e-03,3.762582486903175323e-03,3.691878919528619046e-03,3.678851991477825097e-03,3.600799330257782940e-03,3.633006259359042311e-03,3.709699781516074407e-03,3.741571012052496113e-03,3.697519081090285768e-03,3.572959977667510001e-03,3.591848741465801000e-03,3.585697791695918995e-03,3.731071316731230953e-03,3.592615959992874215e-03,3.745867777304838931e-03,3.660517257610906416e-03,3.692559538925605303e-03,3.617488562791269617e-03,3.691086289205783126e-03,3.651804169222313060e-03,3.683753193639727631e-03,3.570872980767180686e-03,3.679971114789066470e-03,3.570973520274377689e-03,3.600137868486210681e-03,3.658656026766006659e-03,3.646975037410372759e-03,3.575595114057087114e-03,3.780453021290177545e-03,3.666968586611446968e-03,3.778795649270727617e-03,3.699183996373427760e-03,3.710119464012099581e-03,3.722122840121494958e-03,3.692924345773231001e-03,3.690814932030290346e-03,3.692528318117720143e-03,3.622270567315075476e-03,3.602474109593998847e-03,3.575037484952176600e-03,3.742550953274827435e-03,3.542929312362367526e-03,3.719633032245057720e-03,3.739440396343159806e-03,3.679124371650435016e-03,3.651930966104006970e-03,3.617955723900135104e-03,3.652795466057162394e-03,3.712955875884799140e-03,3.701312162510422658e-03,3.592358189692156003e-03,3.661217574202986838e-03,3.667524415159681504e-03,3.634763898148922912e-03,3.683752134434999798e-03,3.709996666177441896e-03,3.723742699397972634e-03,3.556299204517679013e-03,3.563501923596293797e-03,3.538020087425425633e-03,3.745947370770741271e-03,3.656301929180678402e-03,3.664295677891944974e-03,3.609210509073207049e-03,3.690821178563148588e-03,3.718191822591318009e-03,3.720271093891459966e-03,3.641284857718294233e-03,3.607896867572792446e-03,3.684508369510632562e-03,3.677598007692331819e-03,3.619549803242524694e-03,3.582898665235164423e-03,3.716040354068680940e-03,3.587850521059612191e-03,3.596575884749988409e-03,3.624657017254021441e-03,3.618544707018781642e-03,3.681014118132915590e-03,3.673181292511117947e-03,3.654480904410989991e-03,3.697374824697239552e-03,3.713333795012302603e-03,3.642295321295541208e-03,3.680731371624977773e-03,3.622753379389721286e-03,3.652956356555207840e-03,3.584314230365096259e-03,3.561704387460783248e-03,3.686863864333277552e-03,3.630931851151035072e-03,3.662470846726720991e-03,3.647391816057067235e-03,3.619013831246217176e-03,3.684502066952593732e-03,3.618871635723639596e-03,3.682313591981098682e-03,3.637388983431619205e-03,3.654395697630720072e-03,3.605015331188084378e-03,3.661190453916756109e-03,3.659733922571109868e-03,3.655872381754872186e-03,3.722127574329126345e-03,0.000000000000000000e+00,3.728509589411673191e-03,3.639975135548693952e-03,3.660004758072376695e-03,3.751772630638341901e-03,3.713094062344074898e-03,3.710066320788419410e-03,3.624888174752482605e-03,3.524582408682012339e-03,3.636295089736792541e-03,3.596812052526577284e-03,3.710110298203952387e-03,3.666154674865252684e-03,3.521686200652422195e-03,3.619369532669983961e-03,3.677475688631373207e-03,3.612593306724557092e-03,3.705179451247894804e-03,3.660073188030958224e-03,3.734245784723339012e-03,3.696808606024452621e-03,3.653368221461265278e-03,3.586589455993357926e-03,3.727067546672743238e-03,3.842207211240894829e-03,3.682016919931078124e-03,3.552095794501605036e-03,3.665222335359761760e-03,3.621017641151457692e-03,3.682241655929559959e-03,3.656815152815178372e-03,3.660449800857501056e-03,3.675988750324616066e-03,3.664077458857095074e-03,3.675790163909501383e-03,3.684765363791861655e-03,3.674916933916147835e-03,3.651721621798104892e-03,3.667739726601494839e-03,3.695294233690068174e-03,3.806024243058557955e-03
3.701084275483338716e-03,3.618727776389991761e-03,3.705221076391387435e-03,3.685654409055308736e-03,3.708524663124423363e-03,3.663766789831002409e-03,3.606859065864114963e-03,3.638961408694451997e-03,3.681497531658312582e-03,3.601674516425023859e-03,3.682694635804269288e-03,3.744454075277534998e-03,3.737383475406678805e-03,3.614397050139623452e-03,3.607633784327527685e-03,3.743202534212911482e-03,3.702279092372286629e-03,3.662602410491695368e-03,3.654658999909521366e-03,3.728676245159726066e-03,3.688105456450438326e-03,3.739746954513403169e-03,3.624879180745755724e-03,3.745854773608089331e-03,3.695655158377586166e-03,3.628010617667092041e-03,3.642945425471476491e-03,3.637813962310010914e-03,3.689587545132587756e-03,3.577816416706681036e-03,3.561665565827528378e-03,3.704648306833624970e-03,3.713682391371074271e-03,3.762562852317484930e-03,3.631365172451532335e-03,3.647851844528986372e-03,3.732593883580343202e-03,3.838053049364164790e-03,3.707783086035740250e-03,3.661929338478561117e-03,3.633601949785146557e-03,3.674168881423073209e-03,3.539657932435329342e-03,3.598501187877173931e-03,3.630419609414820437e-03,3.665978723923493492e-03,3.690806528442593538e-03,3.687141880110048758e-03,3.661308252591013047e-03,3.599739084262347771e-03,3.495984007312635897e-03,3.499348499572119131e-03,3.683619164489606787e-03,3.587404781168230996e-03,3.597202458612018452e-03,3.696122519415357549e-03,3.793387983657665798e-03,3.709070774474253901e-03,3.625062845642984966e-03,3.600768681469623204e-03,3.770900782930820209e-03,3.690915237129505609e-03,3.604840397059545180e-03,3.541682446015585132e-03,3.751886591993749877e-03,3.758852387205080092e-03,3.717991440114270900e-03,3.595221283920800506e-03,3.705768376962122017e-03,3.636154061053073136e-03,3.686441447466093195e-03,3.638486422036558282e-03,3.543442264444587268e-03,3.623568124046622121e-03,3.578627883659508003e-03,3.666865778685232669e-03,3.619432335983809468e-03,3.753856335358789643e-03,3.620960379597581557e-03,3.578716584040342579e-03,3.592528808004448720e-03,3.718069548262783759e-03,3.668991786577286730e-03,3.623333652755098954e-03,3.649722411829302206e-03,3.626220914997615313e-03,3.736516256288703857e-03,3.551015856189866648e-03,3.604584801797948001e-03,3.768661690503512414e-03,3.801548990535078519e-03,3.687377632839743211e-03,3.676092762075511364e-03,3.619748250841682384e-03,3.633045438665806481e-03,3.679396020214955286e-03,3.685255875390311582e-03,3.673447445293970357e-03,3.615539143177793052e-03,3.613668237020937601e-03,3.659836226845675569e-03,3.579127948688828539e-03,3.627636459147758497e-03,3.730267052736819470e-03,3.596384828536557283e-03,3.546909754293633196e-03,3.693747035698299614e-03,3.675649640104861494e-03,3.670496639342116230e-03,3.637019690332714619e-03,3.589198459700806976e-03,3.668068371478145576e-03,3.770363451199636347e-03,3.726629358699707489e-03,3.578313991271861103e-03,3.679605596100603629e-03,3.746552656275754442e-03,3.527157907392552971e-03,3.668849300336766810e-03,3.627570764891970174e-03,3.676412583938500414e-03,3.647718159992421969e-03,3.758366789517368980e-03,3.635906360048745106e-03,3.538181639478176193e-03,3.595600041005699715e-03,3.615984600711501847e-03,3.708195002945486804e-03,3.632889385369101470e-03,3.683180329822604432e-03,3.538122523959845011e-03,3.657671401250516680e-03,3.619158220273130389e-03,3.636025244254284527e-03,3.650968712706301189e-03,3.706232245040386262e-03,3.679019028387119430e-03,3.689688101249949392e-03,3.720057446464818379e-03,3.604042171574868472e-03,3.583234454120621994e-03,3.751387103549386204e-03,3.585309940058176333e-03,3.615866836016990143e-03,3.564503777312722985e-03,3.547689446815236857e-03,3.662750852943314709e-03,3.776615251395977479e-03,3.692518739799275328e-03,3.658332170366018852e-03,3.713941482267231475e-03,3.728509589411673191e-03,0.000000000000000000e+00,3.787368114018911224e-03,3.843763406304492695e-03,3.720667651388951877e-03,3.783933716119702775e-03,3.692523342635932720e-03,3.690384594765864709e-03,3.657168598683543416e-03,3.588694549117938531e-03,3.615720703251227002e-03,3.666733579068424866e-03,3.621943461514847036e-03,3.750749012995538076e-03,3.649538547782941750e-03,3.639079225623286038e-03,3.678802064995192068e-03,3.640479969223202415e-03,3.675306330145514371e-03,3.770687858755775689e-03,3.717490841065890055e-03,3.663455585196295425e-03,3.647146609045149798e-03,3.639411309852705508e-03,3.695371142000058659e-03,3.710403164824274160e-03,3.536651622229322785e-03,3.573095816770712353e-03,3.696385361959255919e-03,3.732716601753480450e-03,3.716327741114168037e-03,3.728808550915854291e-03,3.602386248123309615e-03,3.640957664904867063e-03,3.692982919406713558e-03,3.618574869604591730e-03,3.709799659272111898e-03,3.631833665279352117e-03,3.731391993441103387e-03,3.707259741810171958e-03,3.626733246294506965e-03
3.826258761297211385e-03,3.783211224049812856e-03,3.600832290891078143e-03,3.753734235532936361e-03,3.553606031380134121e-03,3.676796186696043144e-03,3.661307514600795066e-03,3.724941049096600326e-03,3.671205704543551405e-03,3.635951005714847979e-03,3.572880733068911196e-03,3.636385401709089395e-03,3.648707350880530092e-03,3.661532131145359657e-03,3.601689197352926034e-03,3.659509688700983421e-03,3.698347154753350591e-03,3.660243193077438676e-03,3.686900866438018020e-03,3.778333861814035105e-03,3.684581772789490093e-03,3.742537744079326573e-03,3.682022515941720843e-03,3.616995374589820119e-03,3.624216316076941079e-03,3.735687150441363916e-03,3.642570363808967249e-03,3.641273474252752947e-03,3.632180606221128462e-03,3.503055610607732923e-03,3.566720136828726521e-03,3.688880984609377821e-03,3.705082675675452821e-03,3.690645630368885773e-03,3.648399886941970476e-03,3.724951950113548817e-03,3.591401303289166059e-03,3.687992681213484673e-03,3.609201410885951814e-03,3.633960209749301142e-03,3.706600865423236545e-03,3.618114614334398422e-03,3.673037656883718517e-03,3.698297421048352129e-03,3.662102446226556118e-03,3.645282928949771829e-03,3.577402681055563000e-03,3.694607742644256780e-03,3.736079254826764080e-03,3.644018216308660824e-03,3.624309516528112420e-03,3.563583930549585246e-03,3.587770339038636250e-03,3.597749270776182205e-03,3.569639017949790844e-03,3.711113827186448069e-03,3.662864223548237697e-03,3.783014969344323467e-03,3.578289034796881644e-03,3.636190770955284070e-03,3.806236989324166594e-03,3.620624147859391635e-03,3.746436650000872261e-03,3.664629696676419655e-03,3.559651768175531045e-03,3.553701666858014377e-03,3.674308747453147381e-03,3.566746304157243207e-03,3.644538447896075381e-03,3.627671427789054461e-03,3.637503415616809028e-03,3.690555070356071974e-03,3.766462736619835376e-03,3.675795993895511395e-03,3.633788402693622580e-03,3.708291198921166276e-03,3.661337841038274366e-03,3.636626390037795906e-03,3.598756488039379139e-03,3.616079282657980263e-03,3.670852776440946749e-03,3.619196327854903254e-03,3.625325753026958486e-03,3.745103601416823087e-03,3.675370950454016992e-03,3.694419796666792433e-03,3.758439151905894685e-03,3.698827129243608888e-03,3.822499216307547864e-03,3.728256054138730929e-03,3.597415133989282851e-03,3.707847955009677034e-03,3.667930713718370230e-03,3.674683457896020782e-03,3.626606728712945555e-03,3.633885217518281925e-03,3.610671902067020232e-03,3.718646884374094286e-03,3.609072261490731039e-03,3.538030990670470305e-03,3.675958276813090248e-03,3.792078717688220860e-03,3.639753871817539947e-03,3.603603339128260124e-03,3.590899838863047863e-03,3.583553696090023902e-03,3.705440814492291270e-03,3.694370012431393794e-03,3.713355494884835583e-03,3.628864496852325650e-03,3.628624304044797150e-03,3.615005082774902078e-03,3.609572582172625773e-03,3.669173493614706801e-03,3.549632503416525527e-03,3.654407041262163966e-03,3.873455115771847011e-03,3.716460331276972423e-03,3.768340236396006300e-03,3.691248847696370402e-03,3.638912839058513864e-03,3.586142183598596891e-03,3.638781304978216512e-03,3.593408336817097409e-03,3.709746644625622723e-03,3.693067195681343055e-03,3.568271567948072716e-03,3.651367670339621032e-03,3.660530611164696923e-03,3.633959375362928214e-03,3.669689891822680659e-03,3.657853530211427687e-03,3.643932454775156236e-03,3.546224559553466660e-03,3.636647477288957719e-03,3.566367181800906335e-03,3.682691280672497486e-03,3.687667496307458614e-03,3.798640094130086801e-03,3.632281576923187399e-03,3.637809648595899305e-03,3.735387230376163627e-03,3.585833549269781644e-03,3.738016747101455609e-03,3.584173420481436955e-03,3.663164093634777452e-03,3.725005387729512975e-03,3.598549190412608789e-03,3.718039712648057993e-03,3.695916768182726676e-03,3.605292706825971843e-03,3.639975135548693952e-03,3.787368114018911224e-03,0.000000000000000000e+00,3.739639194939164100e-03,3.605617017744269792e-03,3.719836840864363618e-03,3.703552985941239387e-03,3.784876788021174741e-03,3.646335403381209192e-03,3.676704803975179223e-03,3.651632638862937087e-03,3.693574975357094819e-03,3.738810991541922316e-03,3.724601670948411974e-03,3.517459427447189313e-03,3.617097746674298887e-03,3.697755110238769554e-03,3.770644337669051653e-03,3.623808884372183622e-03,3.655044252092179251e-03,3.658316490946408091e-03,3.708597068562144352e-03,3.626110037072861371e-03,3.564664391394661413e-03,3.623345352604675964e-03,3.654650963681915256e-03,3.632562577438598009e-03,3.634092942825883129e-03,3.556558455634966417e-03,3.779810706511351360e-03,3.677317201479106661e-03,3.636888327541968387e-03,3.703921838175237326e-03,3.699486906503289194e-03,3.673494372762192879e-03,3.660848911804696817e-03,3.618528091055818029e-03,3.771844628293217691e-03,3.720731928440795290e-03,3.669035595813402700e-03,3.592801844705623658e-03
3.632046355598116810e-03,3.791463114938095191e-03,3.516684726661439744e-03,3.627627959360233637e-03,3.655919698889841928e-03,3.592256493969665787e-03,3.695771135118094269e-03,3.646743613022358603e-03,3.747565543592232002e-03,3.655475093370184891e-03,3.733746541510580327e-03,3.707238754848238456e-03,3.666673779677592521e-03,3.725110527574298711e-03,3.602237448041326583e-03,3.626236859215787190e-03,3.707277266836130156e-03,3.582885945338578747e-03,3.684785233298661523e-03,3.730642843742785434e-03,3.692736576752255612e-03,3.497153120991684794e-03,3.686685865081652889e-03,3.618126988267337477e-03,3.765866629707468553e-03,3.680633575498802688e-03,3.769967601383214864e-03,3.649236100517927461e-03,3.589156529990327263e-03,3.676218864958742411e-03,3.614351979487198403e-03,3.768360700012848580e-03,3.736873373150140058e-03,3.658235013905753417e-03,3.727370477058690110e-03,3.821591217938937780e-03,3.671474053273988177e-03,3.791996212008017213e-03,3.710591959659256638e-03,3.586735988910949840e-03,3.621499808645572190e-03,3.548945632168763482e-03,3.601321872960759011e-03,3.635023815271621293e-03,3.606810064149637649e-03,3.660883812122210385e-03,3.631877198649693418e-03,3.658027771547236583e-03,3.698115688952136743e-03,3.611223588295942987e-03,3.613225825888903998e-03,3.568322090571812277e-03,3.602384788893895230e-03,3.643017664074206779e-03,3.785724106233348367e-03,3.557236600452586169e-03,3.689142354041653055e-03,3.715756129803216099e-03,3.719561120578641824e-03,3.596567676561712636e-03,3.754616802926412974e-03,3.671927708533969954e-03,3.514610332556893525e-03,3.722297245655395177e-03,3.589985702299822428e-03,3.652603273593148063e-03,3.697056143839126154e-03,3.651640802699316572e-03,3.602825907367303293e-03,3.695233878255453630e-03,3.740098011164686657e-03,3.661953912000629006e-03,3.574433413886462987e-03,3.616306296353559002e-03,3.574137478706327416e-03,3.774603591380795535e-03,3.646132812572134424e-03,3.733859771493128893e-03,3.786219969550872703e-03,3.551687335260103520e-03,3.594107942274926519e-03,3.590785945683339347e-03,3.642753894209533553e-03,3.578511329781969025e-03,3.613362048422509663e-03,3.723896505938195396e-03,3.623541017328831167e-03,3.641203529319883905e-03,3.702484728147143519e-03,3.755701957618801708e-03,3.774191642802006592e-03,3.572890498445710061e-03,3.587756315314709777e-03,3.672152662118873326e-03,3.642371984729226263e-03,3.683950144335556166e-03,3.663255664800985339e-03,3.642217688844208781e-03,3.584997858651939838e-03,3.682528178131957118e-03,3.607717590067727621e-03,3.639317595231882432e-03,3.538897624462487845e-03,3.619834066032180317e-03,3.605280398718697151e-03,3.548287305960595196e-03,3.682580732429893613e-03,3.640365895958524393e-03,3.625097980001910653e-03,3.556750254061808066e-03,3.695693871215717952e-03,3.770556224365897817e-03,3.578047758325243743e-03,3.701926507306644958e-03,3.626985684254065406e-03,3.802395827346100130e-03,3.579602461978383370e-03,3.567922949130131974e-03,3.658018849254240576e-03,3.677552245020962885e-03,3.719932676319386792e-03,3.656358224083018377e-03,3.570130126355282058e-03,3.619216855060448847e-03,3.672534483352901408e-03,3.627748027929329072e-03,3.529610271176750625e-03,3.676490796331526468e-03,3.709213781980816738e-03,3.614335344448237064e-03,3.593504046527552179e-03,3.645669157907887974e-03,3.589552644106198693e-03,3.743399888997853316e-03,3.701352279737071382e-03,3.550486094805783283e-03,3.709144352872796244e-03,3.612519962152730118e-03,3.705592755196927737e-03,3.557782319095865401e-03,3.634294437719551730e-03,3.583439100657453621e-03,3.605550011226488390e-03,3.615182725203774407e-03,3.786639037191565863e-03,3.586280093177993816e-03,3.631098552910284535e-03,3.686535805845067224e-03,3.789942438406176950e-03,3.699489538371685590e-03,3.693124018587023299e-03,3.660004758072376695e-03,3.843763406304492695e-03,3.739639194939164100e-03,0.000000000000000000e+00,3.707302513937112045e-03,3.678019081525363537e-03,3.712165166260990561e-03,3.627873453486093504e-03,3.685258117635785077e-03,3.660135481835577638e-03,3.576198833254161033e-03,3.723538541796358407e-03,3.676034908956040542e-03,3.784736550899184693e-03,3.710897185592219871e-03,3.681902861037734086e-03,3.713540179706952427e-03,3.776896090216072532e-03,3.785052718735824450e-03,3.792722741849324265e-03,3.663136613222217793e-03,3.844349780335502755e-03,3.669910303953586878e-03,3.492473048152115820e-03,3.664813859416400296e-03,3.655933112227185977e-03,3.647947974433446601e-03,3.566413873657619388e-03,3.804129800146536112e-03,3.641319619458065638e-03,3.734886153539675527e-03,3.773621977740756854e-03,3.762661496322950664e-03,3.598552828137685251e-03,3.552836952517048064e-03,3.662445144831144757e-03,3.638299430339891113e-03,3.673662060665567469e-03,3.584642217341045198e-03,3.641291471735895631e-03,3.708737445828967205e-03
3.625796592065354783e-03,3.647655338143445617e-03,3.797365924497766564e-03,3.690971588345461681e-03,3.717764016798433442e-03,3.732348712496814935e-03,3.723188544552295288e-03,3.719969781295615063e-03,3.704659378607465161e-03,3.593626944593053887e-03,3.654815565737899730e-03,3.734016804162817657e-03,3.686443952688700249e-03,3.614366694434337657e-03,3.635547801439765938e-03,3.632878556538834090e-03,3.582371516593766889e-03,3.556974503310438105e-03,3.604454746255614586e-03,3.771646633508054201e-03,3.711050207161172357e-03,3.570700202154960309e-03,3.578494033833908971e-03,3.604172278053891648e-03,3.590905967846936848e-03,3.565416185223266050e-03,3.707362299501683073e-03,3.823017056406134706e-03,3.619039995716969056e-03,3.663739018990749569e-03,3.693598768745204840e-03,3.567955475008744836e-03,3.581374614762497435e-03,3.687554795802013702e-03,3.489127555935228695e-03,3.690503375701912649e-03,3.660106488249180445e-03,3.626146621005734913e-03,3.587319666260150620e-03,3.700447484662150194e-03,3.543300685639289797e-03,3.712148954121942662e-03,3.668483360172287988e-03,3.593637373226762650e-03,3.659340794414973549e-03,3.671771142315258425e-03,3.666698214556027811e-03,3.585715873796997601e-03,3.717101309214333391e-03,3.530470538786032245e-03,3.598781030114884226e-03,3.587788567339637250e-03,3.676635143740563869e-03,3.664433357721102666e-03,3.739486739996336108e-03,3.680394647113501266e-03,3.593359195443638233e-03,3.492155297224877782e-03,3.672763628674490834e-03,3.651132990019730767e-03,3.661677174036062372e-03,3.692422110982654382e-03,3.637240508470594106e-03,3.704860223161840060e-03,3.756349331773724352e-03,3.666739980939045292e-03,3.691641954356371120e-03,3.710620394472838920e-03,3.693809805533809949e-03,3.622146201158831912e-03,3.634610470230288659e-03,3.709650123441968553e-03,3.705426919671797430e-03,3.615196699887385668e-03,3.681757628371939896e-03,3.732757827531796302e-03,3.663346143467394699e-03,3.734136728383275448e-03,3.657531321099341450e-03,3.693954831959895234e-03,3.715147609117309350e-03,3.762425713832920088e-03,3.716140997736634352e-03,3.621075113361948809e-03,3.811205434350417413e-03,3.628497206803514910e-03,3.674225700023093892e-03,3.603902772420250564e-03,3.622162816079940121e-03,3.690935871251957521e-03,3.700487738499276189e-03,3.696562201071118547e-03,3.769347166499701328e-03,3.655781466831005150e-03,3.602639708483186109e-03,3.664299733600326087e-03,3.809156053258494143e-03,3.692417934135937361e-03,3.781727175789647080e-03,3.703539294882945802e-03,3.721583021247205046e-03,3.685868377513648077e-03,3.606083369282667324e-03,3.561689101308630149e-03,3.593988816328041406e-03,3.595958482341748801e-03,3.505121397194884119e-03,3.692437484487602183e-03,3.694547872089167222e-03,3.653186488851328448e-03,3.579110957420108836e-03,3.658718829633193347e-03,3.688059196837713272e-03,3.706687295921531379e-03,3.778124765040742888e-03,3.688438464845735301e-03,3.601298793987451480e-03,3.585929679530358485e-03,3.681496437817209817e-03,3.546397034362657429e-03,3.814028792840916740e-03,3.600883849010163423e-03,3.762719835509471377e-03,3.860782222839824387e-03,3.534884128350538387e-03,3.628553125019909863e-03,3.608595840055441040e-03,3.647460175399476565e-03,3.617996390071541966e-03,3.595883931068947874e-03,3.666464083854324880e-03,3.770343717759958458e-03,3.634635006632988205e-03,3.689620259308972958e-03,3.615984012165399369e-03,3.778569041796648025e-03,3.707731551225993804e-03,3.671018460064290334e-03,3.622558140994250244e-03,3.653514508598516668e-03,3.674322413564953815e-03,3.625999976108190345e-03,3.689321225633621342e-03,3.704739395878535978e-03,3.730241251513658450e-03,3.594378128367711062e-03,3.710391106104291535e-03,3.551676988931373128e-03,3.694106813516477659e-03,3.581368978666202470e-03,3.633785785157521951e-03,3.751772630638341901e-03,3.720667651388951877e-03,3.605617017744269792e-03,3.707302513937112045e-03,0.000000000000000000e+00,3.656278295088635603e-03,3.817268705919325562e-03,3.575356409734395738e-03,3.596541545609301636e-03,3.676650694190617807e-03,3.715030667255152848e-03,3.729847992857018932e-03,3.644485888459603889e-03,3.668853500991880057e-03,3.646657266375770163e-03,3.658150982122891463e-03,3.689414219429533372e-03,3.743387368261002351e-03,3.699803760539752476e-03,3.632675636104057155e-03,3.679492304019477914e-03,3.665270685256320424e-03,3.640823084772531072e-03,3.703342940823530719e-03,3.683514257843958136e-03,3.726291380598106481e-03,3.567243122728699489e-03,3.632498713975938331e-03,3.499014143790651205e-03,3.569651498397744590e-03,3.658880023402672800e-03,3.688326297459599504e-03,3.718156575612632450e-03,3.651867744494192471e-03,3.541994106842842431e-03,3.688939190558149141e-03,3.772373947890223216e-03,3.636713379679292531e-03,3.595119929759224391e-03,3.602753424311775591e-03,3.627474154898502768e-03
3.634786210709926163e-03,3.687219880755117536e-03,3.705879131141476615e-03,3.629276978634356568e-03,3.602434959621073421e-03,3.660434918242333902e-03,3.558006022093942403e-03,3.742327614827323755e-03,3.655931547975191983e-03,3.639427229102088195e-03,3.694463848581241994e-03,3.661504163441286867e-03,3.639695539493733190e-03,3.664074880390636932e-03,3.573692909142717113e-03,3.656784179655443463e-03,3.697051408285786499e-03,3.540931654903732573e-03,3.579158348803332824e-03,3.773866015933427173e-03,3.646373591900618424e-03,3.691736837285252565e-03,3.651843365401246690e-03,3.661639531360601739e-03,3.674189273713142009e-03,3.664983044861049467e-03,3.705186041760222520e-03,3.725353105593314298e-03,3.612295697023137735e-03,3.655833789642579448e-03,3.648373550975653450e-03,3.617470372237843648e-03,3.568988876680173269e-03,3.615337287543548151e-03,3.593307420620817268e-03,3.656210501683466486e-03,3.655000180647354109e-03,3.696564110549558930e-03,3.696014380704111535e-03,3.682593036926619812e-03,3.618033967414457670e-03,3.689905405116262419e-03,3.659836730501210382e-03,3.677203162907527294e-03,3.651043944864523945e-03,3.734031963669418638e-03,3.698583228837078705e-03,3.568453917365966687e-03,3.642718527067533799e-03,3.565518372197765389e-03,3.669521493547707285e-03,3.657125442331260381e-03,3.700472274035966017e-03,3.673548830783126325e-03,3.862953428867662870e-03,3.708209352787097349e-03,3.662121233366085957e-03,3.692315395812889676e-03,3.682744385226393701e-03,3.686307247069220330e-03,3.723163036313357523e-03,3.629068532597044209e-03,3.738929840283139721e-03,3.722814926364444860e-03,3.598295599155037702e-03,3.571921262463032248e-03,3.599784577907267150e-03,3.646693708607705395e-03,3.621070902416792872e-03,3.634703300841620691e-03,3.585450401087705592e-03,3.689437197000026807e-03,3.638638621062667902e-03,3.748853438750488973e-03,3.617131363259947288e-03,3.557533057480773489e-03,3.599449972844457561e-03,3.703868091817593810e-03,3.635301229661081022e-03,3.627760227428430094e-03,3.668920624290774452e-03,3.668848200853050499e-03,3.518703269649198564e-03,3.627230339394759643e-03,3.703728257432064696e-03,3.726586031870153699e-03,3.766932349392689006e-03,3.728253115217056764e-03,3.660399221173471409e-03,3.661975247248133464e-03,3.741443025846080597e-03,3.759740907870946520e-03,3.700159471462900578e-03,3.618647608450665729e-03,3.756162150128264810e-03,3.651303248496535255e-03,3.651789683487876876e-03,3.649111240146615722e-03,3.726913738363146766e-03,3.599682021330722227e-03,3.636381440222666642e-03,3.691796451277116163e-03,3.679571044976715031e-03,3.552427095393419221e-03,3.609613325839961147e-03,3.611900494086354649e-03,3.585106476458163084e-03,3.605523119551911574e-03,3.701697719651460706e-03,3.638679966868809974e-03,3.776059087529648473e-03,3.715296811615434024e-03,3.627606532585159801e-03,3.768382234794797562e-03,3.649338678027888843e-03,3.753294203173563812e-03,3.670997837152542662e-03,3.719110726239877127e-03,3.695115955067313114e-03,3.603009263541574313e-03,3.547234161292392440e-03,3.637930058362662950e-03,3.733572114591925464e-03,3.481595831851010906e-03,3.741430806305573540e-03,3.842863396697226031e-03,3.765366480668295556e-03,3.761252311946639611e-03,3.817639189150327187e-03,3.702090250688961238e-03,3.681134122243268861e-03,3.741847612421014910e-03,3.666988156522665854e-03,3.661154981065698529e-03,3.562846387950466178e-03,3.666848873886416251e-03,3.624374480841817403e-03,3.648963054747011037e-03,3.711638405737710100e-03,3.581461788908095294e-03,3.584777670418494520e-03,3.658362948701326771e-03,3.661163884312258667e-03,3.592674335542704427e-03,3.639128766424189459e-03,3.679202559233630664e-03,3.743562475789273189e-03,3.668404045647525799e-03,3.690399521865941543e-03,3.705906967348653134e-03,3.672283468883673786e-03,3.713094062344074898e-03,3.783933716119702775e-03,3.719836840864363618e-03,3.678019081525363537e-03,3.656278295088635603e-03,0.000000000000000000e+00,3.681647699989028244e-03,3.650512732091200450e-03,3.515683735452894247e-03,3.610722486526969123e-03,3.614972590047529650e-03,3.702637393382128030e-03,3.532098780366653683e-03,3.541893525992728924e-03,3.835476272115940447e-03,3.605063805086110990e-03,3.557765706180818742e-03,3.726484871347834557e-03,3.664079211476984569e-03,3.688308979462085607e-03,3.629217535495153982e-03,3.619164974652751970e-03,3.697421460940591466e-03,3.552379410388806311e-03,3.778448503377434577e-03,3.705398812966713851e-03,3.631543120751473588e-03,3.623631269400508833e-03,3.756967942879563867e-03,3.666434097425332224e-03,3.612687708657726093e-03,3.640697607731490162e-03,3.567490409218478965e-03,3.578000003337987022e-03,3.709523058670401163e-03,3.641134940375186872e-03,3.642567916172064629e-03,3.636844230320849820e-03,3.645142230244907862e-03,3.688576398845591804e-03,3.721436308739020735e-03
3.734548057199811588e-03,3.551383073699597177e-03,3.694185175251033307e-03,3.666852845228002131e-03,3.644220235495617029e-03,3.681972885974788261e-03,3.758619794417707768e-03,3.642738795174419765e-03,3.750971862758977187e-03,3.638556558057426914e-03,3.619347553556637783e-03,3.588435706010480175e-03,3.699167919643394156e-03,3.585349535015189531e-03,3.641344954208125193e-03,3.686413909286566544e-03,3.695196138953890479e-03,3.650528023778502711e-03,3.648849104869787783e-03,3.725608896229999547e-03,3.670821789945479148e-03,3.706209128484383962e-03,3.591108791644152115e-03,3.669808031935412312e-03,3.615869798890899468e-03,3.585239925199097070e-03,3.776775016513390492e-03,3.644242644018324574e-03,3.628352782971844531e-03,3.637391959203140328e-03,3.659934192640735932e-03,3.533889454260643551e-03,3.605010206659628718e-03,3.756458223706825045e-03,3.601686300360130207e-03,3.661236912757188846e-03,3.657785973003990516e-03,3.655676205872918170e-03,3.743496047869213604e-03,3.775141836962458627e-03,3.571468825867900494e-03,3.686057991250497011e-03,3.590621780369846437e-03,3.653349429116834260e-03,3.736978280011644688e-03,3.644144029156254003e-03,3.658919037877384015e-03,3.719615817886879651e-03,3.740760708156236000e-03,3.595086224525776385e-03,3.632538192812677542e-03,3.698049635530118676e-03,3.525525231277055072e-03,3.671792251045479655e-03,3.627080117722822784e-03,3.624310656626419415e-03,3.594374960602585763e-03,3.647002938482858583e-03,3.612920706803908737e-03,3.617584935243754480e-03,3.745574915639373562e-03,3.535609010838585559e-03,3.616892721554255605e-03,3.613841248622001907e-03,3.606140501013513529e-03,3.684947143135091936e-03,3.675493599464764449e-03,3.579142405185095979e-03,3.696178380541494200e-03,3.637424283735871816e-03,3.662881338986289335e-03,3.686333672711496288e-03,3.684970369848048540e-03,3.589457079875202263e-03,3.632292991428305411e-03,3.693172854412572152e-03,3.664157457467145246e-03,3.758945927346747651e-03,3.634440132541771461e-03,3.625453697698610527e-03,3.588888088175647487e-03,3.651744175199431956e-03,3.646760362262191357e-03,3.612443975552001498e-03,3.740416741885002963e-03,3.615025989344288794e-03,3.612164396592505971e-03,3.555926084136686819e-03,3.682252683265023561e-03,3.819933829645202113e-03,3.686922337098876186e-03,3.728624811342951852e-03,3.562708086185929855e-03,3.679089900609049547e-03,3.615906217129699098e-03,3.579441258955222763e-03,3.757301209220118010e-03,3.751288269891013809e-03,3.635553408280884063e-03,3.668797141051924598e-03,3.662154011679339283e-03,3.602488452705625635e-03,3.744934879706598475e-03,3.559273971414899859e-03,3.604852868405088694e-03,3.612557177113463833e-03,3.603371734773959303e-03,3.736322250920682056e-03,3.628643843302772638e-03,3.697535539043598878e-03,3.608687330105279662e-03,3.606628708978944740e-03,3.651311044749445869e-03,3.675150592792232693e-03,3.768088497119922650e-03,3.707873270532980551e-03,3.661387199014357399e-03,3.641891757014213433e-03,3.717727086739204892e-03,3.691797563521291396e-03,3.599830381829431832e-03,3.600796353748164300e-03,3.575341143455646777e-03,3.747827759541538621e-03,3.547261778204647761e-03,3.642942035184507793e-03,3.587808832400189631e-03,3.677840538003816773e-03,3.760073302700414274e-03,3.667095908266784256e-03,3.732524870667977036e-03,3.716795541903806285e-03,3.642337721799422581e-03,3.734924464876444774e-03,3.636733515015296101e-03,3.827589608214611219e-03,3.641019185361120663e-03,3.641419572081056912e-03,3.579778318733934251e-03,3.738819900003985397e-03,3.717062467695443281e-03,3.740152550659871060e-03,3.629834068797932814e-03,3.563636203263780607e-03,3.752185063072514121e-03,3.590533151372075817e-03,3.683522707406000369e-03,3.551363373907944192e-03,3.777433707961355951e-03,3.632124373101973391e-03,3.663260397600725561e-03,3.710066320788419410e-03,3.692523342635932720e-03,3.703552985941239387e-03,3.712165166260990561e-03,3.817268705919325562e-03,3.681647699989028244e-03,0.000000000000000000e+00,3.721758590164376060e-03,3.706620396454805930e-03,3.663601886630282484e-03,3.756999094284569317e-03,3.676628017635222637e-03,3.711424161992030960e-03,3.687064551067339643e-03,3.674811114525775631e-03,3.620061992241397925e-03,3.644970373072871188e-03,3.586979394643484680e-03,3.613269499127570554e-03,3.736203929032426950e-03,3.718276314967904582e-03,3.553182626278907422e-03,3.648144314161821423e-03,3.653857979651555128e-03,3.602851968136787115e-03,3.742580286467316573e-03,3.558925551977881914e-03,3.668407691957762187e-03,3.704856307684761645e-03,3.670526196994953680e-03,3.763561843430001524e-03,3.656580529172125810e-03,3.772389377121597095e-03,3.697155343973799677e-03,3.620615636168057674e-03,3.729515697468232128e-03,3.709115838502227529e-03,3.686080535145031586e-03,3.720983771706087243e-03,3.623599138348752944e-03,3.562954783181173680e-03
3.737699021962461506e-03,3.648781764937357626e-03,3.660458197043870050e-03,3.823088439870620057e-03,3.584344423943519771e-03,3.690870486969793224e-03,3.623015168829888701e-03,3.580792060798571215e-03,3.693524187080964548e-03,3.626029144004566315e-03,3.608252554159031324e-03,3.691960363307854494e-03,3.670168465856097750e-03,3.668743945843583494e-03,3.658993977748035455e-03,3.635690923044455989e-03,3.680314261206285402e-03,3.770631782956284858e-03,3.633668388166796936e-03,3.677630119001825196e-03,3.671627147425998283e-03,3.632004776706771691e-03,3.574725408217789384e-03,3.650088360058451054e-03,3.612247265151506941e-03,3.783750298573912776e-03,3.783827004971542299e-03,3.578346003477366876e-03,3.688469508262227654e-03,3.645474171776292519e-03,3.601509558707257676e-03,3.652762309159117947e-03,3.709932993467507465e-03,3.628281679646433010e-03,3.693779059511636403e-03,3.640096897300792913e-03,3.721844895221001689e-03,3.743703189714537617e-03,3.747118468478735642e-03,3.816525366808040404e-03,3.711511747225928939e-03,3.725454165630914371e-03,3.649512832908583838e-03,3.665551497503001434e-03,3.698344154535000358e-03,3.674681436796252768e-03,3.674511658371969018e-03,3.778740937231221935e-03,3.632089745281406271e-03,3.581960170879833205e-03,3.518255350229875563e-03,3.715070395482647937e-03,3.717742389491542326e-03,3.643574278774389108e-03,3.627576661262222040e-03,3.640747629512678697e-03,3.604058626989078973e-03,3.717321951085892327e-03,3.618746425031301329e-03,3.618506868554058169e-03,3.697489808419569986e-03,3.660003823594360460e-03,3.752652312403174494e-03,3.610936611490310564e-03,3.569019032082508622e-03,3.584635921573198908e-03,3.813689502350176095e-03,3.545407103982421183e-03,3.676448428528199166e-03,3.728871569758652072e-03,3.686147586399412829e-03,3.569202100200816880e-03,3.682018107369680431e-03,3.765679743558372500e-03,3.516192863477686937e-03,3.522534102762434321e-03,3.582506824808759545e-03,3.653037108644044753e-03,3.694079374980911191e-03,3.609122554508798451e-03,3.697474646227739796e-03,3.548827565757759275e-03,3.650509517926972276e-03,3.752612756850893377e-03,3.614266470014083736e-03,3.714167869922199369e-03,3.645466311454733949e-03,3.573332923329953538e-03,3.641307218474520036e-03,3.762229374658428160e-03,3.721335823336377469e-03,3.693281513676152476e-03,3.644606161491058260e-03,3.655423628394306734e-03,3.600564056239282437e-03,3.688197408084030807e-03,3.687451184541419482e-03,3.656579309829828105e-03,3.601059598919078165e-03,3.623987555456188378e-03,3.694514493071064751e-03,3.722725319137303035e-03,3.613467642967892451e-03,3.727008548782662078e-03,3.745638357441570618e-03,3.610553044578146149e-03,3.635481677420926948e-03,3.740055045805423199e-03,3.728142679065614765e-03,3.578946271278528237e-03,3.644363468012505776e-03,3.576630391530214847e-03,3.762270772964563734e-03,3.555857352192012041e-03,3.567530446625787315e-03,3.527569812196849636e-03,3.716344860004645520e-03,3.573158746638569871e-03,3.727532914937897561e-03,3.691142177069881881e-03,3.585630301759463578e-03,3.674044682513846662e-03,3.719323868581869696e-03,3.680689811500559468e-03,3.625264016651604578e-03,3.581896758948910874e-03,3.646508363757048482e-03,3.736259227781974727e-03,3.731416928371562771e-03,3.569520179772001610e-03,3.664811983485372158e-03,3.597772854022546641e-03,3.746323392180473180e-03,3.758808178416932037e-03,3.703973913504450197e-03,3.668743960214153766e-03,3.593830805131650701e-03,3.745129672763031301e-03,3.671244285790905854e-03,3.760874689726026714e-03,3.677918475604495963e-03,3.747823396566377346e-03,3.568336794666637259e-03,3.667747697237897474e-03,3.674679388779714291e-03,3.766252912226020298e-03,3.684431205741361178e-03,3.647798986579149378e-03,3.598089964761436600e-03,3.585774158924877938e-03,3.662711228740173422e-03,3.624888174752482605e-03,3.690384594765864709e-03,3.784876788021174741e-03,3.627873453486093504e-03,3.575356409734395738e-03,3.650512732091200450e-03,3.721758590164376060e-03,0.000000000000000000e+00,3.696297741140120059e-03,3.670524840611698834e-03,3.631671656739557212e-03,3.830049998805926722e-03,3.671406940899950289e-03,3.629541671939758192e-03,3.488983467695894788e-03,3.682859242256425990e-03,3.599310471736741346e-03,3.664257547050911706e-03,3.723038998114985322e-03,3.783150901648729084e-03,3.716184447506835388e-03,3.545984114897545759e-03,3.564484811023001503e-03,3.567028359074298806e-03,3.583040992130236482e-03,3.653050442985174284e-03,3.617619798592726539e-03,3.674050126932734174e-03,3.614262155845112453e-03,3.629362224762199864e-03,3.744324884517685054e-03,3.566817070176184212e-03,3.688145024215891323e-03,3.691769572388220715e-03,3.647865392290277221e-03,3.742989856674397171e-03,3.645836976663761973e-03,3.654327813748530981e-03,3.653234259742347851e-03,3.630402976684118151e-03,3.730254144742849338e-03
3.647066590061440704e-03,3.666452155223223330e-03,3.694655011217500701e-03,3.550328121029500388e-03,3.687985158825608876e-03,3.620767409649322706e-03,3.713191083383515171e-03,3.556554609476348262e-03,3.697631519913094182e-03,3.776320739554153705e-03,3.741212208486603252e-03,3.719285785822965852e-03,3.646710685564517104e-03,3.681217881511448121e-03,3.631642022911462254e-03,3.824454290598204922e-03,3.665780789009413787e-03,3.548143529015522057e-03,3.633570238007670025e-03,3.621569206099622008e-03,3.631916907972818249e-03,3.689856332012443185e-03,3.710609396641910418e-03,3.623649888901467244e-03,3.653595141207517400e-03,3.682254385889657724e-03,3.608303169375910637e-03,3.682021708253916184e-03,3.687483371307054194e-03,3.619402424023802477e-03,3.552349656449300952e-03,3.737547383332977691e-03,3.837801444435774700e-03,3.563661849365303436e-03,3.715616586539790839e-03,3.714473142296911921e-03,3.681718206955314921e-03,3.719363803371037933e-03,3.657946989003109470e-03,3.619426905245116521e-03,3.697779688467541653e-03,3.695285189173014469e-03,3.568556293221013080e-03,3.683836881176342625e-03,3.665029051240323819e-03,3.698587999452055981e-03,3.691315110797335416e-03,3.682254739406212295e-03,3.636138848198084816e-03,3.729577280753749655e-03,3.677356633739881434e-03,3.555874749969122062e-03,3.664176796853439895e-03,3.686835703353450421e-03,3.679948028699268816e-03,3.617418722351870009e-03,3.628597366840913014e-03,3.622311743967864331e-03,3.764080438018367614e-03,3.532382003218437379e-03,3.737948663495919716e-03,3.542747591947419204e-03,3.698582078542774886e-03,3.512503413566508883e-03,3.616849062539067346e-03,3.658830530855171955e-03,3.600354149538157952e-03,3.675424753254275846e-03,3.622939718542214811e-03,3.572107381748151900e-03,3.915951528138654318e-03,3.671301426989909220e-03,3.717099055737333336e-03,3.745043967441911720e-03,3.684043313588610934e-03,3.703425152683293298e-03,3.532318502314134735e-03,3.642990181272122343e-03,3.741226971382729735e-03,3.734344638504165891e-03,3.628095555978201863e-03,3.703272287301948365e-03,3.702171106697958822e-03,3.586244333279232487e-03,3.663631610523032829e-03,3.605780577918701879e-03,3.684712432531472587e-03,3.649465889348121796e-03,3.682399890302727203e-03,3.621941564003827198e-03,3.607210089592645386e-03,3.680558713115217491e-03,3.577298624834328398e-03,3.669311489737589211e-03,3.743471702650667202e-03,3.565446657604245690e-03,3.723492867927929301e-03,3.655636051455707618e-03,3.572366110766841442e-03,3.603896993830832396e-03,3.606714050566384860e-03,3.588849766850840499e-03,3.661845757536801461e-03,3.579303559533063370e-03,3.808422124995907831e-03,3.699514860776252894e-03,3.765571593965495387e-03,3.588274069380817735e-03,3.580126404566431452e-03,3.758163030821817449e-03,3.730237446657174750e-03,3.677400643320966316e-03,3.697768708053483615e-03,3.585999457795820220e-03,3.591642866698572210e-03,3.594949507447161609e-03,3.678971554174442077e-03,3.553929990823493073e-03,3.635035251032134318e-03,3.693490815680527690e-03,3.671503510044584698e-03,3.756235216131781005e-03,3.643790089532055864e-03,3.605681354755719496e-03,3.731352094027175215e-03,3.679859393284549193e-03,3.736984819041389884e-03,3.526545895649913463e-03,3.544568878435021015e-03,3.736117342280448946e-03,3.566811881937052495e-03,3.524245215902833007e-03,3.845021625468519975e-03,3.650933129452520187e-03,3.610032050855938816e-03,3.696640806041859295e-03,3.520161517001932968e-03,3.684727901262253684e-03,3.607410691357447550e-03,3.752788167795729959e-03,3.771298092825196499e-03,3.768827276997357111e-03,3.683911804299313565e-03,3.642964883070238732e-03,3.678410637594076507e-03,3.656362821310650373e-03,3.611941228066082536e-03,3.667244589039441414e-03,3.669935808950414938e-03,3.616119814183073062e-03,3.555615943275870858e-03,3.524582408682012339e-03,3.657168598683543416e-03,3.646335403381209192e-03,3.685258117635785077e-03,3.596541545609301636e-03,3.515683735452894247e-03,3.706620396454805930e-03,3.696297741140120059e-03,0.000000000000000000e+00,3.568899067751217340e-03,3.773194752491143729e-03,3.620597644280970726e-03,3.707733711692106672e-03,3.697332501531342287e-03,3.779183704886137501e-03,3.718232016457695584e-03,3.714850572600672616e-03,3.656457738546182654e-03,3.498124036589818440e-03,3.648223916953461429e-03,3.698164144747032814e-03,3.847885811793616377e-03,3.653006639192505657e-03,3.813863405211067627e-03,3.621483382071573592e-03,3.639390570647720643e-03,3.767103332379373969e-03,3.703906734003023157e-03,3.646757562167934636e-03,3.591258480706582563e-03,3.717942084353867329e-03,3.726364769557480913e-03,3.603102027002079780e-03,3.691317789804150849e-03,3.725968152579067078e-03,3.558858549395273446e-03,3.663461656916751265e-03,3.633552068544888044e-03,3.729550430490967839e-03,3.659253226751075280e-03,3.600198561847971993e-03
3.598372289503323947e-03,3.592863415070709100e-03,3.659632976463024056e-03,3.711005023014079217e-03,3.678097614086633504e-03,3.604596210362879301e-03,3.735258116563122417e-03,3.700395925511503360e-03,3.657841985286692296e-03,3.699331587199526563e-03,3.653979946835756408e-03,3.678462974867339162e-03,3.728853807521671782e-03,3.529751251249455945e-03,3.643322699671953241e-03,3.724097941757234260e-03,3.690514305866994266e-03,3.579994675750036194e-03,3.737986645194886232e-03,3.703108986521020350e-03,3.790296864031494212e-03,3.725750946492562173e-03,3.597444002628671141e-03,3.608374820515352407e-03,3.592170337076966598e-03,3.640506859146798793e-03,3.687451635555371362e-03,3.637756480271841630e-03,3.645892793774013069e-03,3.729849786948533606e-03,3.743566632402335181e-03,3.762104657815897729e-03,3.585712139278416938e-03,3.698254541124385529e-03,3.649299202539123439e-03,3.588531664149202920e-03,3.672272993167078822e-03,3.613142828691957679e-03,3.623170111258231137e-03,3.670144584423946487e-03,3.797798792729027619e-03,3.610082450517789875e-03,3.685734649422761633e-03,3.694364201972978167e-03,3.700254217493421319e-03,3.620180226043488367e-03,3.581175521520220482e-03,3.679522310982392356e-03,3.746413212019733020e-03,3.648007178664269129e-03,3.555849544377019840e-03,3.614338919049524344e-03,3.633288883379116527e-03,3.742498495731859994e-03,3.637676004161451409e-03,3.670357463575748495e-03,3.634128713543721863e-03,3.582217619941834366e-03,3.644611374129624708e-03,3.596667178300138549e-03,3.627832509061836627e-03,3.578041585021751216e-03,3.653667803218290690e-03,3.766325292823432657e-03,3.615457915725434155e-03,3.731036074456111924e-03,3.674885548699840469e-03,3.664102421991706580e-03,3.716998156517958753e-03,3.648496321572635044e-03,3.625471402237092060e-03,3.674960611088841974e-03,3.709020217554256232e-03,3.581919333695987324e-03,3.635391399984381090e-03,3.706752188748884801e-03,3.635792208211540127e-03,3.698501563218481274e-03,3.645466710396177631e-03,3.570690938891334966e-03,3.658523811501323067e-03,3.652706400231034434e-03,3.595756961719309090e-03,3.705894619440551312e-03,3.746966886245887019e-03,3.587203564948385128e-03,3.650898147374679378e-03,3.719725304289407154e-03,3.635311124553233190e-03,3.782023164337740707e-03,3.699521750852515899e-03,3.669906651776310997e-03,3.708590354738028772e-03,3.551420350680556219e-03,3.733895636351812052e-03,3.568564375095200757e-03,3.631135406177612122e-03,3.696233836680853230e-03,3.716427181395252563e-03,3.687049507077007956e-03,3.736091254894080647e-03,3.772292091605560817e-03,3.555831746482886104e-03,3.671786397302913459e-03,3.477997971177873831e-03,3.688183139218109089e-03,3.722939271944727783e-03,3.686899680883550488e-03,3.614946902145478071e-03,3.595058467956823833e-03,3.637083055173480090e-03,3.618058250272328854e-03,3.685582917884025478e-03,3.650716376528584817e-03,3.673872325936188097e-03,3.686497908908036893e-03,3.586057547391636492e-03,3.647942820590290101e-03,3.693426463636113963e-03,3.715238000399064076e-03,3.611779028901684722e-03,3.730745746693312805e-03,3.569890018760538738e-03,3.614206417740900047e-03,3.652753893099623238e-03,3.694455248843024880e-03,3.687599074407067051e-03,3.588799331038879624e-03,3.658872168034162618e-03,3.643793007022690794e-03,3.638717594437349684e-03,3.677110704161469946e-03,3.774877846256248070e-03,3.615222787225854349e-03,3.754790068895771937e-03,3.656682512837381143e-03,3.666127562968147287e-03,3.693247397598908421e-03,3.712469606137177702e-03,3.696732371387404653e-03,3.632598908284534727e-03,3.605326346282147765e-03,3.674304018400987529e-03,3.730584402576905302e-03,3.683487352763655139e-03,3.582635295908683220e-03,3.701236445243290263e-03,3.592250476519790164e-03,3.704197693293184365e-03,3.723298617859649613e-03,3.730319844702432303e-03,3.636295089736792541e-03,3.588694549117938531e-03,3.676704803975179223e-03,3.660135481835577638e-03,3.676650694190617807e-03,3.610722486526969123e-03,3.663601886630282484e-03,3.670524840611698834e-03,3.568899067751217340e-03,0.000000000000000000e+00,3.609820454676096815e-03,3.641074036906951673e-03,3.759515807235380268e-03,3.693924361780563746e-03,3.538228006504362620e-03,3.731220507804232627e-03,3.740421883580610871e-03,3.638750626856274411e-03,3.712052184353693308e-03,3.600062815614170179e-03,3.655680809357313502e-03,3.675192067394252807e-03,3.635818328116009052e-03,3.605525652516703046e-03,3.657573808743009094e-03,3.803286604429327675e-03,3.654783883100544938e-03,3.673856882694057687e-03,3.621197228605211628e-03,3.590992702629780195e-03,3.624684756399664670e-03,3.791860116059816033e-03,3.693774359655754326e-03,3.743643250386798592e-03,3.553888672052635169e-03,3.692884579644729361e-03,3.643070560240916148e-03,3.782913186475582099e-03,3.689403319240257446e-03,3.639761731751331442e-03,3.693923820892415673e-03
3.627550156363356509e-03,3.576717566583104743e-03,3.624201145920098559e-03,3.777089314576928276e-03,3.706004127940305641e-03,3.819759150346525422e-03,3.646777400424518114e-03,3.560234265310097904e-03,3.544370807408088117e-03,3.626419135863846732e-03,3.750706637255309204e-03,3.661752203638058995e-03,3.630383148906230276e-03,3.740746332188428763e-03,3.734917299036743642e-03,3.767437123110469951e-03,3.728442445738080341e-03,3.662612754832535438e-03,3.628190962160825293e-03,3.623479306418997143e-03,3.684206479074959156e-03,3.732950087547160997e-03,3.510125632703470135e-03,3.706564595293166189e-03,3.603485713747544596e-03,3.706389450185726409e-03,3.631435229260465344e-03,3.642298848672740567e-03,3.597992872906092404e-03,3.659358042953269555e-03,3.742178813191624365e-03,3.610396256348439963e-03,3.585365567834530778e-03,3.672580088825341989e-03,3.548710540847102406e-03,3.667528674467106925e-03,3.626051813495091963e-03,3.668589367885348364e-03,3.645531416718962754e-03,3.718945768237677876e-03,3.720294797006867479e-03,3.696386455646129623e-03,3.655665322662702763e-03,3.706503708818554080e-03,3.641071038570774677e-03,3.546557215643554757e-03,3.758215005398193257e-03,3.633777594489539554e-03,3.569605759988816671e-03,3.581601866266202229e-03,3.510001346596007109e-03,3.678688491465100224e-03,3.544353682553112207e-03,3.663045646849534195e-03,3.630320839772615410e-03,3.734031788559312101e-03,3.653202890204894967e-03,3.569053707627263625e-03,3.633053389871679015e-03,3.637319071839631001e-03,3.713241038905917921e-03,3.609113874979395092e-03,3.711681492363551934e-03,3.483654242711368455e-03,3.706653734385590392e-03,3.629826930761609338e-03,3.607935705277798884e-03,3.507301036461830512e-03,3.765366580281768842e-03,3.655180517396937421e-03,3.798849488342383868e-03,3.639126179438297894e-03,3.713839667606821850e-03,3.836303219050325730e-03,3.694727045323566161e-03,3.716830722883872513e-03,3.587891667256588694e-03,3.652629406375550083e-03,3.717716393567599333e-03,3.695764760660414251e-03,3.650081225200131878e-03,3.720118775156450001e-03,3.684257007125026073e-03,3.765391550630660736e-03,3.595723966820576611e-03,3.711496372522161014e-03,3.708006784376611208e-03,3.669967060941984639e-03,3.612810831834832072e-03,3.665757698889829212e-03,3.702412931650553990e-03,3.706923166850603635e-03,3.571903977402502654e-03,3.743230621692333199e-03,3.575859517306174268e-03,3.569750337133981762e-03,3.690739474424308605e-03,3.658782586042986888e-03,3.779934236261887643e-03,3.695893144337128629e-03,3.734301498857327609e-03,3.645828129554387013e-03,3.793238931789658010e-03,3.527914743876205909e-03,3.635106522899205200e-03,3.633226075095527703e-03,3.658502044254490371e-03,3.743524637091670462e-03,3.585516804521000998e-03,3.743261079813950051e-03,3.687175413922876878e-03,3.597521995141285574e-03,3.680618061442813595e-03,3.512181069105494834e-03,3.662393852575219957e-03,3.657446889727822194e-03,3.619203155057885458e-03,3.565678258391849226e-03,3.757555555918518347e-03,3.586423145292003296e-03,3.671117856889058624e-03,3.708716104298754451e-03,3.699563930011821357e-03,3.689547982771114541e-03,3.605116374423995938e-03,3.612751942182242798e-03,3.625748886396521539e-03,3.697595374523799262e-03,3.620948875610392054e-03,3.634474786629475918e-03,3.682845166400364537e-03,3.511040170536256552e-03,3.781150427104243514e-03,3.746422537136548468e-03,3.754802154557394019e-03,3.736573873948515531e-03,3.559284185544028291e-03,3.771107940745284295e-03,3.581774491187422575e-03,3.788992330643769883e-03,3.732285211941369085e-03,3.855022776360591315e-03,3.686903662272415349e-03,3.670312272134363014e-03,3.605801550309631256e-03,3.627186564170416239e-03,3.724558705757486515e-03,3.539730068722718968e-03,3.701242548896765266e-03,3.671895906819838077e-03,3.684867432590910232e-03,3.596812052526577284e-03,3.615720703251227002e-03,3.651632638862937087e-03,3.576198833254161033e-03,3.715030667255152848e-03,3.614972590047529650e-03,3.756999094284569317e-03,3.631671656739557212e-03,3.773194752491143729e-03,3.609820454676096815e-03,0.000000000000000000e+00,3.610744076347796074e-03,3.691567914005370720e-03,3.704815296552429939e-03,3.686830010683597118e-03,3.552160187967729876e-03,3.527623182838706978e-03,3.705411792869765537e-03,3.585906229316196923e-03,3.597099607815037754e-03,3.795282214002027987e-03,3.714079356518738915e-03,3.712365610512075378e-03,3.788142950864667371e-03,3.696458616380606833e-03,3.643279626926263209e-03,3.673701867291946730e-03,3.655690167412362686e-03,3.554620951401424311e-03,3.649346017170700552e-03,3.596423438956339227e-03,3.691707256265343382e-03,3.679632456618616137e-03,3.708637972424079499e-03,3.618146377840852825e-03,3.670445701181449753e-03,3.766958938718367733e-03,3.667303986262426558e-03,3.643007386123961553e-03,3.549984580848505097e-03,3.575238835857970192e-03
3.692180327700435132e-03,3.641860855187888622e-03,3.651420480083020486e-03,3.751466760201301390e-03,3.562021106660208727e-03,3.634575221280212168e-03,3.645828563155318214e-03,3.651182601913133263e-03,3.689756188616888366e-03,3.659299924226692112e-03,3.657106216322974970e-03,3.700854793578785100e-03,3.660900871418526666e-03,3.687147154410067625e-03,3.699181523363783038e-03,3.600895919692068386e-03,3.693595459318565425e-03,3.611863553732193657e-03,3.637110819774827704e-03,3.838632110401902706e-03,3.568405514798488748e-03,3.632966069367909046e-03,3.672468825719539098e-03,3.522892480005646032e-03,3.619670287950870792e-03,3.653507246239501727e-03,3.692365191715413046e-03,3.648950891718523871e-03,3.665246613849199378e-03,3.568079982063459676e-03,3.619696919280418219e-03,3.604529081467328089e-03,3.698402485784598685e-03,3.648650283593355206e-03,3.692710562530524421e-03,3.682889737188185450e-03,3.724308442079982389e-03,3.603769233161009753e-03,3.717587543011565895e-03,3.728079543622335110e-03,3.649912881029488028e-03,3.819053369401847423e-03,3.638645033892742593e-03,3.630565075824851700e-03,3.723010997339898289e-03,3.731480070406815487e-03,3.637718222495730895e-03,3.742263900125164522e-03,3.613013087257192345e-03,3.530276620060817088e-03,3.530703979615704147e-03,3.604718025574338031e-03,3.665772105316269895e-03,3.616934816597291123e-03,3.678621395146260738e-03,3.626728801080570438e-03,3.644264750521535902e-03,3.734504482158287723e-03,3.674435239497667559e-03,3.702937636389068074e-03,3.669884715655901287e-03,3.702139911520455594e-03,3.751085416376503511e-03,3.620054277570084258e-03,3.603312960679641314e-03,3.613674314364550329e-03,3.731568933414621415e-03,3.815299364274583882e-03,3.662069928146925637e-03,3.699889066544349934e-03,3.623559677876551921e-03,3.768718708582053604e-03,3.689106428884853569e-03,3.810645479218916377e-03,3.579687888144279708e-03,3.635138025107300351e-03,3.687033173200275453e-03,3.766490938659253131e-03,3.661811525007839779e-03,3.689228632697717260e-03,3.707801143616854672e-03,3.784203966289880015e-03,3.611698174639074894e-03,3.776052254430420970e-03,3.583383844689164849e-03,3.577070181591956218e-03,3.569173503717786369e-03,3.554147138841160479e-03,3.640967675282769968e-03,3.689910686005791040e-03,3.740921505742025865e-03,3.610115853030950242e-03,3.674871463664059097e-03,3.809867477040560901e-03,3.680468341067183718e-03,3.695139112718143042e-03,3.713015568359749954e-03,3.696428726505531382e-03,3.587929048839734025e-03,3.635408709548933193e-03,3.666628208750950021e-03,3.621971052565367295e-03,3.563871595075129069e-03,3.654841381069735481e-03,3.660129006199654318e-03,3.684690873893492740e-03,3.624332610635083805e-03,3.720392960531757314e-03,3.822427739928737408e-03,3.628790287263849220e-03,3.698411541981389428e-03,3.551199182404767615e-03,3.518974549021301312e-03,3.631620835636076294e-03,3.592407976595886777e-03,3.525370560791780093e-03,3.722984613365532772e-03,3.690935926683727372e-03,3.589850650070993028e-03,3.639347825132381500e-03,3.733682414351492240e-03,3.592239855753641235e-03,3.735837844074421134e-03,3.732264097226611205e-03,3.612564648708443266e-03,3.581754791302477030e-03,3.598903300904184033e-03,3.681438365702803528e-03,3.622846608742705862e-03,3.634269072804844920e-03,3.623043170372448624e-03,3.694400691488987191e-03,3.649182629790180456e-03,3.722660712476758178e-03,3.618829200120533048e-03,3.643128779435909730e-03,3.679697183939466525e-03,3.680817895240615003e-03,3.647104737411338126e-03,3.706650401016288020e-03,3.620058875038775163e-03,3.601935056489987720e-03,3.624137957462170677e-03,3.693562343545736190e-03,3.528122804305349174e-03,3.816592435333404469e-03,3.719399360620861267e-03,3.696548564421961447e-03,3.601672896408903909e-03,3.692949629528188751e-03,3.664744826092345732e-03,3.710110298203952387e-03,3.666733579068424866e-03,3.693574975357094819e-03,3.723538541796358407e-03,3.729847992857018932e-03,3.702637393382128030e-03,3.676628017635222637e-03,3.830049998805926722e-03,3.620597644280970726e-03,3.641074036906951673e-03,3.610744076347796074e-03,0.000000000000000000e+00,3.692993065654520766e-03,3.646889374066904135e-03,3.673271831195804547e-03,3.633712478215792366e-03,3.695671395435585951e-03,3.655882814308214230e-03,3.643187838598391671e-03,3.644924254978146577e-03,3.638245325482343355e-03,3.581058412886390253e-03,3.664422719721546328e-03,3.558587886294889684e-03,3.582497965601571382e-03,3.708691386487276281e-03,3.603443596691698666e-03,3.644736884919479256e-03,3.731160864723193516e-03,3.706538448059324559e-03,3.752165163062932962e-03,3.600013975720321377e-03,3.602338492083087453e-03,3.649046288057365261e-03,3.736776400285675079e-03,3.565502863204481326e-03,3.817854243285567339e-03,3.610101699342239609e-03,3.676587622218863930e-03,3.572976259455263540e-03,3.667382354928620629e-03
3.675249681708541404e-03,3.631797116202563607e-03,3.705484578005513886e-03,3.721303740608195455e-03,3.652106636744725972e-03,3.675964281565724176e-03,3.697622729006207198e-03,3.662542542010718827e-03,3.663932424108157834e-03,3.707506482344832214e-03,3.640429205698265426e-03,3.552291476900063232e-03,3.726524997390400027e-03,3.777366232271628897e-03,3.675524783188985345e-03,3.602071182656205357e-03,3.681448328646354413e-03,3.647537262487386168e-03,3.690935229469032540e-03,3.736085183603094200e-03,3.705407795475190464e-03,3.816961095507556082e-03,3.708895360874465107e-03,3.648921319144335807e-03,3.503128484928894233e-03,3.771357894001567141e-03,3.698157688687967858e-03,3.591197613936458494e-03,3.754036535800885956e-03,3.602652605016930243e-03,3.656232451953476091e-03,3.630765154106442658e-03,3.601471174799631119e-03,3.730154327080859641e-03,3.661545091964961678e-03,3.549536105782126819e-03,3.590279172518390672e-03,3.552718638175128910e-03,3.591071131374360108e-03,3.645516703857408676e-03,3.538951871441074499e-03,3.679285596704249834e-03,3.734351978081931756e-03,3.681164645939587199e-03,3.693652185252778788e-03,3.535864898897960948e-03,3.561736191493867013e-03,3.704639714577128394e-03,3.731500294274739133e-03,3.584301912863841182e-03,3.670727864343949643e-03,3.687380137379081720e-03,3.601120245529465871e-03,3.615833832616927382e-03,3.725250849936396699e-03,3.596044318699173452e-03,3.641424680312655912e-03,3.590898410934687673e-03,3.588272355018023215e-03,3.733296956407648054e-03,3.580425364501773743e-03,3.644867710189823168e-03,3.717639455796058895e-03,3.529981048086643352e-03,3.698890304117324890e-03,3.720381144256253245e-03,3.854941591045073744e-03,3.573131866524779671e-03,3.652912912017085463e-03,3.749509785000321085e-03,3.704466988134101895e-03,3.663357200232044818e-03,3.649569825154322985e-03,3.770730363116124757e-03,3.717068180219913667e-03,3.678023856370977920e-03,3.696898375843545199e-03,3.688310060822365573e-03,3.716200283324083177e-03,3.607924547485287774e-03,3.719903627960611126e-03,3.610737672925006664e-03,3.599164401636763527e-03,3.717629480186462713e-03,3.754311933272258713e-03,3.662716313770806534e-03,3.667698905275907240e-03,3.651402000407373994e-03,3.674272259370816619e-03,3.722290856376436405e-03,3.582238653627687307e-03,3.629513451953308122e-03,3.619781969016139765e-03,3.736380091964783962e-03,3.582200371854190896e-03,3.575170753853620063e-03,3.684851645890678453e-03,3.735777066659738514e-03,3.617468454280631761e-03,3.676192712490014905e-03,3.747368847713606396e-03,3.589363630318290546e-03,3.704231735171251670e-03,3.565846604049493270e-03,3.614239416844397534e-03,3.632490754530257656e-03,3.704576588627380568e-03,3.631202996229725057e-03,3.693687862055526107e-03,3.712581428759927256e-03,3.548774578800450476e-03,3.560899786405617023e-03,3.683183066074451929e-03,3.623940910159833759e-03,3.601151839985786141e-03,3.680766016119063795e-03,3.628007192430565773e-03,3.525355324572294370e-03,3.647663814568418567e-03,3.694356016228264594e-03,3.758861338567297088e-03,3.633999686232122078e-03,3.598524059113699259e-03,3.649206851809477879e-03,3.636237326913577868e-03,3.611743219145043850e-03,3.567202087855821362e-03,3.622250842375348764e-03,3.650589779840441879e-03,3.705231310029419908e-03,3.734232511865148881e-03,3.599444383992672549e-03,3.683831397944085061e-03,3.672320420577057307e-03,3.640108930938030195e-03,3.720717223498220053e-03,3.721634936796165520e-03,3.738963768478031739e-03,3.566329382769637193e-03,3.717775338866769700e-03,3.701174317588967495e-03,3.718290839159547369e-03,3.737375948764725449e-03,3.691970966178190986e-03,3.649704446914672079e-03,3.655784400022463968e-03,3.714447312443267934e-03,3.677112443502248990e-03,3.628240646889898877e-03,3.634062305876814298e-03,3.694782426970640021e-03,3.666154674865252684e-03,3.621943461514847036e-03,3.738810991541922316e-03,3.676034908956040542e-03,3.644485888459603889e-03,3.532098780366653683e-03,3.711424161992030960e-03,3.671406940899950289e-03,3.707733711692106672e-03,3.759515807235380268e-03,3.691567914005370720e-03,3.692993065654520766e-03,0.000000000000000000e+00,3.645993554844436605e-03,3.665505555791537685e-03,3.614766056518967183e-03,3.718879086075541681e-03,3.534897518374522513e-03,3.608386198609214029e-03,3.753221056946670197e-03,3.688818547099676284e-03,3.670055345019424247e-03,3.730055928230443379e-03,3.756228266640738913e-03,3.553755918457125046e-03,3.685655526041385285e-03,3.549161036712961126e-03,3.769166738620263052e-03,3.620380617693049353e-03,3.745547658799669877e-03,3.699734222432718607e-03,3.664061636641867403e-03,3.745402213841335370e-03,3.775879711791314038e-03,3.590906147059185621e-03,3.592160984969630221e-03,3.613421802421512823e-03,3.698003232185559461e-03,3.609811146146372877e-03,3.542569530517450903e-03,3.728245054453033051e-03
3.574659663029233943e-03,3.556569704575316803e-03,3.605113885070260638e-03,3.567854374194974563e-03,3.749847416424404670e-03,3.506970439815686787e-03,3.657366358690443669e-03,3.651667536267689043e-03,3.682522111759397448e-03,3.682557456045879377e-03,3.596567838448771950e-03,3.665539580257600426e-03,3.722831093112507084e-03,3.660150706530363330e-03,3.672091904979824743e-03,3.763912273744928101e-03,3.675373291903386019e-03,3.669591609147455392e-03,3.635388230953387739e-03,3.753159551793456249e-03,3.644276314983484286e-03,3.682114326800631481e-03,3.569982490204453608e-03,3.655176308061101800e-03,3.703037330128332392e-03,3.639277086580190723e-03,3.589914301696332452e-03,3.689265363028428231e-03,3.600182899933350878e-03,3.707570230015143093e-03,3.619080529912000344e-03,3.678786549866976466e-03,3.752335040537600058e-03,3.588501812486107057e-03,3.695456406322091599e-03,3.658823376234780593e-03,3.699998137446439128e-03,3.734524278823763040e-03,3.656467246410030451e-03,3.662526580180744742e-03,3.706582628120822214e-03,3.679387229498251675e-03,3.630261659005643102e-03,3.597535261158441890e-03,3.779326119676594542e-03,3.656521223996290083e-03,3.683286318253688185e-03,3.789402958568103674e-03,3.543185119522423553e-03,3.678279706650430022e-03,3.551016666455480801e-03,3.734905410072091470e-03,3.594865261860034130e-03,3.740114350930854800e-03,3.501488416358641657e-03,3.719143791350136303e-03,3.672589970429045256e-03,3.702501764217442769e-03,3.711988689339466851e-03,3.592697845640457563e-03,3.716397558161407041e-03,3.560560423947816029e-03,3.610416005084363458e-03,3.759214142686778497e-03,3.609081419482488770e-03,3.653897790634619541e-03,3.622883898363811212e-03,3.711132000200525593e-03,3.638526948974674883e-03,3.686184335348491933e-03,3.695516574496013947e-03,3.657108210989250870e-03,3.818557008136683369e-03,3.696045306900218146e-03,3.627081579511437850e-03,3.706893871438523072e-03,3.621265793074329113e-03,3.751885817303793162e-03,3.708782662755144913e-03,3.634832591236080226e-03,3.625523772991444144e-03,3.678974319617789052e-03,3.787748822777059661e-03,3.630282713386467387e-03,3.698861094161608968e-03,3.663737786292792838e-03,3.775711052201758712e-03,3.644306602083211347e-03,3.569676677307786605e-03,3.697693237408272889e-03,3.644865379954540224e-03,3.532695431899142511e-03,3.614479646346690448e-03,3.701343140958452110e-03,3.639690091406625003e-03,3.646574711366952840e-03,3.647773507174354585e-03,3.671828987649524909e-03,3.779668032261218353e-03,3.698840740293995056e-03,3.621521466273337590e-03,3.580215062732710393e-03,3.550434992313459149e-03,3.629326540198237697e-03,3.671091128384981056e-03,3.629800245497519316e-03,3.768291687203973849e-03,3.737430300593600277e-03,3.480991869691567580e-03,3.653726574910806397e-03,3.623872005960712163e-03,3.618475452670278768e-03,3.772061389635353226e-03,3.705267023319591419e-03,3.667834811574377171e-03,3.671955628200179993e-03,3.578629981550456203e-03,3.716386666542569744e-03,3.673083843732588300e-03,3.639921175847540477e-03,3.718956214772705087e-03,3.669768994100667137e-03,3.665418374894309755e-03,3.636148463717678043e-03,3.667446108906751660e-03,3.676832452400626613e-03,3.649239024465113831e-03,3.568848609437548069e-03,3.558322962445942001e-03,3.657310917764589140e-03,3.726276479316743568e-03,3.630309238404778090e-03,3.660415836144923028e-03,3.792408959464534449e-03,3.747128634498500359e-03,3.576322033210902612e-03,3.598472878010788769e-03,3.752968107581709355e-03,3.715184800256560085e-03,3.666819900276253267e-03,3.623624367218474147e-03,3.608104467389492993e-03,3.673918199430266547e-03,3.532091750988372841e-03,3.691983142193216213e-03,3.643519560285881937e-03,3.631962919035036739e-03,3.628943116733948388e-03,3.635559274499189017e-03,3.673483820798931817e-03,3.664748046185517874e-03,3.521686200652422195e-03,3.750749012995538076e-03,3.724601670948411974e-03,3.784736550899184693e-03,3.668853500991880057e-03,3.541893525992728924e-03,3.687064551067339643e-03,3.629541671939758192e-03,3.697332501531342287e-03,3.693924361780563746e-03,3.704815296552429939e-03,3.646889374066904135e-03,3.645993554844436605e-03,0.000000000000000000e+00,3.552699046394618490e-03,3.646085159861267317e-03,3.652260430441473318e-03,3.628938299139396802e-03,3.901367704069126120e-03,3.659666039680217232e-03,3.611792390924822849e-03,3.670320212221368870e-03,3.658548317356743931e-03,3.620992031292856288e-03,3.586765989022446845e-03,3.764675023367644938e-03,3.808790919266375526e-03,3.670431896066997986e-03,3.565976662443596720e-03,3.707990083979498253e-03,3.681924027129240742e-03,3.652714780648138627e-03,3.749594023940800921e-03,3.727199699340468398e-03,3.657530263035240273e-03,3.674394724987220529e-03,3.748430589576540444e-03,3.616571572653045057e-03,3.561099335701400567e-03,3.637917430912705752e-03,3.621426309182503456e-03
3.616746339575773427e-03,3.707022765849255896e-03,3.633613169569112171e-03,3.626989580920933487e-03,3.719817092274092709e-03,3.616558931047772051e-03,3.655609557661686562e-03,3.700843300761977057e-03,3.665927477323178193e-03,3.754934166989160917e-03,3.645046481983434377e-03,3.800403908481294474e-03,3.664716449079342010e-03,3.638259106686375470e-03,3.617241233064977246e-03,3.626757723123770483e-03,3.733466305801358149e-03,3.708023582172753543e-03,3.606542974932505728e-03,3.612295842311406130e-03,3.495625850213740591e-03,3.686130310697910244e-03,3.680659901492517976e-03,3.647002276983567475e-03,3.570511492999486024e-03,3.580777476675447643e-03,3.590328897460290814e-03,3.606877178565273765e-03,3.776503547146363438e-03,3.631509208237216312e-03,3.618605794795537109e-03,3.571374623690070933e-03,3.714728629521460174e-03,3.656268440249261370e-03,3.685694568913104336e-03,3.693784360378949642e-03,3.631372992845423829e-03,3.571366630114397589e-03,3.731846011862165798e-03,3.586120757886695608e-03,3.577500224115226328e-03,3.637822728797136113e-03,3.654145403254874941e-03,3.650496515975756515e-03,3.540254384411060766e-03,3.706945511058503361e-03,3.686004905504590683e-03,3.688250988253416723e-03,3.555198557188577694e-03,3.642578359201520139e-03,3.751958815707328622e-03,3.612993218830750069e-03,3.685077623479862501e-03,3.681053909455689246e-03,3.797309367726726254e-03,3.717817344677939399e-03,3.626980722238500043e-03,3.675881739799263283e-03,3.672853507530195183e-03,3.667384490270992302e-03,3.698889204270374396e-03,3.625636945835802264e-03,3.559416554418716374e-03,3.573073555843662725e-03,3.645601888708823162e-03,3.739307116368396564e-03,3.688705768470774450e-03,3.782711539815844601e-03,3.584197962972081753e-03,3.599662831930105535e-03,3.775879368949350452e-03,3.699722000059256326e-03,3.647027210191448616e-03,3.825933397594630074e-03,3.670816503695118957e-03,3.538248940664174939e-03,3.659185974545057628e-03,3.724414098988418267e-03,3.770430558110548190e-03,3.727510598672488171e-03,3.577077594117817564e-03,3.785178864519415411e-03,3.610034302460281893e-03,3.582638696498517249e-03,3.698480076862457021e-03,3.741795237600362145e-03,3.740860261957410123e-03,3.598497153424095457e-03,3.670043251107220524e-03,3.617030568437388117e-03,3.658403874384839882e-03,3.731894964661353325e-03,3.667332683667614418e-03,3.672399156196571972e-03,3.729770693510516683e-03,3.622386310275674520e-03,3.625723298285510408e-03,3.697962407192158848e-03,3.587289461283172266e-03,3.780176424998930688e-03,3.734880833503464916e-03,3.603293125994172594e-03,3.654397903666794806e-03,3.628603289796857295e-03,3.743213473744721846e-03,3.642937157642627422e-03,3.692711849958826408e-03,3.678997996643228272e-03,3.709759034852298104e-03,3.710899572824708382e-03,3.709274661893020245e-03,3.709629523472981853e-03,3.556731375439152465e-03,3.644398134238210039e-03,3.728793542590051659e-03,3.712908155827062198e-03,3.590770291667237310e-03,3.598192496415736265e-03,3.564920867260013004e-03,3.658830539571172966e-03,3.577882705046504363e-03,3.689409952637155623e-03,3.602051646774196043e-03,3.732485139579561680e-03,3.553607699890489174e-03,3.676075649094535502e-03,3.762214114536836015e-03,3.725774305621705734e-03,3.710907289135798905e-03,3.643275735983508151e-03,3.719459951987680573e-03,3.609429253360534311e-03,3.687335323452447470e-03,3.717749817518949465e-03,3.671187312310610767e-03,3.755614605394560004e-03,3.587567751236111352e-03,3.729045206976904208e-03,3.539476001556249220e-03,3.721698649442828789e-03,3.624377652653596339e-03,3.525807681568634590e-03,3.704241083014494194e-03,3.606948167935415585e-03,3.724746470079197923e-03,3.632484457762452136e-03,3.668286965674321960e-03,3.697692047569403530e-03,3.684965848814013983e-03,3.727438337976406862e-03,3.595031354358999443e-03,3.619369532669983961e-03,3.649538547782941750e-03,3.517459427447189313e-03,3.710897185592219871e-03,3.646657266375770163e-03,3.835476272115940447e-03,3.674811114525775631e-03,3.488983467695894788e-03,3.779183704886137501e-03,3.538228006504362620e-03,3.686830010683597118e-03,3.673271831195804547e-03,3.665505555791537685e-03,3.552699046394618490e-03,0.000000000000000000e+00,3.794294342889568874e-03,3.656497638754880458e-03,3.548312966371057909e-03,3.608074817815482178e-03,3.735543807824219433e-03,3.744097041427660831e-03,3.716298470699192988e-03,3.672216100064579301e-03,3.665634117720764206e-03,3.635283389727630380e-03,3.640932099634824632e-03,3.566483906411544846e-03,3.634190740103382042e-03,3.807813210852983247e-03,3.643952001687875315e-03,3.694667152507698747e-03,3.677396172896497777e-03,3.562786328045297168e-03,3.614180377523677073e-03,3.707446149319335634e-03,3.653500103483871275e-03,3.585572381677736703e-03,3.565721335035383112e-03,3.770661097357994301e-03,3.704685725917276039e-03,3.646091414530172083e-03
3.787904903476791568e-03,3.695583857119745953e-03,3.577168247935361839e-03,3.637510700798748074e-03,3.663521274740468535e-03,3.604565470312368590e-03,3.655209627493276933e-03,3.709681382596695907e-03,3.633015681842253954e-03,3.687517396883976603e-03,3.611492178064973357e-03,3.806325807727711265e-03,3.662762883004596053e-03,3.634618284900108763e-03,3.645808783342475903e-03,3.640655065457719126e-03,3.801108307800667857e-03,3.633389647057156009e-03,3.688415790836864321e-03,3.675996323209287844e-03,3.649674030184170588e-03,3.660333481193430577e-03,3.692893702950392817e-03,3.721522966431302284e-03,3.607083325548786357e-03,3.588937168053604829e-03,3.712405428496584354e-03,3.591360955302279594e-03,3.699556168200179157e-03,3.629020912106999900e-03,3.609090513864498823e-03,3.670765447867537206e-03,3.780936504031542130e-03,3.585348733180669743e-03,3.690970457609785149e-03,3.650374063026483405e-03,3.717890108249095188e-03,3.770940890907282812e-03,3.752078356946592780e-03,3.597374348009621525e-03,3.584579906612574141e-03,3.635215475714083811e-03,3.761433657760620067e-03,3.692825157498534454e-03,3.611805209895963074e-03,3.640096183711737880e-03,3.650603582597346328e-03,3.707876188037526229e-03,3.617182847635541654e-03,3.663656623588048330e-03,3.808889463141616402e-03,3.665006846281117399e-03,3.621396537200324839e-03,3.714836704274024955e-03,3.817098830429707743e-03,3.631281566332116711e-03,3.624929015122659894e-03,3.755616880353600598e-03,3.674599488571983399e-03,3.553841689292644955e-03,3.752674883466972870e-03,3.696964280122934463e-03,3.518941101490790854e-03,3.620629508076547622e-03,3.601804080297951564e-03,3.644010305081051612e-03,3.737138047711318495e-03,3.749311668519240796e-03,3.548089357695338557e-03,3.581642887097937541e-03,3.597349363644496145e-03,3.646390267946979062e-03,3.749508473162269269e-03,3.611511501854361861e-03,3.636790500532470494e-03,3.598299738866344091e-03,3.721714398288430113e-03,3.697308335926405461e-03,3.619689918047314537e-03,3.644002992538597236e-03,3.678030779458238073e-03,3.706931152010817243e-03,3.690466046270327732e-03,3.673075145922715355e-03,3.556682728272489869e-03,3.664345803693679592e-03,3.656062271088076319e-03,3.760595520485106660e-03,3.751836413004435485e-03,3.640732940076820464e-03,3.642006756890638856e-03,3.722083323791254388e-03,3.576240208259277940e-03,3.650772283444353103e-03,3.672252045262092233e-03,3.789457765031124803e-03,3.621315394016589272e-03,3.651178930030341951e-03,3.648074691241085486e-03,3.762710285874738651e-03,3.592954191810993070e-03,3.711011699887510531e-03,3.593248735049269123e-03,3.709293255245366301e-03,3.633393162099413272e-03,3.633452688025695133e-03,3.664528634438418263e-03,3.579152573824562027e-03,3.689553040196325798e-03,3.686633901447476051e-03,3.611780750418945498e-03,3.662036982109047323e-03,3.659022043978921255e-03,3.699234541398290811e-03,3.655979523999544015e-03,3.651122754090792115e-03,3.536589671347894950e-03,3.664746706671022022e-03,3.559663909222824437e-03,3.660887211433925311e-03,3.563599980463396429e-03,3.621419991681128128e-03,3.569049966325716847e-03,3.699889903938566836e-03,3.693759328968843937e-03,3.687440508685010943e-03,3.649792822781132515e-03,3.683751629312235435e-03,3.753336216153235847e-03,3.589433543381777888e-03,3.674430603230200831e-03,3.661818465146210455e-03,3.861761008022923051e-03,3.602037423945874707e-03,3.739797603042451912e-03,3.643305629217029936e-03,3.620699329366495241e-03,3.704561489492487220e-03,3.599947558271112975e-03,3.679619333367896948e-03,3.650324160585984110e-03,3.664803577459268234e-03,3.667892658846680191e-03,3.744861835831803445e-03,3.802595388016979418e-03,3.591693223951712612e-03,3.542858131015156915e-03,3.608128946753278148e-03,3.608145445044568141e-03,3.811959119312433811e-03,3.740888957586520434e-03,3.677475688631373207e-03,3.639079225623286038e-03,3.617097746674298887e-03,3.681902861037734086e-03,3.658150982122891463e-03,3.605063805086110990e-03,3.620061992241397925e-03,3.682859242256425990e-03,3.718232016457695584e-03,3.731220507804232627e-03,3.552160187967729876e-03,3.633712478215792366e-03,3.614766056518967183e-03,3.646085159861267317e-03,3.794294342889568874e-03,0.000000000000000000e+00,3.695248426411824622e-03,3.628422216427808905e-03,3.606131322598836366e-03,3.803188700444071549e-03,3.611762773011889440e-03,3.588084124129250346e-03,3.700807967255300129e-03,3.604586565560926117e-03,3.530175779366819758e-03,3.614816945127637907e-03,3.613868371220906994e-03,3.613914552086058048e-03,3.680270109274574441e-03,3.564186348342538845e-03,3.780145880861310488e-03,3.614969067041319973e-03,3.652419224199216548e-03,3.761657486800774018e-03,3.698917600929113245e-03,3.607699365956983702e-03,3.569505630879253513e-03,3.626635478027680822e-03,3.667194113345003444e-03,3.750977852065438562e-03,3.662287682643708235e-03
3.734848883872507984e-03,3.633215661619402029e-03,3.595947726840459293e-03,3.623332098121246746e-03,3.690677106227052175e-03,3.591311353853333596e-03,3.563194539148388258e-03,3.730551428236810081e-03,3.714357697649846909e-03,3.708902162371841699e-03,3.704620319388770254e-03,3.616609734826755230e-03,3.692196834103083063e-03,3.649904539332826051e-03,3.712241392632320124e-03,3.667182790567579450e-03,3.677062734076019194e-03,3.738795519732885254e-03,3.664269376358093074e-03,3.701122358035831283e-03,3.762228336899593132e-03,3.570870874265009206e-03,3.742721362342567044e-03,3.591570741789513587e-03,3.648002351661311631e-03,3.703398576392193629e-03,3.638783400194534230e-03,3.711871092895078182e-03,3.641865174290632914e-03,3.608597681650710549e-03,3.705314336401816476e-03,3.706249392611194425e-03,3.852636455217010782e-03,3.652545041873516470e-03,3.766818755646860091e-03,3.655360771475821887e-03,3.687315471196249157e-03,3.668362734890117608e-03,3.618515470058071993e-03,3.639273301429377279e-03,3.696079277634334477e-03,3.793614953554505162e-03,3.753563212707354026e-03,3.694390250417033984e-03,3.578439197881659942e-03,3.740553948502226608e-03,3.596724757353515767e-03,3.686462360766668868e-03,3.667911405680405763e-03,3.670961625378547921e-03,3.646195014762833395e-03,3.518356173320042607e-03,3.722685382225299471e-03,3.680256649462163542e-03,3.574679432999423086e-03,3.673289633718178349e-03,3.746882470231319151e-03,3.599191818440848796e-03,3.684208465152205830e-03,3.576883067016038871e-03,3.592397352202368176e-03,3.635450664206691957e-03,3.694589368138401567e-03,3.764814592465948705e-03,3.675707008191701937e-03,3.677411802187721419e-03,3.634495912279400200e-03,3.739479829914586252e-03,3.589643593384993052e-03,3.727996725574154492e-03,3.612061321042163084e-03,3.675857148941757187e-03,3.592516054234978513e-03,3.541452347115601074e-03,3.665364457196336728e-03,3.631893166122950219e-03,3.759842069634866668e-03,3.623441192614968494e-03,3.706980921317578562e-03,3.593917703352800339e-03,3.618497921839271617e-03,3.656772316412702437e-03,3.654507200615619150e-03,3.651720098152823335e-03,3.690382438661946908e-03,3.688130759905211640e-03,3.670612460607534499e-03,3.613098730622563669e-03,3.765621840879112680e-03,3.683058649850790706e-03,3.593637678587878817e-03,3.576037871775475385e-03,3.648137681741814124e-03,3.582294317093311434e-03,3.721627375861456463e-03,3.833865337752296720e-03,3.692511531659156687e-03,3.619340706128903584e-03,3.707731434060429227e-03,3.611986137719520873e-03,3.625771170575090799e-03,3.675487555727528083e-03,3.548917957421851392e-03,3.711417642433214106e-03,3.685480642889876843e-03,3.675960918637500088e-03,3.824065636495301533e-03,3.547487520781561748e-03,3.602154869931831205e-03,3.509952903106064101e-03,3.737982484732069090e-03,3.730425936824646391e-03,3.716275639704359583e-03,3.646635954873446873e-03,3.603101887115068951e-03,3.694006160883669346e-03,3.719450005721575570e-03,3.596397478799951385e-03,3.661596691141725049e-03,3.829099175768346797e-03,3.701540797299945808e-03,3.639481499410446991e-03,3.624418721790052984e-03,3.535073277213880011e-03,3.690583623806067016e-03,3.646611780198641926e-03,3.631943065807607084e-03,3.650065407407106829e-03,3.712436745069725048e-03,3.615127547002939135e-03,3.657435777162806011e-03,3.557798292326914014e-03,3.626714108910071999e-03,3.530765178276297316e-03,3.665712371802390315e-03,3.753169960130685236e-03,3.641406640185447432e-03,3.698649427159077675e-03,3.605297394216516564e-03,3.519152888508212534e-03,3.640483944806234898e-03,3.635988111905660240e-03,3.616783761949841913e-03,3.814546437217889753e-03,3.749677715821840476e-03,3.658759511210714528e-03,3.581662012439280722e-03,3.686607355098286878e-03,3.541120137565484643e-03,3.695927219872157266e-03,3.641325269615526463e-03,3.612593306724557092e-03,3.678802064995192068e-03,3.697755110238769554e-03,3.713540179706952427e-03,3.689414219429533372e-03,3.557765706180818742e-03,3.644970373072871188e-03,3.599310471736741346e-03,3.714850572600672616e-03,3.740421883580610871e-03,3.527623182838706978e-03,3.695671395435585951e-03,3.718879086075541681e-03,3.652260430441473318e-03,3.656497638754880458e-03,3.695248426411824622e-03,0.000000000000000000e+00,3.608202725238649974e-03,3.730280115009154424e-03,3.623591803525393149e-03,3.584965265965307790e-03,3.772886698184250032e-03,3.680360905903870290e-03,3.612491596049537644e-03,3.586140749096876357e-03,3.670378996684556683e-03,3.675585859134268378e-03,3.634154883228981388e-03,3.731544551570248076e-03,3.720925117420822558e-03,3.635648350521954349e-03,3.724687991027330908e-03,3.609595116179449906e-03,3.607252977447416003e-03,3.769655144458685259e-03,3.569897366960855193e-03,3.676298288794663683e-03,3.662724169150753748e-03,3.728885478256292133e-03,3.582880327486956049e-03,3.659283211039021048e-03
3.644624553239717013e-03,3.734960508405063117e-03,3.640453071363015415e-03,3.684914615572108983e-03,3.675062498939607718e-03,3.661559671371236811e-03,3.760725934224861886e-03,3.638698589785965831e-03,3.723283009643260991e-03,3.592642292183323600e-03,3.661948713250528890e-03,3.647033342393489041e-03,3.614779988535407867e-03,3.637343768163244298e-03,3.664998641135803776e-03,3.691782142405418410e-03,3.792019026332890501e-03,3.650682096103857657e-03,3.621336690543587762e-03,3.722037203713393031e-03,3.673557005508577139e-03,3.554148662732383758e-03,3.685683653228934414e-03,3.664773807504045043e-03,3.747453676600416301e-03,3.608007837787156370e-03,3.642580269931149344e-03,3.626700494895438061e-03,3.629616702972243356e-03,3.672417033848673299e-03,3.656033265363437326e-03,3.677204339145991995e-03,3.677698509511690729e-03,3.655147765339711828e-03,3.630253098276366164e-03,3.663695349548413017e-03,3.696654718097098884e-03,3.678919817400886239e-03,3.582358256039472506e-03,3.572189018496849805e-03,3.712686361271582292e-03,3.561593292060050240e-03,3.699368771353746688e-03,3.705424046865134300e-03,3.677601851120997859e-03,3.640671647566933507e-03,3.741947715949962752e-03,3.752687904334694579e-03,3.708924117098653418e-03,3.632601409855682872e-03,3.638530920723657101e-03,3.680665973166741267e-03,3.638694592249124352e-03,3.614750045098110483e-03,3.755406836042057828e-03,3.669694223741752810e-03,3.661983842875757636e-03,3.593152240194265584e-03,3.679947399196318615e-03,3.780624534568590572e-03,3.686038429498480606e-03,3.839641334911699476e-03,3.672334634490118186e-03,3.767951735226184908e-03,3.703986585098385798e-03,3.639796957171232729e-03,3.658577209697113936e-03,3.604287064982147556e-03,3.668121325828450040e-03,3.588363438247934700e-03,3.731806614525756075e-03,3.685886821243059431e-03,3.683657050587505876e-03,3.646705946135338564e-03,3.652421909340563665e-03,3.752457273297565843e-03,3.757174020918568370e-03,3.611766899230909548e-03,3.652528492922000464e-03,3.607369456165540264e-03,3.603667867858256681e-03,3.629191460354983662e-03,3.624636826217976504e-03,3.585550934725475255e-03,3.697499370187730654e-03,3.624151203059845349e-03,3.650207748114776222e-03,3.765259502937608627e-03,3.659348300600900276e-03,3.651783317619203967e-03,3.558820822240120474e-03,3.685704829255531580e-03,3.733935912114212576e-03,3.684786140841706144e-03,3.744374767011784781e-03,3.689108428627952112e-03,3.587913547479635711e-03,3.776286132585746427e-03,3.723950207885857577e-03,3.633144257225549931e-03,3.649750652851342213e-03,3.736976720859552532e-03,3.625343281014304329e-03,3.630945750856325038e-03,3.627605339165771749e-03,3.644898973671433125e-03,3.571200812423055114e-03,3.681468073830890426e-03,3.663604527201475610e-03,3.569546180489053221e-03,3.718863286290689709e-03,3.648175735071140704e-03,3.596725208872494223e-03,3.697388291579680342e-03,3.624049491947095754e-03,3.699965044007537136e-03,3.698230072870563583e-03,3.711052713284141661e-03,3.522299878077336539e-03,3.680812889130561164e-03,3.680257413306583982e-03,3.621820385303939349e-03,3.642191033393031747e-03,3.636529193257815890e-03,3.722364448915774053e-03,3.735920778489518288e-03,3.611981703972243999e-03,3.708153521244699369e-03,3.607776196309800485e-03,3.631456580394544411e-03,3.616798757092465604e-03,3.775043917920559936e-03,3.691224629173172223e-03,3.637526437880559804e-03,3.617482991425175886e-03,3.672346497431410676e-03,3.702479230111187757e-03,3.566478755707919515e-03,3.860033553183094945e-03,3.590517030377729513e-03,3.765098270464406656e-03,3.770571711857136511e-03,3.624736289416950839e-03,3.790536515232130130e-03,3.552498004827482452e-03,3.700545917342798908e-03,3.738812885695448618e-03,3.554445815957617705e-03,3.650625097145170170e-03,3.639619463982144559e-03,3.605538587017404015e-03,3.705179451247894804e-03,3.640479969223202415e-03,3.770644337669051653e-03,3.776896090216072532e-03,3.743387368261002351e-03,3.726484871347834557e-03,3.586979394643484680e-03,3.664257547050911706e-03,3.656457738546182654e-03,3.638750626856274411e-03,3.705411792869765537e-03,3.655882814308214230e-03,3.534897518374522513e-03,3.628938299139396802e-03,3.548312966371057909e-03,3.628422216427808905e-03,3.608202725238649974e-03,0.000000000000000000e+00,3.624092660651509826e-03,3.660239191289823852e-03,3.631361711855944901e-03,3.742114298160999740e-03,3.587433870207375024e-03,3.558502025145146228e-03,3.750075811525959129e-03,3.627555170570113344e-03,3.645892265179070512e-03,3.566120386934923218e-03,3.661505118759320315e-03,3.539946004760073824e-03,3.569187176427125220e-03,3.644097916122672736e-03,3.697165292632935765e-03,3.676890173588368439e-03,3.566151319194764413e-03,3.607173287300436456e-03,3.675346832772313690e-03,3.695913616091226102e-03,3.597314735264414785e-03,3.669872776121977688e-03,3.667472634809889297e-03
3.714295909608021119e-03,3.639068974839855183e-03,3.638098703404367071e-03,3.654930998326434786e-03,3.757942736452663836e-03,3.598468778396189151e-03,3.706356503028643973e-03,3.669778411577268203e-03,3.676320627661720190e-03,3.639680675634525929e-03,3.557509037309186054e-03,3.621461550728435810e-03,3.653181911716903499e-03,3.603587282124736443e-03,3.670325426730312434e-03,3.641231581327393756e-03,3.571436903555831599e-03,3.742028174784916249e-03,3.725251740953183094e-03,3.738712459391781064e-03,3.670967737757006768e-03,3.594218928399723137e-03,3.596773275700369376e-03,3.652791931876016307e-03,3.831127127110742214e-03,3.511900330284946185e-03,3.626050404959320871e-03,3.539975671661001449e-03,3.600448557791475351e-03,3.682231336344642461e-03,3.736173278035798129e-03,3.662342451008386741e-03,3.640623903236002434e-03,3.713703333367182873e-03,3.604244475905342415e-03,3.771086581616766350e-03,3.627970253772537165e-03,3.657481259988757706e-03,3.723103136253352527e-03,3.620099006453199406e-03,3.703806737704321700e-03,3.593829767573491953e-03,3.578310371136085750e-03,3.683595008696630233e-03,3.686605603059028846e-03,3.646072826846233177e-03,3.706202287172421280e-03,3.756362529034404027e-03,3.700340164380820900e-03,3.770974722644527405e-03,3.682585492928793641e-03,3.632064026044236598e-03,3.731763607215439742e-03,3.654579823864191092e-03,3.716892884762106747e-03,3.700030605143529456e-03,3.752315870596246994e-03,3.683269695626371042e-03,3.605599126270469038e-03,3.607262810928711736e-03,3.583074786539405549e-03,3.729215480232355318e-03,3.585906741429476657e-03,3.662755875468776210e-03,3.567534331533811932e-03,3.550509813288537080e-03,3.678242677070255300e-03,3.726056273582134971e-03,3.582292411223817093e-03,3.605388795609896276e-03,3.549302120687124629e-03,3.597449751582597766e-03,3.673091269209276255e-03,3.603387512376470241e-03,3.708790845096303270e-03,3.735577642427048099e-03,3.670895847190075011e-03,3.685620326910293235e-03,3.805783604035062502e-03,3.650409474055796646e-03,3.691434297468449127e-03,3.641965054393033092e-03,3.716857738902640089e-03,3.658789470230757943e-03,3.680937896557114151e-03,3.698469922576707973e-03,3.729966460065940129e-03,3.599991944018695114e-03,3.631985648114054947e-03,3.708551247165443095e-03,3.670048292224444269e-03,3.586664707267630571e-03,3.629420798185623021e-03,3.693801128704591718e-03,3.705822966984039825e-03,3.691578356033763282e-03,3.651613685062613142e-03,3.585984930828391322e-03,3.768314858188195893e-03,3.606905432949902585e-03,3.722642069981929504e-03,3.679885903365529877e-03,3.692374002442893547e-03,3.661983135919649399e-03,3.622128754404904932e-03,3.651391480176962787e-03,3.615583888228886180e-03,3.707621994461714286e-03,3.682865378289763673e-03,3.555448810532500607e-03,3.608599047745188106e-03,3.652801178373384864e-03,3.690948751413731903e-03,3.832632380236821942e-03,3.719626514672118040e-03,3.797237271156074772e-03,3.609599498179784545e-03,3.610561812916478468e-03,3.712806818217453779e-03,3.710460215498250815e-03,3.736920060195765385e-03,3.715012982970600057e-03,3.644894212182153877e-03,3.676557425683779461e-03,3.645300338718006957e-03,3.685305142769820103e-03,3.634412604973719183e-03,3.736921043669989319e-03,3.684122496182241305e-03,3.628046672733867533e-03,3.601522296689219430e-03,3.657216896121356833e-03,3.610446641046243660e-03,3.671176578984146604e-03,3.746958684426120265e-03,3.617157437142977383e-03,3.737308438748397806e-03,3.706465140668900940e-03,3.671798776467463232e-03,3.561560809559060486e-03,3.648745081349782059e-03,3.614408301372981202e-03,3.617238514226390686e-03,3.700448633888868757e-03,3.894752835358962148e-03,3.638373366776155322e-03,3.704708165154591958e-03,3.608525624483556460e-03,3.632702814682751621e-03,3.600081908791628524e-03,3.586447366246857046e-03,3.660073188030958224e-03,3.675306330145514371e-03,3.623808884372183622e-03,3.785052718735824450e-03,3.699803760539752476e-03,3.664079211476984569e-03,3.613269499127570554e-03,3.723038998114985322e-03,3.498124036589818440e-03,3.712052184353693308e-03,3.585906229316196923e-03,3.643187838598391671e-03,3.608386198609214029e-03,3.901367704069126120e-03,3.608074817815482178e-03,3.606131322598836366e-03,3.730280115009154424e-03,3.624092660651509826e-03,0.000000000000000000e+00,3.618314355803246320e-03,3.710270917290968765e-03,3.685170139363047777e-03,3.677770678803184146e-03,3.588435801232462384e-03,3.767805000395798784e-03,3.696584574267453623e-03,3.707370380155576919e-03,3.602632483217353861e-03,3.628638905503534570e-03,3.605523040019169203e-03,3.598374040026506085e-03,3.615081918768425079e-03,3.659563279179294491e-03,3.584512581471775011e-03,3.603759343536357129e-03,3.717221990925825923e-03,3.639289753510679612e-03,3.595729116828703595e-03,3.561894745619073339e-03,3.553477112407511448e-03,3.749959497178175557e-03
3.703392116368463272e-03,3.607853479744979695e-03,3.551260137364366503e-03,3.694343297118425021e-03,3.667225368499211699e-03,3.607446418689793603e-03,3.603533429881090704e-03,3.655547396230236432e-03,3.733988977357855388e-03,3.715317502622718718e-03,3.641844105932732188e-03,3.667927899652393894e-03,3.555281243427190277e-03,3.676500318839225501e-03,3.661089950639066781e-03,3.655871043973991322e-03,3.676439918428137457e-03,3.639208171136825744e-03,3.706691427068447686e-03,3.675021858903124508e-03,3.673358293861902525e-03,3.631694462832738262e-03,3.591090023453863758e-03,3.789480032342826786e-03,3.683123396900199725e-03,3.580265039110550312e-03,3.827735002326722227e-03,3.571815530568565097e-03,3.567474361431869408e-03,3.672691578255844747e-03,3.539250295769236221e-03,3.693936670172732074e-03,3.720980663070723796e-03,3.655892645328952164e-03,3.741571400698908041e-03,3.675271844710994214e-03,3.676667859378925009e-03,3.647849647348457274e-03,3.653957032704399730e-03,3.644661107544393090e-03,3.659208218068002623e-03,3.626841988073703157e-03,3.769030565356830832e-03,3.728789641158038268e-03,3.695388309811820267e-03,3.670007076567823566e-03,3.713329219911723402e-03,3.776839420970301738e-03,3.627656644946796859e-03,3.684994623500452687e-03,3.680135251190290533e-03,3.684177864618443533e-03,3.645758531999521070e-03,3.643718471334260467e-03,3.714892978188992067e-03,3.597323102737955223e-03,3.634678559459225168e-03,3.715863880202085936e-03,3.643577969874038126e-03,3.596335441827922755e-03,3.762210500730747004e-03,3.613695765381191687e-03,3.560367415305171809e-03,3.606372192826945433e-03,3.604801816257414450e-03,3.661068395367503888e-03,3.818107399184037659e-03,3.601927346634942965e-03,3.657092311406221798e-03,3.756739507469070063e-03,3.667484465657558021e-03,3.651382545698079931e-03,3.631642471210222781e-03,3.590293665542384268e-03,3.628084530540009664e-03,3.658629498948392633e-03,3.597639030630779295e-03,3.673282626555566047e-03,3.702970776612109129e-03,3.576897360953818807e-03,3.736076983736476460e-03,3.645206024427570871e-03,3.692475945768988049e-03,3.641468646290446642e-03,3.648991926880376570e-03,3.686765575050270256e-03,3.721905483688286217e-03,3.554741969175583254e-03,3.626324193470708852e-03,3.643346918956866763e-03,3.749565091968115257e-03,3.699018909645248980e-03,3.657913613127015354e-03,3.659060814500557715e-03,3.557934739262028339e-03,3.756767137387733400e-03,3.576959169974692088e-03,3.678881591752437581e-03,3.671089588880145377e-03,3.738281291272186040e-03,3.815175840346604012e-03,3.658880016725606348e-03,3.631985103905892905e-03,3.695122138282339042e-03,3.584651132889794551e-03,3.633873701923716771e-03,3.752154169673039674e-03,3.611031842182422982e-03,3.627603696706930073e-03,3.721664656214091274e-03,3.629414132063416270e-03,3.583231712213907731e-03,3.685013077016784881e-03,3.659445948530064274e-03,3.651384760138473139e-03,3.674685995846795235e-03,3.589456934728299086e-03,3.504810427368392108e-03,3.624581195021129871e-03,3.712323164770089945e-03,3.693403830878297205e-03,3.647152892074270649e-03,3.550663197289397402e-03,3.649812522892796011e-03,3.579724902866776408e-03,3.620302192103993458e-03,3.627229177436074557e-03,3.762484027965867870e-03,3.722759237205969674e-03,3.636066591735691994e-03,3.652398646685416864e-03,3.716967501685759182e-03,3.664339755687924093e-03,3.714972469360001799e-03,3.695483760505026850e-03,3.630260314936554437e-03,3.677816922608954930e-03,3.755855560472121189e-03,3.597159575219635759e-03,3.605173681995067336e-03,3.649959818978980048e-03,3.647626150304292183e-03,3.681328613010211807e-03,3.564044748124524722e-03,3.743188550272400286e-03,3.611224877577661699e-03,3.714958420668213347e-03,3.661481457376212275e-03,3.659497488697098684e-03,3.680030941509938088e-03,3.610192438074085602e-03,3.734245784723339012e-03,3.770687858755775689e-03,3.655044252092179251e-03,3.792722741849324265e-03,3.632675636104057155e-03,3.688308979462085607e-03,3.736203929032426950e-03,3.783150901648729084e-03,3.648223916953461429e-03,3.600062815614170179e-03,3.597099607815037754e-03,3.644924254978146577e-03,3.753221056946670197e-03,3.659666039680217232e-03,3.735543807824219433e-03,3.803188700444071549e-03,3.623591803525393149e-03,3.660239191289823852e-03,3.618314355803246320e-03,0.000000000000000000e+00,3.639386417840640223e-03,3.597777771315266351e-03,3.604097897580638404e-03,3.616098405484062441e-03,3.547373374042879501e-03,3.621939398655193727e-03,3.620452424850220674e-03,3.449962846947459208e-03,3.720400089337572505e-03,3.742629011406961668e-03,3.796586417135118779e-03,3.700142717502741697e-03,3.799552697580273371e-03,3.668932829184992118e-03,3.609938237923354665e-03,3.601180654523677711e-03,3.627232594479298019e-03,3.664876539904013495e-03,3.686033256958595478e-03,3.708756586832762624e-03,3.659232903238965069e-03
3.599092432049253928e-03,3.699194397894260342e-03,3.614443091386929877e-03,3.742685291250332381e-03,3.668119451140820948e-03,3.744749722848220424e-03,3.729775084004158508e-03,3.651413821040855150e-03,3.602499535406266957e-03,3.632623233362783279e-03,3.741449080245023290e-03,3.649302111888306013e-03,3.659549926061894925e-03,3.654420472278828696e-03,3.651823459244368450e-03,3.592346821038136084e-03,3.641235105736750563e-03,3.702331025295129384e-03,3.764885341437220877e-03,3.552639854904187603e-03,3.607091714418800363e-03,3.734999318441556675e-03,3.618796278415688152e-03,3.559284823932691837e-03,3.627998489967425473e-03,3.648833350282741812e-03,3.667407100442808716e-03,3.652922860063849853e-03,3.730600005196879100e-03,3.565934997885272448e-03,3.691450127161895363e-03,3.535198073750422249e-03,3.692975940517896887e-03,3.686476814619528680e-03,3.521266393621987328e-03,3.690933068668139725e-03,3.695421768525198724e-03,3.600582969410307411e-03,3.689810457964791922e-03,3.623698537165863723e-03,3.712335622357344246e-03,3.597013874531562651e-03,3.739098445191883519e-03,3.545927996898681593e-03,3.615576001624511409e-03,3.617219325705972686e-03,3.641365279659768573e-03,3.621838924425835847e-03,3.616967331900939470e-03,3.725929551729794450e-03,3.674669388298672061e-03,3.660295457230508705e-03,3.564984874260514885e-03,3.634232286060128971e-03,3.627959456264472429e-03,3.600656090444246098e-03,3.691923076809680310e-03,3.524858573381439188e-03,3.615118099826178204e-03,3.683147138047852993e-03,3.711294919539603280e-03,3.680050670541717885e-03,3.639076541114466372e-03,3.529646884980147756e-03,3.591359565447612041e-03,3.649166378849686559e-03,3.654438278528027769e-03,3.563000669623782833e-03,3.688014288414075918e-03,3.604442375333495423e-03,3.739129093552618667e-03,3.531308886331955242e-03,3.664349176034315935e-03,3.735473724222354835e-03,3.646524163179563557e-03,3.690155713248274329e-03,3.737660395506820291e-03,3.583275337139817281e-03,3.793337820614733208e-03,3.717242522967194665e-03,3.670453490984348834e-03,3.646005893713526701e-03,3.719660679165367675e-03,3.713674956834394410e-03,3.760064104319493176e-03,3.717793314452713486e-03,3.666807763755611932e-03,3.580230403705563121e-03,3.621991563579445017e-03,3.695291692783730410e-03,3.684479270849446656e-03,3.717283864646882784e-03,3.658355918771224752e-03,3.687733228060147053e-03,3.635012910464146749e-03,3.567692152830764449e-03,3.716986888575296490e-03,3.607428466489931516e-03,3.528914054730788227e-03,3.790582731510775804e-03,3.634433777112475346e-03,3.616759982754086215e-03,3.724255270087667175e-03,3.618777517249124713e-03,3.771309460811594644e-03,3.643008514122006349e-03,3.589215067336100004e-03,3.753584667104311375e-03,3.741990544813678272e-03,3.618082700849073984e-03,3.592665733616324467e-03,3.553171731094049816e-03,3.690505700823959803e-03,3.649998612753031259e-03,3.890779839637471121e-03,3.575364676330373796e-03,3.615846184531131078e-03,3.678208592828552392e-03,3.647091853029883150e-03,3.604583013275350183e-03,3.640329105261272662e-03,3.686882860056372307e-03,3.673382334230606942e-03,3.760018019244563796e-03,3.544714028399086926e-03,3.568667976077627771e-03,3.735988409254224676e-03,3.537447123567561986e-03,3.651366698155298404e-03,3.761022533485625617e-03,3.789597640510136700e-03,3.624868017542129048e-03,3.658513206074252670e-03,3.711032989225373450e-03,3.649507125089356159e-03,3.627050775657361843e-03,3.727796881364529337e-03,3.799796564170143144e-03,3.673775620237162629e-03,3.681455266356540267e-03,3.791279109844104996e-03,3.770787389097693572e-03,3.720718382106314500e-03,3.717253371292791875e-03,3.635171390798433953e-03,3.693963468131430082e-03,3.739109841600401357e-03,3.689378870068794457e-03,3.647817057487164581e-03,3.641229588650202534e-03,3.640562711187229732e-03,3.696808606024452621e-03,3.717490841065890055e-03,3.658316490946408091e-03,3.663136613222217793e-03,3.679492304019477914e-03,3.629217535495153982e-03,3.718276314967904582e-03,3.716184447506835388e-03,3.698164144747032814e-03,3.655680809357313502e-03,3.795282214002027987e-03,3.638245325482343355e-03,3.688818547099676284e-03,3.611792390924822849e-03,3.744097041427660831e-03,3.611762773011889440e-03,3.584965265965307790e-03,3.631361711855944901e-03,3.710270917290968765e-03,3.639386417840640223e-03,0.000000000000000000e+00,3.579500041179125430e-03,3.602537370637657558e-03,3.713821962704518063e-03,3.760675915382765896e-03,3.537765799128992153e-03,3.613391141944940262e-03,3.616917539403538204e-03,3.641403233906253829e-03,3.732515142147455750e-03,3.604321735515399194e-03,3.750885481655149602e-03,3.610997173152932869e-03,3.594859901923467497e-03,3.695867774951739314e-03,3.782178443574413500e-03,3.619828014683162520e-03,3.682084409795430193e-03,3.695660011637783102e-03,3.567337851041140189e-03,3.768072413871222798e-03
3.696870125002472019e-03,3.684572155519357916e-03,3.530939982485624840e-03,3.655703905817456363e-03,3.658880911539494699e-03,3.596508760126162964e-03,3.601682731675356734e-03,3.770467277236391832e-03,3.625467531242958751e-03,3.628507048758303384e-03,3.740740981962001072e-03,3.786717572341161651e-03,3.626672816536694217e-03,3.628592909596627981e-03,3.666023423931235193e-03,3.789130108137776873e-03,3.657575383986203226e-03,3.628346009451666188e-03,3.587904878723900768e-03,3.679656933576702389e-03,3.712247819156963731e-03,3.602577302841317164e-03,3.643080745765853948e-03,3.633724225910945401e-03,3.783268110464161043e-03,3.563028552728831223e-03,3.707475815314725462e-03,3.785050237078212837e-03,3.700431789419740200e-03,3.630335960697401998e-03,3.800381894187433111e-03,3.765007034625278675e-03,3.677503133299959547e-03,3.571994152817801159e-03,3.680449024580977144e-03,3.826004214334680683e-03,3.651873712727947332e-03,3.713474762967812655e-03,3.603086850983025936e-03,3.570562808005967037e-03,3.652670697087617886e-03,3.679855719260372721e-03,3.621500345892845769e-03,3.689601263674505225e-03,3.576828335263715439e-03,3.743550420931805473e-03,3.706188204821156146e-03,3.774624365006174018e-03,3.724703592848287604e-03,3.693821929957505010e-03,3.631599552216106721e-03,3.524441940314510836e-03,3.695124456429623415e-03,3.614781110696554424e-03,3.627195051334396094e-03,3.667535643528982685e-03,3.592483079554818510e-03,3.712150154530416239e-03,3.762947679915511472e-03,3.670125615223597104e-03,3.705755915043472230e-03,3.590989605772360819e-03,3.657459710045200645e-03,3.732820515289916180e-03,3.660618346174324914e-03,3.552537973352060119e-03,3.642860588059170738e-03,3.659344243857002004e-03,3.592795949273108660e-03,3.549676288878057199e-03,3.778550192332951526e-03,3.786640729716168972e-03,3.611668694770303525e-03,3.566240947681924723e-03,3.619044871483598040e-03,3.834495698431561982e-03,3.620589766615934374e-03,3.663415257458760635e-03,3.687048053052270537e-03,3.722152815058805009e-03,3.595225853258715489e-03,3.659291399591544595e-03,3.677745087365168544e-03,3.602283441549675256e-03,3.672230019028631387e-03,3.662775072113841866e-03,3.648052546558773219e-03,3.694405040789252182e-03,3.713412314510308558e-03,3.710127921907769438e-03,3.693552737700223944e-03,3.551154778045758405e-03,3.622013031532985740e-03,3.578561307270185492e-03,3.718999493964948548e-03,3.549698843130165080e-03,3.720283052456371722e-03,3.646162153317465161e-03,3.653474644222064888e-03,3.653542155794004074e-03,3.739374252266673866e-03,3.695319576263122151e-03,3.534183645522495469e-03,3.636172267124539951e-03,3.624626919091126272e-03,3.637948913397624252e-03,3.767011233970608310e-03,3.722309457007878623e-03,3.553766522472564214e-03,3.635666560568536539e-03,3.792686234893236346e-03,3.691548852087814594e-03,3.637868282339869197e-03,3.612990721754641681e-03,3.617835857496243951e-03,3.683047971098068335e-03,3.627857824506769673e-03,3.565158153029658519e-03,3.640630198888189506e-03,3.765371205520851635e-03,3.719636690658800239e-03,3.617208727436735209e-03,3.710756950476369435e-03,3.464578185561251102e-03,3.826179485547939393e-03,3.605596832171567307e-03,3.577423983576982162e-03,3.620316957266503637e-03,3.605424154003237115e-03,3.679711523720026120e-03,3.630551721327060239e-03,3.643002913505145011e-03,3.565204057521587956e-03,3.672134366327471037e-03,3.601448708538325817e-03,3.547409682846218871e-03,3.645789175979818799e-03,3.628924272505969131e-03,3.589467963782589158e-03,3.648635365121670644e-03,3.772049514841129773e-03,3.603966878335044567e-03,3.589281391883994161e-03,3.746212941091145616e-03,3.784017953173271845e-03,3.587981906844867497e-03,3.623041610782635862e-03,3.611173620123110488e-03,3.738781769388811391e-03,3.776866514064888131e-03,3.548909661702702445e-03,3.653368221461265278e-03,3.663455585196295425e-03,3.708597068562144352e-03,3.844349780335502755e-03,3.665270685256320424e-03,3.619164974652751970e-03,3.553182626278907422e-03,3.545984114897545759e-03,3.847885811793616377e-03,3.675192067394252807e-03,3.714079356518738915e-03,3.581058412886390253e-03,3.670055345019424247e-03,3.670320212221368870e-03,3.716298470699192988e-03,3.588084124129250346e-03,3.772886698184250032e-03,3.742114298160999740e-03,3.685170139363047777e-03,3.597777771315266351e-03,3.579500041179125430e-03,0.000000000000000000e+00,3.657131093091331182e-03,3.718381717745229340e-03,3.674158782048541228e-03,3.758499082912881636e-03,3.694542464268641638e-03,3.603989602246288580e-03,3.650472415214094969e-03,3.582693656440566043e-03,3.643147655748719439e-03,3.762537378490756357e-03,3.618942952228774990e-03,3.661039280304365269e-03,3.476177149625800464e-03,3.626094877209732649e-03,3.668273038185465747e-03,3.818450102808299777e-03,3.622244502803277470e-03,3.703478839832457983e-03,3.648964271377036061e-03
3.663056492044151555e-03,3.634010653632842747e-03,3.631129058060310767e-03,3.653121239965749154e-03,3.731461198596829672e-03,3.707733235962942277e-03,3.564898075870531584e-03,3.624518856963022430e-03,3.605191489526337213e-03,3.669300872061849288e-03,3.717527229612154361e-03,3.617959954794279249e-03,3.700356388642442578e-03,3.713250075816625084e-03,3.723674212708181098e-03,3.712120539879975537e-03,3.717913135013468495e-03,3.667547953540731352e-03,3.711254613767733020e-03,3.720357656773573551e-03,3.625815912576150612e-03,3.671719934289848115e-03,3.699621084711821051e-03,3.654612357171124933e-03,3.627860891059827599e-03,3.721163134648547074e-03,3.627183089354978681e-03,3.652202681499223599e-03,3.622557046203371631e-03,3.703256234009012510e-03,3.690227474519498264e-03,3.695032355366556498e-03,3.769397198970107169e-03,3.725089483293678953e-03,3.710115451989903345e-03,3.757323355195780253e-03,3.597372852077893642e-03,3.696692207380565965e-03,3.594485800916029806e-03,3.709322046535286181e-03,3.678231026463119144e-03,3.661409913252796321e-03,3.717896900000294824e-03,3.670960049897112505e-03,3.634895494024775048e-03,3.635597263536620438e-03,3.635445094200323926e-03,3.617617544016718881e-03,3.703209832362651735e-03,3.513861299998114526e-03,3.709974796663784852e-03,3.624084338960725012e-03,3.641459635907318658e-03,3.534793393035796667e-03,3.711901379726940519e-03,3.639578571028842784e-03,3.693215128736345929e-03,3.565676999588238832e-03,3.714919251165921948e-03,3.717660566373670854e-03,3.762201708663551625e-03,3.634739518875063254e-03,3.789289737984201899e-03,3.678670930335518462e-03,3.665901114194988590e-03,3.528170424582367706e-03,3.735823826464479414e-03,3.696423249280240877e-03,3.667786798461754316e-03,3.536152092831056516e-03,3.666646736711961369e-03,3.793491213308142814e-03,3.771995705541308311e-03,3.606594725732969672e-03,3.699219668910705590e-03,3.729114124849270198e-03,3.569730544594640776e-03,3.658433946804559231e-03,3.612147854967932836e-03,3.702657265265816081e-03,3.630826460530246942e-03,3.548167114595606950e-03,3.581914810825793070e-03,3.574969152580034001e-03,3.605237982719035339e-03,3.558412141266438598e-03,3.571270531462386773e-03,3.662670076874387313e-03,3.605548232416585196e-03,3.541490054852087285e-03,3.619741318287237383e-03,3.813249256945498624e-03,3.679751659915873451e-03,3.727604938916928828e-03,3.683100349961458166e-03,3.628516752599881320e-03,3.666391691533952245e-03,3.551289199189575866e-03,3.670559244698056410e-03,3.587258322331313403e-03,3.627025771549042404e-03,3.695254186646344894e-03,3.635300064476032749e-03,3.640608645308416984e-03,3.589545553110013495e-03,3.646967552881460323e-03,3.736202951315698191e-03,3.569466068798978972e-03,3.658173311292099543e-03,3.666801823099906290e-03,3.685471100481113073e-03,3.780690567176535084e-03,3.705439571503523367e-03,3.791341287980397930e-03,3.654656244597926599e-03,3.827456015684443241e-03,3.588607664010698590e-03,3.625237144415536725e-03,3.645054045800618508e-03,3.624801017940945148e-03,3.601879570847651806e-03,3.751005512814840903e-03,3.534108824138006318e-03,3.674872203144548960e-03,3.759391897082302054e-03,3.581272259167394504e-03,3.639925416227410629e-03,3.697034126319484904e-03,3.740839114492400513e-03,3.655236582013486526e-03,3.692545364311005610e-03,3.776127751514237341e-03,3.646687341067536645e-03,3.593557281177737171e-03,3.642618660770672364e-03,3.748655595592816862e-03,3.589785697034296886e-03,3.691087668897202398e-03,3.601135769228622739e-03,3.706151088799178057e-03,3.597850641252894627e-03,3.612935760497558869e-03,3.758304652115844469e-03,3.662938475669003449e-03,3.686692225485735212e-03,3.623503175651553773e-03,3.765191236974426824e-03,3.734525032882598378e-03,3.663633623063974019e-03,3.671405950848654568e-03,3.690175039522656381e-03,3.586589455993357926e-03,3.647146609045149798e-03,3.626110037072861371e-03,3.669910303953586878e-03,3.640823084772531072e-03,3.697421460940591466e-03,3.648144314161821423e-03,3.564484811023001503e-03,3.653006639192505657e-03,3.635818328116009052e-03,3.712365610512075378e-03,3.664422719721546328e-03,3.730055928230443379e-03,3.658548317356743931e-03,3.672216100064579301e-03,3.700807967255300129e-03,3.680360905903870290e-03,3.587433870207375024e-03,3.677770678803184146e-03,3.604097897580638404e-03,3.602537370637657558e-03,3.657131093091331182e-03,0.000000000000000000e+00,3.725885164464081637e-03,3.742344313721555123e-03,3.702083635738328410e-03,3.623865751636043755e-03,3.710567358329812555e-03,3.639443838221865200e-03,3.612324109107640548e-03,3.636944243673662872e-03,3.680847977201045455e-03,3.738307242100369441e-03,3.677833898352570862e-03,3.665962097531613034e-03,3.690016126743372697e-03,3.664020367277375217e-03,3.644810759938813330e-03,3.608792577791905890e-03,3.570992402669654394e-03,3.619537487206809546e-03
3.657776890487428323e-03,3.718151763278709603e-03,3.793556456494898317e-03,3.695201445466636189e-03,3.756172369879380926e-03,3.667935651044589972e-03,3.606245388902609011e-03,3.693241638129625849e-03,3.588030880687417823e-03,3.713056647238034604e-03,3.660573567120846243e-03,3.626559588608867062e-03,3.687411348035262316e-03,3.789083265943626010e-03,3.787273664387264243e-03,3.674901534016946497e-03,3.648544739253048626e-03,3.653173851385414436e-03,3.725312606876477178e-03,3.562909281484070382e-03,3.529829929375926864e-03,3.764900269558599678e-03,3.668836351323436894e-03,3.668776792743375613e-03,3.745922891159895931e-03,3.671260583116393687e-03,3.600986761398759610e-03,3.648147309912398283e-03,3.709126605402056701e-03,3.688425071390037929e-03,3.701372628276442239e-03,3.742973739557615802e-03,3.669287161458782785e-03,3.659445569831003449e-03,3.634963419023536958e-03,3.626582154912716491e-03,3.681294969169753451e-03,3.675026912705491120e-03,3.706779186282601214e-03,3.701627944042749658e-03,3.610914951903436507e-03,3.686815512681007861e-03,3.647378270101421863e-03,3.743306244240371915e-03,3.737482187737646913e-03,3.663289075447962242e-03,3.658077329020157070e-03,3.620777196130423904e-03,3.630261037439477378e-03,3.630675448290019130e-03,3.631814934180715559e-03,3.678445482302050967e-03,3.628788912433641208e-03,3.674109755351806332e-03,3.616249741035747287e-03,3.841648500323818424e-03,3.650906457849510678e-03,3.514607897191495897e-03,3.669861543034357455e-03,3.606162277432251213e-03,3.542393390069606841e-03,3.669910247080925350e-03,3.678833848342054434e-03,3.603730834483541597e-03,3.626272487271823414e-03,3.643179584949087293e-03,3.650453128932227426e-03,3.683342408117149924e-03,3.571984637564900884e-03,3.639810944479520902e-03,3.754509844968185323e-03,3.595331328787347829e-03,3.607531118772927883e-03,3.722415190179416238e-03,3.695352193641485063e-03,3.660827269247849455e-03,3.593165771166888321e-03,3.695729661661527245e-03,3.622786784254436367e-03,3.825940523426266202e-03,3.663435687299459141e-03,3.765319875157561481e-03,3.648773334636877790e-03,3.669455350213867307e-03,3.728718099138041749e-03,3.645449734415259335e-03,3.633194353596479534e-03,3.597842587381055654e-03,3.503551353389212572e-03,3.633527525365435728e-03,3.754133030160905667e-03,3.658150702911123174e-03,3.680988193290433193e-03,3.564904071159961853e-03,3.655515957376467406e-03,3.710505488364213445e-03,3.706112732113455484e-03,3.658881388397950199e-03,3.658211940501072609e-03,3.624483722737100160e-03,3.611451313168118505e-03,3.645194201168852448e-03,3.709148482396984556e-03,3.664928548849642840e-03,3.694849979310199824e-03,3.657317619924566315e-03,3.625331423530846545e-03,3.708236186888642320e-03,3.691825631847603893e-03,3.794111699798069070e-03,3.621305701293231396e-03,3.565189002609537878e-03,3.758737779120501898e-03,3.580045945787469191e-03,3.733517978941319933e-03,3.580846454938408068e-03,3.746550701820154042e-03,3.567478963166943132e-03,3.576149566160622979e-03,3.666417097934111281e-03,3.771083714520887930e-03,3.776796461351128540e-03,3.711640190664339777e-03,3.721270960854552220e-03,3.601319643928440044e-03,3.651158169684730077e-03,3.687010615532776772e-03,3.597599155863243255e-03,3.572057554761750436e-03,3.897109616563305349e-03,3.635811303920463526e-03,3.596244334243149394e-03,3.634728376424023293e-03,3.631452358985348249e-03,3.610479645988024129e-03,3.750631898200482237e-03,3.663472038585345071e-03,3.736578700784385764e-03,3.665781885014066273e-03,3.803329156410641208e-03,3.801950444398477340e-03,3.766896929941766434e-03,3.706105494043004326e-03,3.583036004418218776e-03,3.586658553381974306e-03,3.569691203239281144e-03,3.663337390628071139e-03,3.654867629710983456e-03,3.638865141185053907e-03,3.564181979498147988e-03,3.604865590251552562e-03,3.727067546672743238e-03,3.639411309852705508e-03,3.564664391394661413e-03,3.492473048152115820e-03,3.703342940823530719e-03,3.552379410388806311e-03,3.653857979651555128e-03,3.567028359074298806e-03,3.813863405211067627e-03,3.605525652516703046e-03,3.788142950864667371e-03,3.558587886294889684e-03,3.756228266640738913e-03,3.620992031292856288e-03,3.665634117720764206e-03,3.604586565560926117e-03,3.612491596049537644e-03,3.558502025145146228e-03,3.588435801232462384e-03,3.616098405484062441e-03,3.713821962704518063e-03,3.718381717745229340e-03,3.725885164464081637e-03,0.000000000000000000e+00,3.737412178503477910e-03,3.664924903721528994e-03,3.571079372502054816e-03,3.829222416200114918e-03,3.559610084544568773e-03,3.579343718380994036e-03,3.649041428283492875e-03,3.522570521046835060e-03,3.645923947572248663e-03,3.656810489192602147e-03,3.591888532847628979e-03,3.657934712016660747e-03,3.665536112666746213e-03,3.577093840318886896e-03,3.632893154665472590e-03,3.697326262629425063e-03,3.653228021142635937e-03
3.649351256046470381e-03,3.825805501286320878e-03,3.696248847697548509e-03,3.583262445931945702e-03,3.731755635479005583e-03,3.728746889011309244e-03,3.602331389412473904e-03,3.664012064507876816e-03,3.676444661612183942e-03,3.526435335846856475e-03,3.569842582496084507e-03,3.670061569742988101e-03,3.665465116961204740e-03,3.681321326638973667e-03,3.639232520501391611e-03,3.682032093215877738e-03,3.686492001154601569e-03,3.550512136540412249e-03,3.665454587932181086e-03,3.542740049606429593e-03,3.653401064534352819e-03,3.657408769698664627e-03,3.674778074921444988e-03,3.678386475952287200e-03,3.744564694337443149e-03,3.699263283657790776e-03,3.640521193982000463e-03,3.704426843913727341e-03,3.638589103328654026e-03,3.765430743547122042e-03,3.749993928934955076e-03,3.718590282667073692e-03,3.654165718418680032e-03,3.582784636074849791e-03,3.570175980397136822e-03,3.632376144433609264e-03,3.622150065909092182e-03,3.676346297192505889e-03,3.705418072566497769e-03,3.576902980633351291e-03,3.683009671593188723e-03,3.547720522490496482e-03,3.740661179728371234e-03,3.645477085608329719e-03,3.580428067462347423e-03,3.685749896701400949e-03,3.799589593144930659e-03,3.613896626137471420e-03,3.735189684253286714e-03,3.679314742901324594e-03,3.668997988704513456e-03,3.648486530533718349e-03,3.685904429838500126e-03,3.700799107944230653e-03,3.680685453137824085e-03,3.737528590720740496e-03,3.752184600873402671e-03,3.611368216390654744e-03,3.615181568596572467e-03,3.702963502772392817e-03,3.607425404518298240e-03,3.795865890102443838e-03,3.621240414810994977e-03,3.734920440678707581e-03,3.706070819134981743e-03,3.641064136340172071e-03,3.598224680926015787e-03,3.612870800086988212e-03,3.639854485217698579e-03,3.636728456163802140e-03,3.596577273586253586e-03,3.642658683040240260e-03,3.619252053619550959e-03,3.613712892494729857e-03,3.604290172101852312e-03,3.679944994221620493e-03,3.628326282614824632e-03,3.542221074014008809e-03,3.728814915542883694e-03,3.665984550184056470e-03,3.648463437111936283e-03,3.611389758576795568e-03,3.585037329652434376e-03,3.608925254650004015e-03,3.727558723538896071e-03,3.674404756156714972e-03,3.618232410268675675e-03,3.720337981858910358e-03,3.587313722366173348e-03,3.652055510817507188e-03,3.621667077873079368e-03,3.730999462914184883e-03,3.778066142977684009e-03,3.603427308459051029e-03,3.623496358574684190e-03,3.605919656136616792e-03,3.653891625690348748e-03,3.657265380726431106e-03,3.697467844095577143e-03,3.700476344125429393e-03,3.633335454062907189e-03,3.586245228101274472e-03,3.689980489285010767e-03,3.766286045667718071e-03,3.705285752785875738e-03,3.569398168280667281e-03,3.637315076730024584e-03,3.565023007476187267e-03,3.605911577945479073e-03,3.661757958384667926e-03,3.712557259794164923e-03,3.765202701459321229e-03,3.650939550390704981e-03,3.583490841677774725e-03,3.821921484522381243e-03,3.734558534860473854e-03,3.663214265695865189e-03,3.682087387985395668e-03,3.860236516633123397e-03,3.572297284084881806e-03,3.640548092336486075e-03,3.583352244450440944e-03,3.735753703861438828e-03,3.671536252690193840e-03,3.599174711045404103e-03,3.721816087223463448e-03,3.766385474423138060e-03,3.632821201092427052e-03,3.715756646300919213e-03,3.749125245496790285e-03,3.714455568436616107e-03,3.579725050583193197e-03,3.603023543692619474e-03,3.612787525309697767e-03,3.453899176825379717e-03,3.693032020418404986e-03,3.697894852152707086e-03,3.586147250465835171e-03,3.739255346265308450e-03,3.633001752750646823e-03,3.655431789581932173e-03,3.621795578312479204e-03,3.746164302301973562e-03,3.634562328155010145e-03,3.684486777212972637e-03,3.695169625559925793e-03,3.676061184748617011e-03,3.603139864618561203e-03,3.661038299905116939e-03,3.677680365453247103e-03,3.700227322609715361e-03,3.842207211240894829e-03,3.695371142000058659e-03,3.623345352604675964e-03,3.664813859416400296e-03,3.683514257843958136e-03,3.778448503377434577e-03,3.602851968136787115e-03,3.583040992130236482e-03,3.621483382071573592e-03,3.657573808743009094e-03,3.696458616380606833e-03,3.582497965601571382e-03,3.553755918457125046e-03,3.586765989022446845e-03,3.635283389727630380e-03,3.530175779366819758e-03,3.586140749096876357e-03,3.750075811525959129e-03,3.767805000395798784e-03,3.547373374042879501e-03,3.760675915382765896e-03,3.674158782048541228e-03,3.742344313721555123e-03,3.737412178503477910e-03,0.000000000000000000e+00,3.627635241334711477e-03,3.757686932751301209e-03,3.664366293928353942e-03,3.610304580115552327e-03,3.665732937888012584e-03,3.585123853058585965e-03,3.732929252338027925e-03,3.690418155180220233e-03,3.757771547961893770e-03,3.596425006791724617e-03,3.684058437063220288e-03,3.677698404530016767e-03,3.608842308932683814e-03,3.637017536002477413e-03,3.679570107679770979e-03,3.688741772120492698e-03
3.726691181980464410e-03,3.544472796672330436e-03,3.732223144477503536e-03,3.647217226671620183e-03,3.645577815224284885e-03,3.647885446381102237e-03,3.655295272974428897e-03,3.740552626198553800e-03,3.616555197699373829e-03,3.714123311252270215e-03,3.607420180261581340e-03,3.698632657562557231e-03,3.732791999291033228e-03,3.589223824220396687e-03,3.574252909807131093e-03,3.736746191826431033e-03,3.681483151527490359e-03,3.656760677820840473e-03,3.562160430301183119e-03,3.775869712341002431e-03,3.620296669716014260e-03,3.662710546334363611e-03,3.677296083176725527e-03,3.763600151845033267e-03,3.677546050700164406e-03,3.525313885026150861e-03,3.653337380892110377e-03,3.695560193853806349e-03,3.643524466948300754e-03,3.735244839665477316e-03,3.706150044120248323e-03,3.678777458319833302e-03,3.647005213490316176e-03,3.633458516585736427e-03,3.693058841193304614e-03,3.705319289805717071e-03,3.656579873814580668e-03,3.669810716195920624e-03,3.629575709860547849e-03,3.659664307389926853e-03,3.720781696302935277e-03,3.703021658352254140e-03,3.643325935340687490e-03,3.556525888804449361e-03,3.757927998496352322e-03,3.635954505323532419e-03,3.636588855834944640e-03,3.591950248899320429e-03,3.695152300013034973e-03,3.609016010689084213e-03,3.552877557322463211e-03,3.629282552332006254e-03,3.754612152910561437e-03,3.661791573351642383e-03,3.654081273470455478e-03,3.671186487360002509e-03,3.612080243132372893e-03,3.719940691851910536e-03,3.651155268086753430e-03,3.675591711003396104e-03,3.727808840117007201e-03,3.698564568760993702e-03,3.628558800130803671e-03,3.699257777100231886e-03,3.592638936048391570e-03,3.649890934619762911e-03,3.700092739745009483e-03,3.762627312574543231e-03,3.624698114521008978e-03,3.637781353041189252e-03,3.628780387090285459e-03,3.757219994663756318e-03,3.740042125076770835e-03,3.551911285431896912e-03,3.639762743863169357e-03,3.776920936123783108e-03,3.610274929129034683e-03,3.769696249098240630e-03,3.541195093162858524e-03,3.705767197100695576e-03,3.612130655950942723e-03,3.615650409676471333e-03,3.601232951882453719e-03,3.555115750995412743e-03,3.772072181182918073e-03,3.639924676825957370e-03,3.620204978608689006e-03,3.628717068153028847e-03,3.695186593489523628e-03,3.657786740362014427e-03,3.687440861641565117e-03,3.642377055752793035e-03,3.664613804824944261e-03,3.588973079739815521e-03,3.573152707915126704e-03,3.707330292611855753e-03,3.705765528024809394e-03,3.674008892756549984e-03,3.684168328886280874e-03,3.573396167527817958e-03,3.565322965767772721e-03,3.677755644082764553e-03,3.543693662706806202e-03,3.659350460789406213e-03,3.624306450079264972e-03,3.694462284511420419e-03,3.660141568825965499e-03,3.663894618739955544e-03,3.493309358648540551e-03,3.678340862750000776e-03,3.737372720718612484e-03,3.687349211485268889e-03,3.691892236320599811e-03,3.616974099021937148e-03,3.680347715680125885e-03,3.711944414946074036e-03,3.725031962759310818e-03,3.670487504978496573e-03,3.624801908399056041e-03,3.755285571043953143e-03,3.687746958124558418e-03,3.669538643643268858e-03,3.677187872545599305e-03,3.629649749896405805e-03,3.672868423549417900e-03,3.599345847111203554e-03,3.581147669407118515e-03,3.744336741502783672e-03,3.525533891924276589e-03,3.530291490871429079e-03,3.669327246861038994e-03,3.633280708923282074e-03,3.738558392460171464e-03,3.692557685316622419e-03,3.642748342486997002e-03,3.749230701654596935e-03,3.586300419597501440e-03,3.614215349627193565e-03,3.618967422365971468e-03,3.717974841508079990e-03,3.601864256358653683e-03,3.593812262923204524e-03,3.607535890044760805e-03,3.582693782796376406e-03,3.645915634808486166e-03,3.584645280210305932e-03,3.701141724201619052e-03,3.602112334447797777e-03,3.864022658625522553e-03,3.641434467431192527e-03,3.752386336748680939e-03,3.682016919931078124e-03,3.710403164824274160e-03,3.654650963681915256e-03,3.655933112227185977e-03,3.726291380598106481e-03,3.705398812966713851e-03,3.742580286467316573e-03,3.653050442985174284e-03,3.639390570647720643e-03,3.803286604429327675e-03,3.643279626926263209e-03,3.708691386487276281e-03,3.685655526041385285e-03,3.764675023367644938e-03,3.640932099634824632e-03,3.614816945127637907e-03,3.670378996684556683e-03,3.627555170570113344e-03,3.696584574267453623e-03,3.621939398655193727e-03,3.537765799128992153e-03,3.758499082912881636e-03,3.702083635738328410e-03,3.664924903721528994e-03,3.627635241334711477e-03,0.000000000000000000e+00,3.614127916217336339e-03,3.739027716022659369e-03,3.729228500281266730e-03,3.679365422696537040e-03,3.703425260227383251e-03,3.661634271195487924e-03,3.633888357529743273e-03,3.704095126461405714e-03,3.592188114563986401e-03,3.724980155426059307e-03,3.656880706493599240e-03,3.623603336532223509e-03,3.790048033787343437e-03,3.700894863180898432e-03,3.608250589874110840e-03
3.564887651338711355e-03,3.652905949529094802e-03,3.619768970688001970e-03,3.495890296712474230e-03,3.625247409721650983e-03,3.561441595801370739e-03,3.703599142093307733e-03,3.591001924442127798e-03,3.644329371576892490e-03,3.622558509855355532e-03,3.733648037177763040e-03,3.729515671469642562e-03,3.611628699886874991e-03,3.621141513225074882e-03,3.645430278291480423e-03,3.760904122870247206e-03,3.643716914845847483e-03,3.697257692469983498e-03,3.668686612393287551e-03,3.524794199051593281e-03,3.782533545848329459e-03,3.645200566030319320e-03,3.609991772076247881e-03,3.586573638333043559e-03,3.682054596883959068e-03,3.805653616856976076e-03,3.682682223761126871e-03,3.721582714793189237e-03,3.693540594833996660e-03,3.705100730411996311e-03,3.786224725681563812e-03,3.651101805303642693e-03,3.618881554714014313e-03,3.526705523020770561e-03,3.802256017364268829e-03,3.595795172899893342e-03,3.604126407798849841e-03,3.703013697609659066e-03,3.774743733945453567e-03,3.636575962263107267e-03,3.759165946840129380e-03,3.702343659216916164e-03,3.702594654014032625e-03,3.685004283965476971e-03,3.645389269422377818e-03,3.630097295070986406e-03,3.733830622080284468e-03,3.571149943554783376e-03,3.715306912833786675e-03,3.780277925865144391e-03,3.648426717852284746e-03,3.730147726816074837e-03,3.669478403903722857e-03,3.589957738552133903e-03,3.579781759155116570e-03,3.624327236310623951e-03,3.775287533385833331e-03,3.707465589057123891e-03,3.701587161051350747e-03,3.627524268651394559e-03,3.599867695482927843e-03,3.588675565483230058e-03,3.602765679286128609e-03,3.655484810316377009e-03,3.699915281028216558e-03,3.656919568275884911e-03,3.512073284074627641e-03,3.607961729668434422e-03,3.704288903202714468e-03,3.756702725699550584e-03,3.653102803520849335e-03,3.655910516673308366e-03,3.722951342608865708e-03,3.668327670841042311e-03,3.662187834087513374e-03,3.609531942277920211e-03,3.596919304342938942e-03,3.647856994627284716e-03,3.748209001743749418e-03,3.590168605460635539e-03,3.621208667642431250e-03,3.736021054226031611e-03,3.737121935753168894e-03,3.640662065728647590e-03,3.619925204432747606e-03,3.736704824747511151e-03,3.721486257960560009e-03,3.709007782689907520e-03,3.675414892521922799e-03,3.640536429848400136e-03,3.683023386069864558e-03,3.568769184841745924e-03,3.667854617312574228e-03,3.732382427888494836e-03,3.642264099502448473e-03,3.644817562865092925e-03,3.617767364717564341e-03,3.567125386976881078e-03,3.659556217968238951e-03,3.708856238803929714e-03,3.593733603663145076e-03,3.732004265867362985e-03,3.687858085503888279e-03,3.648572167604024943e-03,3.694607757059774605e-03,3.830229502568632208e-03,3.717747701351334626e-03,3.696914721174292956e-03,3.502722448219204587e-03,3.696508705374682100e-03,3.700319399600378485e-03,3.645626059151853022e-03,3.622624960212976475e-03,3.613919331968909986e-03,3.673581378623899142e-03,3.583638268643241868e-03,3.584591471315868097e-03,3.751287629499797192e-03,3.695260957966407713e-03,3.662168820214613176e-03,3.554716825485082499e-03,3.569170493254161022e-03,3.716463209262065720e-03,3.572595461908896573e-03,3.806731540813623315e-03,3.717309229133628542e-03,3.738295011196113033e-03,3.693504643841561026e-03,3.704313271953547232e-03,3.718712855116453227e-03,3.734821737616546115e-03,3.609841146076853222e-03,3.616702773264942813e-03,3.752807973860560267e-03,3.703764074605730029e-03,3.582374671162400544e-03,3.683211309900531055e-03,3.648557841669190695e-03,3.677825376655142423e-03,3.709471812316688082e-03,3.664936969584814061e-03,3.676284152646653713e-03,3.679360561972304204e-03,3.619201353172396551e-03,3.755028744563128264e-03,3.745172804258795583e-03,3.697744098673111553e-03,3.681881734342216505e-03,3.615939667571362644e-03,3.628757724303066558e-03,3.692148912516086696e-03,3.552095794501605036e-03,3.536651622229322785e-03,3.632562577438598009e-03,3.647947974433446601e-03,3.567243122728699489e-03,3.631543120751473588e-03,3.558925551977881914e-03,3.617619798592726539e-03,3.767103332379373969e-03,3.654783883100544938e-03,3.673701867291946730e-03,3.603443596691698666e-03,3.549161036712961126e-03,3.808790919266375526e-03,3.566483906411544846e-03,3.613868371220906994e-03,3.675585859134268378e-03,3.645892265179070512e-03,3.707370380155576919e-03,3.620452424850220674e-03,3.613391141944940262e-03,3.694542464268641638e-03,3.623865751636043755e-03,3.571079372502054816e-03,3.757686932751301209e-03,3.614127916217336339e-03,0.000000000000000000e+00,3.678903577092342524e-03,3.606980809049547491e-03,3.683196457535035592e-03,3.668008811004206011e-03,3.681551061590169517e-03,3.686985306092599880e-03,3.730032864141557235e-03,3.659899761505020811e-03,3.612252622866946213e-03,3.722406792582332383e-03,3.588580097507095782e-03,3.695084000324687715e-03,3.746588685681762586e-03,3.701826483203266537e-03
3.677275888204143296e-03,3.657299738227424209e-03,3.804267634673577647e-03,3.619625562729725677e-03,3.624049005888541237e-03,3.696141237105955539e-03,3.649224839792555766e-03,3.637509943587231929e-03,3.624251647063449905e-03,3.697793444714852183e-03,3.714750806199648443e-03,3.526620324142032935e-03,3.765108315039161942e-03,3.571714825570417723e-03,3.662058023672718453e-03,3.588859836423843614e-03,3.645375708821968746e-03,3.739510237841639755e-03,3.649700344474811169e-03,3.582855335432824553e-03,3.598112874280276745e-03,3.765629679603227798e-03,3.672173430219381751e-03,3.717677608027685886e-03,3.793247380913137862e-03,3.792312189608900569e-03,3.602458806136448616e-03,3.673104929190916870e-03,3.734679959637936253e-03,3.709281095549671944e-03,3.606175401142773605e-03,3.635441954836021120e-03,3.580424318512928725e-03,3.573641017445432482e-03,3.712932649665200060e-03,3.668555225927545328e-03,3.672452639322987007e-03,3.725458003552669511e-03,3.712874007062828309e-03,3.703642065976497314e-03,3.570262996423454859e-03,3.686823227058203499e-03,3.734716161188234105e-03,3.671547786138353898e-03,3.746026602898470687e-03,3.674717040167533883e-03,3.712937703948824501e-03,3.539766647863423678e-03,3.707866584691132082e-03,3.620436146326039273e-03,3.575365690821087454e-03,3.737011619452626499e-03,3.587383427926288133e-03,3.713922147340306765e-03,3.652656784736500392e-03,3.661885993220547180e-03,3.634346263941412667e-03,3.704633248019548620e-03,3.685488101300357210e-03,3.684545514255936887e-03,3.583601132016459891e-03,3.659507473467436909e-03,3.738884119043291761e-03,3.635954182763429226e-03,3.631286439038014340e-03,3.761599883393483817e-03,3.636751977215459727e-03,3.738603430394485307e-03,3.781966943454664540e-03,3.652558400845035743e-03,3.619856993764398317e-03,3.638923661303621743e-03,3.722269974527561785e-03,3.718366084471854717e-03,3.683309912244222065e-03,3.575300344790676484e-03,3.722287543839254784e-03,3.669871407557272116e-03,3.723417444404453474e-03,3.809967517171917312e-03,3.627652747407535041e-03,3.668535410948777723e-03,3.644659362765340950e-03,3.710714094906173138e-03,3.672842770660941260e-03,3.625833762549674627e-03,3.641709572797593563e-03,3.595663745599632193e-03,3.699888731055383032e-03,3.658856947067659800e-03,3.586862574408447579e-03,3.625818464936788124e-03,3.673974659704544454e-03,3.805830605967442520e-03,3.649989643312072200e-03,3.679669234940026196e-03,3.558216936954166493e-03,3.594049423218115703e-03,3.645512763685891926e-03,3.672987347319054980e-03,3.504693745613800433e-03,3.598501959932186300e-03,3.760074791204972167e-03,3.621160825820211697e-03,3.741009601087106739e-03,3.662347734168360045e-03,3.598972351315091796e-03,3.698524503028806452e-03,3.589922299532929007e-03,3.758257030776738887e-03,3.680065524669809494e-03,3.688066782569406673e-03,3.756800559230785621e-03,3.585879163012324275e-03,3.778095330256336579e-03,3.602900610847483299e-03,3.721526328519836942e-03,3.632323588834661821e-03,3.647910389087135642e-03,3.594666152982966840e-03,3.631636215990305654e-03,3.787545774788741645e-03,3.631815022923589719e-03,3.781941403314539787e-03,3.603147636898919141e-03,3.576933904264288470e-03,3.700967297093097404e-03,3.583480846926678960e-03,3.607428079592304299e-03,3.754117765019488687e-03,3.695640114942658292e-03,3.674335949535189987e-03,3.534316579039628332e-03,3.780734790604867602e-03,3.656932227328291932e-03,3.697236869456087000e-03,3.580828974683115343e-03,3.616499356295614122e-03,3.605613378488070446e-03,3.801635006987990305e-03,3.744669127058480439e-03,3.716509683985780126e-03,3.570083810727602176e-03,3.599688254019440658e-03,3.552786566430143293e-03,3.639724017172018145e-03,3.699426194223677088e-03,3.689497357808847137e-03,3.707765985136462876e-03,3.522673275582540765e-03,3.698100289575450596e-03,3.665222335359761760e-03,3.573095816770712353e-03,3.634092942825883129e-03,3.566413873657619388e-03,3.632498713975938331e-03,3.623631269400508833e-03,3.668407691957762187e-03,3.674050126932734174e-03,3.703906734003023157e-03,3.673856882694057687e-03,3.655690167412362686e-03,3.644736884919479256e-03,3.769166738620263052e-03,3.670431896066997986e-03,3.634190740103382042e-03,3.613914552086058048e-03,3.634154883228981388e-03,3.566120386934923218e-03,3.602632483217353861e-03,3.449962846947459208e-03,3.616917539403538204e-03,3.603989602246288580e-03,3.710567358329812555e-03,3.829222416200114918e-03,3.664366293928353942e-03,3.739027716022659369e-03,3.678903577092342524e-03,0.000000000000000000e+00,3.634471152093496013e-03,3.611088117630142317e-03,3.592156064962988109e-03,3.620370621024143493e-03,3.647212669301810092e-03,3.748802733028902198e-03,3.606203882895024117e-03,3.808513843952765661e-03,3.701977628592909887e-03,3.596829421187877716e-03,3.674580381014171809e-03,3.649410182185518041e-03,3.526244089725999627e-03
3.762617694269363572e-03,3.617756025700809720e-03,3.572321319746138250e-03,3.701029608875138453e-03,3.581770298018096925e-03,3.631271092046684662e-03,3.685737174132844990e-03,3.651424530525802445e-03,3.777183150488312279e-03,3.745408948243693185e-03,3.675022995610800845e-03,3.690055419216410094e-03,3.756455482776904081e-03,3.652856028100519639e-03,3.663757826013594454e-03,3.683511143859582657e-03,3.748649526832130170e-03,3.656911566219509750e-03,3.658867027829989724e-03,3.706971130066835218e-03,3.592025703052868953e-03,3.710209176866458448e-03,3.675319641192085780e-03,3.664122513651291331e-03,3.698247046217876307e-03,3.765973194786289679e-03,3.689909055073211513e-03,3.601676137922771997e-03,3.714333527264634949e-03,3.692943282998805126e-03,3.617205055945265420e-03,3.756626381611176142e-03,3.591589512480105727e-03,3.693692435513074111e-03,3.629386523073359003e-03,3.736973196994983031e-03,3.652776501239018113e-03,3.729052114921077056e-03,3.618804621932854380e-03,3.630526692708306753e-03,3.644187536423815644e-03,3.708870276892614701e-03,3.609720881203799889e-03,3.732548786637997825e-03,3.634787076672787911e-03,3.641908982817987708e-03,3.665949678678284522e-03,3.602767623145491580e-03,3.626034031132243252e-03,3.799408418462413804e-03,3.741651347509092167e-03,3.715120211008796514e-03,3.698218370503451782e-03,3.663175736943140044e-03,3.699622923731089950e-03,3.572315213437990324e-03,3.721971091009944072e-03,3.736256169085433020e-03,3.715625131010157327e-03,3.600973194465690447e-03,3.706502975455364026e-03,3.712370459868239402e-03,3.748673852088753831e-03,3.745041205648392147e-03,3.606327617489216326e-03,3.761862286848006217e-03,3.709669854082605495e-03,3.689291907985453676e-03,3.594122755294702157e-03,3.646158699566257825e-03,3.717747829100241565e-03,3.717000033634249283e-03,3.593136803435630338e-03,3.719396493179433303e-03,3.564196748835988388e-03,3.620939097674833167e-03,3.630720776958616409e-03,3.633977763495011611e-03,3.756418294045429582e-03,3.548114212687073030e-03,3.571354075938283114e-03,3.587266196045103741e-03,3.495383692964963967e-03,3.571540038391038830e-03,3.629807461159927171e-03,3.638039739697054072e-03,3.656115060642901437e-03,3.490950710893385434e-03,3.665644150532766828e-03,3.586702034295434320e-03,3.679324165818619128e-03,3.669724422137776200e-03,3.653072868385510898e-03,3.607768477061830056e-03,3.646629062685114667e-03,3.659763889795972919e-03,3.690996313706640733e-03,3.736392620551849328e-03,3.582687926910930153e-03,3.777558145158995372e-03,3.607424044634643771e-03,3.704771347670140873e-03,3.601006056456296147e-03,3.721884513777673140e-03,3.696037348893152323e-03,3.606585494272532451e-03,3.661776994828356679e-03,3.576692341368728229e-03,3.605480467398945819e-03,3.619348464781138586e-03,3.737418017640852484e-03,3.753016351152678627e-03,3.628505880638084342e-03,3.669244531469786474e-03,3.653580645328571418e-03,3.730120273134988115e-03,3.590443649506470762e-03,3.713164229581238270e-03,3.656452565426540798e-03,3.692568890586833685e-03,3.639261430421775450e-03,3.639411257506150899e-03,3.712385056212787367e-03,3.645998684803564670e-03,3.585119064690888823e-03,3.656740390177969265e-03,3.662715677465820403e-03,3.790064809626105414e-03,3.688037201222807860e-03,3.671629134956338678e-03,3.607629870834237838e-03,3.724067548042981832e-03,3.704718227688070728e-03,3.710609784955211203e-03,3.616952865944374467e-03,3.664905649142238212e-03,3.640742214503070884e-03,3.666235434865408333e-03,3.679051290074307045e-03,3.544754602389673954e-03,3.518003333891531192e-03,3.603447167849958398e-03,3.587380894601440492e-03,3.663554099912627506e-03,3.691237912202588196e-03,3.686541889038127615e-03,3.658178132794946691e-03,3.608817755444815919e-03,3.638745717176775085e-03,3.661912261975349206e-03,3.728273331325960855e-03,3.621017641151457692e-03,3.696385361959255919e-03,3.556558455634966417e-03,3.804129800146536112e-03,3.499014143790651205e-03,3.756967942879563867e-03,3.704856307684761645e-03,3.614262155845112453e-03,3.646757562167934636e-03,3.621197228605211628e-03,3.554620951401424311e-03,3.731160864723193516e-03,3.620380617693049353e-03,3.565976662443596720e-03,3.807813210852983247e-03,3.680270109274574441e-03,3.731544551570248076e-03,3.661505118759320315e-03,3.628638905503534570e-03,3.720400089337572505e-03,3.641403233906253829e-03,3.650472415214094969e-03,3.639443838221865200e-03,3.559610084544568773e-03,3.610304580115552327e-03,3.729228500281266730e-03,3.606980809049547491e-03,3.634471152093496013e-03,0.000000000000000000e+00,3.747210696087979308e-03,3.702549384834141841e-03,3.696225734261783351e-03,3.550846677638573590e-03,3.646513739424776281e-03,3.674788134743928267e-03,3.582053139513568640e-03,3.624983296747502897e-03,3.668921890673773785e-03,3.779357808440640069e-03,3.651523365714634626e-03,3.722206804929644678e-03
3.657349647454146129e-03,3.659882100590740317e-03,3.614351768639493655e-03,3.638906071718790106e-03,3.660854803378086556e-03,3.692870643497224263e-03,3.653487150824944081e-03,3.689240778634175679e-03,3.714317846278874635e-03,3.695987993621277674e-03,3.643304151684305728e-03,3.585727805908996580e-03,3.675345165206961827e-03,3.733622380947968292e-03,3.755509948252812834e-03,3.676925820878637358e-03,3.698136104515446082e-03,3.726382974058315214e-03,3.667410385046350994e-03,3.648097487076404702e-03,3.645198384881253272e-03,3.701106809650973883e-03,3.671775498796264227e-03,3.560348297563451815e-03,3.584996719249642499e-03,3.844328089354377784e-03,3.617634802545390167e-03,3.652112111035690951e-03,3.711598754312358649e-03,3.638233078235776630e-03,3.565024525518007120e-03,3.670217141700769098e-03,3.569051265491863471e-03,3.714518324154333570e-03,3.736067847798943495e-03,3.608882206064781013e-03,3.607638824783358181e-03,3.589158285439138750e-03,3.742154086285979370e-03,3.591690490385786045e-03,3.612820953275925305e-03,3.607899546906433250e-03,3.630804021333305844e-03,3.629272415752032854e-03,3.567256431149281627e-03,3.610415766092018447e-03,3.589929387736110096e-03,3.617022021574868747e-03,3.585728083159293953e-03,3.670207592625855924e-03,3.704954356497615169e-03,3.689307601590575275e-03,3.588473662111793788e-03,3.575394964818355385e-03,3.620139156425215311e-03,3.700576598775562678e-03,3.693496413975460788e-03,3.605974152266423934e-03,3.672763904401275988e-03,3.681858598071253638e-03,3.699956874788732242e-03,3.642784866006518272e-03,3.665956797657839248e-03,3.584243129266448218e-03,3.669785266046417596e-03,3.786566440886138685e-03,3.699279990265002573e-03,3.592567200109813338e-03,3.643881422765524701e-03,3.729976634935147726e-03,3.706530006433709883e-03,3.728886091071602783e-03,3.580820303098402029e-03,3.648570201268028571e-03,3.651306399903634075e-03,3.649700163251980156e-03,3.652345874200262511e-03,3.639926799626162952e-03,3.630907570131017541e-03,3.610179184553015484e-03,3.775477607903833348e-03,3.755471291841658722e-03,3.703049561191053187e-03,3.737841839930339249e-03,3.745000493771353297e-03,3.723028909834469671e-03,3.687154727729248169e-03,3.656632052429536345e-03,3.603509694083435223e-03,3.765162942647648590e-03,3.657301630221046745e-03,3.660039374331105957e-03,3.647634387115003540e-03,3.738085385826454485e-03,3.739269081888635122e-03,3.677653675276153483e-03,3.600868497691968057e-03,3.718191700801991555e-03,3.561564390222777404e-03,3.683583197031110867e-03,3.635413111877844328e-03,3.664848975654448355e-03,3.684005571532303434e-03,3.718828901973710542e-03,3.596452768604424879e-03,3.626407468335910312e-03,3.718961310967821166e-03,3.675242599601181645e-03,3.657286853208733309e-03,3.664397589930752912e-03,3.622577753035450925e-03,3.593943092802895194e-03,3.641118167765227103e-03,3.619814289889888848e-03,3.691981896150388701e-03,3.571369723897831888e-03,3.699357548105329258e-03,3.624165639835891673e-03,3.710901227122235038e-03,3.608896904763530047e-03,3.624099788553900980e-03,3.660918708031128503e-03,3.619130782747315232e-03,3.610063492629059668e-03,3.577214757694426733e-03,3.622696095339088523e-03,3.771535910028410172e-03,3.630965780353786251e-03,3.772559751910847369e-03,3.679690077890021907e-03,3.620502066423522767e-03,3.596629122190596241e-03,3.602221487124762471e-03,3.547043759555479001e-03,3.580175929887570701e-03,3.611544077312981490e-03,3.731746106003081941e-03,3.710896118708555558e-03,3.684444324021481781e-03,3.696273561756243439e-03,3.617550823288076360e-03,3.695386494787489349e-03,3.802004742250777222e-03,3.666151856427404560e-03,3.605542422638482146e-03,3.670693932463869186e-03,3.617190326244404917e-03,3.709271855435845953e-03,3.665116806168519908e-03,3.662702416606478800e-03,3.737358473649669485e-03,3.682241655929559959e-03,3.732716601753480450e-03,3.779810706511351360e-03,3.641319619458065638e-03,3.569651498397744590e-03,3.666434097425332224e-03,3.670526196994953680e-03,3.629362224762199864e-03,3.591258480706582563e-03,3.590992702629780195e-03,3.649346017170700552e-03,3.706538448059324559e-03,3.745547658799669877e-03,3.707990083979498253e-03,3.643952001687875315e-03,3.564186348342538845e-03,3.720925117420822558e-03,3.539946004760073824e-03,3.605523040019169203e-03,3.742629011406961668e-03,3.732515142147455750e-03,3.582693656440566043e-03,3.612324109107640548e-03,3.579343718380994036e-03,3.665732937888012584e-03,3.679365422696537040e-03,3.683196457535035592e-03,3.611088117630142317e-03,3.747210696087979308e-03,0.000000000000000000e+00,3.560732454268497865e-03,3.696045681134754301e-03,3.812296922980597507e-03,3.735696842942355395e-03,3.868724606854748779e-03,3.652441299281495614e-03,3.708811607209715894e-03,3.673952897013424337e-03,3.643911627367376910e-03,3.710815545972073227e-03,3.756124678230623581e-03
3.813193826130508064e-03,3.689204943239383482e-03,3.550067145820631678e-03,3.712105368290217165e-03,3.629211953717076909e-03,3.617810281377523227e-03,3.648700230187248116e-03,3.654423368227100247e-03,3.683505100846909495e-03,3.703397831666255160e-03,3.641283305662590224e-03,3.694209265321352943e-03,3.696126171337361932e-03,3.731603928256853331e-03,3.624507339580601822e-03,3.757688243634737298e-03,3.704466020497423646e-03,3.652001796236723895e-03,3.721294336493089026e-03,3.592746393757253760e-03,3.589980855411117801e-03,3.676062761273878911e-03,3.617927723471643219e-03,3.734541130951628089e-03,3.663399443429151379e-03,3.551720071607391421e-03,3.776681554514084004e-03,3.661223573601667808e-03,3.650032186412112845e-03,3.626713061445756194e-03,3.557475821124257611e-03,3.657881152650741853e-03,3.759472213189072112e-03,3.634968287236574076e-03,3.767306995411113125e-03,3.635976520776215953e-03,3.690943505809151422e-03,3.716748028635248006e-03,3.663625205182364369e-03,3.711768787441701526e-03,3.704394268285981714e-03,3.714291249855707078e-03,3.621158738425890936e-03,3.704005629417655380e-03,3.778857071981344979e-03,3.651877960138836914e-03,3.664386353198668175e-03,3.810384562678242968e-03,3.631178678918357394e-03,3.626517054588487485e-03,3.611637505128073491e-03,3.605088225301571019e-03,3.676071213136144090e-03,3.720870653587506419e-03,3.580985621040925354e-03,3.600896746094806294e-03,3.521020593920054769e-03,3.779224870613004297e-03,3.638314446957758696e-03,3.611271533095276789e-03,3.627416791340935115e-03,3.649285975305352481e-03,3.667104367205583672e-03,3.629804783309270241e-03,3.635085204998816238e-03,3.718126445044173372e-03,3.791721962725829245e-03,3.697447912416228916e-03,3.612292441207167176e-03,3.783718171140587096e-03,3.748537565986240216e-03,3.716372495725196907e-03,3.671528038551512968e-03,3.649276378326239169e-03,3.607921584159676839e-03,3.687567120708204818e-03,3.678889536973457743e-03,3.600348872454302556e-03,3.536452789135736182e-03,3.645464694008700504e-03,3.709704499066149384e-03,3.713042451668212111e-03,3.547162014125501087e-03,3.518789645036837343e-03,3.561782125766905886e-03,3.567395013674543383e-03,3.558699479188122145e-03,3.592063467501585994e-03,3.703475418598086658e-03,3.637019813818644868e-03,3.815950178731633471e-03,3.613575865595519254e-03,3.663929610488108213e-03,3.594322003436762215e-03,3.558275502520320127e-03,3.670758728097493415e-03,3.632697611621962547e-03,3.591084632408873996e-03,3.652544228723735888e-03,3.751722980847184159e-03,3.680272873328956952e-03,3.639427226663946927e-03,3.599609470564574427e-03,3.681050686859458580e-03,3.696657726781223639e-03,3.574293005764386019e-03,3.730239899286894728e-03,3.579515706685564794e-03,3.700430341017805352e-03,3.756422824224311778e-03,3.765927611087618084e-03,3.572755257989124796e-03,3.601552448897485641e-03,3.600748251451802058e-03,3.614905875704886497e-03,3.669933541406075576e-03,3.711089963087372320e-03,3.611198336841748863e-03,3.702992530251773048e-03,3.603590304070441400e-03,3.665282130078674136e-03,3.512296797053470788e-03,3.672662296266618158e-03,3.746255190506341589e-03,3.659567725461896140e-03,3.547486937914817728e-03,3.565930252881321927e-03,3.627853897563509521e-03,3.719048309978040603e-03,3.591995540256149883e-03,3.643882660493788766e-03,3.697971851340095192e-03,3.601838244406744410e-03,3.712710541830454344e-03,3.806076948197803945e-03,3.588526775938059334e-03,3.653594378959084191e-03,3.630949423555868399e-03,3.639808206251007178e-03,3.678712703334251731e-03,3.650171708656100612e-03,3.587247107748095607e-03,3.626743852630743767e-03,3.579537860783258731e-03,3.770574917934553950e-03,3.651293989272130693e-03,3.688768004169321827e-03,3.678117879922621590e-03,3.605916636221151526e-03,3.820043589266485396e-03,3.658858556402850518e-03,3.656815152815178372e-03,3.716327741114168037e-03,3.677317201479106661e-03,3.734886153539675527e-03,3.658880023402672800e-03,3.612687708657726093e-03,3.763561843430001524e-03,3.744324884517685054e-03,3.717942084353867329e-03,3.624684756399664670e-03,3.596423438956339227e-03,3.752165163062932962e-03,3.699734222432718607e-03,3.681924027129240742e-03,3.694667152507698747e-03,3.780145880861310488e-03,3.635648350521954349e-03,3.569187176427125220e-03,3.598374040026506085e-03,3.796586417135118779e-03,3.604321735515399194e-03,3.643147655748719439e-03,3.636944243673662872e-03,3.649041428283492875e-03,3.585123853058585965e-03,3.703425260227383251e-03,3.668008811004206011e-03,3.592156064962988109e-03,3.702549384834141841e-03,3.560732454268497865e-03,0.000000000000000000e+00,3.683676590872656670e-03,3.737675861284313599e-03,3.663365169052260062e-03,3.575827839048740381e-03,3.667397076879195476e-03,3.798165984938233885e-03,3.688191932438923768e-03,3.693591932018695703e-03,3.770367959364502499e-03,3.604085932138335630e-03
3.590697098168835807e-03,3.817582599291192546e-03,3.616985254216885468e-03,3.603277379548805795e-03,3.630854579013132778e-03,3.698298702020441382e-03,3.706484476070015348e-03,3.702001249833043479e-03,3.682966397001725088e-03,3.580918698445362518e-03,3.674243516897926585e-03,3.686224244652206144e-03,3.651563979944501444e-03,3.632301527944390134e-03,3.578265476404792530e-03,3.666156037352245704e-03,3.708217899761292145e-03,3.539377268751085423e-03,3.707103493893798042e-03,3.616027182189746319e-03,3.677080734630657193e-03,3.718715322024060670e-03,3.695009802576906376e-03,3.655661638855721950e-03,3.644217012423706537e-03,3.643838117180209051e-03,3.651127666866134467e-03,3.669896965213389865e-03,3.714227388662788218e-03,3.648210359784650678e-03,3.746975945728858552e-03,3.675639177112389067e-03,3.677416408125820657e-03,3.522349367599871255e-03,3.655313711049606659e-03,3.700386593391149104e-03,3.657889761184357404e-03,3.668294016174594979e-03,3.637616417441328666e-03,3.647138173934155129e-03,3.691632049695908659e-03,3.644676575519222462e-03,3.669257248409365114e-03,3.642207493357554633e-03,3.570630657995038214e-03,3.618140305546428161e-03,3.699700995103854563e-03,3.624209750739067464e-03,3.738657408923582760e-03,3.709169158533714376e-03,3.731212728456315911e-03,3.625754551135531439e-03,3.584806098204213701e-03,3.750004759792013084e-03,3.623064450558999457e-03,3.644284729790221982e-03,3.631227723327723998e-03,3.654805713212821820e-03,3.700136190393065166e-03,3.666913835486864098e-03,3.659514879764610550e-03,3.640251445780669053e-03,3.585191387338382014e-03,3.783139279711604172e-03,3.673912618005896122e-03,3.697286271310310738e-03,3.717666821844412949e-03,3.686752196926471395e-03,3.641924869477160785e-03,3.751469782442110566e-03,3.778511501267176661e-03,3.713035387740799050e-03,3.643124199665997900e-03,3.604652461215007882e-03,3.683031735899398949e-03,3.806759154997088786e-03,3.720928618477727882e-03,3.609032396743939216e-03,3.744446990532358192e-03,3.656903164365086188e-03,3.671460089129103925e-03,3.663545516274303512e-03,3.682996576253230910e-03,3.583261787658386776e-03,3.733459667035603138e-03,3.723071698122331318e-03,3.614350740016932829e-03,3.721892525062894721e-03,3.610363515001537623e-03,3.683696445677761382e-03,3.750238651374671571e-03,3.786842555211291771e-03,3.681126416997141954e-03,3.646802066915325480e-03,3.668961247589371845e-03,3.659892050621821498e-03,3.590738116005959182e-03,3.715991768066276030e-03,3.649265144232331868e-03,3.683504598552817325e-03,3.636387481680000179e-03,3.593592017037549810e-03,3.595855268573241136e-03,3.654293236002928436e-03,3.619467515547764545e-03,3.573058720968111217e-03,3.702805886587699075e-03,3.553719144595515571e-03,3.621928437622705822e-03,3.600456191538931559e-03,3.731255639826990596e-03,3.736547055021884403e-03,3.617446416779322282e-03,3.704497379350523388e-03,3.701014242149342978e-03,3.715149192955091197e-03,3.585367011089083972e-03,3.598668738363159855e-03,3.679223823478827791e-03,3.645367439148823694e-03,3.647541546963244466e-03,3.550175084147933879e-03,3.643903307920154638e-03,3.625964912904688659e-03,3.654022573246192094e-03,3.613494565875550492e-03,3.744795828173184526e-03,3.505711014090522049e-03,3.718793360417292117e-03,3.629684870490753473e-03,3.578950507246941512e-03,3.691489736067383749e-03,3.541884462365886381e-03,3.670259007486610658e-03,3.647688848304436304e-03,3.660137563679371348e-03,3.700137542012784091e-03,3.546769472106482343e-03,3.677583335050382297e-03,3.556318679660910170e-03,3.656793348144051978e-03,3.628427260269296607e-03,3.675046331416907761e-03,3.618278643343474793e-03,3.605745030815489527e-03,3.643572695901027211e-03,3.630787911291379934e-03,3.694438744426796657e-03,3.652949009840089634e-03,3.814024655390841918e-03,3.704504712971208938e-03,3.660449800857501056e-03,3.728808550915854291e-03,3.636888327541968387e-03,3.773621977740756854e-03,3.688326297459599504e-03,3.640697607731490162e-03,3.656580529172125810e-03,3.566817070176184212e-03,3.726364769557480913e-03,3.791860116059816033e-03,3.691707256265343382e-03,3.600013975720321377e-03,3.664061636641867403e-03,3.652714780648138627e-03,3.677396172896497777e-03,3.614969067041319973e-03,3.724687991027330908e-03,3.644097916122672736e-03,3.615081918768425079e-03,3.700142717502741697e-03,3.750885481655149602e-03,3.762537378490756357e-03,3.680847977201045455e-03,3.522570521046835060e-03,3.732929252338027925e-03,3.661634271195487924e-03,3.681551061590169517e-03,3.620370621024143493e-03,3.696225734261783351e-03,3.696045681134754301e-03,3.683676590872656670e-03,0.000000000000000000e+00,3.690702278354630710e-03,3.656607938976601420e-03,3.700621680372752353e-03,3.686691157750206747e-03,3.660841890834386041e-03,3.716202686123148795e-03,3.601092970914021238e-03,3.588321286094535434e-03,3.598064236473894929e-03
3.540820376236741927e-03,3.663792866915207072e-03,3.626080571960109758e-03,3.646609316589265529e-03,3.615897472642001786e-03,3.502307239461174056e-03,3.665941081044031980e-03,3.592838072144026104e-03,3.769552805570043630e-03,3.797517522560954397e-03,3.554033449023817973e-03,3.561707570953148803e-03,3.710805636730054279e-03,3.677044440648867193e-03,3.675486681388459055e-03,3.640671887269896281e-03,3.709438205096182457e-03,3.691619208377177642e-03,3.797882944091322301e-03,3.613655555776175421e-03,3.707750254930640508e-03,3.645076880702870573e-03,3.580177282460673266e-03,3.648606618388145796e-03,3.660797085030754495e-03,3.668002919332950980e-03,3.649264592899089353e-03,3.632392823015984703e-03,3.695780179995127382e-03,3.754522835829299590e-03,3.514289213676843882e-03,3.748370327462401813e-03,3.649390105253826674e-03,3.676735668744897552e-03,3.716976672866950399e-03,3.573362488594832628e-03,3.577199152423775515e-03,3.591868324312049669e-03,3.803885925945532827e-03,3.604984167886124153e-03,3.634758007812273050e-03,3.498972343121141675e-03,3.760190470592306503e-03,3.677508167054261388e-03,3.757455942213256458e-03,3.624678139985589194e-03,3.492263541426228295e-03,3.696584928277745190e-03,3.623026018269324532e-03,3.584657622130411631e-03,3.674797873557408747e-03,3.712575709650653422e-03,3.636366735562052057e-03,3.699158164919638843e-03,3.492990398448955758e-03,3.591750909336790219e-03,3.619426021245237147e-03,3.606718083332786495e-03,3.643038000005982113e-03,3.666087290725116889e-03,3.672691379930986474e-03,3.625894358168178441e-03,3.651858674640739121e-03,3.676699760407842448e-03,3.689998890527390867e-03,3.650865956703157333e-03,3.778435381384652719e-03,3.510221813722579770e-03,3.655634024820850290e-03,3.665615403265075085e-03,3.676540496768557122e-03,3.683139489119667716e-03,3.634199128481376863e-03,3.549539317452235498e-03,3.613560293412351309e-03,3.813581112178530703e-03,3.579689794292105660e-03,3.659619030653621374e-03,3.648068447254766613e-03,3.690660265877054869e-03,3.652529735957829246e-03,3.635347683091837579e-03,3.707257334317467200e-03,3.671530451025308787e-03,3.636460673193666390e-03,3.600614933239333713e-03,3.655151308278468437e-03,3.745191986285977947e-03,3.613181827508607676e-03,3.637791191991960986e-03,3.680768964825771854e-03,3.598108148896962503e-03,3.615515493225811023e-03,3.659118977294833000e-03,3.621900429472212080e-03,3.596422909343825660e-03,3.612582063751072162e-03,3.690367552713181599e-03,3.691842984061903879e-03,3.654232884777981662e-03,3.702847824195684354e-03,3.690991759127687163e-03,3.721827828993569572e-03,3.678678853854395504e-03,3.562907092721575783e-03,3.689183430271503281e-03,3.793367950944958374e-03,3.646755295062202324e-03,3.622825370573775315e-03,3.628163416255796112e-03,3.580605220383518018e-03,3.636221946748357473e-03,3.711937164043771411e-03,3.712223233674493122e-03,3.651349444441077605e-03,3.678843598999570214e-03,3.605524459360542801e-03,3.606422801830022271e-03,3.678679839427656528e-03,3.702127464947465012e-03,3.695502758707561435e-03,3.597132641888972377e-03,3.469265507131397228e-03,3.677665451784424642e-03,3.647481368182310321e-03,3.503665108373382742e-03,3.703853932087014782e-03,3.618392007487192079e-03,3.752236275838381589e-03,3.681282966934403336e-03,3.709648994281039731e-03,3.779251656435634980e-03,3.561769105232200777e-03,3.623264020265771438e-03,3.680793418329515905e-03,3.692264923190867291e-03,3.854306665591037198e-03,3.680777772683379179e-03,3.707498757530906970e-03,3.721006331858208241e-03,3.754650628364260799e-03,3.527517286945110447e-03,3.618295928216014572e-03,3.530503540295173992e-03,3.763250826439010210e-03,3.693022578043905074e-03,3.740239699037457930e-03,3.673555268341022802e-03,3.784275596850779442e-03,3.641428455820364899e-03,3.636078236364226855e-03,3.675988750324616066e-03,3.602386248123309615e-03,3.703921838175237326e-03,3.762661496322950664e-03,3.718156575612632450e-03,3.567490409218478965e-03,3.772389377121597095e-03,3.688145024215891323e-03,3.603102027002079780e-03,3.693774359655754326e-03,3.679632456618616137e-03,3.602338492083087453e-03,3.745402213841335370e-03,3.749594023940800921e-03,3.562786328045297168e-03,3.652419224199216548e-03,3.609595116179449906e-03,3.697165292632935765e-03,3.659563279179294491e-03,3.799552697580273371e-03,3.610997173152932869e-03,3.618942952228774990e-03,3.738307242100369441e-03,3.645923947572248663e-03,3.690418155180220233e-03,3.633888357529743273e-03,3.686985306092599880e-03,3.647212669301810092e-03,3.550846677638573590e-03,3.812296922980597507e-03,3.737675861284313599e-03,3.690702278354630710e-03,0.000000000000000000e+00,3.798104451909018082e-03,3.703289950447607136e-03,3.720243352096847585e-03,3.781847400230516337e-03,3.881215631451797026e-03,3.618607492982203484e-03,3.699664544227656074e-03,3.549035450918928795e-03
3.614381661420762622e-03,3.622917889846756414e-03,3.595986665945743229e-03,3.630894092524806788e-03,3.644452759833998953e-03,3.663288706745993981e-03,3.668611918846453792e-03,3.696236611980434524e-03,3.672385704927209286e-03,3.571236782540275403e-03,3.673088673846376835e-03,3.795336293459909000e-03,3.757133469661113993e-03,3.554065423058251107e-03,3.552231358764589095e-03,3.722578020633474788e-03,3.775899998501747526e-03,3.514233403220380549e-03,3.608664374590874954e-03,3.616985914145149847e-03,3.672060550247266582e-03,3.733583367776530972e-03,3.561850685382668240e-03,3.559362682858722201e-03,3.634968291980814233e-03,3.796181802925166493e-03,3.643250066461832786e-03,3.649942794442659431e-03,3.744723789741908736e-03,3.677037067873814829e-03,3.565546683522351299e-03,3.573526339920740473e-03,3.597849537571847899e-03,3.594860349376914621e-03,3.725249951193982442e-03,3.586743044058002348e-03,3.623564930606118766e-03,3.680850934376898604e-03,3.730906967677926917e-03,3.592495024283731946e-03,3.662675972545804525e-03,3.638572632433827170e-03,3.653191257929627820e-03,3.770834203180384227e-03,3.661029601604246994e-03,3.586224822798454639e-03,3.634036769589296580e-03,3.643524310980524299e-03,3.692786923738585608e-03,3.587276871661438261e-03,3.604835299140103991e-03,3.595306297642541626e-03,3.624992221402449383e-03,3.657900841521055050e-03,3.657367960430449923e-03,3.625676773372448099e-03,3.603535340204049552e-03,3.645236763495489970e-03,3.676023858107527794e-03,3.617665948158328704e-03,3.720260340681732364e-03,3.700266839574395047e-03,3.584437221789868802e-03,3.675442635227121023e-03,3.626936916543313776e-03,3.669241051639629374e-03,3.717492002038560485e-03,3.629786447710307926e-03,3.630461390234695877e-03,3.702353639697905565e-03,3.660801253625407120e-03,3.655226463275180939e-03,3.851161366252528820e-03,3.700899712981412307e-03,3.621808015821326252e-03,3.674822878200654456e-03,3.619830753378975620e-03,3.662286394343625302e-03,3.672994988237935233e-03,3.566197615571126307e-03,3.688945269229323195e-03,3.790496764500027923e-03,3.625528406478856474e-03,3.590251705639221566e-03,3.755766811118089153e-03,3.560646431107345345e-03,3.694614042771536024e-03,3.788374994197036064e-03,3.750458791766124803e-03,3.802484187101742158e-03,3.615208319043402771e-03,3.640168726744965038e-03,3.607610950410543044e-03,3.697177235248917844e-03,3.691889063398677649e-03,3.654215917285083114e-03,3.625785680261591707e-03,3.750485596929244766e-03,3.581902518833683571e-03,3.784773741634771347e-03,3.543131700192000012e-03,3.685036881160463212e-03,3.643288308837696037e-03,3.755179916764937818e-03,3.687609620666247676e-03,3.584515424599722493e-03,3.753744349126754681e-03,3.765460649263803732e-03,3.556541850710685359e-03,3.721006927776640029e-03,3.589403246258675035e-03,3.614672732427767939e-03,3.652346548054993640e-03,3.478823174197089724e-03,3.700787132562467600e-03,3.587255860660357783e-03,3.644378449529368357e-03,3.747825881702865434e-03,3.679428867387139323e-03,3.631673512688140398e-03,3.628643482372671293e-03,3.576668269495018610e-03,3.624618000295342334e-03,3.647894449927231806e-03,3.661957106436952106e-03,3.588762696818108971e-03,3.709966674528648953e-03,3.538786927509502724e-03,3.606652949243649084e-03,3.691277409256408029e-03,3.703672422281247597e-03,3.587514003933157166e-03,3.729878921793498142e-03,3.666298378285975587e-03,3.611794916664397368e-03,3.647075738230001491e-03,3.602191409997910002e-03,3.611463345810034340e-03,3.739057324292669165e-03,3.737275559843837060e-03,3.666196693953539202e-03,3.751324305121174745e-03,3.746527934026985026e-03,3.657722095075375060e-03,3.637818690288051673e-03,3.699500739628331768e-03,3.625916692757791965e-03,3.554074218237276723e-03,3.694743042172396550e-03,3.703289478043962288e-03,3.777154301107408987e-03,3.664077458857095074e-03,3.640957664904867063e-03,3.699486906503289194e-03,3.598552828137685251e-03,3.651867744494192471e-03,3.578000003337987022e-03,3.697155343973799677e-03,3.691769572388220715e-03,3.691317789804150849e-03,3.743643250386798592e-03,3.708637972424079499e-03,3.649046288057365261e-03,3.775879711791314038e-03,3.727199699340468398e-03,3.614180377523677073e-03,3.761657486800774018e-03,3.607252977447416003e-03,3.676890173588368439e-03,3.584512581471775011e-03,3.668932829184992118e-03,3.594859901923467497e-03,3.661039280304365269e-03,3.677833898352570862e-03,3.656810489192602147e-03,3.757771547961893770e-03,3.704095126461405714e-03,3.730032864141557235e-03,3.748802733028902198e-03,3.646513739424776281e-03,3.735696842942355395e-03,3.663365169052260062e-03,3.656607938976601420e-03,3.798104451909018082e-03,0.000000000000000000e+00,3.657129687636747738e-03,3.614636243077585034e-03,3.744738961818707204e-03,3.679722925482099231e-03,3.646914614926322767e-03,3.782827228618186339e-03,3.644828535209437229e-03
3.553306532114942819e-03,3.764570880355029830e-03,3.690624131175023522e-03,3.592480142012586912e-03,3.689986834736352656e-03,3.731080508106590123e-03,3.645328762259886050e-03,3.647366976366957746e-03,3.695122277048482149e-03,3.764557487740427446e-03,3.690807203230104562e-03,3.653644679894598683e-03,3.563408074600888948e-03,3.749078967219255949e-03,3.722277235010804184e-03,3.571029852626382561e-03,3.650440939447952612e-03,3.600764095952659234e-03,3.568600411029002831e-03,3.606256989618973532e-03,3.667410713471653573e-03,3.657670256607347802e-03,3.679837112751570705e-03,3.615282875980080617e-03,3.633501095100731028e-03,3.663490732135015523e-03,3.610722667357606479e-03,3.569575761260895212e-03,3.687343112097783791e-03,3.589785391592907257e-03,3.582746610168182407e-03,3.570520501797340863e-03,3.794894591803207179e-03,3.695877125893329805e-03,3.775682256102300648e-03,3.611442540205004725e-03,3.615466788499263184e-03,3.655482416162426831e-03,3.598813052677088571e-03,3.689911908931220799e-03,3.733448888142543338e-03,3.672406730270022426e-03,3.709009232741308955e-03,3.527685502581666844e-03,3.559655719458363222e-03,3.838796066029657658e-03,3.521935232058180740e-03,3.586474151811681367e-03,3.579650177886848673e-03,3.747329787503505313e-03,3.819381087995266620e-03,3.649288072872992894e-03,3.756272493375971324e-03,3.728086982858484083e-03,3.614427701620191117e-03,3.579223956650486559e-03,3.700504272523658014e-03,3.665627731095685588e-03,3.676848015610988552e-03,3.628262031418843375e-03,3.624833705141915392e-03,3.680408235163695838e-03,3.631088346152743385e-03,3.606029923703464590e-03,3.645270469166701516e-03,3.797495999257252588e-03,3.717950331249844642e-03,3.696039675575908071e-03,3.642394110584576405e-03,3.533813443427858466e-03,3.628555475665894148e-03,3.623655320307134046e-03,3.638839415710888505e-03,3.748110452809296812e-03,3.725455345659095443e-03,3.510535934053622600e-03,3.681109837843573283e-03,3.654843886537891776e-03,3.629677923276693370e-03,3.868946273267207317e-03,3.650910815448841964e-03,3.726491006549181948e-03,3.717618114244456567e-03,3.686489427700723621e-03,3.620498398913566881e-03,3.769148726525122558e-03,3.652748280536115971e-03,3.696681701828331400e-03,3.669598685526035721e-03,3.589252079992182390e-03,3.670191863339708482e-03,3.735455505504567397e-03,3.615525418317537803e-03,3.679581374615768005e-03,3.746665574617725515e-03,3.709313210290924971e-03,3.644673073188439000e-03,3.593677261483945590e-03,3.681096752228692551e-03,3.730106808477903074e-03,3.597501048756960185e-03,3.555338565513374745e-03,3.716814346129476351e-03,3.679063568115539633e-03,3.640914707981200010e-03,3.817800023789824811e-03,3.710882774366812843e-03,3.626830706201017961e-03,3.649540405473801399e-03,3.682610775279495773e-03,3.683640729919350834e-03,3.782600501438056553e-03,3.649372662306194816e-03,3.739998811102747487e-03,3.547132499746745871e-03,3.574771591887377243e-03,3.643375721391871064e-03,3.809331155768038227e-03,3.725116769756023783e-03,3.694039720664207219e-03,3.586604641340091024e-03,3.667195473549088661e-03,3.597123278094712870e-03,3.719174970850838528e-03,3.669249309389702521e-03,3.730485119643161228e-03,3.763604993225831696e-03,3.589611870333439796e-03,3.628962361109904899e-03,3.539180898278138782e-03,3.669677019961226343e-03,3.633014953193831106e-03,3.714139267901743740e-03,3.524908504485036852e-03,3.666026613388211931e-03,3.709448001320368032e-03,3.711788019075959282e-03,3.793176989449154653e-03,3.647728290036910976e-03,3.604341989945230879e-03,3.605279012404418067e-03,3.634599711844691775e-03,3.637577500254572486e-03,3.729019783073836761e-03,3.563759337545761852e-03,3.701451897846346015e-03,3.670293967339509529e-03,3.710516101112525979e-03,3.643579593338182061e-03,3.657768138994524701e-03,3.792754273123600736e-03,3.675790163909501383e-03,3.692982919406713558e-03,3.673494372762192879e-03,3.552836952517048064e-03,3.541994106842842431e-03,3.709523058670401163e-03,3.620615636168057674e-03,3.647865392290277221e-03,3.725968152579067078e-03,3.553888672052635169e-03,3.618146377840852825e-03,3.736776400285675079e-03,3.590906147059185621e-03,3.657530263035240273e-03,3.707446149319335634e-03,3.698917600929113245e-03,3.769655144458685259e-03,3.566151319194764413e-03,3.603759343536357129e-03,3.609938237923354665e-03,3.695867774951739314e-03,3.476177149625800464e-03,3.665962097531613034e-03,3.591888532847628979e-03,3.596425006791724617e-03,3.592188114563986401e-03,3.659899761505020811e-03,3.606203882895024117e-03,3.674788134743928267e-03,3.868724606854748779e-03,3.575827839048740381e-03,3.700621680372752353e-03,3.703289950447607136e-03,3.657129687636747738e-03,0.000000000000000000e+00,3.687159550111666906e-03,3.546789528454163086e-03,3.617443252263764699e-03,3.774967480030054934e-03,3.666985326301249685e-03,3.715045935103323052e-03
3.644364937556432427e-03,3.797413451582463181e-03,3.691878238992501570e-03,3.700946490756263415e-03,3.754128521591820321e-03,3.765282542932960313e-03,3.706722713408326739e-03,3.634210276888615899e-03,3.604764925029721109e-03,3.613649486194627555e-03,3.638938579020722409e-03,3.589068722238080052e-03,3.631356426461143823e-03,3.581675624729886188e-03,3.590652050826721470e-03,3.633846400126342253e-03,3.612232464694133810e-03,3.669168280820644945e-03,3.727351768694213158e-03,3.558903030169902580e-03,3.635349775180565530e-03,3.527769522537650779e-03,3.658786035212855444e-03,3.748368494895510175e-03,3.671578253397202521e-03,3.684109609423666561e-03,3.628161517592564268e-03,3.700941589268507814e-03,3.710755965390773008e-03,3.796000020028463158e-03,3.722476495248616592e-03,3.639181833498915733e-03,3.661178012569189788e-03,3.694299404160238109e-03,3.632851417144816394e-03,3.708322322456730595e-03,3.679394670724885682e-03,3.596151434652652967e-03,3.665839396677443227e-03,3.671331061782229840e-03,3.597322435907258226e-03,3.580984896537660247e-03,3.671894766920029852e-03,3.554521409067689600e-03,3.588089221427678312e-03,3.663829062519257523e-03,3.663189431779650517e-03,3.650169201266003846e-03,3.678586554456731144e-03,3.602883975648504995e-03,3.705636932780288773e-03,3.651324676886429348e-03,3.653427984444328896e-03,3.712252938559513615e-03,3.670725057069307296e-03,3.640092189976543765e-03,3.749485776452110824e-03,3.685172554741943801e-03,3.617458209523197448e-03,3.694018982761188702e-03,3.670169828427788643e-03,3.715587754675174145e-03,3.604527442068787991e-03,3.749970213943652764e-03,3.642905871760315079e-03,3.656755719325209888e-03,3.681533230884191828e-03,3.659144361498029886e-03,3.758142917051931261e-03,3.615449223564532084e-03,3.700345798477341821e-03,3.549765612799975125e-03,3.708560706161861259e-03,3.633566437572259642e-03,3.644596310257439045e-03,3.584066587913186785e-03,3.646487459028106230e-03,3.605381151575042398e-03,3.745987117647930562e-03,3.746128715220666157e-03,3.630006003651641347e-03,3.565055963252817053e-03,3.788125895652059288e-03,3.715970137520651848e-03,3.642169013797302499e-03,3.666644305651570613e-03,3.668928310064601718e-03,3.660312273791434170e-03,3.678199489158571339e-03,3.703958346079283103e-03,3.658347844341193911e-03,3.647909033183338850e-03,3.682612235889626447e-03,3.612910829257229717e-03,3.619427743544555501e-03,3.610825508802129134e-03,3.636409128105690287e-03,3.632197778961635416e-03,3.686265774272174355e-03,3.774199800008957734e-03,3.657132722780347730e-03,3.575720470138593968e-03,3.675419801700915371e-03,3.634096021985974093e-03,3.660608422662903032e-03,3.656722451871275044e-03,3.586570828593013942e-03,3.632023488524713153e-03,3.693853590465626027e-03,3.619897568590809377e-03,3.536017679933629171e-03,3.633108433843098509e-03,3.703076231112340227e-03,3.613871431680280768e-03,3.707972309903532441e-03,3.635331729010497694e-03,3.720472085523185164e-03,3.706289889956455082e-03,3.650807210618277430e-03,3.583072948797936131e-03,3.647189929272738086e-03,3.657552590837490156e-03,3.644365492664179088e-03,3.792832355111512566e-03,3.604691778095912933e-03,3.553447760676707763e-03,3.710943043040516431e-03,3.606659683306770448e-03,3.705989203188314075e-03,3.638949642212123154e-03,3.711215143583528660e-03,3.676212785513845692e-03,3.689342134831468441e-03,3.733829197110454402e-03,3.670000769845117861e-03,3.808931639690192952e-03,3.569336321929716602e-03,3.689157606026780608e-03,3.705527357958801182e-03,3.720846387105754011e-03,3.682582970256227141e-03,3.751321677729977776e-03,3.628697512069720132e-03,3.604235945517033930e-03,3.706689666453801425e-03,3.611699468487269277e-03,3.683672125595958795e-03,3.638867667312089323e-03,3.713715235048775393e-03,3.648396626550306360e-03,3.784804624472472116e-03,3.684765363791861655e-03,3.618574869604591730e-03,3.660848911804696817e-03,3.662445144831144757e-03,3.688939190558149141e-03,3.641134940375186872e-03,3.729515697468232128e-03,3.742989856674397171e-03,3.558858549395273446e-03,3.692884579644729361e-03,3.670445701181449753e-03,3.565502863204481326e-03,3.592160984969630221e-03,3.674394724987220529e-03,3.653500103483871275e-03,3.607699365956983702e-03,3.569897366960855193e-03,3.607173287300436456e-03,3.717221990925825923e-03,3.601180654523677711e-03,3.782178443574413500e-03,3.626094877209732649e-03,3.690016126743372697e-03,3.657934712016660747e-03,3.684058437063220288e-03,3.724980155426059307e-03,3.612252622866946213e-03,3.808513843952765661e-03,3.582053139513568640e-03,3.652441299281495614e-03,3.667397076879195476e-03,3.686691157750206747e-03,3.720243352096847585e-03,3.614636243077585034e-03,3.687159550111666906e-03,0.000000000000000000e+00,3.765082529816636200e-03,3.647649993903078966e-03,3.680054078946577885e-03,3.638839983143522805e-03,3.632346396048843299e-03
3.573943812648043474e-03,3.646047738199415141e-03,3.560110985505668402e-03,3.722298461518837656e-03,3.703888686842151962e-03,3.693908039538429909e-03,3.648529808645291101e-03,3.639661467623946274e-03,3.583940173053827213e-03,3.606953205094655650e-03,3.556159350443479066e-03,3.623016295630010659e-03,3.721955252841830687e-03,3.596217879378957750e-03,3.611038514858231577e-03,3.725828914291072578e-03,3.780846796981413623e-03,3.520119501535275055e-03,3.732964259300993945e-03,3.633889693856880761e-03,3.723288740186389122e-03,3.603024349390130786e-03,3.617464855190192889e-03,3.664373450430519989e-03,3.663268879397502207e-03,3.678817435813789595e-03,3.585151637808572846e-03,3.733840186412570265e-03,3.711910839563665240e-03,3.668636164847686575e-03,3.733351844867116576e-03,3.623266806834969482e-03,3.596059483921637545e-03,3.676214926866254451e-03,3.629462832208466602e-03,3.633003404408735766e-03,3.652471013438168563e-03,3.674961732217796838e-03,3.730600651568093031e-03,3.795615935607489499e-03,3.670890861712698596e-03,3.692689171509480964e-03,3.635724596071341491e-03,3.734661815393228428e-03,3.680224201637021051e-03,3.697505649595722935e-03,3.561802994865128410e-03,3.695534345612699802e-03,3.704836224762650312e-03,3.632324875302620892e-03,3.540696656688581846e-03,3.708768319068416960e-03,3.691905358955300046e-03,3.720785309295644543e-03,3.659403045286896503e-03,3.670260191919890412e-03,3.640410048868039129e-03,3.697696174257275158e-03,3.640160195925797645e-03,3.670841858399512703e-03,3.650671781903226925e-03,3.689013588777214584e-03,3.545071682439492836e-03,3.656207634471442692e-03,3.637312061190802609e-03,3.726096541137702712e-03,3.581466778200302972e-03,3.752787811701047572e-03,3.717290108762465010e-03,3.810876679448960136e-03,3.613880191117380906e-03,3.644000828516560583e-03,3.688050816999203976e-03,3.685032921200082339e-03,3.569137542456893644e-03,3.744651556023187878e-03,3.652888948082023881e-03,3.680716039767774686e-03,3.581875462999828136e-03,3.587914130651710578e-03,3.703338222791912118e-03,3.774204227730752412e-03,3.720790315523496081e-03,3.643539568837058078e-03,3.635233492885712580e-03,3.672779498530979667e-03,3.749597845898366023e-03,3.619144174263513695e-03,3.549548325001373062e-03,3.661101631502345147e-03,3.645308940661764942e-03,3.577683979147485652e-03,3.619716176393545422e-03,3.628338417830426991e-03,3.568908309096898660e-03,3.695520356791623037e-03,3.712590762432336870e-03,3.707605353834902018e-03,3.715342294827792338e-03,3.763858718046649184e-03,3.721584548018911504e-03,3.792323832236815274e-03,3.588490992795062041e-03,3.689202392228499612e-03,3.590755245584876815e-03,3.638180067283056703e-03,3.627824497571345650e-03,3.753224673632693780e-03,3.643448511587672484e-03,3.632397324722504844e-03,3.631877924910602469e-03,3.621363224863236811e-03,3.606979298147957019e-03,3.638095466486193034e-03,3.671780121208688841e-03,3.565720687118198798e-03,3.708544844509362431e-03,3.617249466604647613e-03,3.678485657143800748e-03,3.547971621775863893e-03,3.660426566611977434e-03,3.538854006241299709e-03,3.663921269097663094e-03,3.641270114089884078e-03,3.616503430356163111e-03,3.582039206715502324e-03,3.724935041249068362e-03,3.581906194138038263e-03,3.663775173852157254e-03,3.652761864369227264e-03,3.657129187493004044e-03,3.657676435842444930e-03,3.616490859775170746e-03,3.796945172128516656e-03,3.734827996110408159e-03,3.670889990735612136e-03,3.639482102153310857e-03,3.620347791242758267e-03,3.702376036901274415e-03,3.689709982837086674e-03,3.596967842681771978e-03,3.721571607871725518e-03,3.774295037730121538e-03,3.531058654405934069e-03,3.649774018845221117e-03,3.698796237148262687e-03,3.660417262325927051e-03,3.705933989456824430e-03,3.672723858670562738e-03,3.553697519131737790e-03,3.695895029386529924e-03,3.674916933916147835e-03,3.709799659272111898e-03,3.618528091055818029e-03,3.638299430339891113e-03,3.772373947890223216e-03,3.642567916172064629e-03,3.709115838502227529e-03,3.645836976663761973e-03,3.663461656916751265e-03,3.643070560240916148e-03,3.766958938718367733e-03,3.817854243285567339e-03,3.613421802421512823e-03,3.748430589576540444e-03,3.585572381677736703e-03,3.569505630879253513e-03,3.676298288794663683e-03,3.675346832772313690e-03,3.639289753510679612e-03,3.627232594479298019e-03,3.619828014683162520e-03,3.668273038185465747e-03,3.664020367277375217e-03,3.665536112666746213e-03,3.677698404530016767e-03,3.656880706493599240e-03,3.722406792582332383e-03,3.701977628592909887e-03,3.624983296747502897e-03,3.708811607209715894e-03,3.798165984938233885e-03,3.660841890834386041e-03,3.781847400230516337e-03,3.744738961818707204e-03,3.546789528454163086e-03,3.765082529816636200e-03,0.000000000000000000e+00,3.607741603583281692e-03,3.650331568722635974e-03,3.692635381610798184e-03,3.573651991889698586e-03
3.696388827889569503e-03,3.688143114976872271e-03,3.562361404770358723e-03,3.736836332839975957e-03,3.613666018525075324e-03,3.640983567889798534e-03,3.628197990739399914e-03,3.569564763017093415e-03,3.666052522547335636e-03,3.803616700531690497e-03,3.683304125110960746e-03,3.663306498717916210e-03,3.605751227917306043e-03,3.691784674387588779e-03,3.680028777583324237e-03,3.631059387861193966e-03,3.655528521410004485e-03,3.690829821623038774e-03,3.626651357923764678e-03,3.676216032703706442e-03,3.718836955475572029e-03,3.675548645604464690e-03,3.689178076770217342e-03,3.628711654669790343e-03,3.657664120105021989e-03,3.636942921980685153e-03,3.717657301852932052e-03,3.637656536255409398e-03,3.662439696404861701e-03,3.638625923092474353e-03,3.704970737086114504e-03,3.658296616517083162e-03,3.672329197419219645e-03,3.701474303024152382e-03,3.546525973550981609e-03,3.688345918386601568e-03,3.691019606845349823e-03,3.637239654861522658e-03,3.641610511183359083e-03,3.711719746261237744e-03,3.628094873683450784e-03,3.482513675129362152e-03,3.612677687106866532e-03,3.633223318919519794e-03,3.647569555599764358e-03,3.562990631702316145e-03,3.645743446549423641e-03,3.657371128558952085e-03,3.743887026089311263e-03,3.642716535090090996e-03,3.750324498924098842e-03,3.617244779710194341e-03,3.703478740312574329e-03,3.728509395384715062e-03,3.667868709610132717e-03,3.525013597455193843e-03,3.597918000386360511e-03,3.645508576397512614e-03,3.704352990114818424e-03,3.737691697044082193e-03,3.686132931870200746e-03,3.568886030192294258e-03,3.706811234299641281e-03,3.811337044006612301e-03,3.644082508588856236e-03,3.579692485856100781e-03,3.744164801861251789e-03,3.584480515212328227e-03,3.638082451051030675e-03,3.642435709823497580e-03,3.730335900596996272e-03,3.693201383689533827e-03,3.621397662748961337e-03,3.555481817932292735e-03,3.707367991033176137e-03,3.765587523432749762e-03,3.685114554510827197e-03,3.690092260080797895e-03,3.616152040561128756e-03,3.618015967611060320e-03,3.751272522699878979e-03,3.605195590291220258e-03,3.662562262301279938e-03,3.601670689970122661e-03,3.603409870476318756e-03,3.622050165375883483e-03,3.642835061860911008e-03,3.625878958979939642e-03,3.775799445748609286e-03,3.645920497338948647e-03,3.679418659718620716e-03,3.632122079977778088e-03,3.675944183939959184e-03,3.638618370675414989e-03,3.718251284127136423e-03,3.648222457515865047e-03,3.642264303844683013e-03,3.793150640472783223e-03,3.758059504499604211e-03,3.684320626807236366e-03,3.643999405502120360e-03,3.592732023209428693e-03,3.701565854540383744e-03,3.626095727731792982e-03,3.575604218066910905e-03,3.584552821549550575e-03,3.769993542540860023e-03,3.572524839730755082e-03,3.689910151256249517e-03,3.618700168867537877e-03,3.718098923630382222e-03,3.678484809444841110e-03,3.563609963130383307e-03,3.658146185152334143e-03,3.577788989077848852e-03,3.784783323646380426e-03,3.677874697525231832e-03,3.624512341188539100e-03,3.790385706528141829e-03,3.660176461929981039e-03,3.666193881079510882e-03,3.632482390996407805e-03,3.609029530674157972e-03,3.680975009569909494e-03,3.771124362481376342e-03,3.667685143752541944e-03,3.626798589786651896e-03,3.628367833716870678e-03,3.687597552970249375e-03,3.628894851424272795e-03,3.668770391590621491e-03,3.755937803492946214e-03,3.607504971806705513e-03,3.612681962689971108e-03,3.627146544565672866e-03,3.649433986343529959e-03,3.672599705402253886e-03,3.634933628830645455e-03,3.668872398748732489e-03,3.601450621402883107e-03,3.610756290534310707e-03,3.626517552803115458e-03,3.524439291079122915e-03,3.842215532399664239e-03,3.783550382816426669e-03,3.548754259379058480e-03,3.836212691038788994e-03,3.616794007460926840e-03,3.789930777094927851e-03,3.760861047209525243e-03,3.681583429926711410e-03,3.651721621798104892e-03,3.631833665279352117e-03,3.771844628293217691e-03,3.673662060665567469e-03,3.636713379679292531e-03,3.636844230320849820e-03,3.686080535145031586e-03,3.654327813748530981e-03,3.633552068544888044e-03,3.782913186475582099e-03,3.667303986262426558e-03,3.610101699342239609e-03,3.698003232185559461e-03,3.616571572653045057e-03,3.565721335035383112e-03,3.626635478027680822e-03,3.662724169150753748e-03,3.695913616091226102e-03,3.595729116828703595e-03,3.664876539904013495e-03,3.682084409795430193e-03,3.818450102808299777e-03,3.644810759938813330e-03,3.577093840318886896e-03,3.608842308932683814e-03,3.623603336532223509e-03,3.588580097507095782e-03,3.596829421187877716e-03,3.668921890673773785e-03,3.673952897013424337e-03,3.688191932438923768e-03,3.716202686123148795e-03,3.881215631451797026e-03,3.679722925482099231e-03,3.617443252263764699e-03,3.647649993903078966e-03,3.607741603583281692e-03,0.000000000000000000e+00,3.687942230666440419e-03,3.643719298303770698e-03,3.677902883025765176e-03
3.658152624870535542e-03,3.613311249832368028e-03,3.644473527420000539e-03,3.555129824434252826e-03,3.595551282430991570e-03,3.552297225055371308e-03,3.597736815351544343e-03,3.662889849375869453e-03,3.659411835451118009e-03,3.813505626170441039e-03,3.667779739480378325e-03,3.657857433224894362e-03,3.700769479203013228e-03,3.604371197458633522e-03,3.638561790545050655e-03,3.752629171630187006e-03,3.641253308793331294e-03,3.714927987493949271e-03,3.692956568008656012e-03,3.719979563978671484e-03,3.680067656667998163e-03,3.644660782600432896e-03,3.705437564509192223e-03,3.748435181367181738e-03,3.704058544634495145e-03,3.546000787986546346e-03,3.603570630536307145e-03,3.585930324118663960e-03,3.657314608871229528e-03,3.575740347531850515e-03,3.667773439783103637e-03,3.539617989431010758e-03,3.705749787755102838e-03,3.681984611086935952e-03,3.706473475238107173e-03,3.591824010023976412e-03,3.691461927726717978e-03,3.707054415873771176e-03,3.495531099351609911e-03,3.585316357752969460e-03,3.601652636232067790e-03,3.832128641241464191e-03,3.756173791155037120e-03,3.635589607578793968e-03,3.616406845103043496e-03,3.634807740234899300e-03,3.733263450794753642e-03,3.665092195446797204e-03,3.640993529601224774e-03,3.679350360136228633e-03,3.676527226030137496e-03,3.562289458079574873e-03,3.634531525173506118e-03,3.669344069292988179e-03,3.735767588820279941e-03,3.598084908761889182e-03,3.697812881777282675e-03,3.653444239596412204e-03,3.615815685733558132e-03,3.660735237082130434e-03,3.762026902029302726e-03,3.582609971642071543e-03,3.695547818175766268e-03,3.655111847246414903e-03,3.610940753898787565e-03,3.714769378397265488e-03,3.662087219323339939e-03,3.661213269988676782e-03,3.703625776358166009e-03,3.507732679942230942e-03,3.655004277915600581e-03,3.656965432649044064e-03,3.755403445774953882e-03,3.657524681466447179e-03,3.744723437051474153e-03,3.631821433029851914e-03,3.685766308831935328e-03,3.662849520918407074e-03,3.688807428624100299e-03,3.686376732266054973e-03,3.524239352694746863e-03,3.687763278241755743e-03,3.638704839546408071e-03,3.615039879498980167e-03,3.694323119201206856e-03,3.644589577976770772e-03,3.712640626476141920e-03,3.554321938437433707e-03,3.789599314482251270e-03,3.584394610800463021e-03,3.653176523881424519e-03,3.783986481325559738e-03,3.625809605445483048e-03,3.604433533710612800e-03,3.632021845097045329e-03,3.691770003104845408e-03,3.660115400194252112e-03,3.591549857621596873e-03,3.630909437700145966e-03,3.638761077566805748e-03,3.550726054946456815e-03,3.613444228674476000e-03,3.652971981784819324e-03,3.730598416747644974e-03,3.733383347619167233e-03,3.703525740081951931e-03,3.660309378061079883e-03,3.653447503302500576e-03,3.597326553932063929e-03,3.719000935287881081e-03,3.776238201704162391e-03,3.677902195692059166e-03,3.616142871003848180e-03,3.701082286198206697e-03,3.643620755974756511e-03,3.674919644255469301e-03,3.724122030815121571e-03,3.828267966477327203e-03,3.671594282674781398e-03,3.722399472572157988e-03,3.665817168620062391e-03,3.726194663040443243e-03,3.678973167776844379e-03,3.736782329637128482e-03,3.631186634638746726e-03,3.710807274951378066e-03,3.607881448544844778e-03,3.706684621482719474e-03,3.614657870125048689e-03,3.651474642802560351e-03,3.708245886943759093e-03,3.580841645008919945e-03,3.671306166916657628e-03,3.664152322142201317e-03,3.677617747704964128e-03,3.678599459531394552e-03,3.682934448782821356e-03,3.768068927027606874e-03,3.524519140453537952e-03,3.683828452499931724e-03,3.656554855230616154e-03,3.633751839030667161e-03,3.550280851408060215e-03,3.674330918345917497e-03,3.626198232304885145e-03,3.631618754949431181e-03,3.789233460395738384e-03,3.566113407402338523e-03,3.755507531201381869e-03,3.646277845037447420e-03,3.576594861165111657e-03,3.667739726601494839e-03,3.731391993441103387e-03,3.720731928440795290e-03,3.584642217341045198e-03,3.595119929759224391e-03,3.645142230244907862e-03,3.720983771706087243e-03,3.653234259742347851e-03,3.729550430490967839e-03,3.689403319240257446e-03,3.643007386123961553e-03,3.676587622218863930e-03,3.609811146146372877e-03,3.561099335701400567e-03,3.770661097357994301e-03,3.667194113345003444e-03,3.728885478256292133e-03,3.597314735264414785e-03,3.561894745619073339e-03,3.686033256958595478e-03,3.695660011637783102e-03,3.622244502803277470e-03,3.608792577791905890e-03,3.632893154665472590e-03,3.637017536002477413e-03,3.790048033787343437e-03,3.695084000324687715e-03,3.674580381014171809e-03,3.779357808440640069e-03,3.643911627367376910e-03,3.693591932018695703e-03,3.601092970914021238e-03,3.618607492982203484e-03,3.646914614926322767e-03,3.774967480030054934e-03,3.680054078946577885e-03,3.650331568722635974e-03,3.687942230666440419e-03,0.000000000000000000e+00,3.730937279804257163e-03,3.663585466503331643e-03
3.697014083352414150e-03,3.676283872129093144e-03,3.641681701969324159e-03,3.635126080501138550e-03,3.601112442120373795e-03,3.650622504393572117e-03,3.625390737878863082e-03,3.665675062067197051e-03,3.728060654418410575e-03,3.744728092052550163e-03,3.591437655750431661e-03,3.713579249282399682e-03,3.642636834356635742e-03,3.557713896134967555e-03,3.574231040152858665e-03,3.764319100368893230e-03,3.737459580252126996e-03,3.746692594191900361e-03,3.647551111476086787e-03,3.516956180445892505e-03,3.548316325733914377e-03,3.605135753247982414e-03,3.686391118292764273e-03,3.677443360957027580e-03,3.708466115845983953e-03,3.641923730246630127e-03,3.724108695101711712e-03,3.682375350372697319e-03,3.697948839750192507e-03,3.667826952100009842e-03,3.654952434951910800e-03,3.546522046386413243e-03,3.624148188125820690e-03,3.703953470320141619e-03,3.665816951405938100e-03,3.635240646186946919e-03,3.653550598227284750e-03,3.737501718133855611e-03,3.759960065044079622e-03,3.576314286204106997e-03,3.661236282857834382e-03,3.634363210378735529e-03,3.768340362617468402e-03,3.675153764402979296e-03,3.662620509459873705e-03,3.693683923195399156e-03,3.608441287602571525e-03,3.627234895768864913e-03,3.562579202071026758e-03,3.746768198924930494e-03,3.722831565248259887e-03,3.664659587542056472e-03,3.746895603187204698e-03,3.635136783410107802e-03,3.594080271923897393e-03,3.729531105811259833e-03,3.545709472223482726e-03,3.685118613975361251e-03,3.753512141122825312e-03,3.655230115774445350e-03,3.622164282535778393e-03,3.619353107449525906e-03,3.631224089325444347e-03,3.613933408108816435e-03,3.757696195303025528e-03,3.659369852336406305e-03,3.686118519926848483e-03,3.635611660198171270e-03,3.722457767344840643e-03,3.696917963466468584e-03,3.630352200908248689e-03,3.583344162944492560e-03,3.670146151364540692e-03,3.667218452772073606e-03,3.693925190748593816e-03,3.562485413140270910e-03,3.627527501622014074e-03,3.606006547470676574e-03,3.657596652369130008e-03,3.507367704221128410e-03,3.674981441045778365e-03,3.708682516169509082e-03,3.638375934500133208e-03,3.739539558100512476e-03,3.647603937252555644e-03,3.648380896643294881e-03,3.630356181918026597e-03,3.804459757383019634e-03,3.646090725862524869e-03,3.662254132641166483e-03,3.562849371375553884e-03,3.608196460751676542e-03,3.633430898675683775e-03,3.639691140175331432e-03,3.669551032097669203e-03,3.724916067057586905e-03,3.659586093282154833e-03,3.623800953246565388e-03,3.658262015945288725e-03,3.751035063491653561e-03,3.684943736648011673e-03,3.799842150975900942e-03,3.707643010178024272e-03,3.722617785526682443e-03,3.742411282964932910e-03,3.668761617377985524e-03,3.492350416266867298e-03,3.681548873755678252e-03,3.717426701191323124e-03,3.626842360617534445e-03,3.661126291897623484e-03,3.606555332687277904e-03,3.691744874150544760e-03,3.556809199968768292e-03,3.795416756844601121e-03,3.492073873060968624e-03,3.749174024106168533e-03,3.750577001036258483e-03,3.675332471341754160e-03,3.646955399888817274e-03,3.657678206562396239e-03,3.557308974614957226e-03,3.632091119002573906e-03,3.675198234107869555e-03,3.669368516537165146e-03,3.662784869213959148e-03,3.772513203832358886e-03,3.504313492014396892e-03,3.721197771742000039e-03,3.620676501244060770e-03,3.693583690053396217e-03,3.604462622778502930e-03,3.644209939584660760e-03,3.663512599905057333e-03,3.610974917748301267e-03,3.608303073490800456e-03,3.706272808151563937e-03,3.599393116137685183e-03,3.718112850709597364e-03,3.790521750495849315e-03,3.765916039573358708e-03,3.601141754237012233e-03,3.761612621667078174e-03,3.592940950944961860e-03,3.681232030519346592e-03,3.755063817924307167e-03,3.577654448450276470e-03,3.605147882975804404e-03,3.681525824460670903e-03,3.730625750044489191e-03,3.749143415447364798e-03,3.695294233690068174e-03,3.707259741810171958e-03,3.669035595813402700e-03,3.641291471735895631e-03,3.602753424311775591e-03,3.688576398845591804e-03,3.623599138348752944e-03,3.630402976684118151e-03,3.659253226751075280e-03,3.639761731751331442e-03,3.549984580848505097e-03,3.572976259455263540e-03,3.542569530517450903e-03,3.637917430912705752e-03,3.704685725917276039e-03,3.750977852065438562e-03,3.582880327486956049e-03,3.669872776121977688e-03,3.553477112407511448e-03,3.708756586832762624e-03,3.567337851041140189e-03,3.703478839832457983e-03,3.570992402669654394e-03,3.697326262629425063e-03,3.679570107679770979e-03,3.700894863180898432e-03,3.746588685681762586e-03,3.649410182185518041e-03,3.651523365714634626e-03,3.710815545972073227e-03,3.770367959364502499e-03,3.588321286094535434e-03,3.699664544227656074e-03,3.782827228618186339e-03,3.666985326301249685e-03,3.638839983143522805e-03,3.692635381610798184e-03,3.643719298303770698e-03,3.730937279804257163e-03,0.000000000000000000e+00,3.745048601086294841e-03
3.657893692997431310e-03,3.698227307518794395e-03,3.641927392581203755e-03,3.716068674448097953e-03,3.707809482614376258e-03,3.644557789873396382e-03,3.635375226771430344e-03,3.683366874678659347e-03,3.635831306727869625e-03,3.642982379137496042e-03,3.639484906024201966e-03,3.689904271042217243e-03,3.665561120517474378e-03,3.747232987610091010e-03,3.578906171914453347e-03,3.693824965098853764e-03,3.693377464767998684e-03,3.630640204386039425e-03,3.683067820172856652e-03,3.628466752540270013e-03,3.668006670742608721e-03,3.701001889467663789e-03,3.764114466046829862e-03,3.636975026565887701e-03,3.644898442016581905e-03,3.681336522688248049e-03,3.811446876628543212e-03,3.688178568170069008e-03,3.633814350266436483e-03,3.616359095180578676e-03,3.635099467133488717e-03,3.646607807750788625e-03,3.583992946146525096e-03,3.594744610417195500e-03,3.610309122609768606e-03,3.663347400755293058e-03,3.643803256080053142e-03,3.674026103776653011e-03,3.719747479172477115e-03,3.612245756462180261e-03,3.672301831886298339e-03,3.576638844490613329e-03,3.611122171268770463e-03,3.656144281632406692e-03,3.627532788206349300e-03,3.708584045313566280e-03,3.662499806755237751e-03,3.574147541901968352e-03,3.689364966877187353e-03,3.720417772599327998e-03,3.781216700150919884e-03,3.632119966082056426e-03,3.724398554457959871e-03,3.676446886823007271e-03,3.728836988565067609e-03,3.621822668108998916e-03,3.643478137259078577e-03,3.616087192994295492e-03,3.649668770425486871e-03,3.586716925416238207e-03,3.607439045139458188e-03,3.755885423902735869e-03,3.682564602634977226e-03,3.620333261428496791e-03,3.652777084212783729e-03,3.624709845888311483e-03,3.625785713561714349e-03,3.625495770136813109e-03,3.663035272518938654e-03,3.696330660627765875e-03,3.594760445597543468e-03,3.646434038283955480e-03,3.622928386729780230e-03,3.655858959957409681e-03,3.606501801093826495e-03,3.669847546830858759e-03,3.758261466880440278e-03,3.764070038651915005e-03,3.689837515017142279e-03,3.569835324743279945e-03,3.699627544326889589e-03,3.665495112223839114e-03,3.775531710968258597e-03,3.593893738189904517e-03,3.644266978278094555e-03,3.797274404698356646e-03,3.632773692851080059e-03,3.707012150001010291e-03,3.539019442451676010e-03,3.742185939432561993e-03,3.615484207269707012e-03,3.615385355298886706e-03,3.702211375903627626e-03,3.594602300509314174e-03,3.700965531415223095e-03,3.673801273281833771e-03,3.706695581563686833e-03,3.608863483676215313e-03,3.605333754074466993e-03,3.572258439684371841e-03,3.674084403863507944e-03,3.776472155388488003e-03,3.702075242197262230e-03,3.624399528368035025e-03,3.612533415181505732e-03,3.629162801117565094e-03,3.485905161201203507e-03,3.678823079176270043e-03,3.711654268808468101e-03,3.657406468807424503e-03,3.548852109366733027e-03,3.772799041276408364e-03,3.599868330147516522e-03,3.703493002212011800e-03,3.676337539642913262e-03,3.631228260464099307e-03,3.561567416146198522e-03,3.712449558715183971e-03,3.674612456574445195e-03,3.601538620757614630e-03,3.606979454997219330e-03,3.682461826528596154e-03,3.697743291186128892e-03,3.638593939503927642e-03,3.724618492342062371e-03,3.765354767826123699e-03,3.795383177005147782e-03,3.789888764968445296e-03,3.729828897610088824e-03,3.696851298733493801e-03,3.651098330027911440e-03,3.637224776945950384e-03,3.691561841056474353e-03,3.676596967672766860e-03,3.557548555545897700e-03,3.578764201129565597e-03,3.697471828417999481e-03,3.722833171513593737e-03,3.705237143776022885e-03,3.622316584804666055e-03,3.590305187963648351e-03,3.635994459833142949e-03,3.694045075374537308e-03,3.764427994037358380e-03,3.668295894373995239e-03,3.761327569280556362e-03,3.554399414062542686e-03,3.757056195924495315e-03,3.636000178897603671e-03,3.602902776078709384e-03,3.732182404393658438e-03,3.806024243058557955e-03,3.626733246294506965e-03,3.592801844705623658e-03,3.708737445828967205e-03,3.627474154898502768e-03,3.721436308739020735e-03,3.562954783181173680e-03,3.730254144742849338e-03,3.600198561847971993e-03,3.693923820892415673e-03,3.575238835857970192e-03,3.667382354928620629e-03,3.728245054453033051e-03,3.621426309182503456e-03,3.646091414530172083e-03,3.662287682643708235e-03,3.659283211039021048e-03,3.667472634809889297e-03,3.749959497178175557e-03,3.659232903238965069e-03,3.768072413871222798e-03,3.648964271377036061e-03,3.619537487206809546e-03,3.653228021142635937e-03,3.688741772120492698e-03,3.608250589874110840e-03,3.701826483203266537e-03,3.526244089725999627e-03,3.722206804929644678e-03,3.756124678230623581e-03,3.604085932138335630e-03,3.598064236473894929e-03,3.549035450918928795e-03,3.644828535209437229e-03,3.715045935103323052e-03,3.632346396048843299e-03,3.573651991889698586e-03,3.677902883025765176e-03,3.663585466503331643e-03,3.745048601086294841e-03,0.000000000000000000e+00
