{
  "config": {
    "N": 64,
    "alpha": 1.8,
    "beta": 1.0,
    "gamma": 1.0,
    "dt": 0.02,
    "T": 200.0,
    "sample_every": 25,
    "seed": 123,
    "target_initial_load": 1.0,
    "noise_fraction": 0.02,
    "eps": 1e-12,
    "device": "cuda",
    "dtype": "float64",
    "model_variant": "full"
  },
  "device_used": "cuda",
  "dtype_used": "torch.float64",
  "runtime_seconds": 19.929768100148067,
  "final_constraint_report": {
    "symmetric": true,
    "zero_diagonal": true,
    "nonnegative": true,
    "symmetry_max_abs_error": 0.0,
    "diagonal_max_abs_error": 0.0,
    "minimum_entry": 0.0
  },
  "final_chi_hhi_star": 0.4886927727714372,
  "max_chi_hhi_star": 0.4886927727714372,
  "final_lambda2": 2.8041165883410028e-12,
  "final_total_weight": 20.741724687804723,
  "final_load_cv": 0.33767080558230317,
  "W_final": [
    [
      0.0,
      3.3328943331030066e-16,
      2.823612230283936e-16,
      2.9544377882474233e-06,
      1.7000527689829746e-14,
      4.1999428101343315e-16,
      1.8888077030786923e-14,
      1.9129805786054256e-12,
      4.972597309516364e-15,
      6.223862072927527e-12,
      2.89954418644543e-07,
      0.10248507340635822,
      4.139868198485488e-17,
      0.05119574605374592,
      5.078677707201731e-16,
      0.26655586574773055,
      1.4781949199111907e-14,
      2.214745920198982e-15,
      3.874001835409985e-17,
      1.5619990833502256e-14,
      1.5025600292248363e-14,
      3.929615696810134e-15,
      2.7165587354329484e-16,
      1.210281998187649e-15,
      6.319163115430477e-16,
      2.242420357712244e-06,
      1.5963231656205372e-14,
      4.665775145900269e-16,
      1.8924163042860402e-15,
      2.1488758791288538e-14,
      6.724522241434917e-15,
      3.621144209695718e-17,
      1.2547557248728582e-15,
      3.064729217376897e-16,
      7.248190145689995e-15,
      7.512504464730348e-11,
      2.140374754478507e-14,
      7.24773677081447e-13,
      3.99821346206779e-17,
      6.653239169762054e-07,
      5.977571970906044e-15,
      0.2662482806163084,
      2.0425650879701908e-15,
      2.7218104815039592e-15,
      2.33821861051906e-15,
      1.2927313638391294e-16,
      3.040191076347196e-15,
      7.492539047022782e-15,
      2.212138320006332e-15,
      4.9127127408289764e-17,
      2.681466987146294e-16,
      3.5664836554491547e-16,
      1.322827339954208e-15,
      2.9048667933766076e-07,
      7.656402751998758e-12,
      1.6461713277371844e-14,
      6.114876180740563e-15,
      6.739596509492163e-13,
      5.473383638403306e-15,
      5.848653607775878e-14,
      3.95324720426052e-17,
      3.0990896926004505e-15,
      2.2220925855196584e-16,
      9.419036550505773e-16
    ],
    [
      3.3328943331030066e-16,
      0.0,
      2.8665009755532208e-12,
      4.0491972873911617e-16,
      3.352808030036377e-15,
      3.3962244633968336e-08,
      3.199325300315437e-15,
      2.1148269336222026e-15,
      6.039201012188329e-14,
      2.345240976552699e-15,
      1.8974094469870651e-16,
      3.299788452140147e-16,
      1.9147340635888592e-13,
      6.292623134806073e-16,
      1.914949602981568e-08,
      3.6262885929578825e-16,
      6.629197602890588e-14,
      3.982546204806995e-14,
      1.9626811227544758e-13,
      4.5763629659332575e-15,
      4.02962535784801e-15,
      4.0976931286112564e-14,
      6.016055379319655e-07,
      7.042872632935744e-14,
      1.8347063472970924e-05,
      3.5560034543979714e-16,
      3.631056012810335e-15,
      2.091654073811494e-08,
      3.447236126538814e-14,
      1.554814679531048e-14,
      1.9565360238582396e-14,
      1.7459898029328093e-13,
      7.643384330310513e-14,
      1.140386991131592e-06,
      1.1564756429956964e-10,
      1.695669183586966e-15,
      1.0785421721625795e-14,
      1.567026945004655e-15,
      1.7595347293045248e-13,
      2.738905204270394e-16,
      1.378123123080829e-14,
      4.291602505156976e-16,
      3.678143695804234e-14,
      4.326622336380222e-14,
      5.5242444523176075e-14,
      7.721192998660836e-13,
      6.106050652432265e-14,
      1.3756716740660531e-14,
      3.4495761610914526e-14,
      2.4438321138914486e-13,
      7.224712881652857e-07,
      0.4855689355153587,
      1.2148229759726841e-13,
      1.6738631910057855e-16,
      1.0955353828224748e-15,
      6.542028969329608e-14,
      4.7545372584732976e-14,
      2.824713419951418e-15,
      1.6140178266272528e-10,
      3.4387103998042222e-15,
      1.79969412659753e-13,
      9.605518282117928e-14,
      2.0954322955902575e-12,
      0.3433614404192567
    ],
    [
      2.823612230283936e-16,
      2.8665009755532208e-12,
      0.0,
      3.1537500355611216e-16,
      1.784350550421602e-15,
      1.5859206139550431e-12,
      1.6905415227887775e-15,
      1.2679851415253592e-15,
      2.5824722964088855e-14,
      1.4550936976497908e-15,
      1.48189735190388e-16,
      2.9083615510271093e-16,
      1.6548428808768036e-08,
      5.003546048445538e-16,
      1.3339990295264886e-12,
      3.0643556109303366e-16,
      2.6596425102749945e-14,
      1.4968210852849656e-14,
      1.7622434333115152e-08,
      2.0862126328317913e-15,
      2.0839484654506657e-15,
      1.4560327932070557e-14,
      1.101398892978222e-11,
      2.2413757216965124e-14,
      6.982024980530846e-12,
      3.096163306339467e-16,
      2.116496995281638e-15,
      1.1253366877698384e-12,
      1.3193700286538174e-14,
      6.87210472501664e-15,
      6.68963631038089e-15,
      1.497014766124988e-08,
      2.404908543629627e-14,
      4.6813457575721745e-12,
      3.225329802459551e-12,
      1.2685346310667633e-15,
      5.1384257071875114e-15,
      9.798066362948482e-16,
      1.7222132905527983e-08,
      2.550047197600907e-16,
      5.61275955373493e-15,
      3.4119935423291345e-16,
      1.4726121164717898e-14,
      1.4764738980020738e-14,
      2.3177343013755662e-14,
      1.9729382881133803e-07,
      2.1191946398172268e-14,
      5.578334208348712e-15,
      1.44460791791037e-14,
      2.391843658156446e-08,
      4.325202985020422e-12,
      2.8934624640875546e-12,
      4.330327508408863e-14,
      1.5012282553255879e-16,
      7.183446099863913e-16,
      2.7286944651620304e-14,
      1.9072113689143594e-14,
      2.000582560829999e-15,
      3.1646432915848558e-12,
      1.8224018639294123e-15,
      1.6731264505047935e-08,
      3.061553099880786e-14,
      0.21217164295136312,
      4.9828269627173384e-12
    ],
    [
      2.9544377882474233e-06,
      4.0491972873911617e-16,
      3.1537500355611216e-16,
      0.0,
      1.867901629930956e-14,
      4.68122298276401e-16,
      2.1709414679419504e-14,
      1.986913183498112e-12,
      5.787966893934737e-15,
      7.143640037157915e-12,
      7.020984080233167e-05,
      6.041203880573977e-06,
      4.9313700889939865e-17,
      5.201258543768489e-05,
      5.538421040304585e-16,
      2.7477279082978744e-06,
      1.6792795786706222e-14,
      2.338228610780899e-15,
      4.533598544898257e-17,
      1.8078926320347693e-14,
      1.6682226757479915e-14,
      4.701455455247857e-15,
      3.2277524624389575e-16,
      1.4778759451606273e-15,
      7.399125532782466e-16,
      0.7134257603128649,
      1.7256524045490518e-14,
      5.703909793232037e-16,
      2.269637068504894e-15,
      2.624691696562006e-14,
      8.290065705254256e-15,
      4.3454625910158354e-17,
      1.4638891142778219e-15,
      3.410919387325727e-16,
      7.807034352859677e-15,
      8.482512156545378e-11,
      2.4399463861513645e-14,
      7.624436182415314e-13,
      4.445544126577412e-17,
      0.0001723424191790984,
      6.999745578156778e-15,
      2.7614990913518066e-06,
      2.2323948474061747e-15,
      3.2256324680553654e-15,
      2.536594345826741e-15,
      1.4624765846810962e-16,
      3.4448743181347004e-15,
      8.88941244171456e-15,
      2.417791034863885e-15,
      5.988713755561701e-17,
      3.1152142029669534e-16,
      4.2371954938134135e-16,
      1.483033383203831e-15,
      6.858983145255956e-05,
      8.748844963702889e-12,
      1.8555725448837642e-14,
      7.038310989728298e-15,
      6.31356239875083e-13,
      6.487873164787418e-15,
      6.606300206235768e-14,
      4.5288161938447654e-17,
      3.74506148087483e-15,
      2.5975390046604464e-16,
      1.0983040448266525e-15
    ],
    [
      1.7000527689829746e-14,
      3.352808030036377e-15,
      1.784350550421602e-15,
      1.867901629930956e-14,
      0.0,
      4.475944304406085e-15,
      0.1472081081958562,
      3.0802516843255787e-13,
      5.957035934486017e-13,
      2.420190173124815e-13,
      8.46997745973887e-15,
      1.631326171496319e-14,
      2.3283228308275843e-16,
      2.969112758141516e-14,
      5.924418609271262e-15,
      2.0241810266152225e-14,
      2.9699560916642507e-12,
      2.232713732734948e-13,
      2.2184091240284742e-16,
      0.14427697751150972,
      0.14875104164088584,
      5.185749348024703e-13,
      2.066370033160146e-15,
      9.78626627582007e-14,
      5.692395577713978e-15,
      1.6766297819669497e-14,
      0.18121461711972336,
      5.918206809818597e-15,
      2.1492620808047941e-13,
      8.298244992964182e-08,
      2.265080873140187e-12,
      2.0335314232546518e-16,
      9.522623354122706e-14,
      2.5915438112035813e-15,
      1.6383157524230252e-13,
      1.399221119633119e-13,
      1.1878430745693958e-07,
      3.070435254034358e-13,
      2.22158290534767e-16,
      1.2670581787856934e-14,
      2.96178717049658e-12,
      2.373716391372058e-14,
      1.995854310574842e-13,
      2.9930291707579655e-13,
      2.1777764859464843e-13,
      7.718310466141167e-16,
      2.795850443725595e-13,
      4.194632837878285e-12,
      2.3360692229456297e-13,
      3.0050951764296306e-16,
      2.231041822332566e-15,
      3.4431812226505082e-15,
      9.336304535499294e-14,
      7.964225995781547e-15,
      1.0075507539882584e-13,
      3.898173333541762e-12,
      8.77578076745093e-13,
      1.3842745802542516e-12,
      1.226216610258291e-13,
      0.1497476815185968,
      2.1927637073064151e-16,
      2.955996362013741e-13,
      1.4495767977557633e-15,
      9.618570416684431e-15
    ],
    [
      4.1999428101343315e-16,
      3.3962244633968336e-08,
      1.5859206139550431e-12,
      4.68122298276401e-16,
      4.475944304406085e-15,
      0.0,
      4.292413905394571e-15,
      2.4259619069904465e-15,
      8.665269574993719e-14,
      2.67822028367957e-15,
      2.2285995584942205e-16,
      4.1979462201450884e-16,
      8.982879635179741e-14,
      7.378009068072651e-16,
      0.3947365149411286,
      4.481077523191619e-16,
      9.197222748907837e-14,
      5.399709681145964e-14,
      9.417965124187951e-14,
      5.7690481210711994e-15,
      5.4795317425553025e-15,
      5.323282338844962e-14,
      3.7127030398129336e-09,
      8.790313699349264e-14,
      2.822365622192759e-08,
      4.430820344159624e-16,
      5.103098105174532e-15,
      0.3918233848214581,
      4.83662233546695e-14,
      2.041514495211105e-14,
      2.413745541705868e-14,
      7.987903837752782e-14,
      9.45543984625142e-14,
      7.010922484918102e-09,
      2.3916911835382514e-10,
      2.096717262418192e-15,
      1.4454576328327172e-14,
      1.845941954295307e-15,
      8.534553043411188e-14,
      3.5322244752636324e-16,
      1.8482643190497755e-14,
      5.374801526048543e-16,
      5.238946339807267e-14,
      5.5762145845636827e-14,
      8.09403474298172e-14,
      3.798077884653865e-13,
      7.753540794535415e-14,
      1.7849181631145945e-14,
      4.90939291518856e-14,
      1.1660889350763576e-13,
      5.549537048542439e-09,
      3.162503378900464e-08,
      1.6464431400505094e-13,
      2.0880721319730023e-16,
      1.291362551173209e-15,
      9.216335924455008e-14,
      6.465291358799856e-14,
      3.81658737501429e-15,
      3.0766741540799086e-10,
      4.422560045327275e-15,
      8.735125860690942e-14,
      1.184869457759283e-13,
      1.088573843322542e-12,
      9.739796168124544e-07
    ],
    [
      1.8888077030786923e-14,
      3.199325300315437e-15,
      1.6905415227887775e-15,
      2.1709414679419504e-14,
      0.1472081081958562,
      4.292413905394571e-15,
      0.0,
      3.6883721351109666e-13,
      4.71405980472718e-13,
      2.94912998251657e-13,
      1.0326026508864472e-14,
      1.8415051246242004e-14,
      2.1863324079514406e-16,
      3.639478165636444e-14,
      5.503943582724036e-15,
      2.245018280618748e-14,
      2.7002813860262286e-12,
      1.9047403001801093e-13,
      2.1117748093602673e-16,
      0.1150383090670144,
      0.11250124720650209,
      4.849089212783841e-13,
      2.0408459457838362e-15,
      8.696136135019396e-14,
      5.631675338780943e-15,
      2.0544818158792163e-14,
      0.133225558963999,
      5.912708598747477e-15,
      1.8917622119387154e-13,
      8.729335907325598e-08,
      2.1539349463078263e-12,
      1.936110304562101e-16,
      8.134478035390872e-14,
      2.4114627053473495e-15,
      1.4120175371058611e-13,
      1.6018731428306494e-13,
      1.2465744651317137e-07,
      3.6043695497639307e-13,
      2.0327767578783716e-16,
      1.488114787223195e-14,
      3.0282178711649025e-12,
      2.711903853734674e-14,
      1.6508761782269688e-13,
      2.8439632887458904e-13,
      1.9778063023638286e-13,
      6.955770930267566e-16,
      2.488542644657982e-13,
      4.057432143055385e-12,
      2.0022990618276282e-13,
      2.724962916691479e-16,
      2.04896122924673e-15,
      3.2382609129884214e-15,
      8.314175177602323e-14,
      9.091985381578843e-15,
      1.1908847716816686e-13,
      3.4226903904630022e-12,
      7.628804970582753e-13,
      1.4784451138296529e-12,
      1.1300676041750093e-13,
      0.22361432219875776,
      2.1139703110056557e-16,
      2.6965036236908663e-13,
      1.4023068616834616e-15,
      9.378987995665401e-15
    ],
    [
      1.9129805786054256e-12,
      2.1148269336222026e-15,
      1.2679851415253592e-15,
      1.986913183498112e-12,
      3.0802516843255787e-13,
      2.4259619069904465e-15,
      3.6883721351109666e-13,
      0.0,
      4.979990596091957e-14,
      4.123208375372189e-09,
      8.949062424811705e-13,
      1.6510114396287086e-12,
      1.8513377199405447e-16,
      3.6320334245303696e-12,
      2.7886026018658082e-15,
      2.2164071020938843e-12,
      1.8037745421888434e-13,
      2.329023289900755e-14,
      1.8009024386433046e-16,
      3.0242176919793e-13,
      2.772703439090083e-13,
      4.7813303784078154e-14,
      1.453187223541301e-15,
      1.2746358138229112e-14,
      3.579219448827646e-15,
      1.7752378077277507e-12,
      2.7104677722756053e-13,
      3.031560130685852e-15,
      2.024072165257358e-14,
      3.982173015550228e-13,
      1.0254650560344865e-13,
      1.6732194509487497e-16,
      1.325515867573654e-14,
      1.5942725021719513e-15,
      4.6835292639199635e-14,
      4.4888511030956327e-10,
      3.958158224654451e-13,
      0.4011067489020862,
      1.6850963561415836e-16,
      1.2161770652086244e-12,
      9.295471909961661e-14,
      3.1997290864602586e-12,
      2.0024757822529373e-14,
      3.3022859342710596e-14,
      2.4697250993488475e-14,
      5.913067824010448e-16,
      3.4885807217651925e-14,
      1.152973390435014e-13,
      2.2041266135086077e-14,
      2.1722955329729202e-16,
      1.3923643632758136e-15,
      1.9599622703049823e-15,
      1.2387856099845872e-14,
      7.676226258448985e-13,
      8.490441695056145e-10,
      2.0338122352699006e-13,
      7.004575654556128e-14,
      0.38104943229744065,
      3.8613225809400936e-14,
      1.3337640582948136e-12,
      1.7141741399269748e-16,
      3.649047208087442e-14,
      1.0707697011448298e-15,
      5.746227426192782e-15
    ],
    [
      4.972597309516364e-15,
      6.039201012188329e-14,
      2.5824722964088855e-14,
      5.787966893934737e-15,
      5.957035934486017e-13,
      8.665269574993719e-14,
      4.71405980472718e-13,
      4.979990596091957e-14,
      0.0,
      4.815357576968771e-14,
      2.478769480600492e-15,
      4.811696551149329e-15,
      3.1611800340032958e-15,
      8.510757060561514e-15,
      1.197816290741104e-13,
      5.8531721727568835e-15,
      1.4846333782366033e-08,
      0.050633880114220826,
      2.9518574357529708e-15,
      8.269738562642781e-13,
      7.79891153740157e-13,
      0.0015860774735530067,
      3.445717119337705e-14,
      1.206256328546807e-07,
      1.0070426557781777e-13,
      5.014477387450847e-15,
      6.879325992806888e-13,
      1.3307437495466272e-13,
      0.131159295890613,
      6.309328493984671e-12,
      2.614895617059873e-10,
      2.7187505538175126e-15,
      1.2054560533714688e-07,
      4.400755264001401e-14,
      6.138518850455782e-12,
      3.407842295792522e-14,
      2.935317964919011e-12,
      4.6667182552859806e-14,
      2.92627633082349e-15,
      3.723781901672204e-15,
      8.729086228320357e-11,
      6.7504688537537556e-15,
      0.07477814164917826,
      0.0013638928743353962,
      0.00028121539880442446,
      1.0500368899320697e-14,
      0.00015194290933977857,
      7.717560751006877e-11,
      0.1245184174591365,
      4.1551827906383235e-15,
      3.839569624644583e-14,
      6.185353583362862e-14,
      1.4895707080302426e-07,
      2.3848931211437756e-15,
      2.1758960841163984e-14,
      1.0406526635120269e-08,
      0.001559726361910704,
      1.3481033842804596e-13,
      4.457691240007821e-12,
      3.5256387657106406e-13,
      2.9572613044672136e-15,
      2.5931585120842496e-06,
      2.0994480275874114e-14,
      1.7854015070314323e-13
    ],
    [
      6.223862072927527e-12,
      2.345240976552699e-15,
      1.4550936976497908e-15,
      7.143640037157915e-12,
      2.420190173124815e-13,
      2.67822028367957e-15,
      2.94912998251657e-13,
      4.123208375372189e-09,
      4.815357576968771e-14,
      0.0,
      3.2529944552158907e-12,
      5.385328756270695e-12,
      2.1880570638505354e-16,
      1.2458610562437443e-11,
      3.031334953466721e-15,
      7.456092207521404e-12,
      1.6252816003285483e-13,
      2.044180775189569e-14,
      2.1361463576232112e-16,
      2.4033335654136565e-13,
      2.2617702696286387e-13,
      4.711500175324495e-14,
      1.787522963689715e-15,
      1.3031154793026255e-14,
      4.114316159998698e-15,
      6.356383730291115e-12,
      2.1051961231901857e-13,
      3.6442104392856305e-15,
      1.9694576300805218e-14,
      3.416624579733159e-13,
      9.122602381749013e-14,
      2.0044634442987243e-16,
      1.2800920704374612e-14,
      1.7381281314033367e-15,
      4.788145924913573e-14,
      0.3613774981681727,
      3.0917757101748403e-13,
      1.6604298923909138e-09,
      1.9118417091440567e-16,
      4.128923456029397e-12,
      8.361033444076602e-14,
      1.1250586643629311e-11,
      1.8571805683859104e-14,
      3.2279453714126406e-14,
      2.2974070500447812e-14,
      6.682855063371779e-16,
      3.352034278610244e-14,
      1.011387883584434e-13,
      1.99792246602927e-14,
      2.639922712273033e-16,
      1.6333375185675381e-15,
      2.3251624107370375e-15,
      1.1903044791526087e-14,
      2.7469365128741175e-12,
      0.41020386547954196,
      1.7777532079064982e-13,
      6.536509530511124e-14,
      1.4031842111544414e-09,
      4.2164276000026664e-14,
      1.143166696530914e-12,
      2.0443229274072685e-16,
      3.591217112757367e-14,
      1.2542129259732776e-15,
      6.62604978961307e-15
    ],
    [
      2.89954418644543e-07,
      1.8974094469870651e-16,
      1.48189735190388e-16,
      7.020984080233167e-05,
      8.46997745973887e-15,
      2.2285995584942205e-16,
      1.0326026508864472e-14,
      8.949062424811705e-13,
      2.478769480600492e-15,
      3.2529944552158907e-12,
      0.0,
      6.606925943397037e-07,
      2.2676395547920298e-17,
      5.555048291777168e-06,
      2.551037852059113e-16,
      2.6209296279969766e-07,
      7.950538316242024e-15,
      1.089055335534891e-15,
      2.1549826722574786e-17,
      8.630608743368738e-15,
      7.731138689697917e-15,
      2.1877356330031137e-15,
      1.5611027634664292e-16,
      6.614343501601499e-16,
      3.5342149114379734e-16,
      8.771251003607799e-05,
      7.919007984095168e-15,
      2.595326055416922e-16,
      1.0148814212387914e-15,
      1.2568261012312006e-14,
      3.894990702000289e-15,
      2.0204769645885256e-17,
      6.653088815823621e-16,
      1.616675373300362e-16,
      3.544513024321457e-15,
      3.84147632868043e-11,
      1.1505263902307253e-14,
      3.2226234631883e-13,
      2.040280908456065e-17,
      0.348237818066645,
      3.3951973941634675e-15,
      2.5098616006881824e-07,
      9.886090891548648e-16,
      1.5298211286454993e-15,
      1.2041390858965371e-15,
      6.863790216651737e-17,
      1.593039246461434e-15,
      4.1216660503655926e-15,
      1.0932101374923909e-15,
      2.6624472226773194e-17,
      1.4275168580734855e-16,
      1.9539199991664318e-16,
      6.780072972481038e-16,
      0.45364640089091557,
      3.864441844309532e-12,
      8.371780287283661e-15,
      3.1575856648132554e-15,
      2.6451570292059946e-13,
      2.9784576768712198e-15,
      3.03497090462412e-14,
      2.131193952993628e-17,
      1.7311623240843813e-15,
      1.2413677891560485e-16,
      5.371353555474143e-16
    ],
    [
      0.10248507340635822,
      3.299788452140147e-16,
      2.9083615510271093e-16,
      6.041203880573977e-06,
      1.631326171496319e-14,
      4.1979462201450884e-16,
      1.8415051246242004e-14,
      1.6510114396287086e-12,
      4.811696551149329e-15,
      5.385328756270695e-12,
      6.606925943397037e-07,
      0.0,
      4.175463977383418e-17,
      0.30255490483157255,
      5.145869381076453e-16,
      0.0881020519503457,
      1.480223548583251e-14,
      2.1736917139707035e-15,
      3.933066164507481e-17,
      1.5173833216086932e-14,
      1.445707451704552e-14,
      3.784706657455251e-15,
      2.7665510842320247e-16,
      1.1588824201851038e-15,
      6.43410728269385e-16,
      4.698050151727159e-06,
      1.59141798033937e-14,
      4.54538766896344e-16,
      1.8581094531422415e-15,
      2.0966076694821798e-14,
      6.471654451405444e-15,
      3.651386415646358e-17,
      1.17530770266356e-15,
      3.138470786514272e-16,
      7.419085804961473e-15,
      7.019014448606912e-11,
      2.0683711805175644e-14,
      6.133186913422265e-13,
      4.0825859203172557e-17,
      1.471171360354079e-06,
      5.7716823307646e-15,
      0.08718002541016241,
      1.9882303318777926e-15,
      2.6330927871119454e-15,
      2.3212924097349544e-15,
      1.3065651712949163e-16,
      2.8403302311016613e-15,
      7.10680058777619e-15,
      2.219131258166851e-15,
      4.9090794989583756e-17,
      2.6753834566349425e-16,
      3.55195911156907e-16,
      1.3257977840160828e-15,
      6.614337264301885e-07,
      6.7129009254848615e-12,
      1.6217790745861163e-14,
      5.907486749240092e-15,
      5.974559028823024e-13,
      5.500957946931609e-15,
      5.374223562975047e-14,
      4.0122215832850416e-17,
      2.9900770021277874e-15,
      2.272599792188766e-16,
      9.471889837958276e-16
    ],
    [
      4.139868198485488e-17,
      1.9147340635888592e-13,
      1.6548428808768036e-08,
      4.9313700889939865e-17,
      2.3283228308275843e-16,
      8.982879635179741e-14,
      2.1863324079514406e-16,
      1.8513377199405447e-16,
      3.1611800340032958e-15,
      2.1880570638505354e-16,
      2.2676395547920298e-17,
      4.175463977383418e-17,
      0.0,
      7.307912593041066e-17,
      7.269021769605221e-14,
      4.4121786776333106e-17,
      3.3727917574895833e-15,
      1.8562267010763593e-15,
      0.13719034528901275,
      2.8013673668985543e-16,
      2.722914253770257e-16,
      1.862136059651577e-15,
      9.247293650911437e-13,
      2.8491358862684977e-15,
      4.137185654833389e-13,
      4.511073567366124e-17,
      2.636452738377017e-16,
      6.224142755791787e-14,
      1.6619295061438667e-15,
      9.096719915950997e-16,
      9.441053056648734e-16,
      0.1428343894470948,
      3.130687197175304e-15,
      2.911209764762612e-13,
      1.8029286601835384e-13,
      1.8844072068345406e-16,
      6.674273080361243e-16,
      1.4300921170189175e-16,
      0.13872302963120803,
      3.529167227469063e-17,
      7.222682030967654e-16,
      5.144376470126494e-17,
      1.7664197873758038e-15,
      1.891122630333186e-15,
      2.5450964469090037e-15,
      0.11463452881327792,
      2.684137590439883e-15,
      7.37309767696059e-16,
      1.6791016529257243e-15,
      0.12387710942429678,
      3.0564949603072297e-13,
      1.7105314778404672e-13,
      4.740553364169858e-15,
      2.231679486934065e-17,
      1.1094577548486333e-16,
      3.413082580082187e-15,
      2.3782336954376878e-15,
      2.6785409761929047e-16,
      2.0331806420548108e-13,
      2.467313900587004e-16,
      0.14061997258342374,
      3.96257834189378e-15,
      1.9489021779656367e-08,
      2.764188785656006e-13
    ],
    [
      0.05119574605374592,
      6.292623134806073e-16,
      5.003546048445538e-16,
      5.201258543768489e-05,
      2.969112758141516e-14,
      7.378009068072651e-16,
      3.639478165636444e-14,
      3.6320334245303696e-12,
      8.510757060561514e-15,
      1.2458610562437443e-11,
      5.555048291777168e-06,
      0.30255490483157255,
      7.307912593041066e-17,
      0.0,
      8.486415013323236e-16,
      0.041001590026383095,
      2.652870035259629e-14,
      3.752259845420815e-15,
      7.096643624638613e-17,
      3.013217835723282e-14,
      2.7382876770091366e-14,
      7.719011982558994e-15,
      5.173406814373344e-16,
      2.3200553504679414e-15,
      1.1917723609031057e-15,
      4.5021363148716686e-05,
      2.7125974831006773e-14,
      8.98393246300833e-16,
      3.48785199494826e-15,
      4.383145476228017e-14,
      1.3405390401326534e-14,
      6.580712950563611e-17,
      2.3073481272338086e-15,
      5.44655840287603e-16,
      1.2225905902348627e-14,
      1.3078147686643445e-10,
      4.01554107874604e-14,
      1.3604460373848925e-12,
      6.613295878499665e-17,
      1.234722803759437e-05,
      1.2382376662031474e-14,
      0.04067039426600234,
      3.441115470241191e-15,
      5.347164480702196e-15,
      4.323297505379801e-15,
      2.2029232618345746e-16,
      5.77690784958742e-15,
      1.4978928008090917e-14,
      3.802033297831402e-15,
      8.59398733940663e-17,
      4.660271342798302e-16,
      6.673548716170004e-16,
      2.3745910681301894e-15,
      5.322826821238256e-06,
      1.4445945315727416e-11,
      2.896685457235152e-14,
      1.1050976310212538e-14,
      1.0766574205539457e-12,
      9.907705594236409e-15,
      1.1097414493366535e-13,
      6.878372260634742e-17,
      6.177594870914005e-15,
      3.919765808263565e-16,
      1.855819929510508e-15
    ],
    [
      5.078677707201731e-16,
      1.914949602981568e-08,
      1.3339990295264886e-12,
      5.538421040304585e-16,
      5.924418609271262e-15,
      0.3947365149411286,
      5.503943582724036e-15,
      2.7886026018658082e-15,
      1.197816290741104e-13,
      3.031334953466721e-15,
      2.551037852059113e-16,
      5.145869381076453e-16,
      7.269021769605221e-14,
      8.486415013323236e-16,
      0.0,
      5.462324636813098e-16,
      1.2385724504095917e-13,
      7.233209608457257e-14,
      7.313698948582413e-14,
      7.23019923196136e-15,
      6.918305449667519e-15,
      6.799581203422675e-14,
      1.839272932270374e-09,
      1.1041187583906793e-13,
      1.5201298728183502e-08,
      5.204506764498573e-16,
      7.025190657084502e-15,
      0.41068051176426235,
      6.428576635980753e-14,
      2.523237054566687e-14,
      3.038408273384173e-14,
      6.312934710193704e-14,
      1.1925283612299595e-13,
      3.828617561119733e-09,
      3.620488992733142e-10,
      2.6118373345658657e-15,
      1.8778293472652055e-14,
      2.23734396818847e-15,
      7.145321694946789e-14,
      4.219287848439619e-16,
      2.3141275071478015e-14,
      6.213006938054882e-16,
      7.189767390076832e-14,
      6.991489736446055e-14,
      1.0326307782009181e-13,
      3.137758588690798e-13,
      9.663486808727676e-14,
      2.2655058121306882e-14,
      6.957469959618299e-14,
      9.684546730493281e-14,
      2.9842747441243495e-09,
      1.799944451541636e-08,
      2.1644674308736163e-13,
      2.606391881191061e-16,
      1.5024189758641552e-15,
      1.248705991101808e-13,
      8.598570678413915e-14,
      5.097410767412861e-15,
      4.3558412118216094e-10,
      5.324572139214959e-15,
      7.092760122840328e-14,
      1.4508111830478583e-13,
      8.902188122341011e-13,
      7.307420452120589e-07
    ],
    [
      0.26655586574773055,
      3.6262885929578825e-16,
      3.0643556109303366e-16,
      2.7477279082978744e-06,
      2.0241810266152225e-14,
      4.481077523191619e-16,
      2.245018280618748e-14,
      2.2164071020938843e-12,
      5.8531721727568835e-15,
      7.456092207521404e-12,
      2.6209296279969766e-07,
      0.0881020519503457,
      4.4121786776333106e-17,
      0.041001590026383095,
      5.462324636813098e-16,
      0.0,
      1.7497181686506516e-14,
      2.4156818425008038e-15,
      4.0890419969120935e-17,
      1.7766244986692908e-14,
      1.7335202511547628e-14,
      4.4161123554249935e-15,
      2.906310235358822e-16,
      1.3809634645413003e-15,
      6.996307015811306e-16,
      2.0585376338250223e-06,
      1.905763972351505e-14,
      5.056832785668787e-16,
      2.2671008631619962e-15,
      2.554730899784937e-14,
      7.718066151019134e-15,
      3.8659999547284364e-17,
      1.3706623622319634e-15,
      3.3577094835044004e-16,
      8.13340830462962e-15,
      8.916934885889253e-11,
      2.522504828164496e-14,
      8.675277702140383e-13,
      4.182000058752679e-17,
      5.992551655098025e-07,
      6.7613194726465456e-15,
      0.3031182283950174,
      2.3313640585701913e-15,
      3.012066701219832e-15,
      2.5509797982644156e-15,
      1.3561449725804677e-16,
      3.2200839851413928e-15,
      8.48117041562087e-15,
      2.5691353249077816e-15,
      5.3801628453918214e-17,
      2.8872130887462286e-16,
      3.865449035773726e-16,
      1.548931379607479e-15,
      2.593021510753769e-07,
      9.235607619736501e-12,
      1.9461978005709927e-14,
      6.953501596692597e-15,
      7.937035201905731e-13,
      6.2725665514373905e-15,
      6.547568340147213e-14,
      4.219410385709893e-17,
      3.5418774811854524e-15,
      2.391587253285252e-16,
      1.0114443840068503e-15
    ],
    [
      1.4781949199111907e-14,
      6.629197602890588e-14,
      2.6596425102749945e-14,
      1.6792795786706222e-14,
      2.9699560916642507e-12,
      9.197222748907837e-14,
      2.7002813860262286e-12,
      1.8037745421888434e-13,
      1.4846333782366033e-08,
      1.6252816003285483e-13,
      7.950538316242024e-15,
      1.480223548583251e-14,
      3.3727917574895833e-15,
      2.652870035259629e-14,
      1.2385724504095917e-13,
      1.7497181686506516e-14,
      0.0,
      4.8975978003669425e-09,
      3.2781954247327855e-15,
      4.7679660015101075e-12,
      4.0805032908527235e-12,
      1.6366308342057895e-08,
      3.598046871931519e-14,
      1.2442707440732893e-09,
      1.0333294143114697e-13,
      1.509980534864561e-14,
      3.5490660715013593e-12,
      1.3488087915332187e-13,
      5.0472133193131285e-09,
      3.6425168530328664e-11,
      4.202942994001866e-09,
      2.921041784003774e-15,
      1.2241581989074512e-09,
      4.389781681731548e-14,
      5.828019731796001e-12,
      1.0617586143816657e-13,
      1.6248149935848124e-11,
      1.6330904510788924e-13,
      3.1255938256442032e-15,
      1.1472030423850059e-14,
      1.6824455498162467e-09,
      1.9820360404657178e-14,
      4.012320893948776e-09,
      6.58371034024701e-09,
      4.166849457427027e-09,
      1.1469328820422746e-14,
      4.957709237174199e-09,
      1.5896460954182658e-09,
      5.141229614144463e-09,
      4.210057508239918e-15,
      3.861494562521038e-14,
      6.145534360483544e-14,
      1.2642734087473223e-09,
      7.159371461024971e-15,
      6.929718759403482e-14,
      0.04915432608506483,
      3.358531633082203e-08,
      5.045848693478012e-13,
      4.4416047389373215e-12,
      2.01048477438422e-12,
      3.2271954533159686e-15,
      4.753702823209107e-09,
      2.3221121257013847e-14,
      1.8669136617488312e-13
    ],
    [
      2.214745920198982e-15,
      3.982546204806995e-14,
      1.4968210852849656e-14,
      2.338228610780899e-15,
      2.232713732734948e-13,
      5.399709681145964e-14,
      1.9047403001801093e-13,
      2.329023289900755e-14,
      0.050633880114220826,
      2.044180775189569e-14,
      1.089055335534891e-15,
      2.1736917139707035e-15,
      1.8562267010763593e-15,
      3.752259845420815e-15,
      7.233209608457257e-14,
      2.4156818425008038e-15,
      4.8975978003669425e-09,
      0.0,
      1.7684404052427419e-15,
      3.5930109155041393e-13,
      3.0427319660222685e-13,
      3.663405356331927e-05,
      2.0781312127029e-14,
      2.0605578499437643e-07,
      6.184700297119851e-14,
      2.1056101284904676e-15,
      2.67898702745622e-13,
      7.953531537728535e-14,
      0.12424482653574341,
      2.500633391752888e-12,
      9.531816525795755e-11,
      1.6323808745348205e-15,
      2.090817123102536e-07,
      2.6619736004178806e-14,
      3.4214071374784683e-12,
      1.385802307928349e-14,
      1.2151601063450748e-12,
      1.9327523136041946e-14,
      1.790311319660421e-15,
      1.667855979843774e-15,
      3.1945491250208246e-11,
      2.7805616172988054e-15,
      0.21089206354969467,
      0.009579216628898563,
      0.0031783153151160918,
      6.5693725602867005e-15,
      0.002371900062720211,
      2.77350068106816e-11,
      0.12779083947542,
      2.27345230732942e-15,
      2.2537499420647355e-14,
      3.6140861095555025e-14,
      2.4915203754210814e-07,
      1.0251171678845978e-15,
      8.950204898897974e-15,
      3.3042595677911112e-09,
      2.5573277730571604e-05,
      5.675135831757218e-14,
      2.53359850729146e-12,
      1.4214528461433135e-13,
      1.7586352445628113e-15,
      5.420325415899469e-06,
      1.3491125380655455e-14,
      1.1153968484134894e-13
    ],
    [
      3.874001835409985e-17,
      1.9626811227544758e-13,
      1.7622434333115152e-08,
      4.533598544898257e-17,
      2.2184091240284742e-16,
      9.417965124187951e-14,
      2.1117748093602673e-16,
      1.8009024386433046e-16,
      2.9518574357529708e-15,
      2.1361463576232112e-16,
      2.1549826722574786e-17,
      3.933066164507481e-17,
      0.13719034528901275,
      7.096643624638613e-17,
      7.313698948582413e-14,
      4.0890419969120935e-17,
      3.2781954247327855e-15,
      1.7684404052427419e-15,
      0.0,
      2.683982708094931e-16,
      2.6133690641588353e-16,
      1.802953426839481e-15,
      9.628213516467606e-13,
      2.7435823546523974e-15,
      4.2664401142501627e-13,
      4.298364004568457e-17,
      2.510242663015846e-16,
      6.366452977753458e-14,
      1.5765042824531635e-15,
      8.701673941080962e-16,
      8.964140945765083e-16,
      0.14299673057384657,
      3.013464063988004e-15,
      3.0315450958388966e-13,
      1.8378167911933293e-13,
      1.70619154383858e-16,
      6.277037667347576e-16,
      1.3508365544635969e-16,
      0.13734598902987166,
      3.416909305683482e-17,
      6.963566980614763e-16,
      4.9225018736093625e-17,
      1.6690673123745804e-15,
      1.8365836070044598e-15,
      2.5846841963178103e-15,
      0.11790835000330979,
      2.6295995607714244e-15,
      7.060983070424988e-16,
      1.5905371576898622e-15,
      0.12503518569737837,
      3.141867447441154e-13,
      1.7887387052406004e-13,
      4.539439955892294e-15,
      2.057359380299815e-17,
      1.0467609675199256e-16,
      3.2226352821679293e-15,
      2.2590250467617343e-15,
      2.5104466977395746e-16,
      1.9951955619857827e-13,
      2.3735084098734546e-16,
      0.13789313074595946,
      3.920659426593202e-15,
      2.0582868062936342e-08,
      2.9358304312641455e-13
    ],
    [
      1.5619990833502256e-14,
      4.5763629659332575e-15,
      2.0862126328317913e-15,
      1.8078926320347693e-14,
      0.14427697751150972,
      5.7690481210711994e-15,
      0.1150383090670144,
      3.0242176919793e-13,
      8.269738562642781e-13,
      2.4033335654136565e-13,
      8.630608743368738e-15,
      1.5173833216086932e-14,
      2.8013673668985543e-16,
      3.013217835723282e-14,
      7.23019923196136e-15,
      1.7766244986692908e-14,
      4.7679660015101075e-12,
      3.5930109155041393e-13,
      2.683982708094931e-16,
      0.0,
      0.2081912148770772,
      9.101335862966109e-13,
      2.720495011286042e-15,
      1.5887429001666686e-13,
      7.321800539033868e-15,
      1.6009301955287568e-14,
      0.15974232918919612,
      8.151806865442558e-15,
      3.269837600006329e-13,
      2.095482424568242e-07,
      3.9075764216131794e-12,
      2.470507183119544e-16,
      1.5121844368636008e-13,
      3.0521183410852043e-15,
      1.9636133980344885e-13,
      1.2754501349194914e-13,
      2.6445460334576307e-07,
      2.85047032920959e-13,
      2.6170033745810595e-16,
      1.1962955741479198e-14,
      5.069598034973272e-12,
      2.1938867014895784e-14,
      2.889079507632001e-13,
      5.305448512666928e-13,
      3.4788851093609075e-13,
      9.134576615350702e-16,
      4.669000147905298e-13,
      6.973557456222229e-12,
      3.4566662074067315e-13,
      3.4004825360105245e-16,
      2.6561400337751473e-15,
      4.2383116859384255e-15,
      1.455974206832551e-13,
      7.387608050336278e-15,
      9.437700085761017e-14,
      6.004302934959999e-12,
      1.3655378098384105e-12,
      1.2449116522439249e-12,
      1.600221862164439e-13,
      0.11017544966561763,
      2.6770760131121383e-16,
      4.95723118274872e-13,
      1.855960223987413e-15,
      1.2667481770366292e-14
    ],
    [
      1.5025600292248363e-14,
      4.02962535784801e-15,
      2.0839484654506657e-15,
      1.6682226757479915e-14,
      0.14875104164088584,
      5.4795317425553025e-15,
      0.11250124720650209,
      2.772703439090083e-13,
      7.79891153740157e-13,
      2.2617702696286387e-13,
      7.731138689697917e-15,
      1.445707451704552e-14,
      2.722914253770257e-16,
      2.7382876770091366e-14,
      6.918305449667519e-15,
      1.7335202511547628e-14,
      4.0805032908527235e-12,
      3.0427319660222685e-13,
      2.6133690641588353e-16,
      0.2081912148770772,
      0.0,
      7.536269306063854e-13,
      2.5840027944751717e-15,
      1.4211952661349486e-13,
      7.109181259772398e-15,
      1.6039043921475046e-14,
      0.16397253329383246,
      7.711509344368233e-15,
      2.908165469945487e-13,
      1.4614955352212862e-07,
      3.228806346309421e-12,
      2.4646513277976555e-16,
      1.358405704724697e-13,
      3.0295646024394417e-15,
      2.0206865273529887e-13,
      1.205862050673344e-13,
      1.9260629271216487e-07,
      2.79863681019378e-13,
      2.5364728282511934e-16,
      1.1362768472042809e-14,
      4.352865579527155e-12,
      2.2346210647971703e-14,
      2.706152172136223e-13,
      4.42632370597885e-13,
      3.3061200571514967e-13,
      8.875715261729172e-16,
      4.1945660534612395e-13,
      5.97457504128371e-12,
      3.083061991481255e-13,
      3.395710759394938e-16,
      2.757745311943745e-15,
      4.137706758477343e-15,
      1.2560043737510147e-13,
      7.025680157253852e-15,
      9.290132964293481e-14,
      5.262497936848137e-12,
      1.2390608098117166e-12,
      1.1815460294904122e-12,
      1.5159038068346795e-13,
      0.10896895152189733,
      2.5515751764941587e-16,
      4.328558457236211e-13,
      1.704755131030349e-15,
