{
  "config": {
    "N": 64,
    "alpha": 1.8,
    "beta": 1.0,
    "gamma": 1.0,
    "dt": 0.02,
    "T": 200.0,
    "sample_every": 25,
    "seed": 101,
    "target_initial_load": 1.0,
    "noise_fraction": 0.02,
    "eps": 1e-06,
    "device": "cuda",
    "dtype": "float64",
    "model_variant": "full"
  },
  "device_used": "cuda",
  "dtype_used": "torch.float64",
  "runtime_seconds": 31.255264500156045,
  "final_constraint_report": {
    "symmetric": true,
    "zero_diagonal": true,
    "nonnegative": true,
    "symmetry_max_abs_error": 0.0,
    "diagonal_max_abs_error": 0.0,
    "minimum_entry": 0.0
  },
  "final_chi_hhi_star": 0.3131107196764179,
  "max_chi_hhi_star": 0.3131107196764179,
  "final_lambda2": 1.2899700182573545e-07,
  "final_total_weight": 20.899392841781903,
  "final_load_cv": 0.15314561604391586,
  "W_final": [
    [
      0.0,
      8.247399045168433e-11,
      7.11469853369384e-11,
      1.3323053575362693e-10,
      4.331335281153354e-11,
      9.673530630515437e-10,
      2.4640324505360862e-11,
      8.181626529603015e-11,
      7.942490204162362e-11,
      1.573053768368465e-08,
      1.4888437615110568e-10,
      1.1085159196566841e-11,
      4.2918803786888165e-07,
      1.3759022873170913e-07,
      6.648353010218126e-12,
      9.27251591979375e-11,
      3.3796961319746257e-10,
      3.993016855390905e-11,
      0.0007903157389203329,
      0.006744227296287683,
      1.4678839125548594e-11,
      0.1561155235557318,
      0.08434001953960486,
      3.917011149421364e-11,
      8.306402685126518e-11,
      2.1143213970434337e-11,
      7.869433354849602e-12,
      0.0010581036194223714,
      1.3282194137898325e-09,
      1.475014196999162e-11,
      9.18850140864407e-11,
      1.176245362130728e-11,
      1.608407703843457e-11,
      7.499578641725975e-12,
      1.1800461488556194e-08,
      1.1293265810680035e-11,
      1.2737016563687236e-11,
      3.817675117304992e-08,
      4.222623911317155e-10,
      9.280141222612426e-11,
      2.0512988526952823e-11,
      8.301451517480867e-10,
      0.08233535704470217,
      1.420359773598303e-06,
      7.81549599629373e-11,
      8.279402980577689e-11,
      8.66801800945713e-11,
      0.09829292742226112,
      9.368891075630194e-11,
      1.4290550114610833e-11,
      3.2757691361135026e-10,
      0.1450921272004612,
      1.1582502325936409e-11,
      3.2865717429482414e-10,
      1.233501998189552e-11,
      1.1215287169116985e-11,
      6.937282364887259e-11,
      0.0007335295213906208,
      0.0008994669125610412,
      1.642565643937876e-09,
      1.2345477817492042e-10,
      2.4891949228138802e-11,
      2.0881213483429936e-07,
      5.249069625969625e-11
    ],
    [
      8.247399045168433e-11,
      0.0,
      1.615965776587258e-06,
      2.499640773253966e-05,
      2.1153745454537945e-07,
      4.1585219324512264e-08,
      8.624060593775741e-08,
      3.101645397826294e-05,
      6.095490697210321e-05,
      1.9046082929344924e-09,
      1.5694982832939754e-05,
      2.4184510438059097e-08,
      8.242846274878934e-10,
      1.1954424809630746e-09,
      8.093391064000664e-09,
      3.756011116673807e-05,
      1.2118101935460028e-07,
      2.569572265752119e-07,
      1.6568988535171787e-10,
      1.205967135868075e-10,
      3.490026580754392e-08,
      6.063705711173444e-11,
      4.930599017645296e-11,
      2.6174440422917795e-07,
      7.896339425933351e-05,
      6.703278022129674e-08,
      1.0387984696887793e-08,
      1.2781282481213058e-10,
      2.3215025095252575e-08,
      3.4920252737529056e-08,
      2.8690610687063504e-05,
      2.3630684234522496e-08,
      2.563959489080818e-08,
      9.75278685341249e-09,
      2.9418448957214287e-09,
      2.2792766295637517e-08,
      2.5556209419362023e-08,
      1.7883478805271182e-09,
      8.788051110485123e-08,
      2.3777640341811188e-05,
      6.250826715534821e-08,
      8.354046099284687e-08,
      4.8331479797961437e-11,
      7.057043314320029e-10,
      0.27162756035897634,
      0.253978290352961,
      7.739382836421694e-05,
      5.83967122605569e-11,
      0.2142183000755713,
      3.4885042869929893e-08,
      1.9520599911838866e-07,
      6.556578785671024e-11,
      2.2620447842363834e-08,
      1.6276368024380506e-07,
      2.69338005390917e-08,
      1.4719287618086205e-08,
      1.0905195120105513e-06,
      1.6655845194144327e-10,
      1.3487423663919972e-10,
      2.1112837208320695e-08,
      1.925158754156199e-05,
      8.232609327281477e-08,
      9.62627506475116e-10,
      4.5266171024464237e-07
    ],
    [
      7.11469853369384e-11,
      1.615965776587258e-06,
      0.0,
      0.2976747758062699,
      9.641423479839725e-05,
      1.4385276260024571e-08,
      5.985330639906557e-06,
      1.8552123519103564e-07,
      2.650737159418848e-07,
      1.2815072297928451e-09,
      1.3255023043652938e-07,
      6.755554150489012e-07,
      6.528856918112516e-10,
      9.54744791917513e-10,
      1.0028747034409794e-07,
      2.1071521778103763e-07,
      2.5869519339675996e-08,
      0.00022916478105628287,
      1.37756415578068e-10,
      1.046283980072817e-10,
      1.2999053606862555e-06,
      5.3612248000490293e-11,
      4.1254540212753086e-11,
      0.0002279981062750395,
      3.0482131591050436e-07,
      3.6003085689340696e-06,
      1.3828240228634316e-07,
      1.067277970073642e-10,
      8.643256895520583e-09,
      1.2925439922554588e-06,
      1.7325351932868184e-07,
      5.437268265830833e-07,
      5.103683044571957e-07,
      1.2778242561257159e-07,
      1.9254420157775447e-09,
      6.598513921312715e-07,
      7.463225521219812e-07,
      1.3453199921876373e-09,
      2.2201687612530736e-08,
      1.5800699422893672e-07,
      3.1525197311191356e-06,
      2.4300726704924895e-08,
      4.0586474159771905e-11,
      5.760251275000412e-10,
      1.58470143545546e-06,
      1.2647944513734547e-06,
      3.045780612433555e-07,
      4.973831956504661e-11,
      1.0060259466163851e-06,
      1.2311668122715154e-06,
      3.623132083898606e-08,
      5.4993928342385004e-11,
      5.552480841813308e-07,
      3.2705573791603576e-08,
      8.607560640921999e-07,
      2.3272167564208273e-07,
      0.42056549638907115,
      1.438480644020094e-10,
      1.1400311228215408e-10,
      8.279164142421142e-09,
      1.4297146406220828e-07,
      5.514377749698573e-06,
      7.407163069830957e-10,
      0.0007183398269248435
    ],
    [
      1.3323053575362693e-10,
      2.499640773253966e-05,
      0.2976747758062699,
      0.0,
      2.4239704233451254e-05,
      3.8812725460527115e-08,
      2.499138703912742e-06,
      2.217745615428883e-06,
      3.6072827187340133e-06,
      2.620650215180169e-09,
      1.2584375990541021e-06,
      3.298764037583259e-07,
      1.2642397421708458e-09,
      1.760411453467731e-09,
      7.103825001423713e-08,
      2.4402999486214477e-06,
      8.752352418377051e-08,
      6.474909471427345e-05,
      2.722368576673956e-10,
      1.954626009402912e-10,
      6.216555029138424e-07,
      9.988919191952657e-11,
      7.917737699068912e-11,
      6.233739266973846e-05,
      4.3111168004426874e-06,
      1.5263091447056333e-06,
      9.452777042485711e-08,
      1.978142209900419e-10,
      2.2263586346095128e-08,
      6.04968397166155e-07,
      1.999301976287954e-06,
      2.96161207939773e-07,
      2.895034805085479e-07,
      8.501184971315262e-08,
      3.993200779108753e-09,
      3.394453836589659e-07,
      3.8741738120807135e-07,
      2.5925775508014307e-09,
      6.568842579971763e-08,
      1.7911027917512648e-06,
      1.3089896288359922e-06,
      6.887217066318645e-08,
      7.990303172401546e-11,
      1.0693789340461834e-09,
      2.4038026352516234e-05,
      2.1592710797025333e-05,
      4.318919559654047e-06,
      9.716822397777626e-11,
      1.7381374593250226e-05,
      5.716358790796754e-07,
      1.27747349972267e-07,
      1.047391182841252e-10,
      3.053664327798148e-07,
      1.1173987972057347e-07,
      4.139943757513008e-07,
      1.4639089873633723e-07,
      0.21974721893688215,
      2.668205943721083e-10,
      2.1592720416093162e-10,
      2.127234211678394e-08,
      1.5395164926078138e-06,
      2.180689584952606e-06,
      1.4298651987125778e-09,
      0.00027150962109829033
    ],
    [
      4.331335281153354e-11,
      2.1153745454537945e-07,
      9.641423479839725e-05,
      2.4239704233451254e-05,
      0.0,
      4.853695195745826e-09,
      0.0002836139542558786,
      2.7593401774271305e-08,
      3.935376388855823e-08,
      6.705713197783181e-10,
      2.2142021311031832e-08,
      2.737261764250746e-05,
      3.775951224953198e-10,
      5.326284984379563e-10,
      8.86507995944283e-07,
      3.1800247488155255e-08,
      7.15728505007257e-09,
      0.19937538656244033,
      8.530514923324857e-11,
      6.432658803206292e-11,
      6.749351772808566e-05,
      3.2789630277220287e-11,
      2.5979251438240128e-11,
      0.19991650640021433,
      4.391732369433684e-08,
      0.0001892877665498028,
      1.3222279870011424e-06,
      6.52584023947666e-11,
      3.122761995474579e-09,
      6.084371350357137e-05,
      2.6771083422057448e-08,
      1.8313715068884343e-05,
      1.1700210436532308e-05,
      1.1895144205064806e-06,
      9.93730045913859e-10,
      2.6574495964169727e-05,
      3.082881638773806e-05,
      7.340859326298523e-10,
      6.19005552302612e-09,
      2.466781375860896e-08,
      0.00016188291291921399,
      7.456353042959206e-09,
      2.5479034546460076e-11,
      3.343880359301158e-10,
      2.1572858949734874e-07,
      1.71152889652937e-07,
      4.491806176453208e-08,
      3.068725139793818e-11,
      1.419843483309766e-07,
      5.76258248798013e-05,
      9.303418377245985e-09,
      3.3764580031358704e-11,
      1.86029222605731e-05,
      8.33252865060793e-09,
      3.929975652072969e-05,
      2.7149136006468636e-06,
      0.00017508158961488974,
      8.680397380531147e-11,
      6.888164807051659e-11,
      3.078243601388815e-09,
      2.345237029884416e-08,
      0.0002641018025535112,
      4.343197033398766e-10,
      0.13694062225147274
    ],
    [
      9.673530630515437e-10,
      4.1585219324512264e-08,
      1.4385276260024571e-08,
      3.8812725460527115e-08,
      4.853695195745826e-09,
      0.0,
      2.221494247884868e-09,
      1.0572075369425887e-07,
      7.962306070864145e-08,
      4.556790404162801e-08,
      3.0096945958360334e-07,
      7.680142666858038e-10,
      1.3125914399721805e-08,
      2.1874504621577615e-08,
      3.4479794848955156e-10,
      9.677152667893702e-08,
      3.63260731268991e-05,
      4.790628616354216e-09,
      2.092107158044565e-09,
      1.4696053477457778e-09,
      1.078730537105146e-09,
      7.504574827375395e-10,
      5.796527745371703e-10,
      4.900126123020992e-09,
      8.639422889478912e-08,
      1.904189635709895e-09,
      4.383975480588756e-10,
      1.5767695409612876e-09,
      0.3469988539523915,
      1.1804562488839585e-09,
      1.2084062637454456e-07,
      7.808401697215751e-10,
      1.0275261761093382e-09,
      4.065083902601962e-10,
      8.011582446121105e-08,
      8.486104092900344e-10,
      9.38750839457653e-10,
      3.6941522343578885e-08,
      5.318908665136575e-05,
      1.274314817151663e-07,
      1.8744017212001624e-09,
      0.0002941083612000928,
      5.744067014409814e-10,
      1.0129604920763828e-08,
      4.135250537109384e-08,
      4.449358689038638e-08,
      8.510565421712902e-08,
      6.990514608334506e-10,
      5.252273325695721e-08,
      1.099876549296032e-09,
      2.6176787379642645e-05,
      7.546095772810109e-10,
      8.153040235084252e-10,
      2.924708473667039e-05,
      8.626523242379461e-10,
      6.212541631186026e-10,
      1.1470689467996957e-08,
      2.112672535892948e-09,
      1.69945825222109e-09,
      0.3439925551842546,
      1.928892720172965e-07,
      2.141183155631291e-09,
      1.5031813100974396e-08,
      7.184891973951458e-09
    ],
    [
      2.4640324505360862e-11,
      8.624060593775741e-08,
      5.985330639906557e-06,
      2.499138703912742e-06,
      0.0002836139542558786,
      2.221494247884868e-09,
      0.0,
      1.1670341311976555e-08,
      1.728032638134202e-08,
      3.5759165033696475e-10,
      8.78321718619748e-09,
      0.0006294677719008528,
      2.1582906095286848e-10,
      2.768545934078525e-10,
      1.8167749428732373e-06,
      1.2704963257065493e-08,
      3.315780607808799e-09,
      5.58653694070731e-05,
      5.046198861043363e-11,
      3.5237394518647175e-11,
      0.003920647120085842,
      1.8089903635362247e-11,
      1.4907546444873106e-11,
      5.16272499661155e-05,
      1.8934923922501666e-08,
      0.17661224003343187,
      2.7743521831966314e-06,
      3.5924736854354934e-11,
      1.4828643806603553e-09,
      0.002736696071206571,
      1.0941392119266402e-08,
      0.0002935219314477936,
      0.00010244436458928277,
      2.3057871649633204e-06,
      5.116816120341025e-10,
      0.0006023151649241329,
      0.0007705783190989121,
      3.8974547502664486e-10,
      2.874982552665005e-09,
      1.0342608599266424e-08,
      0.14169071911448072,
      3.6031473907587757e-09,
      1.4540614927766657e-11,
      1.89885169925628e-10,
      8.250785269968488e-08,
      7.07981053264285e-08,
      1.981439781322962e-08,
      1.7801618421201492e-11,
      5.58425656205409e-08,
      0.002455074505521785,
      4.383023002637068e-09,
      1.9223173870424638e-11,
      0.0003001361061719221,
      3.776350800036823e-09,
      0.00120605660286765,
      6.293559352831098e-06,
      9.57647685846239e-06,
      4.71912839876678e-11,
      3.823150911680016e-11,
      1.466741620431323e-09,
      9.828733734586135e-09,
      0.2280083761299366,
      2.426187593658482e-10,
      2.9473369532232786e-05
    ],
    [
      8.181626529603015e-11,
      3.101645397826294e-05,
      1.8552123519103564e-07,
      2.217745615428883e-06,
      2.7593401774271305e-08,
      1.0572075369425887e-07,
      1.1670341311976555e-08,
      0.0,
      0.09151604204620141,
      2.500030710090758e-09,
      0.07409877269645489,
      3.323938234917491e-09,
      8.807105913327572e-10,
      1.3294669712748178e-09,
      1.3277852957714843e-09,
      0.10158616011555183,
      3.093255361642034e-07,
      3.269749362876439e-08,
      1.6922396018455014e-10,
      1.2293075495630712e-10,
      4.881006053473994e-09,
      6.181400166498729e-11,
      4.8853545656362616e-11,
      3.1813579948967127e-08,
      0.08687858226931357,
      9.816265798093569e-09,
      1.7410801628950327e-09,
      1.2283766231292593e-10,
      6.026438063087491e-08,
      5.4799122304355575e-09,
      0.10374476639470322,
      3.4176465562771186e-09,
      4.137544653500452e-09,
      1.5508018705415941e-09,
      3.917790033127494e-09,
      3.7805019855377886e-09,
      3.978011432616542e-09,
      2.0760995403273186e-09,
      2.2815370658728554e-07,
      0.10937427271403632,
      8.820268893115646e-09,
      2.0983083688276928e-07,
      4.991757185096219e-11,
      6.970395909794144e-10,
      3.4979143807750666e-05,
      4.386846584545867e-05,
      0.08518438979215164,
      5.996223118052128e-11,
      9.438158293271665e-05,
      4.912313833258205e-09,
      4.950745213719334e-07,
      6.439261086399517e-11,
      3.659434706557111e-09,
      4.220187885284529e-07,
      3.876639344375351e-09,
      2.3741338091016423e-09,
      1.2578716530316352e-07,
      1.7021814638860135e-10,
      1.387630971479079e-10,
      5.100438526227235e-08,
      0.07710718702697318,
      1.1369203066341349e-08,
      9.809594192585856e-10,
      5.5072911308152156e-08
    ],
    [
      7.942490204162362e-11,
      6.095490697210321e-05,
      2.650737159418848e-07,
      3.6072827187340133e-06,
      3.935376388855823e-08,
      7.962306070864145e-08,
      1.728032638134202e-08,
      0.09151604204620141,
      0.0,
      2.2361779494794443e-09,
      0.03877974919966969,
      4.595805897834231e-09,
      8.172891263006309e-10,
      1.2504486151731098e-09,
      1.871327905435229e-09,
      0.08221165014576512,
      2.449298248454014e-07,
      4.785776625246626e-08,
      1.677163771112061e-10,
      1.1600816468740314e-10,
      7.072132695228693e-09,
      6.043302701656506e-11,
      4.790914398038562e-11,
      4.6449364415817855e-08,
      0.13173368723362938,
      1.4168975511155238e-08,
      2.456374120532883e-09,
      1.180697117513618e-10,
      4.40935613000445e-08,
      7.338365580945138e-09,
      0.07939689299334561,
      4.877395172635572e-09,
      5.619279492205002e-09,
      2.1828269714235062e-09,
      3.5017740020987707e-09,
      5.218939456546798e-09,
      5.4966484802633126e-09,
      2.0487671826086232e-09,
      1.8174278060090382e-07,
      0.06433353824612116,
      1.223254468614121e-08,
      1.6356864483230575e-07,
      4.8465352435772486e-11,
      6.619688741086549e-10,
      6.50765868332591e-05,
      8.216936085628877e-05,
      0.13691425036826374,
      5.928326033370345e-11,
      0.000164753099767192,
      6.7854536378865825e-09,
      4.021058265700873e-07,
      6.390033362914113e-11,
      5.160195356760812e-09,
      3.4384272868593806e-07,
      5.476523998352717e-09,
      3.338133768697961e-09,
      1.851655854482506e-07,
      1.661471437405571e-10,
      1.315704742599411e-10,
      4.004966936201468e-08,
      0.043313808470345785,
      1.643355386945334e-08,
      9.570991570319745e-10,
      7.65664078104528e-08
    ],
    [
      1.573053768368465e-08,
      1.9046082929344924e-09,
      1.2815072297928451e-09,
      2.620650215180169e-09,
      6.705713197783181e-10,
      4.556790404162801e-08,
      3.5759165033696475e-10,
      2.500030710090758e-09,
      2.2361779494794443e-09,
      0.0,
      4.729092247622737e-09,
      1.4585709763658127e-10,
      1.8830466444836419e-06,
      8.636168687373179e-06,
      7.693996606314702e-11,
      2.4718684587058993e-09,
      1.4140344880004236e-08,
      6.349711900474656e-10,
      4.4981948884634866e-08,
      2.5927586650691027e-08,
      1.933290300322781e-10,
      1.1222529402326706e-08,
      8.401881746602502e-09,
      6.267955741506581e-10,
      2.3365896475529214e-09,
      3.1678658209978807e-10,
      9.61788826347237e-11,
      3.0002813504148575e-08,
      6.766207090658721e-08,
      2.0402008921433625e-10,
      2.6780461879590423e-09,
      1.577065736221728e-10,
      2.0628990393638117e-10,
      8.979020928121235e-11,
      0.4466261169767922,
      1.5546534119643676e-10,
      1.635145504967455e-10,
      0.36907022888114843,
      1.7241474342901848e-08,
      2.8658830386152e-09,
      2.964522177666135e-10,
      3.6716126661011763e-08,
      8.372902998279642e-09,
      9.68542991920048e-07,
      1.800546308950103e-09,
      1.9144451301455265e-09,
      2.2577199357489477e-09,
      1.006579967376117e-08,
      2.2215799068514056e-09,
      1.923898072745215e-10,
      1.3179585500477028e-08,
      1.1854550301174873e-08,
      1.5872426158803644e-10,
      1.3442935939238902e-08,
      1.6555786096511712e-10,
      1.3058115992122819e-10,
      1.2383998834313103e-09,
      4.6572241026841345e-08,
      3.345871878452539e-08,
      8.239005911424237e-08,
      3.6913213471985473e-09,
      3.591668105713717e-10,
      3.7580954138156633e-06,
      8.734237414921517e-10
    ],
    [
      1.4888437615110568e-10,
      1.5694982832939754e-05,
      1.3255023043652938e-07,
      1.2584375990541021e-06,
      2.2142021311031832e-08,
      3.0096945958360334e-07,
      8.78321718619748e-09,
      0.07409877269645489,
      0.03877974919966969,
      4.729092247622737e-09,
      0.0,
      2.6354699882392985e-09,
      1.5626073258905427e-09,
      2.645965808732966e-09,
      1.035121814163285e-09,
      0.08471315919982629,
      8.178926746388258e-07,
      2.5068510905684387e-08,
      2.901827869367599e-10,
      2.2848514045481e-10,
      3.93892320023956e-09,
      1.1296467066037946e-10,
      8.862354157088442e-11,
      2.4457998146518058e-08,
      0.035177859745385606,
      7.78223785175425e-09,
      1.357500347586874e-09,
      2.269052826056108e-10,
      1.817724984427415e-07,
      4.235444413363988e-09,
      0.09024919458930826,
      2.674117712846152e-09,
      3.2619246478149446e-09,
      1.2985109466651173e-09,
      8.018602320178908e-09,
      2.8763491253442958e-09,
      3.0351860100658638e-09,
      4.01596585872347e-09,
      6.549796083225412e-07,
      0.10992634762440322,
      6.611948592095466e-09,
      6.195687867227783e-07,
      8.631261682797169e-11,
      1.256266059912814e-09,
      1.819170523190316e-05,
      2.2769512770362234e-05,
      0.033354074545088035,
      1.0230205496523427e-10,
      5.831981628516171e-05,
      3.943025680786715e-09,
      1.2394609574500823e-06,
      1.136557055972975e-10,
      2.7363707992531456e-09,
      1.0639425589782194e-06,
      3.2194762612660024e-09,
      2.016290183579967e-09,
      9.331665946446706e-08,
      3.054772697598001e-10,
      2.4479983967919944e-10,
      1.5185398725430598e-07,
      0.16937380602188085,
      9.017889848646505e-09,
      1.89994844408167e-09,
      4.1986775601277615e-08
    ],
    [
      1.1085159196566841e-11,
      2.4184510438059097e-08,
      6.755554150489012e-07,
      3.298764037583259e-07,
      2.737261764250746e-05,
      7.680142666858038e-10,
      0.0006294677719008528,
      3.323938234917491e-09,
      4.595805897834231e-09,
      1.4585709763658127e-10,
      2.6354699882392985e-09,
      0.0,
      9.490966353189691e-11,
      1.2224118549360167e-10,
      9.237081085011726e-06,
      3.732577199211227e-09,
      1.047466708659875e-09,
      4.560340950101422e-06,
      2.150564864912144e-11,
      1.6167826350606548e-11,
      0.04397296375636468,
      8.127236379090938e-12,
      6.389418717506886e-12,
      4.669955476645848e-06,
      5.381631503047907e-09,
      0.0010884359492710249,
      1.3056071589272598e-05,
      1.6896094785739098e-11,
      5.153201836418156e-10,
      0.051155527590272185,
      3.080722987214641e-09,
      0.053910458852853796,
      0.02128459327510112,
      1.1582891057987705e-05,
      2.0775133621854125e-10,
      0.11187554325309566,
      0.11152498735878244,
      1.5984764851725316e-10,
      8.95397428297411e-10,
      2.9484316263774832e-09,
      0.0019326586096990693,
      1.1824986062896905e-09,
      6.317648150407943e-12,
      8.253757174942005e-11,
      2.3217921659382484e-08,
      1.8495277812856144e-08,
      5.321119774081416e-09,
      7.718923343161928e-12,
      1.5696768301823125e-08,
      0.05441667585560198,
      1.3262396054639352e-09,
      8.50862250741401e-12,
      0.054099623082614526,
      1.1653151861963697e-09,
      0.08986804855028735,
      3.159653605527266e-05,
      9.518921876702489e-07,
      2.1393860865450455e-11,
      1.691741530546725e-11,
      5.155239200210394e-10,
      2.7705740610977954e-09,
      0.0006654362569038206,
      1.0383699352797769e-10,
      2.600900853971009e-06
    ],
    [
      4.2918803786888165e-07,
      8.242846274878934e-10,
      6.528856918112516e-10,
      1.2642397421708458e-09,
      3.775951224953198e-10,
      1.3125914399721805e-08,
      2.1582906095286848e-10,
      8.807105913327572e-10,
      8.172891263006309e-10,
      1.8830466444836419e-06,
      1.5626073258905427e-09,
      9.490966353189691e-11,
      0.0,
      0.0012433606775480778,
      5.3435538116526944e-11,
      9.272243017052628e-10,
      4.05605481551722e-09,
      3.4243965740699324e-10,
      1.230798039574665e-06,
      7.133541394082116e-07,
      1.2152467617467759e-10,
      3.137503643113724e-07,
      2.298433727752084e-07,
      3.5007425184571697e-10,
      8.917401358718557e-10,
      1.8129946233726705e-10,
      6.4575719074968e-11,
      8.920743600855484e-07,
      1.8595976797036985e-08,
      1.218635598730786e-10,
      9.535948027149241e-10,
      9.838757537579889e-11,
      1.36008371867835e-10,
      5.993986910859545e-11,
      1.4407903620832329e-06,
      9.540309116052908e-11,
      1.0898951558064936e-10,
      6.738255495957127e-06,
      5.033589656412497e-09,
      9.741879786229027e-10,
      1.7811665608537826e-10,
      1.057625228019006e-08,
      2.2332853790368276e-07,
      0.5726586073667718,
      7.682783646788449e-10,
      7.966100232686964e-10,
      9.334749464560998e-10,
      2.6179928549969076e-07,
      8.850029740451701e-10,
      1.206308606029518e-10,
      3.875089143293867e-09,
      3.085479911740227e-07,
      9.749574107406521e-11,
      3.825333882863449e-09,
      1.0186008310206662e-10,
      8.82975962908639e-11,
      6.164681496315949e-10,
      1.2536272593149214e-06,
      9.229302980436696e-07,
      2.3618498812158027e-08,
      1.2830068125817084e-09,
      2.0893139406230287e-10,
      0.0015821987293837708,
      4.697862721002652e-10
    ],
    [
      1.3759022873170913e-07,
      1.1954424809630746e-09,
      9.54744791917513e-10,
      1.760411453467731e-09,
      5.326284984379563e-10,
      2.1874504621577615e-08,
      2.768545934078525e-10,
      1.3294669712748178e-09,
      1.2504486151731098e-09,
      8.636168687373179e-06,
      2.645965808732966e-09,
      1.2224118549360167e-10,
      0.0012433606775480778,
      0.0,
      7.098719061142864e-11,
      1.4890709030298749e-09,
      6.3296925525262e-09,
      4.730700966044504e-10,
      4.0201988525125687e-07,
      2.2927881542872624e-07,
      1.6271942525746232e-10,
      9.941699499129936e-08,
      6.972670912632787e-08,
      4.855065103190404e-10,
      1.3393748422551501e-09,
      2.6242568470226017e-10,
      8.485663977068539e-11,
      2.844954497065451e-07,
      3.375221408128688e-08,
      1.6892561615648513e-10,
      1.562569318817141e-09,
      1.3408361118469042e-10,
      1.7385825805789752e-10,
      8.345456950086513e-11,
      7.257112941225626e-06,
      1.2949955044678088e-10,
      1.412115164206581e-10,
      2.2773301768171358e-05,
      8.55984790005306e-09,
      1.5353266468434778e-09,
      2.404904008278596e-10,
      1.6695922687318566e-08,
      6.790079765510904e-08,
      0.0007770613288394003,
      1.1322865887861428e-09,
      1.143715013563618e-09,
      1.2882265461975787e-09,
      8.221927642490498e-08,
      1.4279786519049825e-09,
      1.652720666389958e-10,
      6.249735579759635e-09,
      9.787811374606761e-08,
      1.2985585607343933e-10,
      6.560606608837024e-09,
      1.3901795369613236e-10,
      1.2153776193165517e-10,
      8.518974968578873e-10,
      4.273686095539151e-07,
      3.0881440693503784e-07,
      4.2569726038329626e-08,
      2.0283541367456545e-09,
      2.803482362555235e-10,
      0.5830492031587269,
      6.513554601001028e-10
    ],
    [
      6.648353010218126e-12,
      8.093391064000664e-09,
      1.0028747034409794e-07,
      7.103825001423713e-08,
      8.86507995944283e-07,
      3.4479794848955156e-10,
      1.8167749428732373e-06,
      1.3277852957714843e-09,
      1.871327905435229e-09,
      7.693996606314702e-11,
      1.035121814163285e-09,
      9.237081085011726e-06,
      5.3435538116526944e-11,
      7.098719061142864e-11,
      0.0,
      1.4081515517356228e-09,
      4.295485996856544e-10,
      3.627660323303237e-07,
      1.322960363657397e-11,
      9.258274793266514e-12,
      4.4450037202247235e-06,
      4.7158976643425335e-12,
      3.681113080483235e-12,
      3.5929848812356534e-07,
      2.0073354065496603e-09,
      2.3327885102304946e-06,
      0.2733472604446605,
      9.653230606529081e-12,
      2.40162723102483e-10,
      4.151815975768037e-06,
      1.2933514218766555e-09,
      2.52741647279558e-05,
      0.0004153057544681414,
      0.290173545284504,
      1.0450137501623383e-10,
      9.313581372823296e-06,
      8.106172779863391e-06,
      9.596307531488009e-11,
      4.0794243922749474e-10,
      1.2290180640025613e-09,
      2.5230003169340005e-06,
      4.739285081364597e-10,
      3.768244660614975e-12,
      4.7440980463947055e-11,
      7.854785982667546e-09,
      6.8087535001144396e-09,
      2.0688136181936195e-09,
      4.61794115801228e-12,
      5.930057215836741e-09,
      4.451323984822215e-06,
      5.537042449520379e-10,
      5.04936053659454e-12,
      2.3859677212640484e-05,
      5.167296809483883e-10,
      6.213796801406435e-06,
      0.21592503936751425,
      1.3340391224431076e-07,
      1.2888597888604306e-11,
      1.019759714928367e-11,
      2.4506628723715966e-10,
      1.097428570537538e-09,
      1.925934727226892e-06,
      5.7130145252751725e-11,
      2.585821227785303e-07
    ],
    [
      9.27251591979375e-11,
      3.756011116673807e-05,
      2.1071521778103763e-07,
      2.4402999486214477e-06,
      3.1800247488155255e-08,
      9.677152667893702e-08,
      1.2704963257065493e-08,
      0.10158616011555183,
      0.08221165014576512,
      2.4718684587058993e-09,
      0.08471315919982629,
      3.732577199211227e-09,
      9.272243017052628e-10,
      1.4890709030298749e-09,
      1.4081515517356228e-09,
      0.0,
      2.855506327103841e-07,
      3.7133039884687395e-08,
      1.7543141372345851e-10,
      1.3931138649200278e-10,
      5.647209678716141e-09,
      6.803386141447505e-11,
      5.346238117333072e-11,
      3.623736122021428e-08,
      0.08003242052883677,
      1.0469042597500344e-08,
      1.8059346907069584e-09,
      1.3943930168492045e-10,
      5.7302011473144345e-08,
      5.7630652088534425e-09,
      0.10949481722385487,
      3.689679566427821e-09,
      4.382194594570116e-09,
      1.751661909180596e-09,
      4.137127120206776e-09,
      3.756736542291156e-09,
      4.116422907498976e-09,
      2.2348498021554696e-09,
      2.170264585183598e-07,
      0.1014678215888939,
      9.121007854838981e-09,
      2.0153129422293006e-07,
      5.281762771015419e-11,
      7.646154981644899e-10,
      4.1706679932653044e-05,
      4.9954696531571044e-05,
      0.07743621075853362,
      6.195709450652289e-11,
      0.00011661732278383227,
      5.571231235813134e-09,
      4.641647292443814e-07,
      6.847378142254614e-11,
      3.6759366534574497e-09,
      3.823819420807542e-07,
      4.648858335921417e-09,
      2.7442838616007874e-09,
      1.472857248955394e-07,
      1.8704395371572568e-10,
      1.4614522230244388e-10,
      4.9577877513884036e-08,
      0.08795942673631213,
      1.2684463206335226e-08,
      1.1340546182016383e-09,
      6.328764532146375e-08
    ],
    [
      3.3796961319746257e-10,
      1.2118101935460028e-07,
      2.5869519339675996e-08,
      8.752352418377051e-08,
      7.15728505007257e-09,
      3.63260731268991e-05,
      3.315780607808799e-09,
      3.093255361642034e-07,
      2.449298248454014e-07,
      1.4140344880004236e-08,
      8.178926746388258e-07,
      1.047466708659875e-09,
      4.05605481551722e-09,
      6.3296925525262e-09,
      4.295485996856544e-10,
      2.855506327103841e-07,
      0.0,
      7.80869965484423e-09,
      6.895863384066047e-10,
      5.078581927621236e-10,
      1.4571979411706e-09,
      2.498966059235091e-10,
      2.0726783733183869e-10,
      7.572467813831901e-09,
      2.629471050446532e-07,
      2.6838033539333497e-09,
      5.503443162258392e-10,
      5.165474702232934e-10,
      1.4151871123474256e-05,
      1.5651209377903286e-09,
      3.5050968172217737e-07,
      1.0791114175732745e-09,
      1.30118448088404e-09,
      5.153262821984016e-10,
      2.5474254208116735e-08,
      1.098731092259667e-09,
      1.197979572986215e-09,
      1.0766514990632463e-08,
      0.19823939106080848,
      3.7517177682697423e-07,
      2.472020781665668e-09,
      0.13517831315792375,
      2.0286535372322127e-10,
      3.1279499087783952e-09,
      1.1800305476677787e-07,
      1.3160931980965658e-07,
      2.5229007889123754e-07,
      2.3971180667263796e-10,
      1.6042602419075994e-07,
      1.4961407478780937e-09,
      0.21583657071687873,
      2.662723443796924e-10,
      1.1094413752483836e-09,
      0.21597404261831685,
      1.1905721071890652e-09,
      7.792296645086561e-10,
      2.207117361121495e-08,
      7.079772185367817e-10,
      5.559602566957336e-10,
      1.2087048472867208e-05,
      5.623483664372545e-07,
      3.2659175418608073e-09,
      4.859834262968135e-09,
      1.1903028163827225e-08
    ],
    [
      3.993016855390905e-11,
      2.569572265752119e-07,
      0.00022916478105628287,
      6.474909471427345e-05,
      0.19937538656244033,
      4.790628616354216e-09,
      5.58653694070731e-05,
      3.269749362876439e-08,
      4.785776625246626e-08,
      6.349711900474656e-10,
      2.5068510905684387e-08,
      4.560340950101422e-06,
      3.4243965740699324e-10,
      4.730700966044504e-10,
      3.627660323303237e-07,
      3.7133039884687395e-08,
      7.80869965484423e-09,
      0.0,
      7.947056295879053e-11,
      5.5955030366178214e-11,
      1.058417626573917e-05,
      2.8796992592051298e-11,
      2.3566228507388574e-11,
      0.2899836476350874,
      5.2494796828484907e-08,
      3.036607808584538e-05,
      5.18449475661459e-07,
      5.629182504439357e-11,
      3.2238873504000056e-09,
      9.503756053115461e-06,
      3.125275050004448e-08,
      3.5369175280324253e-06,
      2.6861532456697455e-06,
      4.550776479655395e-07,
      9.299300274068683e-10,
      4.572675826919881e-06,
      5.180635595104498e-06,
      6.710213506464473e-10,
      6.637015315274266e-09,
      2.928016059726119e-08,
      2.486194987584704e-05,
      8.005158907466606e-09,
      2.3083358664958955e-11,
      2.9341378771525927e-10,
      2.5203079700258535e-07,
      2.1478242326789074e-07,
      5.513944537596934e-08,
      2.7834271783757035e-11,
      1.7063431551569951e-07,
      8.796339545552765e-06,
      1.0240324720077576e-08,
      3.0411535175824143e-11,
      3.799556515522303e-06,
      8.980421574631347e-09,
      6.476373356162346e-06,
      9.58655516469348e-07,
      0.0003883415357626179,
      7.706181398679483e-11,
      6.090428040452722e-11,
      3.0911143436290754e-09,
      2.7537772570071204e-08,
      4.865521586559718e-05,
      3.931684490838285e-10,
      0.23974161580223696
    ],
    [
      0.0007903157389203329,
      1.6568988535171787e-10,
      1.37756415578068e-10,
      2.722368576673956e-10,
      8.530514923324857e-11,
      2.092107158044565e-09,
      5.046198861043363e-11,
      1.6922396018455014e-10,
      1.677163771112061e-10,
      4.4981948884634866e-08,
      2.901827869367599e-10,
      2.150564864912144e-11,
      1.230798039574665e-06,
      4.0201988525125687e-07,
      1.322960363657397e-11,
      1.7543141372345851e-10,
      6.895863384066047e-10,
      7.947056295879053e-11,
      0.0,
      0.09206417399414044,
      2.8823301878471998e-11,
      0.0003850532828016558,
      0.0001645386290019399,
      7.707101780065924e-11,
      1.7383730954900017e-10,
      4.217390370683488e-11,
      1.584163934010054e-11,
      0.19239053496798744,
      2.7740895405416576e-09,
      2.804645810736455e-11,
      1.928431633333105e-10,
      2.319392631925751e-11,
      3.1528926362135976e-11,
      1.430509886561652e-11,
      3.2650553238330215e-08,
      2.2402114257300236e-11,
      2.593596530283833e-11,
      1.1145681451453816e-07,
      8.49613515161543e-10,
      1.9074292744322906e-10,
      4.108461939026286e-11,
      1.7148597469909549e-09,
      0.0001562256802269886,
      3.547918643464271e-06,
      1.5398502535314258e-10,
      1.6623283584365473e-10,
      1.8292838370088762e-10,
      0.00020413278499672774,
      1.7917974179771072e-10,
      2.6977571650553286e-11,
      6.986057118483566e-10,
      0.0003328375732409781,
      2.3790281167591426e-11,
      7.005000966309721e-10,
      2.3669155748234955e-11,
      2.1472389563606768e-11,
      1.344156592822344e-10,
      0.22665647906008407,
      0.2076898502323153,
      3.577494822103462e-09,
      2.410150075815464e-10,
      4.750688729673076e-11,
      5.935820473036261e-07,
      1.0102249756198182e-10
    ],
    [
      0.006744227296287683,
      1.205967135868075e-10,
      1.046283980072817e-10,
      1.954626009402912e-10,
      6.432658803206292e-11,
      1.4696053477457778e-09,
      3.5237394518647175e-11,
      1.2293075495630712e-10,
      1.1600816468740314e-10,
      2.5927586650691027e-08,
      2.2848514045481e-10,
      1.6167826350606548e-11,
      7.133541394082116e-07,
      2.2927881542872624e-07,
      9.258274793266514e-12,
      1.3931138649200278e-10,
      5.078581927621236e-10,
      5.5955030366178214e-11,
      0.09206417399414044,
      0.0,
      2.08494098647942e-11,
      0.004288094836112289,
      0.0021709406000066924,
      5.7083268385501286e-11,
      1.2759488105954482e-10,
      3.1422312063171845e-11,
      1.1311047784556405e-11,
      0.11550076521804445,
      2.016262052276356e-09,
      2.1372295071350085e-11,
      1.3414694041660663e-10,
      1.7340743477210797e-11,
      2.32959256261797e-11,
      1.0876348808890894e-11,
      1.9423493021878725e-08,
      1.6576759477151032e-11,
      1.8154587785016e-11,
      6.070437157860558e-08,
      6.347216176519234e-10,
      1.3789350184637376e-10,
      2.966858988148628e-11,
      1.2262628881510416e-09,
      0.002084246896934302,
      2.2939187956831086e-06,
      1.1937162886465536e-10,
      1.1803830327977675e-10,
      1.2395257075533632e-10,
      0.002518080165120789,
      1.3838935862115104e-10,
      2.0953392872159937e-11,
      4.885977063517456e-10,
      0.0038105695001759247,
      1.6608646422590637e-11,
      4.922759131849962e-10,
      1.8133605366353424e-11,
      1.580862511211812e-11,
      1.0074285570987745e-10,
      0.09074216671912434,
      0.10412048399237826,
      2.434374448628059e-09,
      1.8768748060065298e-10,
      3.631488966777756e-11,
      3.552340530681605e-07,
      7.606556120874476e-11
    ],
    [
      1.4678839125548594e-11,
      3.490026580754392e-08,
      1.2999053606862555e-06,
      6.216555029138424e-07,
      6.749351772808566e-05,
      1.078730537105146e-09,
      0.003920647120085842,
      4.881006053473994e-09,
      7.072132695228693e-09,
      1.933290300322781e-10,
      3.93892320023956e-09,
      0.04397296375636468,
      1.2152467617467759e-10,
      1.6271942525746232e-10,
      4.4450037202247235e-06,
      5.647209678716141e-09,
      1.4571979411706e-09,
      1.058417626573917e-05,
      2.8823301878471998e-11,
      2.08494098647942e-11,
      0.0,
      1.0654277257201181e-11,
      8.549510055545513e-12,
      1.0269424933776547e-05,
      7.686118131440695e-09,
      0.00577503645706564,
      6.5811596241440115e-06,
      2.1689637410554484e-11,
      7.381715728396817e-10,
      0.12033199790533926,
      4.783417042947847e-09,
      0.010744257646861644,
      0.002770267084118772,
      5.616413053050548e-06,
      2.7669152269481893e-10,
      0.037731730524552136,
      0.04902589659672331,
      2.2662330780694448e-10,
      1.338454999708465e-09,
      4.424341485495663e-09,
      0.008766756276256085,
      1.6784671416262852e-09,
      8.50642989955127e-12,
      1.0831988042013494e-10,
      3.444911022199366e-08,
      2.8720774077736638e-08,
      8.07271844859692e-09,
      1.02082427243971e-11,
      2.427430455599e-08,
      0.12336515751688784,
      1.9188431614476926e-09,
      1.1219642309085075e-11,
      0.010964536038571053,
      1.7123623887341028e-09,
      0.08199387583373435,
      1.571489415395013e-05,
      1.979897227209731e-06,
      2.8501287396175645e-11,
      2.2422481271929622e-11,
      7.145398059227665e-10,
      4.320048952494968e-09,
      0.003936161507242671,
      1.3763414907859418e-10,
      5.475926513888748e-06
    ],
    [
      0.1561155235557318,
      6.063705711173444e-11,
      5.3612248000490293e-11,
