0.000000000000000000e+00,8.247399045168432906e-11,7.114698533693840544e-11,1.332305357536269308e-10,4.331335281153354106e-11,9.673530630515436822e-10,2.464032450536086217e-11,8.181626529603014780e-11,7.942490204162361988e-11,1.573053768368465014e-08,1.488843761511056836e-10,1.108515919656684133e-11,4.291880378688816526e-07,1.375902287317091300e-07,6.648353010218125912e-12,9.272515919793749928e-11,3.379696131974625654e-10,3.993016855390904884e-11,7.903157389203328918e-04,6.744227296287682964e-03,1.467883912554859441e-11,1.561155235557318000e-01,8.434001953960486297e-02,3.917011149421364084e-11,8.306402685126518408e-11,2.114321397043433683e-11,7.869433354849601844e-12,1.058103619422371376e-03,1.328219413789832458e-09,1.475014196999162124e-11,9.188501408644070637e-11,1.176245362130728026e-11,1.608407703843457128e-11,7.499578641725974731e-12,1.180046148855619411e-08,1.129326581068003464e-11,1.273701656368723583e-11,3.817675117304991807e-08,4.222623911317155247e-10,9.280141222612426341e-11,2.051298852695282255e-11,8.301451517480866587e-10,8.233535704470217043e-02,1.420359773598303064e-06,7.815495996293729703e-11,8.279402980577688627e-11,8.668018009457130611e-11,9.829292742226111712e-02,9.368891075630194145e-11,1.429055011461083284e-11,3.275769136113502589e-10,1.450921272004611906e-01,1.158250232593640854e-11,3.286571742948241431e-10,1.233501998189551942e-11,1.121528716911698521e-11,6.937282364887258689e-11,7.335295213906207991e-04,8.994669125610411887e-04,1.642565643937876087e-09,1.234547781749204232e-10,2.489194922813880219e-11,2.088121348342993557e-07,5.249069625969624743e-11
8.247399045168432906e-11,0.000000000000000000e+00,1.615965776587257909e-06,2.499640773253965884e-05,2.115374545453794505e-07,4.158521932451226353e-08,8.624060593775740970e-08,3.101645397826293678e-05,6.095490697210320766e-05,1.904608292934492432e-09,1.569498283293975431e-05,2.418451043805909675e-08,8.242846274878934443e-10,1.195442480963074645e-09,8.093391064000663658e-09,3.756011116673807298e-05,1.211810193546002793e-07,2.569572265752119104e-07,1.656898853517178718e-10,1.205967135868074954e-10,3.490026580754391716e-08,6.063705711173444320e-11,4.930599017645296063e-11,2.617444042291779466e-07,7.896339425933350975e-05,6.703278022129673915e-08,1.038798469688779270e-08,1.278128248121305760e-10,2.321502509525257503e-08,3.492025273752905585e-08,2.869061068706350431e-05,2.363068423452249559e-08,2.563959489080817866e-08,9.752786853412489377e-09,2.941844895721428710e-09,2.279276629563751658e-08,2.555620941936202299e-08,1.788347880527118156e-09,8.788051110485123487e-08,2.377764034181118789e-05,6.250826715534820697e-08,8.354046099284686996e-08,4.833147979796143665e-11,7.057043314320028839e-10,2.716275603589763388e-01,2.539782903529609892e-01,7.739382836421693787e-05,5.839671226055690586e-11,2.142183000755712996e-01,3.488504286992989343e-08,1.952059991183886609e-07,6.556578785671024042e-11,2.262044784236383391e-08,1.627636802438050581e-07,2.693380053909170121e-08,1.471928761808620484e-08,1.090519512010551308e-06,1.665584519414432666e-10,1.348742366391997192e-10,2.111283720832069539e-08,1.925158754156198863e-05,8.232609327281476585e-08,9.626275064751159063e-10,4.526617102446423726e-07
7.114698533693840544e-11,1.615965776587257909e-06,0.000000000000000000e+00,2.976747758062698868e-01,9.641423479839725285e-05,1.438527626002457106e-08,5.985330639906557311e-06,1.855212351910356448e-07,2.650737159418848153e-07,1.281507229792845146e-09,1.325502304365293808e-07,6.755554150489012104e-07,6.528856918112515769e-10,9.547447919175130104e-10,1.002874703440979375e-07,2.107152177810376301e-07,2.586951933967599602e-08,2.291647810562828726e-04,1.377564155780679877e-10,1.046283980072816944e-10,1.299905360686255507e-06,5.361224800049029348e-11,4.125454021275308632e-11,2.279981062750395038e-04,3.048213159105043600e-07,3.600308568934069629e-06,1.382824022863431633e-07,1.067277970073641991e-10,8.643256895520582928e-09,1.292543992255458818e-06,1.732535193286818440e-07,5.437268265830832796e-07,5.103683044571956935e-07,1.277824256125715859e-07,1.925442015777544712e-09,6.598513921312714618e-07,7.463225521219812361e-07,1.345319992187637349e-09,2.220168761253073632e-08,1.580069942289367248e-07,3.152519731119135600e-06,2.430072670492489531e-08,4.058647415977190544e-11,5.760251275000412381e-10,1.584701435455460058e-06,1.264794451373454746e-06,3.045780612433554764e-07,4.973831956504661103e-11,1.006025946616385109e-06,1.231166812271515414e-06,3.623132083898605955e-08,5.499392834238500433e-11,5.552480841813308384e-07,3.270557379160357578e-08,8.607560640921999092e-07,2.327216756420827344e-07,4.205654963890711473e-01,1.438480644020094093e-10,1.140031122821540797e-10,8.279164142421142364e-09,1.429714640622082760e-07,5.514377749698573221e-06,7.407163069830957077e-10,7.183398269248435089e-04
1.332305357536269308e-10,2.499640773253965884e-05,2.976747758062698868e-01,0.000000000000000000e+00,2.423970423345125403e-05,3.881272546052711492e-08,2.499138703912742194e-06,2.217745615428882790e-06,3.607282718734013293e-06,2.620650215180168901e-09,1.258437599054102122e-06,3.298764037583259012e-07,1.264239742170845820e-09,1.760411453467730935e-09,7.103825001423712584e-08,2.440299948621447722e-06,8.752352418377051186e-08,6.474909471427345178e-05,2.722368576673956037e-10,1.954626009402911939e-10,6.216555029138424177e-07,9.988919191952657325e-11,7.917737699068912205e-11,6.233739266973846373e-05,4.311116800442687436e-06,1.526309144705633322e-06,9.452777042485711233e-08,1.978142209900418959e-10,2.226358634609512819e-08,6.049683971661549941e-07,1.999301976287953969e-06,2.961612079397730070e-07,2.895034805085479035e-07,8.501184971315261567e-08,3.993200779108752992e-09,3.394453836589659237e-07,3.874173812080713537e-07,2.592577550801430687e-09,6.568842579971762607e-08,1.791102791751264812e-06,1.308989628835992241e-06,6.887217066318644865e-08,7.990303172401546247e-11,1.069378934046183406e-09,2.403802635251623435e-05,2.159271079702533311e-05,4.318919559654047256e-06,9.716822397777626250e-11,1.738137459325022602e-05,5.716358790796753952e-07,1.277473499722669880e-07,1.047391182841252052e-10,3.053664327798148097e-07,1.117398797205734738e-07,4.139943757513008120e-07,1.463908987363372332e-07,2.197472189368821494e-01,2.668205943721083194e-10,2.159272041609316193e-10,2.127234211678393968e-08,1.539516492607813840e-06,2.180689584952605917e-06,1.429865198712577817e-09,2.715096210982903308e-04
4.331335281153354106e-11,2.115374545453794505e-07,9.641423479839725285e-05,2.423970423345125403e-05,0.000000000000000000e+00,4.853695195745826260e-09,2.836139542558785767e-04,2.759340177427130476e-08,3.935376388855823136e-08,6.705713197783180550e-10,2.214202131103183240e-08,2.737261764250745969e-05,3.775951224953198175e-10,5.326284984379562544e-10,8.865079959442830181e-07,3.180024748815525474e-08,7.157285050072570083e-09,1.993753865624403321e-01,8.530514923324856856e-11,6.432658803206292338e-11,6.749351772808566223e-05,3.278963027722028651e-11,2.597925143824012795e-11,1.999165064002143277e-01,4.391732369433683803e-08,1.892877665498028054e-04,1.322227987001142441e-06,6.525840239476659433e-11,3.122761995474579133e-09,6.084371350357137059e-05,2.677108342205744808e-08,1.831371506888434275e-05,1.170021043653230808e-05,1.189514420506480606e-06,9.937300459138589396e-10,2.657449596416972722e-05,3.082881638773806192e-05,7.340859326298522822e-10,6.190055523026119837e-09,2.466781375860896059e-08,1.618829129192139856e-04,7.456353042959205657e-09,2.547903454646007626e-11,3.343880359301157997e-10,2.157285894973487394e-07,1.711528896529370068e-07,4.491806176453207901e-08,3.068725139793817733e-11,1.419843483309765900e-07,5.762582487980130323e-05,9.303418377245985215e-09,3.376458003135870369e-11,1.860292226057309918e-05,8.332528650607930140e-09,3.929975652072969182e-05,2.714913600646863642e-06,1.750815896148897352e-04,8.680397380531146880e-11,6.888164807051658529e-11,3.078243601388814971e-09,2.345237029884415844e-08,2.641018025535112079e-04,4.343197033398766187e-10,1.369406222514727434e-01
9.673530630515436822e-10,4.158521932451226353e-08,1.438527626002457106e-08,3.881272546052711492e-08,4.853695195745826260e-09,0.000000000000000000e+00,2.221494247884867801e-09,1.057207536942588703e-07,7.962306070864145214e-08,4.556790404162800724e-08,3.009694595836033422e-07,7.680142666858038004e-10,1.312591439972180466e-08,2.187450462157761499e-08,3.447979484895515611e-10,9.677152667893702452e-08,3.632607312689909872e-05,4.790628616354215599e-09,2.092107158044565184e-09,1.469605347745777756e-09,1.078730537105145978e-09,7.504574827375395080e-10,5.796527745371703353e-10,4.900126123020992014e-09,8.639422889478912055e-08,1.904189635709895030e-09,4.383975480588755747e-10,1.576769540961287624e-09,3.469988539523914950e-01,1.180456248883958528e-09,1.208406263745445588e-07,7.808401697215751382e-10,1.027526176109338214e-09,4.065083902601962160e-10,8.011582446121105213e-08,8.486104092900343908e-10,9.387508394576529400e-10,3.694152234357888473e-08,5.318908665136575170e-05,1.274314817151662980e-07,1.874401721200162420e-09,2.941083612000927952e-04,5.744067014409813702e-10,1.012960492076382834e-08,4.135250537109384025e-08,4.449358689038637813e-08,8.510565421712901806e-08,6.990514608334506110e-10,5.252273325695720939e-08,1.099876549296031938e-09,2.617678737964264463e-05,7.546095772810109355e-10,8.153040235084252394e-10,2.924708473667039142e-05,8.626523242379461406e-10,6.212541631186025579e-10,1.147068946799695706e-08,2.112672535892947806e-09,1.699458252221090066e-09,3.439925551842545892e-01,1.928892720172965004e-07,2.141183155631290942e-09,1.503181310097439578e-08,7.184891973951457791e-09
2.464032450536086217e-11,8.624060593775740970e-08,5.985330639906557311e-06,2.499138703912742194e-06,2.836139542558785767e-04,2.221494247884867801e-09,0.000000000000000000e+00,1.167034131197655540e-08,1.728032638134201951e-08,3.575916503369647522e-10,8.783217186197480385e-09,6.294677719008527888e-04,2.158290609528684767e-10,2.768545934078525043e-10,1.816774942873237250e-06,1.270496325706549321e-08,3.315780607808798897e-09,5.586536940707310163e-05,5.046198861043362684e-11,3.523739451864717550e-11,3.920647120085841639e-03,1.808990363536224740e-11,1.490754644487310609e-11,5.162724996611550005e-05,1.893492392250166620e-08,1.766122400334318721e-01,2.774352183196631435e-06,3.592473685435493433e-11,1.482864380660355298e-09,2.736696071206570855e-03,1.094139211926640239e-08,2.935219314477936076e-04,1.024443645892827656e-04,2.305787164963320445e-06,5.116816120341025474e-10,6.023151649241329127e-04,7.705783190989120689e-04,3.897454750266448609e-10,2.874982552665005036e-09,1.034260859926642448e-08,1.416907191144807232e-01,3.603147390758775740e-09,1.454061492776665681e-11,1.898851699256280037e-10,8.250785269968487503e-08,7.079810532642850517e-08,1.981439781322962135e-08,1.780161842120149184e-11,5.584256562054089936e-08,2.455074505521784821e-03,4.383023002637067667e-09,1.922317387042463804e-11,3.001361061719221121e-04,3.776350800036823123e-09,1.206056602867649954e-03,6.293559352831097837e-06,9.576476858462389607e-06,4.719128398766780206e-11,3.823150911680016306e-11,1.466741620431323014e-09,9.828733734586134682e-09,2.280083761299366019e-01,2.426187593658481804e-10,2.947336953223278643e-05
8.181626529603014780e-11,3.101645397826293678e-05,1.855212351910356448e-07,2.217745615428882790e-06,2.759340177427130476e-08,1.057207536942588703e-07,1.167034131197655540e-08,0.000000000000000000e+00,9.151604204620140959e-02,2.500030710090758007e-09,7.409877269645488707e-02,3.323938234917490902e-09,8.807105913327572220e-10,1.329466971274817783e-09,1.327785295771484321e-09,1.015861601155518268e-01,3.093255361642034092e-07,3.269749362876438862e-08,1.692239601845501434e-10,1.229307549563071167e-10,4.881006053473994237e-09,6.181400166498729040e-11,4.885354565636261621e-11,3.181357994896712650e-08,8.687858226931356731e-02,9.816265798093569093e-09,1.741080162895032715e-09,1.228376623129259350e-10,6.026438063087490852e-08,5.479912230435557493e-09,1.037447663947032167e-01,3.417646556277118619e-09,4.137544653500452160e-09,1.550801870541594146e-09,3.917790033127494107e-09,3.780501985537788555e-09,3.978011432616541806e-09,2.076099540327318589e-09,2.281537065872855410e-07,1.093742727140363247e-01,8.820268893115645675e-09,2.098308368827692759e-07,4.991757185096219157e-11,6.970395909794143510e-10,3.497914380775066559e-05,4.386846584545867159e-05,8.518438979215163520e-02,5.996223118052128047e-11,9.438158293271665402e-05,4.912313833258204739e-09,4.950745213719333721e-07,6.439261086399516884e-11,3.659434706557111067e-09,4.220187885284529111e-07,3.876639344375351089e-09,2.374133809101642320e-09,1.257871653031635239e-07,1.702181463886013453e-10,1.387630971479078989e-10,5.100438526227234856e-08,7.710718702697318128e-02,1.136920306634134853e-08,9.809594192585856020e-10,5.507291130815215551e-08
7.942490204162361988e-11,6.095490697210320766e-05,2.650737159418848153e-07,3.607282718734013293e-06,3.935376388855823136e-08,7.962306070864145214e-08,1.728032638134201951e-08,9.151604204620140959e-02,0.000000000000000000e+00,2.236177949479444274e-09,3.877974919966969275e-02,4.595805897834230649e-09,8.172891263006308858e-10,1.250448615173109765e-09,1.871327905435229003e-09,8.221165014576511942e-02,2.449298248454014099e-07,4.785776625246625875e-08,1.677163771112060963e-10,1.160081646874031369e-10,7.072132695228692868e-09,6.043302701656505525e-11,4.790914398038561811e-11,4.644936441581785547e-08,1.317336872336293818e-01,1.416897551115523845e-08,2.456374120532883004e-09,1.180697117513617872e-10,4.409356130004450075e-08,7.338365580945137726e-09,7.939689299334561079e-02,4.877395172635572299e-09,5.619279492205001772e-09,2.182826971423506226e-09,3.501774002098770657e-09,5.218939456546797888e-09,5.496648480263312567e-09,2.048767182608623249e-09,1.817427806009038184e-07,6.433353824612116079e-02,1.223254468614121075e-08,1.635686448323057503e-07,4.846535243577248607e-11,6.619688741086548770e-10,6.507658683325909515e-05,8.216936085628877133e-05,1.369142503682637402e-01,5.928326033370344755e-11,1.647530997671919982e-04,6.785453637886582544e-09,4.021058265700873113e-07,6.390033362914112613e-11,5.160195356760811630e-09,3.438427286859380637e-07,5.476523998352716607e-09,3.338133768697961026e-09,1.851655854482506118e-07,1.661471437405570969e-10,1.315704742599410874e-10,4.004966936201467691e-08,4.331380847034578541e-02,1.643355386945334017e-08,9.570991570319745442e-10,7.656640781045280327e-08
1.573053768368465014e-08,1.904608292934492432e-09,1.281507229792845146e-09,2.620650215180168901e-09,6.705713197783180550e-10,4.556790404162800724e-08,3.575916503369647522e-10,2.500030710090758007e-09,2.236177949479444274e-09,0.000000000000000000e+00,4.729092247622736838e-09,1.458570976365812669e-10,1.883046644483641856e-06,8.636168687373179021e-06,7.693996606314702075e-11,2.471868458705899331e-09,1.414034488000423581e-08,6.349711900474656473e-10,4.498194888463486599e-08,2.592758665069102707e-08,1.933290300322781015e-10,1.122252940232670638e-08,8.401881746602502131e-09,6.267955741506580633e-10,2.336589647552921387e-09,3.167865820997880739e-10,9.617888263472370331e-11,3.000281350414857464e-08,6.766207090658721484e-08,2.040200892143362518e-10,2.678046187959042325e-09,1.577065736221728124e-10,2.062899039363811663e-10,8.979020928121234585e-11,4.466261169767922201e-01,1.554653411964367575e-10,1.635145504967454959e-10,3.690702288811484322e-01,1.724147434290184752e-08,2.865883038615199907e-09,2.964522177666134931e-10,3.671612666101176335e-08,8.372902998279641789e-09,9.685429919200479415e-07,1.800546308950102924e-09,1.914445130145526464e-09,2.257719935748947686e-09,1.006579967376117050e-08,2.221579906851405558e-09,1.923898072745214891e-10,1.317958550047702823e-08,1.185455030117487261e-08,1.587242615880364353e-10,1.344293593923890162e-08,1.655578609651171159e-10,1.305811599212281853e-10,1.238399883431310273e-09,4.657224102684134496e-08,3.345871878452538806e-08,8.239005911424236524e-08,3.691321347198547347e-09,3.591668105713717180e-10,3.758095413815663346e-06,8.734237414921517088e-10
1.488843761511056836e-10,1.569498283293975431e-05,1.325502304365293808e-07,1.258437599054102122e-06,2.214202131103183240e-08,3.009694595836033422e-07,8.783217186197480385e-09,7.409877269645488707e-02,3.877974919966969275e-02,4.729092247622736838e-09,0.000000000000000000e+00,2.635469988239298458e-09,1.562607325890542668e-09,2.645965808732965954e-09,1.035121814163285054e-09,8.471315919982629061e-02,8.178926746388258289e-07,2.506851090568438743e-08,2.901827869367598833e-10,2.284851404548099989e-10,3.938923200239559847e-09,1.129646706603794590e-10,8.862354157088442096e-11,2.445799814651805760e-08,3.517785974538560623e-02,7.782237851754250251e-09,1.357500347586874089e-09,2.269052826056107973e-10,1.817724984427415023e-07,4.235444413363987634e-09,9.024919458930825977e-02,2.674117712846152091e-09,3.261924647814944587e-09,1.298510946665117331e-09,8.018602320178908408e-09,2.876349125344295762e-09,3.035186010065863791e-09,4.015965858723469962e-09,6.549796083225411599e-07,1.099263476244032173e-01,6.611948592095466276e-09,6.195687867227783212e-07,8.631261682797168957e-11,1.256266059912813996e-09,1.819170523190316143e-05,2.276951277036223429e-05,3.335407454508803465e-02,1.023020549652342729e-10,5.831981628516171289e-05,3.943025680786715318e-09,1.239460957450082272e-06,1.136557055972974984e-10,2.736370799253145634e-09,1.063942558978219396e-06,3.219476261266002428e-09,2.016290183579966811e-09,9.331665946446705727e-08,3.054772697598000906e-10,2.447998396791994369e-10,1.518539872543059825e-07,1.693738060218808461e-01,9.017889848646504757e-09,1.899948444081670123e-09,4.198677560127761550e-08
1.108515919656684133e-11,2.418451043805909675e-08,6.755554150489012104e-07,3.298764037583259012e-07,2.737261764250745969e-05,7.680142666858038004e-10,6.294677719008527888e-04,3.323938234917490902e-09,4.595805897834230649e-09,1.458570976365812669e-10,2.635469988239298458e-09,0.000000000000000000e+00,9.490966353189691293e-11,1.222411854936016662e-10,9.237081085011726255e-06,3.732577199211227332e-09,1.047466708659875103e-09,4.560340950101421908e-06,2.150564864912143946e-11,1.616782635060654765e-11,4.397296375636468302e-02,8.127236379090938384e-12,6.389418717506886398e-12,4.669955476645848252e-06,5.381631503047907252e-09,1.088435949271024860e-03,1.305607158927259764e-05,1.689609478573909816e-11,5.153201836418155826e-10,5.115552759027218455e-02,3.080722987214640895e-09,5.391045885285379591e-02,2.128459327510111992e-02,1.158289105798770537e-05,2.077513362185412492e-10,1.118755432530956634e-01,1.115249873587824403e-01,1.598476485172531576e-10,8.953974282974109991e-10,2.948431626377483218e-09,1.932658609699069302e-03,1.182498606289690474e-09,6.317648150407943009e-12,8.253757174942004528e-11,2.321792165938248356e-08,1.849527781285614404e-08,5.321119774081415780e-09,7.718923343161928002e-12,1.569676830182312473e-08,5.441667585560198278e-02,1.326239605463935166e-09,8.508622507414009710e-12,5.409962308261452579e-02,1.165315186196369745e-09,8.986804855028734940e-02,3.159653605527266057e-05,9.518921876702488875e-07,2.139386086545045507e-11,1.691741530546724919e-11,5.155239200210394245e-10,2.770574061097795407e-09,6.654362569038206349e-04,1.038369935279776909e-10,2.600900853971008898e-06
4.291880378688816526e-07,8.242846274878934443e-10,6.528856918112515769e-10,1.264239742170845820e-09,3.775951224953198175e-10,1.312591439972180466e-08,2.158290609528684767e-10,8.807105913327572220e-10,8.172891263006308858e-10,1.883046644483641856e-06,1.562607325890542668e-09,9.490966353189691293e-11,0.000000000000000000e+00,1.243360677548077751e-03,5.343553811652694387e-11,9.272243017052627715e-10,4.056054815517220231e-09,3.424396574069932416e-10,1.230798039574664967e-06,7.133541394082116448e-07,1.215246761746775867e-10,3.137503643113723924e-07,2.298433727752083931e-07,3.500742518457169716e-10,8.917401358718556504e-10,1.812994623372670456e-10,6.457571907496800137e-11,8.920743600855483758e-07,1.859597679703698522e-08,1.218635598730785892e-10,9.535948027149241184e-10,9.838757537579889093e-11,1.360083718678349893e-10,5.993986910859544763e-11,1.440790362083232861e-06,9.540309116052907601e-11,1.089895155806493582e-10,6.738255495957127276e-06,5.033589656412497336e-09,9.741879786229027066e-10,1.781166560853782577e-10,1.057625228019005920e-08,2.233285379036827644e-07,5.726586073667717658e-01,7.682783646788448670e-10,7.966100232686964094e-10,9.334749464560997717e-10,2.617992854996907575e-07,8.850029740451700763e-10,1.206308606029518073e-10,3.875089143293866700e-09,3.085479911740227188e-07,9.749574107406521214e-11,3.825333882863449037e-09,1.018600831020666175e-10,8.829759629086389999e-11,6.164681496315949225e-10,1.253627259314921390e-06,9.229302980436696196e-07,2.361849881215802668e-08,1.283006812581708400e-09,2.089313940623028684e-10,1.582198729383770767e-03,4.697862721002651539e-10
1.375902287317091300e-07,1.195442480963074645e-09,9.547447919175130104e-10,1.760411453467730935e-09,5.326284984379562544e-10,2.187450462157761499e-08,2.768545934078525043e-10,1.329466971274817783e-09,1.250448615173109765e-09,8.636168687373179021e-06,2.645965808732965954e-09,1.222411854936016662e-10,1.243360677548077751e-03,0.000000000000000000e+00,7.098719061142864289e-11,1.489070903029874887e-09,6.329692552526200361e-09,4.730700966044503984e-10,4.020198852512568678e-07,2.292788154287262442e-07,1.627194252574623234e-10,9.941699499129936145e-08,6.972670912632787299e-08,4.855065103190404351e-10,1.339374842255150104e-09,2.624256847022601665e-10,8.485663977068538843e-11,2.844954497065451164e-07,3.375221408128687879e-08,1.689256161564851310e-10,1.562569318817141012e-09,1.340836111846904195e-10,1.738582580578975219e-10,8.345456950086512552e-11,7.257112941225625628e-06,1.294995504467808806e-10,1.412115164206580918e-10,2.277330176817135793e-05,8.559847900053060038e-09,1.535326646843477830e-09,2.404904008278596111e-10,1.669592268731856642e-08,6.790079765510904418e-08,7.770613288394002689e-04,1.132286588786142782e-09,1.143715013563617906e-09,1.288226546197578671e-09,8.221927642490498417e-08,1.427978651904982525e-09,1.652720666389957876e-10,6.249735579759634680e-09,9.787811374606761023e-08,1.298558560734393341e-10,6.560606608837023915e-09,1.390179536961323554e-10,1.215377619316551729e-10,8.518974968578872907e-10,4.273686095539151093e-07,3.088144069350378362e-07,4.256972603832962593e-08,2.028354136745654508e-09,2.803482362555234933e-10,5.830492031587268809e-01,6.513554601001027641e-10
6.648353010218125912e-12,8.093391064000663658e-09,1.002874703440979375e-07,7.103825001423712584e-08,8.865079959442830181e-07,3.447979484895515611e-10,1.816774942873237250e-06,1.327785295771484321e-09,1.871327905435229003e-09,7.693996606314702075e-11,1.035121814163285054e-09,9.237081085011726255e-06,5.343553811652694387e-11,7.098719061142864289e-11,0.000000000000000000e+00,1.408151551735622849e-09,4.295485996856544088e-10,3.627660323303237028e-07,1.322960363657396986e-11,9.258274793266513770e-12,4.445003720224723505e-06,4.715897664342533498e-12,3.681113080483234889e-12,3.592984881235653408e-07,2.007335406549660344e-09,2.332788510230494567e-06,2.733472604446605114e-01,9.653230606529081168e-12,2.401627231024830017e-10,4.151815975768036782e-06,1.293351421876655472e-09,2.527416472795579943e-05,4.153057544681414267e-04,2.901735452845040086e-01,1.045013750162338330e-10,9.313581372823296381e-06,8.106172779863390882e-06,9.596307531488008620e-11,4.079424392274947353e-10,1.229018064002561345e-09,2.523000316934000475e-06,4.739285081364597046e-10,3.768244660614975313e-12,4.744098046394705548e-11,7.854785982667546431e-09,6.808753500114439574e-09,2.068813618193619532e-09,4.617941158012279691e-12,5.930057215836740953e-09,4.451323984822214694e-06,5.537042449520379479e-10,5.049360536594540264e-12,2.385967721264048433e-05,5.167296809483882713e-10,6.213796801406434629e-06,2.159250393675142543e-01,1.334039122443107649e-07,1.288859788860430613e-11,1.019759714928366973e-11,2.450662872371596566e-10,1.097428570537537989e-09,1.925934727226892104e-06,5.713014525275172511e-11,2.585821227785303205e-07
9.272515919793749928e-11,3.756011116673807298e-05,2.107152177810376301e-07,2.440299948621447722e-06,3.180024748815525474e-08,9.677152667893702452e-08,1.270496325706549321e-08,1.015861601155518268e-01,8.221165014576511942e-02,2.471868458705899331e-09,8.471315919982629061e-02,3.732577199211227332e-09,9.272243017052627715e-10,1.489070903029874887e-09,1.408151551735622849e-09,0.000000000000000000e+00,2.855506327103841152e-07,3.713303988468739482e-08,1.754314137234585131e-10,1.393113864920027829e-10,5.647209678716140627e-09,6.803386141447504949e-11,5.346238117333072136e-11,3.623736122021428064e-08,8.003242052883677293e-02,1.046904259750034422e-08,1.805934690706958382e-09,1.394393016849204518e-10,5.730201147314434516e-08,5.763065208853442468e-09,1.094948172238548734e-01,3.689679566427820906e-09,4.382194594570115929e-09,1.751661909180596081e-09,4.137127120206775874e-09,3.756736542291156178e-09,4.116422907498975655e-09,2.234849802155469649e-09,2.170264585183598059e-07,1.014678215888939056e-01,9.121007854838981208e-09,2.015312942229300597e-07,5.281762771015418695e-11,7.646154981644899482e-10,4.170667993265304423e-05,4.995469653157104406e-05,7.743621075853361624e-02,6.195709450652288607e-11,1.166173227838322675e-04,5.571231235813133662e-09,4.641647292443813904e-07,6.847378142254614113e-11,3.675936653457449723e-09,3.823819420807541794e-07,4.648858335921416894e-09,2.744283861600787414e-09,1.472857248955393916e-07,1.870439537157256847e-10,1.461452223024438846e-10,4.957787751388403597e-08,8.795942673631212960e-02,1.268446320633522581e-08,1.134054618201638347e-09,6.328764532146374714e-08
3.379696131974625654e-10,1.211810193546002793e-07,2.586951933967599602e-08,8.752352418377051186e-08,7.157285050072570083e-09,3.632607312689909872e-05,3.315780607808798897e-09,3.093255361642034092e-07,2.449298248454014099e-07,1.414034488000423581e-08,8.178926746388258289e-07,1.047466708659875103e-09,4.056054815517220231e-09,6.329692552526200361e-09,4.295485996856544088e-10,2.855506327103841152e-07,0.000000000000000000e+00,7.808699654844229425e-09,6.895863384066047008e-10,5.078581927621236147e-10,1.457197941170599966e-09,2.498966059235091126e-10,2.072678373318386866e-10,7.572467813831900927e-09,2.629471050446531838e-07,2.683803353933349702e-09,5.503443162258392482e-10,5.165474702232934151e-10,1.415187112347425581e-05,1.565120937790328564e-09,3.505096817221773668e-07,1.079111417573274519e-09,1.301184480884039922e-09,5.153262821984016270e-10,2.547425420811673488e-08,1.098731092259667064e-09,1.197979572986215049e-09,1.076651499063246310e-08,1.982393910608084842e-01,3.751717768269742285e-07,2.472020781665668030e-09,1.351783131579237518e-01,2.028653537232212695e-10,3.127949908778395219e-09,1.180030547667778711e-07,1.316093198096565761e-07,2.522900788912375417e-07,2.397118066726379554e-10,1.604260241907599371e-07,1.496140747878093748e-09,2.158365707168787284e-01,2.662723443796924038e-10,1.109441375248383593e-09,2.159740426183168471e-01,1.190572107189065170e-09,7.792296645086561257e-10,2.207117361121494981e-08,7.079772185367816985e-10,5.559602566957336042e-10,1.208704847286720771e-05,5.623483664372545059e-07,3.265917541860807339e-09,4.859834262968135084e-09,1.190302816382722456e-08
3.993016855390904884e-11,2.569572265752119104e-07,2.291647810562828726e-04,6.474909471427345178e-05,1.993753865624403321e-01,4.790628616354215599e-09,5.586536940707310163e-05,3.269749362876438862e-08,4.785776625246625875e-08,6.349711900474656473e-10,2.506851090568438743e-08,4.560340950101421908e-06,3.424396574069932416e-10,4.730700966044503984e-10,3.627660323303237028e-07,3.713303988468739482e-08,7.808699654844229425e-09,0.000000000000000000e+00,7.947056295879052741e-11,5.595503036617821362e-11,1.058417626573916924e-05,2.879699259205129752e-11,2.356622850738857412e-11,2.899836476350873826e-01,5.249479682848490669e-08,3.036607808584538008e-05,5.184494756614590284e-07,5.629182504439356896e-11,3.223887350400005626e-09,9.503756053115460859e-06,3.125275050004447937e-08,3.536917528032425290e-06,2.686153245669745478e-06,4.550776479655394843e-07,9.299300274068683363e-10,4.572675826919880792e-06,5.180635595104498086e-06,6.710213506464472747e-10,6.637015315274265603e-09,2.928016059726119147e-08,2.486194987584704026e-05,8.005158907466605929e-09,2.308335866495895506e-11,2.934137877152592692e-10,2.520307970025853499e-07,2.147824232678907360e-07,5.513944537596933910e-08,2.783427178375703532e-11,1.706343155156995150e-07,8.796339545552764961e-06,1.024032472007757630e-08,3.041153517582414323e-11,3.799556515522302884e-06,8.980421574631347086e-09,6.476373356162345578e-06,9.586555164693479667e-07,3.883415357626179192e-04,7.706181398679482758e-11,6.090428040452721775e-11,3.091114343629075426e-09,2.753777257007120432e-08,4.865521586559718099e-05,3.931684490838284744e-10,2.397416158022369626e-01
7.903157389203328918e-04,1.656898853517178718e-10,1.377564155780679877e-10,2.722368576673956037e-10,8.530514923324856856e-11,2.092107158044565184e-09,5.046198861043362684e-11,1.692239601845501434e-10,1.677163771112060963e-10,4.498194888463486599e-08,2.901827869367598833e-10,2.150564864912143946e-11,1.230798039574664967e-06,4.020198852512568678e-07,1.322960363657396986e-11,1.754314137234585131e-10,6.895863384066047008e-10,7.947056295879052741e-11,0.000000000000000000e+00,9.206417399414043579e-02,2.882330187847199778e-11,3.850532828016557923e-04,1.645386290019399051e-04,7.707101780065923512e-11,1.738373095490001683e-10,4.217390370683487988e-11,1.584163934010053989e-11,1.923905349679874421e-01,2.774089540541657614e-09,2.804645810736455070e-11,1.928431633333104892e-10,2.319392631925750883e-11,3.152892636213597606e-11,1.430509886561652034e-11,3.265055323833021504e-08,2.240211425730023623e-11,2.593596530283832842e-11,1.114568145145381613e-07,8.496135151615429651e-10,1.907429274432290617e-10,4.108461939026286234e-11,1.714859746990954884e-09,1.562256802269886035e-04,3.547918643464270957e-06,1.539850253531425775e-10,1.662328358436547342e-10,1.829283837008876191e-10,2.041327849967277395e-04,1.791797417977107210e-10,2.697757165055328595e-11,6.986057118483566343e-10,3.328375732409781214e-04,2.379028116759142566e-11,7.005000966309720934e-10,2.366915574823495456e-11,2.147238956360676817e-11,1.344156592822344073e-10,2.266564790600840706e-01,2.076898502323152873e-01,3.577494822103462173e-09,2.410150075815464136e-10,4.750688729673075825e-11,5.935820473036260665e-07,1.010224975619818206e-10
6.744227296287682964e-03,1.205967135868074954e-10,1.046283980072816944e-10,1.954626009402911939e-10,6.432658803206292338e-11,1.469605347745777756e-09,3.523739451864717550e-11,1.229307549563071167e-10,1.160081646874031369e-10,2.592758665069102707e-08,2.284851404548099989e-10,1.616782635060654765e-11,7.133541394082116448e-07,2.292788154287262442e-07,9.258274793266513770e-12,1.393113864920027829e-10,5.078581927621236147e-10,5.595503036617821362e-11,9.206417399414043579e-02,0.000000000000000000e+00,2.084940986479420081e-11,4.288094836112288886e-03,2.170940600006692443e-03,5.708326838550128612e-11,1.275948810595448184e-10,3.142231206317184474e-11,1.131104778455640538e-11,1.155007652180444488e-01,2.016262052276356022e-09,2.137229507135008544e-11,1.341469404166066344e-10,1.734074347721079717e-11,2.329592562617970089e-11,1.087634880889089378e-11,1.942349302187872498e-08,1.657675947715103173e-11,1.815458778501600007e-11,6.070437157860558043e-08,6.347216176519233774e-10,1.378935018463737617e-10,2.966858988148627905e-11,1.226262888151041551e-09,2.084246896934302106e-03,2.293918795683108632e-06,1.193716288646553646e-10,1.180383032797767522e-10,1.239525707553363247e-10,2.518080165120788801e-03,1.383893586211510449e-10,2.095339287215993745e-11,4.885977063517456359e-10,3.810569500175924745e-03,1.660864642259063722e-11,4.922759131849962473e-10,1.813360536635342377e-11,1.580862511211812111e-11,1.007428557098774508e-10,9.074216671912434251e-02,1.041204839923782627e-01,2.434374448628058825e-09,1.876874806006529814e-10,3.631488966777755768e-11,3.552340530681604999e-07,7.606556120874475830e-11
1.467883912554859441e-11,3.490026580754391716e-08,1.299905360686255507e-06,6.216555029138424177e-07,6.749351772808566223e-05,1.078730537105145978e-09,3.920647120085841639e-03,4.881006053473994237e-09,7.072132695228692868e-09,1.933290300322781015e-10,3.938923200239559847e-09,4.397296375636468302e-02,1.215246761746775867e-10,1.627194252574623234e-10,4.445003720224723505e-06,5.647209678716140627e-09,1.457197941170599966e-09,1.058417626573916924e-05,2.882330187847199778e-11,2.084940986479420081e-11,0.000000000000000000e+00,1.065427725720118131e-11,8.549510055545512952e-12,1.026942493377654711e-05,7.686118131440694755e-09,5.775036457065640429e-03,6.581159624144011539e-06,2.168963741055448431e-11,7.381715728396816880e-10,1.203319979053392580e-01,4.783417042947847184e-09,1.074425764686164422e-02,2.770267084118772146e-03,5.616413053050548327e-06,2.766915226948189348e-10,3.773173052455213589e-02,4.902589659672330902e-02,2.266233078069444833e-10,1.338454999708464956e-09,4.424341485495662695e-09,8.766756276256084529e-03,1.678467141626285240e-09,8.506429899551269540e-12,1.083198804201349358e-10,3.444911022199365883e-08,2.872077407773663765e-08,8.072718448596920670e-09,1.020824272439710053e-11,2.427430455598999844e-08,1.233651575168878411e-01,1.918843161447692608e-09,1.121964230908507467e-11,1.096453603857105302e-02,1.712362388734102814e-09,8.199387583373435318e-02,1.571489415395012994e-05,1.979897227209730956e-06,2.850128739617564528e-11,2.242248127192962222e-11,7.145398059227664562e-10,4.320048952494967665e-09,3.936161507242671130e-03,1.376341490785941828e-10,5.475926513888747933e-06
1.561155235557318000e-01,6.063705711173444320e-11,5.361224800049029348e-11,9.988919191952657325e-11,3.278963027722028651e-11,7.504574827375395080e-10,1.808990363536224740e-11,6.181400166498729040e-11,6.043302701656505525e-11,1.122252940232670638e-08,1.129646706603794590e-10,8.127236379090938384e-12,3.137503643113723924e-07,9.941699499129936145e-08,4.715897664342533498e-12,6.803386141447504949e-11,2.498966059235091126e-10,2.879699259205129752e-11,3.850532828016557923e-04,4.288094836112288886e-03,1.065427725720118131e-11,0.000000000000000000e+00,1.135802063743079765e-01,2.986987918641821526e-11,6.279744634655564566e-11,1.570176759628686769e-11,5.678395541249164589e-12,5.444423115204723032e-04,9.778840545874094534e-10,1.096272579387424620e-11,7.022224785801250557e-11,8.458300103192216074e-12,1.194636803727388302e-11,5.451869736176864957e-12,8.650275902648655452e-09,8.577668286102332511e-12,9.232454217873222596e-12,2.734217624953117887e-08,3.108951147217556073e-10,6.890360152930034381e-11,1.529511628494335137e-11,6.495924600082470175e-10,1.105892884411642241e-01,1.040192830761340577e-06,5.766308216672316369e-11,6.128078185548048957e-11,6.787529422644349730e-11,1.248918433188627025e-01,6.861236095392157646e-11,1.072772857650004474e-11,2.453301369982713372e-10,1.586724869788164738e-01,8.634284315085399357e-12,2.561686674170728323e-10,8.995415932184287101e-12,8.098410113785127759e-12,4.980710991106625099e-11,3.566833476384734551e-04,4.561709274275118947e-04,1.239257650037028941e-09,9.143481539758038899e-11,1.777959730739246704e-11,1.479466030210308590e-07,3.947363883208576155e-11
8.434001953960486297e-02,4.930599017645296063e-11,4.125454021275308632e-11,7.917737699068912205e-11,2.597925143824012795e-11,5.796527745371703353e-10,1.490754644487310609e-11,4.885354565636261621e-11,4.790914398038561811e-11,8.401881746602502131e-09,8.862354157088442096e-11,6.389418717506886398e-12,2.298433727752083931e-07,6.972670912632787299e-08,3.681113080483234889e-12,5.346238117333072136e-11,2.072678373318386866e-10,2.356622850738857412e-11,1.645386290019399051e-04,2.170940600006692443e-03,8.549510055545512952e-12,1.135802063743079765e-01,0.000000000000000000e+00,2.302134253797212139e-11,5.121281580215560711e-11,1.248268549806753587e-11,4.552066337296747744e-12,2.322757746567633995e-04,7.784750453549825296e-10,8.203165870459222031e-12,5.590104455461160873e-11,6.871489731288519517e-12,9.230563279985947133e-12,4.220422845036280120e-12,6.376241373181687360e-09,6.540732420661307962e-12,7.375197531291159814e-12,1.990613365626275991e-08,2.497270570814360612e-10,5.476989037246120903e-11,1.205959896795769470e-11,5.032819181807138656e-10,2.100772367298818777e-01,7.655268205531762591e-07,4.583100360418649291e-11,4.823651326779414926e-11,5.211359645496970271e-11,1.757765733249424256e-01,5.408293817157323905e-11,8.151543717839518246e-12,1.955913980045767508e-10,1.235391802236452952e-01,6.825249218230716344e-12,1.969312110779033982e-10,7.068134100646289014e-12,6.225273308362086826e-12,4.018526787414270653e-11,1.447860185170893842e-04,1.955930046262825477e-04,9.402719118151261859e-10,7.250258288070865843e-11,1.428989712906275683e-11,1.101012650583009695e-07,3.059672490974883658e-11
3.917011149421364084e-11,2.617444042291779466e-07,2.279981062750395038e-04,6.233739266973846373e-05,1.999165064002143277e-01,4.900126123020992014e-09,5.162724996611550005e-05,3.181357994896712650e-08,4.644936441581785547e-08,6.267955741506580633e-10,2.445799814651805760e-08,4.669955476645848252e-06,3.500742518457169716e-10,4.855065103190404351e-10,3.592984881235653408e-07,3.623736122021428064e-08,7.572467813831900927e-09,2.899836476350873826e-01,7.707101780065923512e-11,5.708326838550128612e-11,1.026942493377654711e-05,2.986987918641821526e-11,2.302134253797212139e-11,0.000000000000000000e+00,5.092660452032010005e-08,3.002577596945069704e-05,5.237775844810247894e-07,6.049344694155844448e-11,3.094043730890048478e-09,9.431705600010396306e-06,3.088920332768665474e-08,3.482979146855361289e-06,2.728021250706744995e-06,4.720681850136080062e-07,9.604877754995645363e-10,4.442961156494163872e-06,5.086432561465505563e-06,6.936631127413998621e-10,6.494888770419216992e-09,2.829892888526165615e-08,2.512584473198158647e-05,8.138253175050830946e-09,2.251956741677340615e-11,3.009853821023652511e-10,2.524012486102121547e-07,2.054854027349095474e-07,5.406153173995118501e-08,2.731344148531323056e-11,1.689492371668425139e-07,9.134376539401737428e-06,9.867220012620068549e-09,3.076178469962864609e-11,3.594541121283985201e-06,9.078770959753953685e-09,6.188382132427570262e-06,9.603143478274457276e-07,3.785924503245135424e-04,8.123845424578057096e-11,6.228908798475211686e-11,3.029934242597555952e-09,2.654911768935965268e-08,4.748221225190473588e-05,3.978773042383172175e-10,2.427155193344669726e-01
8.306402685126518408e-11,7.896339425933350975e-05,3.048213159105043600e-07,4.311116800442687436e-06,4.391732369433683803e-08,8.639422889478912055e-08,1.893492392250166620e-08,8.687858226931356731e-02,1.317336872336293818e-01,2.336589647552921387e-09,3.517785974538560623e-02,5.381631503047907252e-09,8.917401358718556504e-10,1.339374842255150104e-09,2.007335406549660344e-09,8.003242052883677293e-02,2.629471050446531838e-07,5.249479682848490669e-08,1.738373095490001683e-10,1.275948810595448184e-10,7.686118131440694755e-09,6.279744634655564566e-11,5.121281580215560711e-11,5.092660452032010005e-08,0.000000000000000000e+00,1.464424427484989981e-08,2.544263520472275075e-09,1.303392903331908869e-10,4.705675797306004239e-08,7.913137943379664519e-09,7.370468934674144490e-02,5.522319161986686406e-09,6.059752890789723535e-09,2.354606463539505787e-09,3.744335613635985296e-09,5.400686432488449116e-09,6.010817647239452423e-09,2.008485911090093496e-09,1.864046254887251166e-07,5.993763842692789029e-02,1.370567550784894600e-08,1.722354596028052947e-07,4.949612794010050870e-11,7.613298582189759094e-10,8.132917342220269841e-05,9.941531976857488271e-05,1.405501808804743846e-01,6.016660193649279535e-11,1.944330710800739963e-04,7.768788310869363650e-09,4.304446770822069897e-07,6.761318311270565441e-11,5.299756127221102278e-09,3.545185512425901423e-07,6.086480276796641607e-09,3.584151846172690360e-09,2.076654091754889230e-07,1.678822494938198646e-10,1.423250930196245941e-10,4.190211243897069851e-08,3.940488983605531376e-02,1.717977676020624057e-08,1.054059378861055125e-09,8.596601273806331746e-08
